日期,股票代码,名称,收盘价,最高价,最低价,开盘价,前收盘,涨跌额,涨跌幅,换手率,成交量,成交金额,总市值,流通市值,成交笔数
2016-10-12,'600661,新南洋,29.66,29.8,29.2,29.5,29.59,0.07,0.2366,1.1242,2039291,60317791.0,7684209761.16,5380327737.16,None
2016-10-11,'600661,新南洋,29.59,29.89,29.4,29.73,29.73,-0.14,-0.4709,1.832,3323240,98550072.0,7666074404.34,5367629728.34,None
2016-10-10,'600661,新南洋,29.73,29.93,29.06,29.07,28.84,0.89,3.086,2.47,4480551,131880502.0,7702345117.98,5393025745.98,None
2016-09-30,'600661,新南洋,28.84,29.49,28.53,28.7,28.19,0.65,2.3058,2.7758,5035278,146173303.0,7471767009.84,5231579633.84,None
2016-09-29,'600661,新南洋,28.19,28.27,27.95,28.19,28.2,-0.01,-0.0355,1.1409,2069600,58215647.0,7303367267.94,5113669551.94,None
2016-09-28,'600661,新南洋,28.2,28.35,27.94,28.35,28.15,0.05,0.1776,0.6894,1250542,35293375.0,7305958033.2,5115483553.2,None
2016-09-27,'600661,新南洋,28.15,28.18,27.78,27.87,27.87,0.28,1.0047,0.6754,1225138,34225974.0,7293004206.9,5106413546.9,None
2016-09-26,'600661,新南洋,27.87,28.14,27.78,28.01,28.01,-0.14,-0.4998,0.963,1746957,48739733.0,7220462779.62,5055621511.62,None
2016-09-23,'600661,新南洋,28.01,28.45,27.9,28.33,28.33,-0.32,-1.1295,0.8028,1456261,40846646.0,7256733493.26,5081017529.26,None
2016-09-22,'600661,新南洋,28.33,28.38,28.11,28.28,28.12,0.21,0.7468,0.8018,1454518,41129605.0,7339637981.58,5139065569.58,None
2016-09-21,'600661,新南洋,28.12,28.2,27.9,28.1,28.1,0.02,0.0712,0.5258,953716,26783871.0,7285231911.12,5100971543.12,None
2016-09-20,'600661,新南洋,28.1,28.19,27.93,28.06,28.06,0.04,0.1426,0.4654,844325,23700942.0,7280050380.6,5097343540.6,None
2016-09-19,'600661,新南洋,28.06,28.48,27.8,27.97,27.95,0.11,0.3936,0.7482,1357302,38166147.0,7269687319.56,5090087535.56,None
2016-09-14,'600661,新南洋,27.95,28.03,27.65,28.03,28.08,-0.13,-0.463,0.7689,1394836,38882241.0,7241188901.7,5070133521.7,None
2016-09-13,'600661,新南洋,28.08,28.3,28.0,28.02,27.86,0.22,0.7897,0.859,1558225,43800105.0,7274868850.08,5093715538.08,None
2016-09-12,'600661,新南洋,27.86,28.59,27.68,28.28,28.8,-0.94,-3.2639,1.5798,2865736,80504155.0,7217872014.36,5053807510.36,None
2016-09-09,'600661,新南洋,28.8,29.64,28.76,29.56,29.57,-0.77,-2.604,1.3998,2539160,74161719.0,7461403948.8,5224323628.8,None
2016-09-08,'600661,新南洋,29.57,29.7,28.97,29.15,29.16,0.41,1.406,2.0821,3777019,111057586.0,7660892873.82,5364001725.82,None
2016-09-07,'600661,新南洋,29.16,29.83,28.91,29.07,29.08,0.08,0.2751,1.6072,2915439,85486126.0,7554671498.16,5289627674.16,None
2016-09-06,'600661,新南洋,29.08,29.09,28.21,28.73,28.61,0.47,1.6428,1.6086,2918035,83856561.0,7533945376.08,5275115664.08,None
2016-09-05,'600661,新南洋,28.61,29.18,28.4,28.74,28.49,0.12,0.4212,1.3431,2436358,70046341.0,7412179408.86,5189857604.86,None
2016-09-02,'600661,新南洋,28.49,29.46,28.3,28.83,28.83,-0.34,-1.1793,1.3402,2431207,70148461.0,7381090225.74,5168089589.74,None
2016-09-01,'600661,新南洋,28.83,29.2,28.77,29.05,29.05,-0.22,-0.7573,1.0285,1865689,54121220.0,7469176244.58,5229765632.58,None
2016-08-31,'600661,新南洋,29.05,29.32,28.99,29.1,29.11,-0.06,-0.2061,0.9501,1723474,50185949.0,7526173080.3,5269673660.3,None
2016-08-30,'600661,新南洋,29.11,29.82,29.05,29.59,29.42,-0.31,-1.0537,1.4201,2576017,75974415.0,7541717671.86,5280557667.86,None
2016-08-29,'600661,新南洋,29.42,29.56,29.22,29.23,29.27,0.15,0.5125,0.8569,1554506,45712737.0,7622031394.92,5336791706.92,None
2016-08-26,'600661,新南洋,29.27,30.0,29.15,30.0,29.84,-0.57,-1.9102,1.5431,2799252,82652807.0,7583169916.02,5309581688.02,None
2016-08-25,'600661,新南洋,29.84,30.0,28.34,28.85,28.85,0.99,3.4315,3.0852,5596501,163683658.0,7730843535.84,5412979759.84,None
2016-08-24,'600661,新南洋,28.85,29.07,28.43,28.43,28.39,0.46,1.6203,1.2211,2215086,63929485.0,7474357775.1,5233393635.1,None
2016-08-23,'600661,新南洋,28.39,28.8,28.15,28.34,28.42,-0.03,-0.1056,1.0008,1815528,51596338.0,7355182573.14,5149949577.14,None
2016-08-22,'600661,新南洋,28.42,29.84,28.36,29.79,29.98,-1.56,-5.2035,2.5296,4588729,132561702.0,7362954868.92,5155391580.92,None
2016-08-19,'600661,新南洋,29.98,30.77,28.82,28.97,28.99,0.99,3.415,2.8964,5254036,157225147.0,7767114249.48,5438375777.48,None
2016-08-18,'600661,新南洋,28.99,29.59,28.79,29.16,29.36,-0.37,-1.2602,1.6183,2935631,85282615.0,7510628488.74,5258789652.74,None
2016-08-17,'600661,新南洋,29.36,30.0,29.01,29.15,28.99,0.37,1.2763,4.1739,7571375,224095446.0,7606486803.36,5325907699.36,None
2016-08-16,'600661,新南洋,28.99,29.05,28.15,28.3,28.13,0.86,3.0572,2.4161,4382889,125497773.0,7510628488.74,5258789652.74,None
2016-08-15,'600661,新南洋,28.13,28.37,27.4,27.45,27.44,0.69,2.5146,1.6416,2977824,83387523.0,7287822676.38,5102785544.38,None
2016-08-12,'600661,新南洋,27.44,27.48,27.08,27.11,27.11,0.33,1.2173,0.9881,1792353,48876106.0,7109059873.44,4977619457.44,None
2016-08-11,'600661,新南洋,27.11,28.3,27.1,28.2,28.19,-1.08,-3.8311,1.9067,3458746,95427763.0,7023564619.86,4917757415.86,None
2016-08-10,'600661,新南洋,28.19,28.49,28.12,28.44,28.4,-0.21,-0.7394,1.1669,2116756,59945400.0,7303367267.94,5113669551.94,None
2016-08-09,'600661,新南洋,28.4,28.57,28.23,28.5,28.39,0.01,0.0352,1.4267,2588105,73470315.0,7357773338.4,5151763578.4,None
2016-08-08,'600661,新南洋,28.39,28.45,27.58,27.93,27.74,0.65,2.3432,1.2703,2304356,64690397.0,7355182573.14,5149949577.14,None
2016-08-05,'600661,新南洋,27.74,28.15,27.65,28.0,28.07,-0.33,-1.1756,0.9206,1669908,46456982.0,7186782831.24,5032039495.24,None
2016-08-04,'600661,新南洋,28.07,28.28,27.61,27.61,27.54,0.53,1.9245,2.1035,3815776,106757964.0,7272278084.82,5091901536.82,None
2016-08-03,'600661,新南洋,27.54,28.0,27.44,27.66,27.69,-0.15,-0.5417,1.5987,2900123,80391720.0,7134967526.04,4995759470.04,None
2016-08-02,'600661,新南洋,27.69,27.73,27.23,27.5,27.46,0.23,0.8376,1.6582,3007949,82771613.0,7173829004.94,5022969488.94,None
2016-08-01,'600661,新南洋,27.46,28.18,26.82,28.18,28.19,-0.73,-2.5896,2.6243,4760432,129611910.0,7114241403.96,4981247459.96,None
2016-07-29,'600661,新南洋,28.19,28.88,28.08,28.62,28.62,-0.43,-1.5024,2.2828,4140926,117307340.0,7303367267.94,5113669551.94,None
2016-07-28,'600661,新南洋,28.62,29.98,28.31,29.43,29.75,-1.13,-3.7983,3.324,6029771,174726295.0,7414770174.12,5191671606.12,None
2016-07-27,'600661,新南洋,29.75,31.82,29.01,31.11,31.37,-1.62,-5.1642,4.624,8387956,253604670.0,7707526648.5,5396653748.5,None
2016-07-26,'600661,新南洋,31.37,32.39,31.11,31.45,31.58,-0.21,-0.665,4.8438,8786626,278627027.0,8127230620.62,5690521952.62,None
2016-07-25,'600661,新南洋,31.58,31.8,30.12,30.3,30.23,1.35,4.4658,4.3991,7979949,246766799.0,8181636691.08,5728615979.08,None
2016-07-22,'600661,新南洋,30.23,30.38,29.62,30.28,30.45,-0.22,-0.7225,2.4221,4393733,131765548.0,7831883380.98,5483725808.98,None
2016-07-21,'600661,新南洋,30.45,31.39,30.28,30.6,30.88,-0.43,-1.3925,3.4845,6320885,194067964.0,7888880216.7,5523633836.7,None
2016-07-20,'600661,新南洋,30.88,31.28,29.58,29.84,29.96,0.92,3.0708,5.3166,9644322,295734990.0,8000283122.88,5601635890.88,None
2016-07-19,'600661,新南洋,29.96,30.15,28.7,28.87,28.91,1.05,3.632,2.7828,5047930,149287591.0,7761932718.96,5434747774.96,None
2016-07-18,'600661,新南洋,28.91,29.54,28.59,29.54,29.7,-0.79,-2.6599,2.209,4007138,116161037.0,7489902366.66,5244277642.66,None
2016-07-15,'600661,新南洋,29.7,30.25,29.02,29.58,29.58,0.12,0.4057,3.2514,5897975,175955875.0,7694572822.2,5387583742.2,None
2016-07-14,'600661,新南洋,29.58,29.65,28.76,28.87,29.0,0.58,2.0,3.316,6015229,175012124.0,7663483639.08,5365815727.08,None
2016-07-13,'600661,新南洋,29.0,29.35,28.4,28.44,28.42,0.58,2.0408,3.1148,5650231,162952612.0,7513219254.0,5260603654.0,None
2016-07-12,'600661,新南洋,28.42,28.46,27.7,28.1,28.22,0.2,0.7087,1.9985,3625304,102293780.0,7362954868.92,5155391580.92,None
2016-07-11,'600661,新南洋,28.22,28.67,28.15,28.6,28.47,-0.25,-0.8781,1.5136,2745724,78108201.0,7311139563.72,5119111555.72,None
2016-07-08,'600661,新南洋,28.47,28.95,28.4,28.89,28.87,-0.4,-1.3855,1.9023,3450799,98625835.0,7375908695.22,5164461587.22,None
2016-07-07,'600661,新南洋,28.87,29.2,28.07,28.2,28.2,0.67,2.3759,3.4589,6274438,179809267.0,7479539305.62,5237021637.62,None
2016-07-06,'600661,新南洋,28.2,28.38,27.95,28.2,28.39,-0.19,-0.6692,1.4673,2661722,74891636.0,7305958033.2,5115483553.2,None
2016-07-05,'600661,新南洋,28.39,28.45,27.93,28.27,28.19,0.2,0.7095,1.839,3335903,93942147.0,7355182573.14,5149949577.14,None
2016-07-04,'600661,新南洋,28.19,28.31,27.51,27.53,27.84,0.35,1.2572,2.6302,4771243,133967288.0,7303367267.94,5113669551.94,None
2016-07-01,'600661,新南洋,27.84,28.26,27.82,28.06,28.06,-0.22,-0.784,1.0852,1968500,55167978.0,7212690483.84,5050179507.84,None
2016-06-30,'600661,新南洋,28.06,28.31,27.75,28.22,27.96,0.1,0.3577,1.7348,3146949,88130222.0,7269687319.56,5090087535.56,None
2016-06-29,'600661,新南洋,27.96,28.6,27.8,28.5,28.44,-0.48,-1.6878,2.2807,4137256,116025271.0,7243779666.96,5071947522.96,None
2016-06-28,'600661,新南洋,28.44,28.5,27.6,27.89,28.0,0.44,1.5714,2.0255,3674245,103339572.0,7368136399.44,5159019583.44,None
2016-06-27,'600661,新南洋,28.0,28.2,27.22,27.45,27.45,0.55,2.0036,2.2659,4110388,114035548.0,7254142728.0,5079203528.0,None
2016-06-24,'600661,新南洋,27.45,27.89,26.5,27.38,27.3,0.15,0.5495,1.7773,3224018,88477763.0,7111650638.7,4979433458.7,None
2016-06-23,'600661,新南洋,27.3,27.7,27.1,27.7,27.67,-0.37,-1.3372,1.1633,2110183,57683421.0,7072789159.8,4952223439.8,None
2016-06-22,'600661,新南洋,27.67,27.69,27.1,27.3,27.5,0.17,0.6182,1.0465,1898385,51942191.0,7168647474.42,5019341486.42,None
2016-06-21,'600661,新南洋,27.5,27.97,27.32,27.64,27.59,-0.09,-0.3262,0.9946,1804164,49963385.0,7124604465.0,4988503465.0,None
2016-06-20,'600661,新南洋,27.59,27.88,27.31,27.6,27.59,0.0,0.0,1.3796,2502644,69083791.0,7147921352.34,5004829476.34,None
2016-06-17,'600661,新南洋,27.59,28.43,27.31,27.85,27.98,-0.39,-1.3939,1.926,3493730,97344829.0,7147921352.34,5004829476.34,None
2016-06-16,'600661,新南洋,27.98,28.15,27.6,28.13,28.13,-0.15,-0.5332,1.1409,2069684,57655591.0,7248961197.48,5075575525.48,None
2016-06-15,'600661,新南洋,28.13,28.9,26.74,26.9,27.09,1.04,3.8391,1.8439,3344777,93695573.0,7287822676.38,5102785544.38,None
2016-06-14,'600661,新南洋,27.09,27.68,26.92,27.5,27.66,-0.57,-2.0607,1.1274,2045099,55716822.0,7018383089.34,4914129413.34,None
2016-06-13,'600661,新南洋,27.66,29.18,27.65,29.18,29.66,-2.0,-6.7431,1.6112,2922781,83057055.0,7166056709.16,5017527485.16,None
2016-06-08,'600661,新南洋,29.66,29.85,29.01,29.62,29.69,-0.03,-0.101,1.6904,3066354,90164822.0,7684209761.16,5380327737.16,None
2016-06-07,'600661,新南洋,29.69,29.76,28.97,29.38,29.49,0.2,0.6782,1.4743,2674315,78577387.0,7691982056.94,5385769740.94,None
2016-06-06,'600661,新南洋,29.49,31.17,29.24,29.69,29.79,-0.3,-1.007,3.8843,7046047,213482743.0,7640166751.74,5349489715.74,None
2016-06-03,'600661,新南洋,29.79,30.28,28.32,28.57,28.54,1.25,4.3798,3.8121,6915067,204506654.0,7717889709.54,5403909753.54,None
2016-06-02,'600661,新南洋,28.54,28.78,27.81,28.0,28.0,0.54,1.9286,1.935,3510019,99727908.0,7394044052.04,5177159596.04,None
2016-06-01,'600661,新南洋,28.0,28.47,27.9,28.06,28.06,-0.06,-0.2138,1.5236,2763853,77823200.0,7254142728.0,5079203528.0,None
2016-05-31,'600661,新南洋,28.06,28.28,26.78,26.88,26.72,1.34,5.015,2.1196,3844955,106932827.0,7269687319.56,5090087535.56,None
2016-05-30,'600661,新南洋,26.72,27.17,26.56,26.99,27.01,-0.29,-1.0737,0.63,1142879,30715258.0,6922524774.72,4847011366.72,None
2016-05-27,'600661,新南洋,27.01,27.5,26.73,27.02,27.18,-0.17,-0.6255,1.0119,1835650,49718339.0,6997656967.26,4899617403.26,None
2016-05-26,'600661,新南洋,27.18,27.27,25.83,26.15,26.41,0.77,2.9156,1.285,2331008,62041426.0,7041699976.68,4930455424.68,None
2016-05-25,'600661,新南洋,26.41,27.2,26.23,26.96,26.6,-0.19,-0.7143,0.7347,1332761,35713328.0,6842211051.66,4790777327.66,None
2016-05-24,'600661,新南洋,26.6,27.15,26.41,27.12,27.16,-0.56,-2.0619,0.7428,1347371,35964497.0,6891435591.6,4825243351.6,None
2016-05-23,'600661,新南洋,27.16,27.23,26.16,26.19,26.16,1.0,3.8226,1.8506,3356925,89678240.0,7036518446.16,4926827422.16,None
2016-05-20,'600661,新南洋,26.16,26.32,25.1,25.33,25.56,0.6,2.3474,1.5652,2839222,73485364.0,6777441920.16,4745427296.16,None
2016-05-19,'600661,新南洋,25.56,26.31,25.3,25.47,25.26,0.3,1.1876,1.4665,2660152,68846199.0,6621996004.56,4636587220.56,None
2016-05-18,'600661,新南洋,25.26,26.01,24.92,25.7,26.18,-0.92,-3.5141,1.4144,2565720,65024217.0,6544273046.76,4582167182.76,None
2016-05-17,'600661,新南洋,26.18,26.54,25.85,26.24,26.25,-0.07,-0.2667,1.5454,2803367,73162550.0,6782623450.68,4749055298.68,None
2016-05-16,'600661,新南洋,26.25,26.26,25.32,25.81,25.77,0.48,1.8626,1.8984,3443677,88835654.0,6800758807.5,4761753307.5,None
2016-05-13,'600661,新南洋,25.77,26.18,25.7,25.99,25.8,-0.03,-0.1163,1.7782,3225606,83600271.0,6676402075.02,4674681247.02,None
2016-05-12,'600661,新南洋,25.8,26.87,25.67,26.87,27.0,-1.2,-4.4444,2.2266,4039061,105364310.0,6684174370.8,4680123250.8,None
2016-05-11,'600661,新南洋,27.0,27.5,26.55,27.3,27.2,-0.2,-0.7353,0.9971,1808689,48927257.0,6995066202.0,4897803402.0,None
2016-05-10,'600661,新南洋,27.2,27.69,26.83,27.38,27.56,-0.36,-1.3062,1.0472,1899630,51687864.0,7046881507.2,4934083427.2,None
2016-05-09,'600661,新南洋,27.56,28.0,26.4,27.69,28.05,-0.49,-1.7469,2.1141,3835052,104168445.0,7140149056.56,4999387472.56,None
2016-05-06,'600661,新南洋,28.05,29.29,27.8,28.9,28.94,-0.89,-3.0753,2.3261,4219558,120520115.0,7267096554.3,5088273534.3,None
2016-05-05,'600661,新南洋,28.94,28.97,28.21,28.56,28.72,0.22,0.766,1.2806,2323089,66687777.0,7497674662.44,5249719646.44,None
2016-05-04,'600661,新南洋,28.72,29.13,28.52,28.8,28.99,-0.27,-0.9314,1.5233,2763353,79485349.0,7440677826.72,5209811618.72,None
2016-05-03,'600661,新南洋,28.99,29.07,27.82,28.09,28.09,0.9,3.204,2.0625,3741287,107221332.0,7510628488.74,5258789652.74,None
2016-04-29,'600661,新南洋,28.09,28.52,27.55,27.59,27.86,0.23,0.8256,1.6872,3060538,86545151.0,7277459615.34,5095529539.34,None
2016-04-28,'600661,新南洋,27.86,28.71,27.3,28.47,28.39,-0.53,-1.8669,1.4614,2651036,73784128.0,7217872014.36,5053807510.36,None
2016-04-27,'600661,新南洋,28.39,28.99,28.29,28.48,28.61,-0.22,-0.769,1.9452,3528601,100896320.0,7355182573.14,5149949577.14,None
2016-04-26,'600661,新南洋,28.61,28.7,27.95,28.2,28.23,0.38,1.3461,1.1626,2108947,59912117.0,7412179408.86,5189857604.86,None
2016-04-25,'600661,新南洋,28.23,28.54,27.38,27.91,27.98,0.25,0.8935,1.4722,2670500,74836987.0,7313730328.98,5120925556.98,None
2016-04-22,'600661,新南洋,27.98,28.19,27.0,27.43,27.52,0.46,1.6715,1.8398,3337373,92551722.0,7248961197.48,5075575525.48,None
2016-04-21,'600661,新南洋,27.52,28.68,27.4,27.9,27.77,-0.25,-0.9003,2.8812,5226569,146923062.0,7129785995.52,4992131467.52,None
2016-04-20,'600661,新南洋,27.77,30.85,27.67,30.74,30.74,-2.97,-9.6617,4.7114,8546502,245633551.0,7194555127.02,5037481499.02,None
2016-04-19,'600661,新南洋,30.74,31.5,30.2,31.2,30.61,0.13,0.4247,3.3405,6059739,187569494.0,7964012409.24,5576239873.24,None
2016-04-18,'600661,新南洋,30.61,31.6,30.31,31.6,31.77,-1.16,-3.6512,2.5494,4624663,142459327.0,7930332460.86,5552657856.86,None
2016-04-15,'600661,新南洋,31.77,31.96,31.21,31.26,31.2,0.57,1.8269,4.0778,7397215,233862131.0,8230861231.02,5763082003.02,None
2016-04-14,'600661,新南洋,31.2,31.47,30.65,30.66,30.36,0.84,2.7668,2.9953,5433543,168932428.0,8083187611.2,5659683931.2,None
2016-04-13,'600661,新南洋,30.36,31.12,30.12,30.3,30.07,0.29,0.9644,2.7114,4918521,151125216.0,7865563329.36,5507307825.36,None
2016-04-12,'600661,新南洋,30.07,30.76,29.61,30.29,30.57,-0.5,-1.6356,1.8537,3362681,101052680.0,7790431136.82,5454701788.82,None
2016-04-11,'600661,新南洋,30.57,31.2,30.25,30.36,29.96,0.61,2.036,2.2055,4000720,123021731.0,7919969399.82,5545401851.82,None
2016-04-08,'600661,新南洋,29.96,30.25,29.28,30.25,30.79,-0.83,-2.6957,2.7837,5049665,150741702.0,7761932718.96,5434747774.96,None
2016-04-07,'600661,新南洋,30.79,32.08,30.75,31.93,32.08,-1.29,-4.0212,3.4965,6342603,197263777.0,7976966235.54,5585309879.54,None
2016-04-06,'600661,新南洋,32.08,32.34,30.6,31.27,31.4,0.68,2.1656,4.0013,7258291,228413539.0,8311174954.08,5819316042.08,None
2016-04-05,'600661,新南洋,31.4,31.8,30.1,30.77,30.55,0.85,2.7823,3.1786,5766051,179461499.0,8135002916.4,5695963956.4,None
2016-04-01,'600661,新南洋,30.55,31.62,29.89,31.48,31.83,-1.28,-4.0214,3.7526,6807171,208082352.0,7914787869.3,5541773849.3,None
2016-03-31,'600661,新南洋,31.83,32.5,30.47,30.47,30.33,1.5,4.9456,6.6324,12031172,380706361.0,8246405822.58,5773966010.58,None
2016-03-30,'600661,新南洋,30.33,30.37,28.99,29.3,28.81,1.52,5.2759,4.7844,8678961,257517946.0,7857791033.58,5501865821.58,None
2016-03-29,'600661,新南洋,28.81,30.38,28.53,29.95,30.46,-1.65,-5.4169,3.4317,6225114,182808677.0,7463994714.06,5226137630.06,None
2016-03-28,'600661,新南洋,30.46,32.09,30.33,31.5,31.25,-0.79,-2.528,4.0473,7341891,229065450.0,7891470981.96,5525447837.96,None
2016-03-25,'600661,新南洋,31.25,31.73,30.4,31.0,31.58,-0.33,-1.045,2.5454,4617443,142743424.0,8096141437.5,5668753937.5,None
2016-03-24,'600661,新南洋,31.58,34.17,31.5,31.98,32.96,-1.38,-4.1869,3.7919,6878488,225527121.0,8181636691.08,5728615979.08,None
2016-03-23,'600661,新南洋,32.96,33.49,31.2,31.59,31.51,1.45,4.6017,4.0401,7328738,235319162.0,8539162296.96,5978948152.96,None
2016-03-22,'600661,新南洋,31.51,32.0,30.62,30.8,31.42,0.09,0.2864,3.1209,5661327,178041164.0,8163501334.26,5715917970.26,None
2016-03-21,'600661,新南洋,31.42,31.97,30.76,31.51,30.7,0.72,2.3453,4.7023,8529888,267714522.0,8140184446.92,5699591958.92,None
2016-03-18,'600661,新南洋,30.7,30.7,27.7,27.91,27.91,2.79,9.9964,3.6586,6636746,197738848.0,7953649348.2,5568983868.2,None
2016-03-17,'600661,新南洋,27.91,28.24,26.75,26.95,26.74,1.17,4.3755,2.4181,4386527,121580461.0,7230825840.66,5062877516.66,None
2016-03-16,'600661,新南洋,26.74,27.9,26.5,27.9,27.4,-0.66,-2.4088,1.2239,2220117,59985219.0,6927706305.24,4850639369.24,None
2016-03-15,'600661,新南洋,27.4,28.26,27.28,28.17,28.19,-0.79,-2.8024,1.3295,2411760,66713517.0,7098696812.4,4970363452.4,None
2016-03-14,'600661,新南洋,28.19,28.45,27.01,27.04,26.69,1.5,5.6201,2.0886,3788684,106241280.0,7303367267.94,5113669551.94,None
2016-03-11,'600661,新南洋,26.69,26.9,25.8,26.13,26.77,-0.08,-0.2988,1.1591,2102631,55697284.0,6914752478.94,4841569362.94,None
2016-03-10,'600661,新南洋,26.77,28.09,26.51,27.8,27.74,-0.97,-3.4968,1.6767,3041513,82454986.0,6935478601.02,4856081373.02,None
2016-03-09,'600661,新南洋,27.74,28.66,26.5,26.9,27.61,0.13,0.4708,2.74,4970403,139458719.0,7186782831.24,5032039495.24,None
2016-03-08,'600661,新南洋,27.61,27.7,25.1,26.8,26.77,0.84,3.1378,2.2195,4026199,107142157.0,7153102882.86,5008457478.86,None
2016-03-07,'600661,新南洋,26.77,27.49,26.29,26.7,26.26,0.51,1.9421,1.8899,3428238,92186128.0,6935478601.02,4856081373.02,None
2016-03-04,'600661,新南洋,26.26,28.95,26.15,28.95,29.06,-2.8,-9.6352,2.6305,4771762,131034656.0,6803349572.76,4763567308.76,None
2016-03-03,'600661,新南洋,29.06,29.97,27.64,27.99,28.03,1.03,3.6746,3.1977,5800568,166764708.0,7528763845.56,5271487661.56,None
2016-03-02,'600661,新南洋,28.03,28.2,26.12,26.12,26.67,1.36,5.0994,2.4181,4386454,119249859.0,7261915023.78,5084645531.78,None
2016-03-01,'600661,新南洋,26.67,27.0,24.64,25.6,25.81,0.86,3.332,2.0986,3806815,98684543.0,6909570948.42,4837941360.42,None
2016-02-29,'600661,新南洋,25.81,28.65,25.65,28.3,28.5,-2.69,-9.4386,1.989,3608034,94360007.0,6686765136.06,4681937252.06,None
2016-02-26,'600661,新南洋,28.5,29.99,28.02,29.8,29.42,-0.92,-3.1271,2.0442,3708100,106982631.0,7383680991.0,5169903591.0,None
2016-02-25,'600661,新南洋,29.42,32.79,29.42,32.69,32.69,-3.27,-10.0031,1.8652,3383474,104281379.0,7622031394.92,5336791706.92,None
2016-02-24,'600661,新南洋,32.69,33.0,31.2,32.23,32.71,-0.02,-0.0611,1.6828,3052529,98200149.0,8469211634.94,5929970118.94,None
2016-02-23,'600661,新南洋,32.71,33.7,31.9,33.58,33.55,-0.84,-2.5037,2.2308,4046689,131959483.0,8474393165.46,5933598121.46,None
2016-02-22,'600661,新南洋,33.55,34.35,33.1,33.68,33.19,0.36,1.0847,1.8861,3421319,114646604.0,8692017447.3,6085974227.3,None
2016-02-19,'600661,新南洋,33.19,33.85,32.53,33.5,33.5,-0.31,-0.9254,1.7963,3258405,108016772.0,8598749897.94,6020670181.94,None
2016-02-18,'600661,新南洋,33.5,34.66,33.21,33.77,33.16,0.34,1.0253,2.756,4999330,169417693.0,8679063621.0,6076904221.0,None
2016-02-17,'600661,新南洋,33.16,33.9,31.95,33.18,33.14,0.02,0.0604,2.445,4435239,146082989.0,8590977602.16,6015228178.16,None
2016-02-16,'600661,新南洋,33.14,33.88,32.17,32.3,32.21,0.93,2.8873,3.2575,5909058,195029217.0,8585796071.64,6011600175.64,None
2016-02-15,'600661,新南洋,32.21,32.84,29.0,29.14,30.41,1.8,5.9191,2.6988,4895656,152934446.0,8344854902.46,5842898058.46,None
2016-02-05,'600661,新南洋,30.41,31.4,29.75,30.88,30.88,-0.47,-1.522,2.1016,3812274,116763331.0,7878517155.66,5516377831.66,None
2016-02-04,'600661,新南洋,30.88,31.55,30.0,30.9,30.67,0.21,0.6847,2.8504,5170710,160817048.0,8000283122.88,5601635890.88,None
2016-02-03,'600661,新南洋,30.67,31.17,29.51,29.61,30.56,0.11,0.3599,2.7579,5002757,152111357.0,7945877052.42,5563541864.42,None
2016-02-02,'600661,新南洋,30.56,30.96,28.8,29.16,28.51,2.05,7.1905,3.2281,5855845,175303127.0,7917378634.56,5543587850.56,None
2016-02-01,'600661,新南洋,28.51,29.49,26.86,27.1,27.37,1.14,4.1651,3.0875,5600819,158208583.0,7386271756.26,5171717592.26,None
2016-01-29,'600661,新南洋,27.37,27.82,25.0,25.67,25.65,1.72,6.7057,2.3983,4350446,117302513.0,7090924516.62,4964921448.62,None
2016-01-28,'600661,新南洋,25.65,28.3,25.64,27.8,28.49,-2.84,-9.9684,2.7085,4913221,132651351.0,6645312891.9,4652913231.9,None
2016-01-27,'600661,新南洋,28.49,28.5,25.35,28.02,28.07,0.42,1.4963,2.9269,5309316,142732878.0,7381090225.74,5168089589.74,None
2016-01-26,'600661,新南洋,28.07,30.85,28.07,30.22,31.19,-3.12,-10.0032,3.0803,5587604,162662611.0,7272278084.82,5091901536.82,None
2016-01-25,'600661,新南洋,31.19,31.34,28.51,29.25,28.49,2.7,9.477,3.5688,6473800,195724747.0,8080596845.94,5657869929.94,None
2016-01-22,'600661,新南洋,28.49,28.84,26.8,28.56,27.49,1.0,3.6377,2.7825,5047484,141045228.0,7381090225.74,5168089589.74,None
2016-01-21,'600661,新南洋,27.49,30.99,27.22,29.36,29.77,-2.28,-7.6587,2.4619,4465856,132458324.0,7122013699.74,4986689463.74,None
2016-01-20,'600661,新南洋,29.77,31.05,29.51,29.71,30.31,-0.54,-1.7816,2.8456,5161871,156286069.0,7712708179.02,5400281751.02,None
2016-01-19,'600661,新南洋,30.31,30.5,28.21,28.51,28.92,1.39,4.8064,3.8693,7018889,207455810.0,7852609503.06,5498237819.06,None
2016-01-18,'600661,新南洋,28.92,29.26,26.31,26.31,27.0,1.92,7.1111,4.2614,7730216,218852702.0,7492493131.92,5246091643.92,None
2016-01-15,'600661,新南洋,27.0,28.4,25.78,26.35,26.59,0.41,1.5419,4.8639,8823071,240748095.0,6995066202.0,4897803402.0,None
2016-01-14,'600661,新南洋,26.59,26.68,23.37,23.69,24.33,2.26,9.2889,3.1661,5743339,144037286.0,6888844826.34,4823429350.34,None
2016-01-13,'600661,新南洋,24.33,27.65,24.3,26.9,26.92,-2.59,-9.6211,2.5816,4683068,122448837.0,6303331877.58,4413465065.58,None
2016-01-12,'600661,新南洋,26.92,27.4,25.05,25.82,26.15,0.77,2.9446,3.4373,6235339,165843051.0,6974340079.92,4883291391.92,None
2016-01-11,'600661,新南洋,26.15,28.4,26.15,28.0,29.05,-2.9,-9.9828,2.9887,5421502,145937157.0,6774851154.9,4743613294.9,None
2016-01-08,'600661,新南洋,29.05,31.98,27.62,31.2,30.29,-1.24,-4.0938,3.0797,5586543,166130288.0,7526173080.3,5269673660.3,None
2016-01-07,'600661,新南洋,30.29,32.6,30.14,32.6,33.49,-3.2,-9.5551,0.4553,825944,25925774.0,7847427972.54,5494609816.54,None
2016-01-06,'600661,新南洋,33.49,33.82,32.0,32.5,32.0,1.49,4.6563,2.5872,4693155,153332426.0,8676472855.74,6075090219.74,None
2016-01-05,'600661,新南洋,32.0,34.74,31.28,33.0,34.75,-2.75,-7.9137,2.8155,5107351,166764012.0,8290448832.0,5804804032.0,None
2016-01-04,'600661,新南洋,34.75,38.8,34.75,38.62,38.61,-3.86,-9.9974,2.4667,4474554,159693438.0,9002909278.5,6303654378.5,None
