日期,股票代码,名称,收盘价,最高价,最低价,开盘价,前收盘,涨跌额,涨跌幅,换手率,成交量,成交金额,总市值,流通市值,成交笔数
2016-10-12,'600191,华资实业,14.28,14.49,14.23,14.45,14.48,-0.2,-1.3812,0.4623,2241783,32190623.0,6924828960.0,6924828960.0,None
2016-10-11,'600191,华资实业,14.48,14.5,14.26,14.35,14.35,0.13,0.9059,0.5924,2872882,41354059.0,7021815360.0,7021815360.0,None
2016-10-10,'600191,华资实业,14.35,14.35,14.06,14.1,14.11,0.24,1.7009,0.5519,2676563,38083130.0,6958774200.0,6958774200.0,None
2016-09-30,'600191,华资实业,14.11,14.34,14.03,14.34,14.3,-0.19,-1.3287,0.4841,2347665,33194897.0,6842390520.0,6842390520.0,None
2016-09-29,'600191,华资实业,14.3,14.38,14.21,14.28,14.3,0.0,0.0,0.4376,2122111,30313679.0,6934527600.0,6934527600.0,None
2016-09-28,'600191,华资实业,14.3,14.38,14.15,14.18,14.24,0.06,0.4213,0.6207,3010065,43020607.0,6934527600.0,6934527600.0,None
2016-09-27,'600191,华资实业,14.24,14.27,13.86,13.97,13.92,0.32,2.2989,0.4354,2111257,29646683.0,6905431680.0,6905431680.0,None
2016-09-26,'600191,华资实业,13.92,14.36,13.91,14.26,14.33,-0.41,-2.8611,0.5062,2454925,34738544.0,6750253440.0,6750253440.0,None
2016-09-23,'600191,华资实业,14.33,14.44,13.91,13.96,13.97,0.36,2.577,0.798,3869755,55016611.0,6949075560.0,6949075560.0,None
2016-09-22,'600191,华资实业,13.97,14.08,13.85,14.0,13.94,0.03,0.2152,0.422,2046249,28617994.0,6774500040.0,6774500040.0,None
2016-09-21,'600191,华资实业,13.94,14.04,13.9,14.03,14.01,-0.07,-0.4996,0.354,1716516,23957494.0,6759952080.0,6759952080.0,None
2016-09-20,'600191,华资实业,14.01,14.06,13.86,13.96,13.96,0.05,0.3582,0.4865,2359300,32931529.0,6793897320.0,6793897320.0,None
2016-09-19,'600191,华资实业,13.96,14.13,13.77,13.84,13.77,0.19,1.3798,0.3275,1588294,22270280.0,6769650720.0,6769650720.0,None
2016-09-14,'600191,华资实业,13.77,13.89,13.7,13.89,13.93,-0.16,-1.1486,0.2992,1450800,19974989.0,6677513640.0,6677513640.0,None
2016-09-13,'600191,华资实业,13.93,14.18,13.71,14.07,14.05,-0.12,-0.8541,0.4694,2276134,31742561.0,6755102760.0,6755102760.0,None
2016-09-12,'600191,华资实业,14.05,14.28,13.99,14.15,14.39,-0.34,-2.3628,0.4986,2417664,34063711.0,6813294600.0,6813294600.0,None
2016-09-09,'600191,华资实业,14.39,14.61,14.32,14.5,14.51,-0.12,-0.827,0.4517,2190290,31706794.0,6978171480.0,6978171480.0,None
2016-09-08,'600191,华资实业,14.51,14.55,14.38,14.4,14.43,0.08,0.5544,0.446,2162633,31257422.0,7036363320.0,7036363320.0,None
2016-09-07,'600191,华资实业,14.43,14.7,14.3,14.35,14.32,0.11,0.7682,0.6512,3157859,45694749.0,6997568760.0,6997568760.0,None
2016-09-06,'600191,华资实业,14.32,14.4,14.0,14.24,14.24,0.08,0.5618,0.6157,2985832,42464761.0,6944226240.0,6944226240.0,None
2016-09-05,'600191,华资实业,14.24,14.35,14.1,14.21,14.21,0.03,0.2111,0.3816,1850622,26406978.0,6905431680.0,6905431680.0,None
2016-09-02,'600191,华资实业,14.21,14.49,14.16,14.42,14.42,-0.21,-1.4563,0.4012,1945467,27809444.0,6890883720.0,6890883720.0,None
2016-09-01,'600191,华资实业,14.42,14.58,14.31,14.52,14.53,-0.11,-0.7571,0.3343,1621201,23462360.0,6992719440.0,6992719440.0,None
2016-08-31,'600191,华资实业,14.53,14.55,14.3,14.49,14.49,0.04,0.2761,0.4332,2100562,30330332.0,7046061960.0,7046061960.0,None
2016-08-30,'600191,华资实业,14.49,14.64,14.47,14.57,14.57,-0.08,-0.5491,0.4012,1945334,28287388.0,7026664680.0,7026664680.0,None
2016-08-29,'600191,华资实业,14.57,14.6,14.17,14.25,14.39,0.18,1.2509,0.4606,2233635,32307480.0,7065459240.0,7065459240.0,None
2016-08-26,'600191,华资实业,14.39,14.6,14.35,14.44,14.38,0.01,0.0695,0.5125,2485510,35973307.0,6978171480.0,6978171480.0,None
2016-08-25,'600191,华资实业,14.38,14.98,14.14,14.91,15.12,-0.74,-4.8942,1.5766,7645228,110665068.0,6973322160.0,6973322160.0,None
2016-08-24,'600191,华资实业,15.12,15.24,15.03,15.08,15.17,-0.05,-0.3296,0.674,3268445,49425856.0,7332171840.0,7332171840.0,None
2016-08-23,'600191,华资实业,15.17,15.39,15.05,15.13,15.14,0.03,0.1982,0.6673,3236070,49271452.0,7356418440.0,7356418440.0,None
2016-08-22,'600191,华资实业,15.14,15.58,15.13,15.46,15.44,-0.3,-1.943,0.6965,3377685,51667103.0,7341870480.0,7341870480.0,None
2016-08-19,'600191,华资实业,15.44,15.69,15.36,15.6,15.65,-0.21,-1.3419,0.8895,4313300,66604462.0,7487350080.0,7487350080.0,None
2016-08-18,'600191,华资实业,15.65,16.0,15.42,15.51,15.54,0.11,0.7079,1.7398,8436760,132764894.0,7589185800.0,7589185800.0,None
2016-08-17,'600191,华资实业,15.54,15.69,15.35,15.41,15.55,-0.01,-0.0643,1.2704,6160436,95625042.0,7535843280.0,7535843280.0,None
2016-08-16,'600191,华资实业,15.55,15.58,15.08,15.41,15.48,0.07,0.4522,2.0169,9780543,149708283.0,7540692600.0,7540692600.0,None
2016-08-15,'600191,华资实业,15.48,15.77,15.04,15.08,15.1,0.38,2.5166,2.1573,10461535,161598361.0,7506747360.0,7506747360.0,None
2016-08-12,'600191,华资实业,15.1,15.16,14.83,15.08,14.94,0.16,1.071,0.9935,4817640,72378165.0,7322473200.0,7322473200.0,None
2016-08-11,'600191,华资实业,14.94,15.68,14.82,14.88,14.94,0.0,0.0,1.7749,8606897,131657078.0,7244884080.0,7244884080.0,None
2016-08-10,'600191,华资实业,14.94,15.26,14.93,15.21,15.27,-0.33,-2.1611,0.9014,4371098,65684388.0,7244884080.0,7244884080.0,None
2016-08-09,'600191,华资实业,15.27,15.33,14.62,14.75,14.75,0.52,3.5254,1.5649,7588719,114742527.0,7404911640.0,7404911640.0,None
2016-08-08,'600191,华资实业,14.75,14.77,14.41,14.69,14.76,-0.01,-0.0678,0.8472,4108339,60000567.0,7152747000.0,7152747000.0,None
2016-08-05,'600191,华资实业,14.76,14.95,14.58,14.66,14.72,0.04,0.2717,0.9477,4595714,68001849.0,7157596320.0,7157596320.0,None
2016-08-04,'600191,华资实业,14.72,14.85,14.45,14.78,14.76,-0.04,-0.271,0.8333,4041175,59171631.0,7138199040.0,7138199040.0,None
2016-08-03,'600191,华资实业,14.76,14.78,14.51,14.67,14.71,0.05,0.3399,0.7904,3832730,56251069.0,7157596320.0,7157596320.0,None
2016-08-02,'600191,华资实业,14.71,14.79,14.32,14.38,14.54,0.17,1.1692,0.7069,3427931,50027380.0,7133349720.0,7133349720.0,None
2016-08-01,'600191,华资实业,14.54,15.09,14.5,15.01,15.21,-0.67,-4.405,1.2202,5917190,87588454.0,7050911280.0,7050911280.0,None
2016-07-29,'600191,华资实业,15.21,15.24,14.71,14.88,14.89,0.32,2.1491,1.6305,7906576,118327991.0,7375815720.0,7375815720.0,None
2016-07-28,'600191,华资实业,14.89,15.34,14.47,15.18,15.05,-0.16,-1.0631,2.1681,10514009,157019577.0,7220637480.0,7220637480.0,None
2016-07-27,'600191,华资实业,15.05,15.85,14.71,15.59,15.82,-0.77,-4.8673,2.7375,13275245,203054105.0,7298226600.0,7298226600.0,None
2016-07-26,'600191,华资实业,15.82,16.15,14.88,15.19,15.29,0.53,3.4663,3.777,18315959,286302107.0,7671624240.0,7671624240.0,None
2016-07-25,'600191,华资实业,15.29,15.82,14.64,15.01,14.38,0.91,6.3282,4.3551,21119417,322618528.0,7414610280.0,7414610280.0,None
2016-07-22,'600191,华资实业,14.38,14.5,13.76,13.93,13.88,0.5,3.6023,2.1571,10460486,147912588.0,6973322160.0,6973322160.0,None
2016-07-21,'600191,华资实业,13.88,14.04,13.69,13.9,13.87,0.01,0.0721,1.2995,6301488,87428049.0,6730856160.0,6730856160.0,None
2016-07-20,'600191,华资实业,13.87,14.07,13.73,13.8,13.93,-0.06,-0.4307,1.3233,6417143,89214535.0,6726006840.0,6726006840.0,None
2016-07-19,'600191,华资实业,13.93,14.2,13.56,13.56,13.51,0.42,3.1088,1.8491,8966857,125010721.0,6755102760.0,6755102760.0,None
2016-07-18,'600191,华资实业,13.51,13.54,13.32,13.42,13.44,0.07,0.5208,0.6514,3158626,42476323.0,6551431320.0,6551431320.0,None
2016-07-15,'600191,华资实业,13.44,13.63,13.29,13.52,13.51,-0.07,-0.5181,0.7988,3873774,51914385.0,6517486080.0,6517486080.0,None
2016-07-14,'600191,华资实业,13.51,13.65,13.41,13.65,13.65,-0.14,-1.0256,0.8546,4144074,56056297.0,6551431320.0,6551431320.0,None
2016-07-13,'600191,华资实业,13.65,13.74,13.46,13.58,13.59,0.06,0.4415,1.5568,7549333,102635227.0,6619321800.0,6619321800.0,None
2016-07-12,'600191,华资实业,13.59,13.77,13.08,13.51,13.48,0.11,0.816,1.6688,8092319,108771982.0,6590225880.0,6590225880.0,None
2016-07-11,'600191,华资实业,13.48,14.4,13.4,14.05,13.96,-0.48,-3.4384,1.6869,8180241,115006236.0,6536883360.0,6536883360.0,None
2016-07-08,'600191,华资实业,13.96,14.18,13.86,14.18,14.19,-0.23,-1.6209,0.7935,3848039,53716576.0,6769650720.0,6769650720.0,None
2016-07-07,'600191,华资实业,14.19,14.59,13.81,13.93,13.89,0.3,2.1598,1.4604,7081911,100879759.0,6881185080.0,6881185080.0,None
2016-07-06,'600191,华资实业,13.89,13.97,13.68,13.8,13.87,0.02,0.1442,0.5957,2888586,39914709.0,6735705480.0,6735705480.0,None
2016-07-05,'600191,华资实业,13.87,14.08,13.75,13.93,13.92,-0.05,-0.3592,1.1407,5531520,76856103.0,6726006840.0,6726006840.0,None
2016-07-04,'600191,华资实业,13.92,14.13,13.38,13.45,13.7,0.22,1.6058,1.1984,5811367,80732708.0,6750253440.0,6750253440.0,None
2016-07-01,'600191,华资实业,13.7,13.95,13.48,13.8,13.89,-0.19,-1.3679,1.1313,5485915,75253544.0,6643568400.0,6643568400.0,None
2016-06-30,'600191,华资实业,13.89,14.36,13.86,13.92,13.84,0.05,0.3613,1.9564,9487155,133443409.0,6735705480.0,6735705480.0,None
2016-06-29,'600191,华资实业,13.84,14.12,13.42,13.66,13.68,0.16,1.1696,2.3545,11417555,157077988.0,6711458880.0,6711458880.0,None
2016-06-28,'600191,华资实业,13.68,13.72,12.9,13.12,13.23,0.45,3.4014,1.8191,8821446,116767395.0,6633869760.0,6633869760.0,None
2016-06-27,'600191,华资实业,13.23,13.48,12.86,13.1,13.09,0.14,1.0695,1.5779,7651642,101062599.0,6415650360.0,6415650360.0,None
2016-06-24,'600191,华资实业,13.09,13.59,12.66,13.59,13.59,-0.5,-3.6792,2.3977,11627421,153172087.0,6347759880.0,6347759880.0,None
2016-06-23,'600191,华资实业,13.59,13.59,12.25,12.38,12.35,1.24,10.0405,1.3838,6710558,86559795.0,6590225880.0,6590225880.0,None
2016-06-22,'600191,华资实业,12.35,12.36,12.16,12.25,12.24,0.11,0.8987,0.5289,2564818,31463445.0,5988910200.0,5988910200.0,None
2016-06-21,'600191,华资实业,12.24,12.58,12.15,12.49,12.37,-0.13,-1.0509,0.6664,3231581,40074295.0,5935567680.0,5935567680.0,None
2016-06-20,'600191,华资实业,12.37,12.48,12.11,12.45,12.37,0.0,0.0,0.4957,2403608,29527263.0,5998608840.0,5998608840.0,None
2016-06-17,'600191,华资实业,12.37,12.77,12.33,12.52,12.54,-0.17,-1.3557,0.8969,4349353,54547781.0,5998608840.0,5998608840.0,None
2016-06-16,'600191,华资实业,12.54,12.96,12.47,12.58,12.69,-0.15,-1.182,1.415,6861812,87349135.0,6081047280.0,6081047280.0,None
2016-06-15,'600191,XD华资实,12.69,12.79,12.2,12.3,12.57,0.12,0.9547,1.4874,7212941,90615022.0,6153787080.0,6153787080.0,None
2016-06-14,'600191,华资实业,12.67,12.73,12.0,12.09,11.98,0.69,5.7596,0.9102,4413768,54390160.0,6144088440.0,6144088440.0,None
2016-06-13,'600191,华资实业,11.98,12.86,11.94,12.86,12.94,-0.96,-7.4189,0.9375,4546174,56588234.0,5809485360.0,5809485360.0,None
2016-06-08,'600191,华资实业,12.94,13.05,12.78,13.03,13.01,-0.07,-0.538,0.7047,3417102,44085921.0,6275020080.0,6275020080.0,None
2016-06-07,'600191,华资实业,13.01,13.15,12.93,13.15,13.07,-0.06,-0.4591,0.7367,3572709,46420324.0,6308965320.0,6308965320.0,None
2016-06-06,'600191,华资实业,13.07,13.37,12.93,13.24,13.25,-0.18,-1.3585,1.2498,6060695,79078777.0,6338061240.0,6338061240.0,None
2016-06-03,'600191,华资实业,13.25,13.38,13.03,13.16,13.22,0.03,0.2269,0.9254,4487366,59454279.0,6425349000.0,6425349000.0,None
2016-06-02,'600191,华资实业,13.22,13.33,12.89,13.02,13.07,0.15,1.1477,1.1168,5415543,70840640.0,6410801040.0,6410801040.0,None
2016-06-01,'600191,华资实业,13.07,13.41,12.94,13.04,13.07,0.0,0.0,1.5983,7750834,101944026.0,6338061240.0,6338061240.0,None
2016-05-31,'600191,华资实业,13.07,13.14,12.18,12.18,12.14,0.93,7.6606,2.2959,11133704,141176185.0,6338061240.0,6338061240.0,None
2016-05-30,'600191,华资实业,12.14,12.48,12.1,12.37,12.35,-0.21,-1.7004,0.7713,3740066,45899433.0,5887074480.0,5887074480.0,None
2016-05-27,'600191,华资实业,12.35,12.45,12.23,12.37,12.46,-0.11,-0.8828,0.6124,2969558,36681557.0,5988910200.0,5988910200.0,None
2016-05-26,'600191,华资实业,12.46,12.48,11.95,12.38,12.48,-0.02,-0.1603,0.9043,4385139,53441865.0,6042252720.0,6042252720.0,None
2016-05-25,'600191,华资实业,12.48,13.01,12.17,12.82,12.78,-0.3,-2.3474,1.4814,7183607,90027022.0,6051951360.0,6051951360.0,None
2016-05-24,'600191,华资实业,12.78,13.15,12.73,13.15,13.14,-0.36,-2.7397,0.5985,2902550,37299708.0,6197430960.0,6197430960.0,None
2016-05-23,'600191,华资实业,13.14,13.18,12.85,12.85,12.87,0.27,2.0979,0.6046,2931949,38258955.0,6372006480.0,6372006480.0,None
2016-05-20,'600191,华资实业,12.87,12.98,12.61,12.8,12.98,-0.11,-0.8475,0.8467,4105762,52669717.0,6241074840.0,6241074840.0,None
2016-05-19,'600191,华资实业,12.98,13.59,12.94,13.39,13.3,-0.32,-2.406,0.6346,3077480,40790693.0,6294417360.0,6294417360.0,None
2016-05-18,'600191,华资实业,13.3,14.14,13.16,14.14,14.15,-0.85,-6.0071,0.7225,3503750,47448650.0,6449595600.0,6449595600.0,None
2016-05-17,'600191,华资实业,14.15,14.29,14.0,14.29,14.23,-0.08,-0.5622,0.4036,1957375,27669395.0,6861787800.0,6861787800.0,None
2016-05-16,'600191,华资实业,14.23,14.28,13.87,14.0,14.03,0.2,1.4255,0.4355,2111965,29781856.0,6900582360.0,6900582360.0,None
2016-05-13,'600191,华资实业,14.03,14.22,13.88,14.11,14.19,-0.16,-1.1276,0.6795,3294936,46377602.0,6803595960.0,6803595960.0,None
2016-05-12,'600191,华资实业,14.19,14.3,13.87,14.02,14.3,-0.11,-0.7692,0.6436,3121028,43819670.0,6881185080.0,6881185080.0,None
2016-05-11,'600191,华资实业,14.3,14.96,14.28,14.96,14.64,-0.34,-2.3224,0.578,2803033,40939572.0,6934527600.0,6934527600.0,None
2016-05-10,'600191,华资实业,14.64,14.75,14.34,14.5,14.29,0.35,2.4493,0.9644,4676498,68250424.0,7099404480.0,7099404480.0,None
2016-05-09,'600191,华资实业,14.29,15.21,14.21,15.21,15.32,-1.03,-6.7232,0.8389,4068058,59351061.0,6929678280.0,6929678280.0,None
2016-05-06,'600191,华资实业,15.32,16.25,15.25,16.23,16.23,-0.91,-5.6069,0.9342,4530215,71335777.0,7429158240.0,7429158240.0,None
2016-05-05,'600191,华资实业,16.23,16.35,16.08,16.35,16.18,0.05,0.309,0.5093,2469642,39962903.0,7870446360.0,7870446360.0,None
2016-05-04,'600191,华资实业,16.18,16.32,16.15,16.3,16.3,-0.12,-0.7362,0.4647,2253316,36579057.0,7846199760.0,7846199760.0,None
2016-05-03,'600191,华资实业,16.3,16.35,15.96,16.2,16.0,0.3,1.875,0.7175,3479214,56401530.0,7904391600.0,7904391600.0,None
2016-04-29,'600191,华资实业,16.0,16.22,15.93,16.06,16.29,-0.29,-1.7802,0.5715,2771348,44509368.0,7758912000.0,7758912000.0,None
2016-04-28,'600191,华资实业,16.29,16.76,15.97,16.48,16.1,0.19,1.1801,1.0605,5142783,83883301.0,7899542280.0,7899542280.0,None
2016-04-27,'600191,华资实业,16.1,16.26,15.71,15.8,15.79,0.31,1.9633,0.8757,4246449,68346738.0,7807405200.0,7807405200.0,None
2016-04-26,'600191,华资实业,15.79,15.86,15.52,15.6,15.56,0.23,1.4781,0.4471,2168210,33996927.0,7657076280.0,7657076280.0,None
2016-04-25,'600191,华资实业,15.56,15.75,15.11,15.75,15.77,-0.21,-1.3316,0.5554,2693458,41692340.0,7545541920.0,7545541920.0,None
2016-04-22,'600191,华资实业,15.77,15.96,15.45,15.8,15.96,-0.19,-1.1905,0.7001,3395082,53309289.0,7647377640.0,7647377640.0,None
2016-04-21,'600191,华资实业,15.96,16.58,15.73,16.42,16.42,-0.46,-2.8015,0.9502,4607772,74764084.0,7739514720.0,7739514720.0,None
2016-04-20,'600191,华资实业,16.42,17.33,15.68,17.15,17.15,-0.73,-4.2566,1.3819,6701457,111847007.0,7962583440.0,7962583440.0,None
2016-04-19,'600191,华资实业,17.15,17.35,17.01,17.09,17.1,0.05,0.2924,1.0979,5324186,91355073.0,8316583800.0,8316583800.0,None
2016-04-18,'600191,华资实业,17.1,17.66,16.3,16.72,16.73,0.37,2.2116,1.6068,7791779,133320245.0,8292337200.0,8292337200.0,None
2016-04-15,'600191,华资实业,16.73,17.08,16.58,16.91,17.01,-0.28,-1.6461,0.8703,4220269,70804885.0,8112912360.0,8112912360.0,None
2016-04-14,'600191,华资实业,17.01,17.49,16.92,17.17,16.59,0.42,2.5316,1.3194,6398159,109913793.0,8248693320.0,8248693320.0,None
2016-04-13,'600191,华资实业,16.59,16.88,16.4,16.4,16.45,0.14,0.8511,0.9407,4561728,76290139.0,8045021880.0,8045021880.0,None
2016-04-12,'600191,华资实业,16.45,16.66,16.13,16.66,16.62,-0.17,-1.0229,0.6299,3054462,49989935.0,7977131400.0,7977131400.0,None
2016-04-11,'600191,华资实业,16.62,16.8,16.35,16.36,16.24,0.38,2.3399,0.6909,3350198,55691699.0,8059569840.0,8059569840.0,None
2016-04-08,'600191,华资实业,16.24,16.73,16.06,16.73,16.77,-0.53,-3.1604,0.8646,4192561,68457107.0,7875295680.0,7875295680.0,None
2016-04-07,'600191,华资实业,16.77,17.29,16.75,17.18,17.16,-0.39,-2.2727,0.7641,3705323,62871388.0,8132309640.0,8132309640.0,None
2016-04-06,'600191,华资实业,17.16,17.34,16.98,17.25,17.4,-0.24,-1.3793,0.771,3738909,64159498.0,8321433120.0,8321433120.0,None
2016-04-05,'600191,华资实业,17.4,17.45,16.62,16.85,16.85,0.55,3.2641,0.9925,4812952,82063070.0,8437816800.0,8437816800.0,None
2016-04-01,'600191,华资实业,16.85,17.14,16.55,17.02,17.17,-0.32,-1.8637,0.6313,3061540,51482399.0,8171104200.0,8171104200.0,None
2016-03-31,'600191,华资实业,17.17,17.39,17.01,17.1,17.08,0.09,0.5269,0.9112,4418582,75856399.0,8326282440.0,8326282440.0,None
2016-03-30,'600191,华资实业,17.08,17.12,16.67,16.8,16.6,0.48,2.8916,0.6644,3221999,54631035.0,8282638560.0,8282638560.0,None
2016-03-29,'600191,华资实业,16.6,16.98,16.5,16.95,16.92,-0.32,-1.8913,0.645,3128044,52144138.0,8049871200.0,8049871200.0,None
2016-03-28,'600191,华资实业,16.92,17.35,16.85,17.15,17.2,-0.28,-1.6279,0.9324,4521374,77422897.0,8205049440.0,8205049440.0,None
2016-03-25,'600191,华资实业,17.2,17.37,16.79,16.88,16.85,0.35,2.0772,0.9568,4639883,79287653.0,8340830400.0,8340830400.0,None
2016-03-24,'600191,华资实业,16.85,17.39,16.8,17.39,17.39,-0.54,-3.1052,1.1665,5656871,96381901.0,8171104200.0,8171104200.0,None
2016-03-23,'600191,华资实业,17.39,17.48,17.09,17.37,17.27,0.12,0.6948,1.0709,5193036,89744986.0,8432967480.0,8432967480.0,None
2016-03-22,'600191,华资实业,17.27,17.63,17.15,17.6,17.65,-0.38,-2.153,1.741,8442664,146712881.0,8374775640.0,8374775640.0,None
2016-03-21,'600191,华资实业,17.65,17.94,16.66,16.79,16.67,0.98,5.8788,2.5929,12573993,218880579.0,8559049800.0,8559049800.0,None
2016-03-18,'600191,华资实业,16.67,16.87,16.22,16.31,16.31,0.36,2.2072,1.7176,8328959,138512708.0,8083816440.0,8083816440.0,None
2016-03-17,'600191,华资实业,16.31,16.42,15.81,15.96,15.85,0.46,2.9022,0.9557,4634330,74778434.0,7909240920.0,7909240920.0,None
2016-03-16,'600191,华资实业,15.85,16.56,15.83,16.33,16.34,-0.49,-2.9988,0.9414,4565359,73740676.0,7686172200.0,7686172200.0,None
2016-03-15,'600191,华资实业,16.34,16.7,16.08,16.45,16.6,-0.26,-1.5663,0.939,4553618,74660969.0,7923788880.0,7923788880.0,None
2016-03-14,'600191,华资实业,16.6,17.09,16.33,16.48,16.27,0.33,2.0283,1.6903,8196973,136957023.0,8049871200.0,8049871200.0,None
2016-03-11,'600191,华资实业,16.27,16.43,16.0,16.01,16.35,-0.08,-0.4893,0.7936,3848491,62369138.0,7889843640.0,7889843640.0,None
2016-03-10,'600191,华资实业,16.35,16.76,16.1,16.4,16.24,0.11,0.6773,1.3224,6412757,105725665.0,7928638200.0,7928638200.0,None
2016-03-09,'600191,华资实业,16.24,16.47,15.82,16.18,16.68,-0.44,-2.6379,1.0692,5184899,84052051.0,7875295680.0,7875295680.0,None
2016-03-08,'600191,华资实业,16.68,17.1,15.94,17.03,16.85,-0.17,-1.0089,1.6634,8066335,132851914.0,8088665760.0,8088665760.0,None
2016-03-07,'600191,华资实业,16.85,16.85,15.31,15.31,15.32,1.53,9.9869,3.071,14892300,246290834.0,8171104200.0,8171104200.0,None
2016-03-04,'600191,华资实业,15.32,16.15,15.1,16.0,16.17,-0.85,-5.2566,1.2406,6015916,93997299.0,7429158240.0,7429158240.0,None
2016-03-03,'600191,华资实业,16.17,16.68,16.05,16.05,16.29,-0.12,-0.7366,1.8911,9170537,149527329.0,7841350440.0,7841350440.0,None
2016-03-02,'600191,华资实业,16.29,16.35,14.93,14.93,15.07,1.22,8.0956,1.8419,8931906,142628479.0,7899542280.0,7899542280.0,None
2016-03-01,'600191,华资实业,15.07,15.3,14.65,15.1,15.0,0.07,0.4667,0.7316,3547848,53213768.0,7307925240.0,7307925240.0,None
2016-02-29,'600191,华资实业,15.0,15.58,14.16,15.57,15.73,-0.73,-4.6408,1.2734,6174979,91757357.0,7273980000.0,7273980000.0,None
2016-02-26,'600191,华资实业,15.73,15.86,14.21,14.45,14.42,1.31,9.0846,2.1663,10505225,160052579.0,7627980360.0,7627980360.0,None
2016-02-25,'600191,华资实业,14.42,15.86,14.32,15.86,15.91,-1.49,-9.3652,1.9342,9379395,139591250.0,6992719440.0,6992719440.0,None
2016-02-24,'600191,华资实业,15.91,16.18,15.62,15.88,15.98,-0.07,-0.438,1.0991,5330014,84478007.0,7715268120.0,7715268120.0,None
2016-02-23,'600191,华资实业,15.98,16.47,15.7,16.3,16.49,-0.51,-3.0928,1.3009,6308269,101121289.0,7749213360.0,7749213360.0,None
2016-02-22,'600191,华资实业,16.49,16.65,15.8,16.05,15.89,0.6,3.776,1.6482,7992646,129884287.0,7996528680.0,7996528680.0,None
2016-02-19,'600191,华资实业,15.89,16.07,15.52,15.63,15.65,0.24,1.5335,1.0355,5021518,79517715.0,7705569480.0,7705569480.0,None
2016-02-18,'600191,华资实业,15.65,16.18,15.51,15.9,15.68,-0.03,-0.1913,1.499,7269130,115185889.0,7589185800.0,7589185800.0,None
2016-02-17,'600191,华资实业,15.68,15.72,15.22,15.57,15.55,0.13,0.836,1.1807,5725462,88978278.0,7603733760.0,7603733760.0,None
2016-02-16,'600191,华资实业,15.55,15.65,14.9,15.0,14.82,0.73,4.9258,0.9648,4678648,71920859.0,7540692600.0,7540692600.0,None
2016-02-15,'600191,华资实业,14.82,15.02,14.4,14.41,15.25,-0.43,-2.8197,0.6144,2979453,44003496.0,7186692240.0,7186692240.0,None
2016-02-05,'600191,华资实业,15.25,15.48,15.2,15.2,15.22,0.03,0.1971,0.7038,3413025,52326339.0,7395213000.0,7395213000.0,None
2016-02-04,'600191,华资实业,15.22,15.5,15.02,15.18,14.93,0.29,1.9424,0.8701,4219492,64478074.0,7380665040.0,7380665040.0,None
2016-02-03,'600191,华资实业,14.93,15.05,14.6,14.89,15.08,-0.15,-0.9947,0.6785,3290155,48658626.0,7240034760.0,7240034760.0,None
2016-02-02,'600191,华资实业,15.08,15.27,14.69,14.88,14.64,0.44,3.0055,0.8881,4306883,64782488.0,7312774560.0,7312774560.0,None
2016-02-01,'600191,华资实业,14.64,14.96,14.4,14.77,14.98,-0.34,-2.2697,0.8053,3905268,57569656.0,7099404480.0,7099404480.0,None
2016-01-29,'600191,华资实业,14.98,15.21,14.09,14.44,14.26,0.72,5.0491,1.3493,6543027,95874997.0,7264281360.0,7264281360.0,None
2016-01-28,'600191,华资实业,14.26,14.98,14.22,14.38,14.64,-0.38,-2.5956,1.2763,6189241,90364264.0,6915130320.0,6915130320.0,None
2016-01-27,'600191,华资实业,14.64,14.91,13.77,14.59,14.34,0.3,2.0921,1.4942,7246031,103036596.0,7099404480.0,7099404480.0,None
2016-01-26,'600191,华资实业,14.34,15.88,14.31,15.55,15.9,-1.56,-9.8113,1.3941,6760295,101575979.0,6953924880.0,6953924880.0,None
2016-01-25,'600191,华资实业,15.9,16.17,15.7,15.98,15.75,0.15,0.9524,0.9,4364537,69601776.0,7710418800.0,7710418800.0,None
2016-01-22,'600191,华资实业,15.75,15.94,15.01,15.8,15.37,0.38,2.4723,1.3852,6717067,104510957.0,7637679000.0,7637679000.0,None
2016-01-21,'600191,华资实业,15.37,16.66,15.35,16.03,16.66,-1.29,-7.7431,1.942,9417144,151250211.0,7453404840.0,7453404840.0,None
2016-01-20,'600191,华资实业,16.66,17.35,16.07,16.5,16.65,0.01,0.0601,2.3257,11277907,188142836.0,8078967120.0,8078967120.0,None
2016-01-19,'600191,华资实业,16.65,16.79,15.61,15.62,15.78,0.87,5.5133,2.1456,10404532,168203179.0,8074117800.0,8074117800.0,None
2016-01-18,'600191,华资实业,15.78,16.12,14.58,14.71,15.12,0.66,4.3651,1.7854,8658153,134595320.0,7652226960.0,7652226960.0,None
2016-01-15,'600191,华资实业,15.12,15.7,14.96,15.29,15.51,-0.39,-2.5145,1.9302,9360122,143756373.0,7332171840.0,7332171840.0,None
2016-01-14,'600191,华资实业,15.51,15.7,13.88,13.88,14.49,1.02,7.0393,2.271,11012603,165166828.0,7521295320.0,7521295320.0,None
2016-01-13,'600191,华资实业,14.49,15.37,14.4,14.94,14.85,-0.36,-2.4242,1.925,9335006,139725893.0,7026664680.0,7026664680.0,None
2016-01-12,'600191,华资实业,14.85,15.28,14.26,14.26,14.26,0.59,4.1374,2.4268,11768110,174557070.0,7201240200.0,7201240200.0,None
2016-01-11,'600191,华资实业,14.26,15.66,14.26,15.31,15.84,-1.58,-9.9747,3.5097,17019899,253810023.0,6915130320.0,6915130320.0,None
2016-01-08,'600191,华资实业,15.84,16.77,15.06,16.28,15.97,-0.13,-0.814,3.3318,16156936,258295158.0,7681322880.0,7681322880.0,None
2016-01-07,'600191,华资实业,15.97,17.11,15.97,17.11,17.74,-1.77,-9.9775,1.0838,5255700,85561704.0,7744364040.0,7744364040.0,None
2016-01-06,'600191,华资实业,17.74,18.01,16.95,17.62,17.54,0.2,1.1403,3.0381,14732524,256648415.0,8602693680.0,8602693680.0,None
2016-01-05,'600191,华资实业,17.54,18.55,17.0,17.2,18.82,-1.28,-6.8013,2.8484,13812864,243304059.0,8505707280.0,8505707280.0,None
2016-01-04,'600191,华资实业,18.82,21.0,18.82,20.74,20.91,-2.09,-9.9952,1.6588,8044266,157235186.0,9126420240.0,9126420240.0,None
