日期,股票代码,名称,收盘价,最高价,最低价,开盘价,前收盘,涨跌额,涨跌幅,换手率,成交量,成交金额,总市值,流通市值,成交笔数
2016-10-12,'600287,江苏舜天,12.64,12.72,12.33,12.43,12.51,0.13,1.0392,2.2251,9719111,121880642.0,5521102375.36,5521102375.36,None
2016-10-11,'600287,江苏舜天,12.51,12.54,12.3,12.4,12.38,0.13,1.0501,1.5116,6602743,81867648.0,5464318885.74,5464318885.74,None
2016-10-10,'600287,江苏舜天,12.38,12.4,12.01,12.05,11.97,0.41,3.4252,2.002,8744453,107230434.0,5407535396.12,5407535396.12,None
2016-09-30,'600287,江苏舜天,11.97,12.08,11.82,11.92,11.96,0.01,0.0836,1.5037,6568099,78523610.0,5228449005.78,5228449005.78,None
2016-09-29,'600287,江苏舜天,11.96,12.08,11.76,11.8,11.74,0.22,1.8739,1.3817,6035095,72079735.0,5224081045.04,5224081045.04,None
2016-09-28,'600287,江苏舜天,11.74,11.93,11.61,11.66,11.64,0.1,0.8591,1.1494,5020508,59220682.0,5127985908.76,5127985908.76,None
2016-09-27,'600287,江苏舜天,11.64,11.69,11.39,11.43,11.5,0.14,1.2174,1.2098,5284199,61007584.0,5084306301.36,5084306301.36,None
2016-09-26,'600287,江苏舜天,11.5,11.94,11.43,11.88,12.17,-0.67,-5.5053,2.3071,10077181,117829217.0,5023154851.0,5023154851.0,None
2016-09-23,'600287,江苏舜天,12.17,12.22,11.75,11.83,11.81,0.36,3.0483,2.6597,11617606,139879296.0,5315808220.58,5315808220.58,None
2016-09-22,'600287,江苏舜天,11.81,11.96,11.66,11.88,11.8,0.01,0.0847,1.4859,6490449,76600222.0,5158561633.94,5158561633.94,None
2016-09-21,'600287,江苏舜天,11.8,11.9,11.48,11.51,11.52,0.28,2.4306,1.5464,6754725,79444467.0,5154193673.2,5154193673.2,None
2016-09-20,'600287,江苏舜天,11.52,11.63,11.39,11.44,11.44,0.08,0.6993,0.8349,3646827,41983492.0,5031890772.48,5031890772.48,None
2016-09-19,'600287,江苏舜天,11.44,11.61,11.18,11.23,11.13,0.31,2.7853,1.5645,6833521,78164192.0,4996947086.56,4996947086.56,None
2016-09-14,'600287,江苏舜天,11.13,11.42,11.1,11.23,11.37,-0.24,-2.1108,1.7079,7460244,83792067.0,4861540303.62,4861540303.62,None
2016-09-13,'600287,江苏舜天,11.37,11.5,11.2,11.32,11.26,0.11,0.9769,1.3765,6012520,68274673.0,4966371361.38,4966371361.38,None
2016-09-12,'600287,江苏舜天,11.26,11.78,11.24,11.7,12.04,-0.78,-6.4784,2.7388,11963044,137505635.0,4918323793.24,4918323793.24,None
2016-09-09,'600287,江苏舜天,12.04,12.63,12.0,12.57,12.64,-0.6,-4.7468,3.0384,13271812,162409214.0,5259024730.96,5259024730.96,None
2016-09-08,'600287,江苏舜天,12.64,12.8,12.22,12.55,12.58,0.06,0.4769,2.7236,11896611,148618821.0,5521102375.36,5521102375.36,None
2016-09-07,'600287,江苏舜天,12.58,12.84,12.48,12.72,12.73,-0.15,-1.1783,2.2457,9809213,123713790.0,5494894610.92,5494894610.92,None
2016-09-06,'600287,江苏舜天,12.73,12.75,11.95,12.04,12.04,0.69,5.7309,3.6898,16117014,199715320.0,5560414022.02,5560414022.02,None
2016-09-05,'600287,江苏舜天,12.04,12.08,11.7,11.9,11.82,0.22,1.8613,2.2685,9908721,117789946.0,5259024730.96,5259024730.96,None
2016-09-02,'600287,江苏舜天,11.82,12.21,11.77,11.77,11.84,-0.02,-0.1689,2.868,12527462,150064424.0,5162929594.68,5162929594.68,None
2016-09-01,'600287,江苏舜天,11.84,12.36,11.78,12.12,12.24,-0.4,-3.268,3.5811,15642225,187886443.0,5171665516.16,5171665516.16,None
2016-08-31,'600287,江苏舜天,12.24,12.44,12.13,12.13,12.07,0.17,1.4085,3.293,14383911,176399751.0,5346383945.76,5346383945.76,None
2016-08-30,'600287,江苏舜天,12.07,12.8,12.04,12.65,12.59,-0.52,-4.1303,4.6356,20248062,248939235.0,5272128613.18,5272128613.18,None
2016-08-29,'600287,江苏舜天,12.59,13.5,12.57,12.99,12.7,-0.11,-0.8661,4.7541,20765664,268450695.0,5499262571.66,5499262571.66,None
2016-08-26,'600287,江苏舜天,12.7,12.94,12.26,12.36,12.36,0.34,2.7508,4.2402,18521019,235538841.0,5547310139.8,5547310139.8,None
2016-08-25,'600287,江苏舜天,12.36,12.49,11.87,11.87,11.97,0.39,3.2581,4.8786,21309344,259890855.0,5398799474.64,5398799474.64,None
2016-08-24,'600287,江苏舜天,11.97,12.12,11.45,11.55,11.6,0.37,3.1897,3.5715,15600217,184137824.0,5228449005.78,5228449005.78,None
2016-08-23,'600287,江苏舜天,11.6,11.74,11.06,11.09,11.12,0.48,4.3165,3.2677,14273155,163891207.0,5066834458.4,5066834458.4,None
2016-08-22,'600287,江苏舜天,11.12,11.5,11.1,11.39,11.69,-0.57,-4.876,3.0721,13418753,152273722.0,4857172342.88,4857172342.88,None
2016-08-19,'600287,江苏舜天,11.69,11.88,11.16,11.24,11.18,0.51,4.5617,3.6237,15828030,183475280.0,5106146105.06,5106146105.06,None
2016-08-18,'600287,江苏舜天,11.18,11.23,11.04,11.11,11.18,0.0,0.0,2.0583,8990703,100020906.0,4883380107.32,4883380107.32,None
2016-08-17,'600287,江苏舜天,11.18,11.24,11.02,11.08,11.13,0.05,0.4492,2.2869,9988962,111488057.0,4883380107.32,4883380107.32,None
2016-08-16,'600287,江苏舜天,11.13,11.2,10.93,10.98,10.95,0.18,1.6438,2.3742,10370315,114889905.0,4861540303.62,4861540303.62,None
2016-08-15,'600287,江苏舜天,10.95,11.08,10.62,10.67,10.68,0.27,2.5281,2.4237,10586660,115324860.0,4782917010.3,4782917010.3,None
2016-08-12,'600287,江苏舜天,10.68,10.7,10.42,10.42,10.49,0.19,1.8112,1.7002,7426477,78349877.0,4664982070.32,4664982070.32,None
2016-08-11,'600287,江苏舜天,10.49,10.86,10.45,10.8,10.81,-0.32,-2.9602,1.967,8591738,91383950.0,4581990816.26,4581990816.26,None
2016-08-10,'600287,江苏舜天,10.81,10.92,10.67,10.71,10.76,0.05,0.4647,2.0322,8876498,95767631.0,4721765559.94,4721765559.94,None
2016-08-09,'600287,江苏舜天,10.76,10.85,10.63,10.75,10.84,-0.08,-0.738,2.182,9530942,102194278.0,4699925756.24,4699925756.24,None
2016-08-08,'600287,江苏舜天,10.84,10.94,10.46,10.74,10.74,0.1,0.9311,2.0031,8749543,93565648.0,4734869442.16,4734869442.16,None
2016-08-05,'600287,江苏舜天,10.74,11.28,10.72,10.86,10.93,-0.19,-1.7383,3.1516,13765971,151591590.0,4691189834.76,4691189834.76,None
2016-08-04,'600287,江苏舜天,10.93,11.12,10.58,10.73,10.86,0.07,0.6446,4.1271,18027017,195941440.0,4774181088.82,4774181088.82,None
2016-08-03,'600287,江苏舜天,10.86,10.95,10.03,10.04,10.09,0.77,7.6313,4.0517,17697873,187138490.0,4743605363.64,4743605363.64,None
2016-08-02,'600287,江苏舜天,10.09,10.12,9.83,9.9,9.88,0.21,2.1255,1.616,7058468,70409077.0,4407272386.66,4407272386.66,None
2016-08-01,'600287,江苏舜天,9.88,10.14,9.62,10.13,10.14,-0.26,-2.5641,2.3603,10309659,101741764.0,4315545211.12,4315545211.12,None
2016-07-29,'600287,江苏舜天,10.14,10.53,10.12,10.4,10.43,-0.29,-2.7804,2.0202,8824205,91384908.0,4429112190.36,4429112190.36,None
2016-07-28,'600287,江苏舜天,10.43,10.46,10.04,10.1,10.22,0.21,2.0548,2.8556,12473088,127911871.0,4555783051.82,4555783051.82,None
2016-07-27,'600287,江苏舜天,10.22,10.99,10.02,10.99,11.02,-0.8,-7.2595,5.1572,22526369,235870506.0,4464055876.28,4464055876.28,None
2016-07-26,'600287,江苏舜天,11.02,11.36,10.73,10.81,10.93,0.09,0.8234,4.2191,18428721,204036947.0,4813492735.48,4813492735.48,None
2016-07-25,'600287,江苏舜天,10.93,11.03,10.65,11.03,11.04,-0.11,-0.9964,3.9872,17416137,189313841.0,4774181088.82,4774181088.82,None
2016-07-22,'600287,江苏舜天,11.04,11.36,10.34,10.38,10.45,0.59,5.6459,6.3735,27838999,302243178.0,4822228656.96,4822228656.96,None
2016-07-21,'600287,江苏舜天,10.45,10.62,10.08,10.14,10.19,0.26,2.5515,4.1971,18332642,190648704.0,4564518973.3,4564518973.3,None
2016-07-20,'600287,江苏舜天,10.19,10.2,9.98,10.1,10.14,0.05,0.4931,2.6339,11504752,115822512.0,4450951994.06,4450951994.06,None
2016-07-19,'600287,江苏舜天,10.14,10.47,9.85,9.9,9.97,0.17,1.7051,5.1912,22675166,231774636.0,4429112190.36,4429112190.36,None
2016-07-18,'600287,江苏舜天,9.97,10.07,9.52,9.59,9.58,0.39,4.071,4.0053,17494961,172103438.0,4354856857.78,4354856857.78,None
2016-07-15,'600287,江苏舜天,9.58,9.65,9.45,9.57,9.59,-0.01,-0.1043,1.8009,7866319,75048435.0,4184506388.92,4184506388.92,None
2016-07-14,'600287,江苏舜天,9.59,9.65,9.41,9.41,9.44,0.15,1.589,2.3813,10401338,99345701.0,4188874349.66,4188874349.66,None
2016-07-13,'600287,江苏舜天,9.44,9.46,9.3,9.36,9.36,0.08,0.8547,1.8565,8109106,76100821.0,4123354938.56,4123354938.56,None
2016-07-12,'600287,江苏舜天,9.36,9.36,9.15,9.24,9.2,0.16,1.7391,2.2726,9926614,91910434.0,4088411252.64,4088411252.64,None
2016-07-11,'600287,江苏舜天,9.2,9.27,9.17,9.17,9.17,0.03,0.3272,1.7748,7752149,71528849.0,4018523880.8,4018523880.8,None
2016-07-08,'600287,江苏舜天,9.17,9.26,9.12,9.19,9.21,-0.04,-0.4343,1.1854,5177987,47577648.0,4005419998.58,4005419998.58,None
2016-07-07,'600287,江苏舜天,9.21,9.26,9.07,9.22,9.22,-0.01,-0.1085,1.623,7089190,65001636.0,4022891841.54,4022891841.54,None
2016-07-06,'600287,江苏舜天,9.22,9.3,9.14,9.22,9.27,-0.05,-0.5394,1.8343,8012036,73731537.0,4027259802.28,4027259802.28,None
2016-07-05,'600287,江苏舜天,9.27,9.39,9.17,9.17,9.19,0.08,0.8705,2.3431,10234689,94998645.0,4049099605.98,4049099605.98,None
2016-07-04,'600287,江苏舜天,9.19,9.21,8.87,8.95,9.0,0.19,2.1111,2.1933,9580172,87419312.0,4014155920.06,4014155920.06,None
2016-07-01,'600287,江苏舜天,9.0,9.25,8.99,9.13,9.13,-0.13,-1.4239,2.0224,8833773,80440810.0,3931164666.0,3931164666.0,None
2016-06-30,'600287,江苏舜天,9.13,9.15,8.88,8.94,8.88,0.25,2.8153,2.7186,11874924,107537043.0,3987948155.62,3987948155.62,None
2016-06-29,'600287,XD江苏舜,8.88,9.04,8.87,8.93,8.9,-0.02,-0.2247,1.7711,7736159,69284285.0,3878749137.12,3878749137.12,None
2016-06-28,'600287,江苏舜天,8.97,9.0,8.83,8.86,8.93,0.04,0.4479,1.9546,8537815,76158551.0,3918060783.78,3918060783.78,None
2016-06-27,'600287,江苏舜天,8.93,8.95,8.56,8.56,8.62,0.31,3.5963,2.0356,8891330,78298099.0,3900588940.82,3900588940.82,None
2016-06-24,'600287,江苏舜天,8.62,8.88,8.36,8.8,8.81,-0.19,-2.1566,2.0533,8968803,77542085.0,3765182157.88,3765182157.88,None
2016-06-23,'600287,江苏舜天,8.81,8.94,8.74,8.88,8.89,-0.08,-0.8999,1.8252,7972282,70360130.0,3848173411.94,3848173411.94,None
2016-06-22,'600287,江苏舜天,8.89,8.91,8.68,8.73,8.84,0.05,0.5656,2.5146,10983608,96547913.0,3883117097.86,3883117097.86,None
2016-06-21,'600287,江苏舜天,8.84,9.25,8.52,8.52,8.5,0.34,4.0,3.9305,17168116,152337309.0,3861277294.16,3861277294.16,None
2016-06-20,'600287,江苏舜天,8.5,8.57,8.36,8.52,8.51,-0.01,-0.1175,0.9954,4348037,36783836.0,3712766629.0,3712766629.0,None
2016-06-17,'600287,江苏舜天,8.51,8.66,8.43,8.45,8.42,0.09,1.0689,1.779,7770767,66451888.0,3717134589.74,3717134589.74,None
2016-06-16,'600287,江苏舜天,8.42,8.57,8.34,8.52,8.56,-0.14,-1.6355,1.5377,6716488,56803283.0,3677822943.08,3677822943.08,None
2016-06-15,'600287,江苏舜天,8.56,8.61,8.16,8.2,8.28,0.28,3.3816,1.6412,7168599,60730165.0,3738974393.44,3738974393.44,None
2016-06-14,'600287,江苏舜天,8.28,8.33,8.16,8.23,8.29,-0.01,-0.1206,1.09,4760886,39286347.0,3616671492.72,3616671492.72,None
2016-06-13,'600287,江苏舜天,8.29,8.79,8.27,8.79,8.89,-0.6,-6.7492,2.1241,9278102,79730768.0,3621039453.46,3621039453.46,None
2016-06-08,'600287,江苏舜天,8.89,9.02,8.76,8.82,8.84,0.05,0.5656,2.0851,9107791,81271957.0,3883117097.86,3883117097.86,None
2016-06-07,'600287,江苏舜天,8.84,8.96,8.77,8.93,8.89,-0.05,-0.5624,1.2635,5519087,48752971.0,3861277294.16,3861277294.16,None
2016-06-06,'600287,江苏舜天,8.89,9.07,8.84,8.93,8.98,-0.09,-1.0022,1.7948,7839413,70047117.0,3883117097.86,3883117097.86,None
2016-06-03,'600287,江苏舜天,8.98,9.0,8.65,8.79,8.75,0.23,2.6286,2.7733,12113711,107261882.0,3922428744.52,3922428744.52,None
2016-06-02,'600287,江苏舜天,8.75,8.76,8.62,8.7,8.68,0.07,0.8065,1.7272,7544296,65581907.0,3821965647.5,3821965647.5,None
2016-06-01,'600287,江苏舜天,8.68,8.79,8.59,8.69,8.68,0.0,0.0,2.5152,10986486,95390672.0,3791389922.32,3791389922.32,None
2016-05-31,'600287,江苏舜天,8.68,8.7,8.24,8.24,8.27,0.41,4.9577,2.6176,11433776,97962873.0,3791389922.32,3791389922.32,None
2016-05-30,'600287,江苏舜天,8.27,8.32,8.15,8.26,8.31,-0.04,-0.4813,1.0483,4578920,37763693.0,3612303531.98,3612303531.98,None
2016-05-27,'600287,江苏舜天,8.31,8.41,8.09,8.14,8.13,0.18,2.214,2.0038,8752673,72431564.0,3629775374.94,3629775374.94,None
2016-05-26,'600287,江苏舜天,8.13,8.2,7.89,8.15,8.15,-0.02,-0.2454,1.5527,6781944,54484500.0,3551152081.62,3551152081.62,None
2016-05-25,'600287,江苏舜天,8.15,8.26,8.08,8.22,8.14,0.01,0.1229,1.0451,4565162,37412070.0,3559888003.1,3559888003.1,None
2016-05-24,'600287,江苏舜天,8.14,8.26,8.08,8.24,8.28,-0.14,-1.6908,1.0215,4461979,36372673.0,3555520042.36,3555520042.36,None
2016-05-23,'600287,江苏舜天,8.28,8.29,8.11,8.14,8.18,0.1,1.2225,1.3139,5739160,47274051.0,3616671492.72,3616671492.72,None
2016-05-20,'600287,江苏舜天,8.18,8.19,7.9,7.97,8.09,0.09,1.1125,1.2642,5522114,44439152.0,3572991885.32,3572991885.32,None
2016-05-19,'600287,江苏舜天,8.09,8.27,8.02,8.12,8.07,0.02,0.2478,1.605,7010372,57318734.0,3533680238.66,3533680238.66,None
2016-05-18,'600287,江苏舜天,8.07,8.52,7.98,8.5,8.63,-0.56,-6.489,2.3327,10189073,83811313.0,3524944317.18,3524944317.18,None
2016-05-17,'600287,江苏舜天,8.63,8.81,8.59,8.73,8.75,-0.12,-1.3714,1.6908,7385444,64072542.0,3769550118.62,3769550118.62,None
2016-05-16,'600287,江苏舜天,8.75,8.76,8.46,8.56,8.6,0.15,1.7442,1.4277,6235996,53878298.0,3821965647.5,3821965647.5,None
2016-05-13,'600287,江苏舜天,8.6,8.89,8.51,8.8,8.8,-0.2,-2.2727,1.8431,8050699,69908423.0,3756446236.4,3756446236.4,None
2016-05-12,'600287,江苏舜天,8.8,8.9,8.43,8.55,8.86,-0.06,-0.6772,1.9991,8731956,75719425.0,3843805451.2,3843805451.2,None
2016-05-11,'600287,江苏舜天,8.86,9.24,8.83,9.11,9.09,-0.23,-2.5303,3.0166,13176256,119103988.0,3870013215.64,3870013215.64,None
2016-05-10,'600287,江苏舜天,9.09,9.17,8.6,8.61,8.64,0.45,5.2083,3.7176,16238400,144711853.0,3970476312.66,3970476312.66,None
2016-05-09,'600287,江苏舜天,8.64,9.1,8.53,9.03,9.23,-0.59,-6.3922,2.9223,12764553,112350846.0,3773918079.36,3773918079.36,None
2016-05-06,'600287,江苏舜天,9.23,9.82,9.2,9.65,9.8,-0.57,-5.8163,5.1309,22411441,213294833.0,4031627763.02,4031627763.02,None
2016-05-05,'600287,江苏舜天,9.8,9.88,9.28,9.4,9.49,0.31,3.2666,5.668,24757659,238499977.0,4280601525.2,4280601525.2,None
2016-05-04,'600287,江苏舜天,9.49,9.65,9.13,9.23,9.3,0.19,2.043,5.579,24368647,228640445.0,4145194742.26,4145194742.26,None
2016-05-03,'600287,江苏舜天,9.3,9.35,8.9,8.96,9.01,0.29,3.2186,3.7789,16505915,152327173.0,4062203488.2,4062203488.2,None
2016-04-29,'600287,江苏舜天,9.01,9.13,8.86,8.96,9.03,-0.02,-0.2215,2.2916,10009621,90113570.0,3935532626.74,3935532626.74,None
2016-04-28,'600287,江苏舜天,9.03,9.33,8.81,9.28,9.38,-0.35,-3.7313,3.8506,16819078,152205983.0,3944268548.22,3944268548.22,None
2016-04-27,'600287,江苏舜天,9.38,9.54,9.15,9.36,9.31,0.07,0.7519,4.6612,20359830,190765640.0,4097147174.12,4097147174.12,None
2016-04-26,'600287,江苏舜天,9.31,9.44,8.91,8.95,9.17,0.14,1.5267,4.7274,20649099,189054517.0,4066571448.94,4066571448.94,None
2016-04-25,'600287,江苏舜天,9.17,9.47,8.92,9.1,8.61,0.56,6.5041,6.2589,27338420,252054998.0,4005419998.58,4005419998.58,None
2016-04-22,'600287,江苏舜天,8.61,8.62,8.33,8.41,8.51,0.1,1.1751,1.4815,6471201,54823399.0,3760814197.14,3760814197.14,None
2016-04-21,'600287,江苏舜天,8.51,8.85,8.42,8.51,8.53,-0.02,-0.2345,2.1827,9533889,82629475.0,3717134589.74,3717134589.74,None
2016-04-20,'600287,江苏舜天,8.53,9.22,8.28,9.2,9.15,-0.62,-6.776,2.9548,12906606,112518164.0,3725870511.22,3725870511.22,None
2016-04-19,'600287,江苏舜天,9.15,9.2,9.05,9.08,9.05,0.1,1.105,1.4468,6319460,57673670.0,3996684077.1,3996684077.1,None
2016-04-18,'600287,江苏舜天,9.05,9.26,9.02,9.26,9.29,-0.24,-2.5834,2.2881,9994288,91031524.0,3953004469.7,3953004469.7,None
2016-04-15,'600287,江苏舜天,9.29,9.41,9.22,9.38,9.4,-0.11,-1.1702,2.0097,8778177,81590991.0,4057835527.46,4057835527.46,None
2016-04-14,'600287,江苏舜天,9.4,9.41,9.2,9.38,9.41,-0.01,-0.1063,3.0028,13116142,122280180.0,4105883095.6,4105883095.6,None
2016-04-13,'600287,江苏舜天,9.41,9.65,9.21,9.5,9.4,0.01,0.1064,4.9836,21768347,205412138.0,4110251056.34,4110251056.34,None
2016-04-12,'600287,江苏舜天,9.4,9.94,9.1,9.23,9.12,0.28,3.0702,6.7296,29394505,277383467.0,4105883095.6,4105883095.6,None
2016-04-11,'600287,江苏舜天,9.12,9.31,8.79,8.81,8.65,0.47,5.4335,4.6872,20473426,185467122.0,3983580194.88,3983580194.88,None
2016-04-08,'600287,江苏舜天,8.65,8.7,8.5,8.6,8.68,-0.03,-0.3456,1.633,7132705,61307156.0,3778286040.1,3778286040.1,None
2016-04-07,'600287,江苏舜天,8.68,8.98,8.6,8.93,8.93,-0.25,-2.7996,2.4908,10879805,95275051.0,3791389922.32,3791389922.32,None
2016-04-06,'600287,江苏舜天,8.93,8.94,8.73,8.76,8.82,0.11,1.2472,2.7473,12000012,106044157.0,3900588940.82,3900588940.82,None
2016-04-05,'600287,江苏舜天,8.82,8.84,8.55,8.62,8.6,0.22,2.5581,2.9231,12768127,111434034.0,3852541372.68,3852541372.68,None
2016-04-01,'600287,江苏舜天,8.6,8.68,8.37,8.66,8.7,-0.1,-1.1494,2.4588,10739966,91521692.0,3756446236.4,3756446236.4,None
2016-03-31,'600287,江苏舜天,8.7,8.86,8.5,8.54,8.52,0.18,2.1127,3.9641,17315050,150442262.0,3800125843.8,3800125843.8,None
2016-03-30,'600287,江苏舜天,8.52,8.54,8.31,8.43,8.21,0.31,3.7759,3.1318,13679506,115428379.0,3721502550.48,3721502550.48,None
2016-03-29,'600287,江苏舜天,8.21,8.52,8.03,8.45,8.53,-0.32,-3.7515,2.6965,11778196,97251174.0,3586095767.54,3586095767.54,None
2016-03-28,'600287,江苏舜天,8.53,8.96,8.32,8.33,8.29,0.24,2.8951,4.4909,19615873,169820342.0,3725870511.22,3725870511.22,None
2016-03-25,'600287,江苏舜天,8.29,8.33,8.17,8.18,8.21,0.08,0.9744,1.301,5682928,46905959.0,3621039453.46,3621039453.46,None
2016-03-24,'600287,江苏舜天,8.21,8.4,8.19,8.37,8.45,-0.24,-2.8402,2.045,8932404,74212780.0,3586095767.54,3586095767.54,None
2016-03-23,'600287,江苏舜天,8.45,8.57,8.32,8.43,8.44,0.01,0.1185,1.8406,8039840,67766393.0,3690926825.3,3690926825.3,None
2016-03-22,'600287,江苏舜天,8.44,8.67,8.36,8.45,8.51,-0.07,-0.8226,2.5663,11209517,94990030.0,3686558864.56,3686558864.56,None
2016-03-21,'600287,江苏舜天,8.51,8.6,8.26,8.3,8.24,0.27,3.2767,3.2367,14137966,118932710.0,3717134589.74,3717134589.74,None
2016-03-18,'600287,江苏舜天,8.24,8.27,7.93,8.01,7.98,0.26,3.2581,2.8142,12292278,99811498.0,3599199649.76,3599199649.76,None
2016-03-17,'600287,江苏舜天,7.98,7.99,7.65,7.69,7.64,0.34,4.4503,2.4125,10537796,82834658.0,3485632670.52,3485632670.52,None
2016-03-16,'600287,江苏舜天,7.64,7.87,7.57,7.73,7.74,-0.1,-1.292,1.3632,5954298,46077469.0,3337122005.36,3337122005.36,None
2016-03-15,'600287,江苏舜天,7.74,7.85,7.61,7.64,7.64,0.1,1.3089,1.9855,8672376,67030704.0,3380801612.76,3380801612.76,None
2016-03-14,'600287,江苏舜天,7.64,7.73,7.42,7.46,7.35,0.29,3.9456,1.5879,6935771,52855656.0,3337122005.36,3337122005.36,None
2016-03-11,'600287,江苏舜天,7.35,7.54,7.22,7.51,7.56,-0.21,-2.7778,1.4629,6389700,47138071.0,3210451143.9,3210451143.9,None
2016-03-10,'600287,江苏舜天,7.56,7.73,7.5,7.65,7.65,-0.09,-1.1765,1.0719,4682150,35664050.0,3302178319.44,3302178319.44,None
2016-03-09,'600287,江苏舜天,7.65,7.76,7.5,7.55,7.77,-0.12,-1.5444,1.0301,4499340,34279052.0,3341489966.1,3341489966.1,None
2016-03-08,'600287,江苏舜天,7.77,7.78,7.38,7.75,7.76,0.01,0.1289,1.4579,6368021,48413767.0,3393905494.98,3393905494.98,None
2016-03-07,'600287,江苏舜天,7.76,7.82,7.49,7.58,7.49,0.27,3.6048,1.4088,6153438,47352280.0,3389537534.24,3389537534.24,None
2016-03-04,'600287,江苏舜天,7.49,7.85,7.31,7.74,7.79,-0.3,-3.8511,1.5035,6567402,49854905.0,3271602594.26,3271602594.26,None
2016-03-03,'600287,江苏舜天,7.79,7.97,7.7,7.7,7.74,0.05,0.646,1.9194,8383663,65905575.0,3402641416.46,3402641416.46,None
2016-03-02,'600287,江苏舜天,7.74,7.74,7.3,7.34,7.35,0.39,5.3061,1.6298,7118886,53899638.0,3380801612.76,3380801612.76,None
2016-03-01,'600287,江苏舜天,7.35,7.42,7.12,7.24,7.21,0.14,1.9417,1.2622,5513349,40072704.0,3210451143.9,3210451143.9,None
2016-02-29,'600287,江苏舜天,7.21,7.69,7.03,7.57,7.69,-0.48,-6.2419,1.5142,6614142,47690335.0,3149299693.54,3149299693.54,None
2016-02-26,'600287,江苏舜天,7.69,8.03,7.4,7.86,7.89,-0.2,-2.5349,2.0985,9166346,70646182.0,3358961809.06,3358961809.06,None
2016-02-25,'600287,江苏舜天,7.89,8.76,7.89,8.76,8.77,-0.88,-10.0342,3.2507,14198982,117410579.0,3446321023.86,3446321023.86,None
2016-02-24,'600287,江苏舜天,8.77,8.85,8.23,8.29,8.29,0.48,5.7901,4.0723,17787599,152186541.0,3830701568.98,3830701568.98,None
2016-02-23,'600287,江苏舜天,8.29,8.41,8.13,8.37,8.4,-0.11,-1.3095,1.6791,7334151,60576318.0,3621039453.46,3621039453.46,None
2016-02-22,'600287,江苏舜天,8.4,8.43,8.25,8.32,8.23,0.17,2.0656,2.23,9740499,81424367.0,3669087021.6,3669087021.6,None
2016-02-19,'600287,江苏舜天,8.23,8.34,8.11,8.29,8.29,-0.06,-0.7238,1.5872,6932916,56940842.0,3594831689.02,3594831689.02,None
2016-02-18,'600287,江苏舜天,8.29,8.48,8.24,8.35,8.32,-0.03,-0.3606,2.0968,9158949,76453620.0,3621039453.46,3621039453.46,None
2016-02-17,'600287,江苏舜天,8.32,8.39,8.15,8.29,8.38,-0.06,-0.716,1.8275,7982247,66051764.0,3634143335.68,3634143335.68,None
2016-02-16,'600287,江苏舜天,8.38,8.48,8.01,8.07,8.03,0.35,4.3587,2.1968,9595583,79009092.0,3660351100.12,3660351100.12,None
2016-02-15,'600287,江苏舜天,8.03,8.16,7.4,7.5,7.9,0.13,1.6456,1.4823,6474414,50456652.0,3507472474.22,3507472474.22,None
2016-02-05,'600287,江苏舜天,7.9,8.03,7.81,7.9,7.85,0.05,0.6369,1.2167,5314309,42095631.0,3450688984.6,3450688984.6,None
2016-02-04,'600287,江苏舜天,7.85,7.89,7.65,7.7,7.63,0.22,2.8834,1.5106,6598122,51519876.0,3428849180.9,3428849180.9,None
2016-02-03,'600287,江苏舜天,7.63,7.74,7.41,7.47,7.55,0.08,1.0596,1.3891,6067587,45873288.0,3332754044.62,3332754044.62,None
2016-02-02,'600287,江苏舜天,7.55,7.57,7.27,7.31,7.27,0.28,3.8514,1.1286,4929516,36916015.0,3297810358.7,3297810358.7,None
2016-02-01,'600287,江苏舜天,7.27,7.42,7.15,7.29,7.3,-0.03,-0.411,0.9399,4105366,30002851.0,3175507457.98,3175507457.98,None
2016-01-29,'600287,江苏舜天,7.3,7.37,6.96,7.0,6.96,0.34,4.8851,1.2933,5648901,40786999.0,3188611340.2,3188611340.2,None
2016-01-28,'600287,江苏舜天,6.96,7.38,6.95,7.18,7.34,-0.38,-5.1771,0.9155,3998720,28791491.0,3040100675.04,3040100675.04,None
2016-01-27,'600287,江苏舜天,7.34,7.59,6.85,7.55,7.5,-0.16,-2.1333,1.6221,7085330,51529294.0,3206083183.16,3206083183.16,None
2016-01-26,'600287,江苏舜天,7.5,8.26,7.5,8.15,8.33,-0.83,-9.964,1.7059,7451476,58770366.0,3275970555.0,3275970555.0,None
2016-01-25,'600287,江苏舜天,8.33,8.46,8.18,8.3,8.24,0.09,1.0922,1.4375,6279006,52221438.0,3638511296.42,3638511296.42,None
2016-01-22,'600287,江苏舜天,8.24,8.3,7.91,8.02,7.88,0.36,4.5685,1.9442,8492182,68997323.0,3599199649.76,3599199649.76,None
2016-01-21,'600287,江苏舜天,7.88,8.4,7.85,8.17,8.34,-0.46,-5.5156,1.5216,6646155,54501160.0,3441953063.12,3441953063.12,None
2016-01-20,'600287,江苏舜天,8.34,8.49,8.22,8.33,8.41,-0.07,-0.8323,1.8279,7984177,66733063.0,3642879257.16,3642879257.16,None
2016-01-19,'600287,江苏舜天,8.41,8.45,7.98,8.01,8.1,0.31,3.8272,1.9614,8567203,70787211.0,3673454982.34,3673454982.34,None
2016-01-18,'600287,江苏舜天,8.1,8.25,7.65,7.65,7.92,0.18,2.2727,1.5493,6767429,54281936.0,3538048199.4,3538048199.4,None
2016-01-15,'600287,江苏舜天,7.92,8.35,7.83,8.3,8.35,-0.43,-5.1497,1.7971,7849661,63503579.0,3459424906.08,3459424906.08,None
2016-01-14,'600287,江苏舜天,8.35,8.45,7.61,7.69,8.01,0.34,4.2447,2.5319,11059375,89703310.0,3647247217.9,3647247217.9,None
2016-01-13,'600287,江苏舜天,8.01,8.67,8.0,8.59,8.53,-0.52,-6.0961,1.6265,7104473,59848253.0,3498736552.74,3498736552.74,None
2016-01-12,'600287,江苏舜天,8.53,8.68,8.26,8.5,8.51,0.02,0.235,1.9116,8349822,70787235.0,3725870511.22,3725870511.22,None
2016-01-11,'600287,江苏舜天,8.51,9.25,8.51,9.05,9.46,-0.95,-10.0423,2.8176,12307000,109417200.0,3717134589.74,3717134589.74,None
2016-01-08,'600287,江苏舜天,9.46,9.98,9.01,9.83,9.68,-0.22,-2.2727,3.2721,14292447,136454632.0,4132090860.04,4132090860.04,None
2016-01-07,'600287,江苏舜天,9.68,10.5,9.68,10.42,10.76,-1.08,-10.0372,0.7198,3143900,31539613.0,4228185996.32,4228185996.32,None
2016-01-06,'600287,江苏舜天,10.76,10.84,10.31,10.65,10.65,0.11,1.0329,2.8827,12591733,134169471.0,4699925756.24,4699925756.24,None
2016-01-05,'600287,江苏舜天,10.65,10.98,9.98,10.14,11.01,-0.36,-3.2698,4.2009,18349311,190188748.0,4651878188.1,4651878188.1,None
2016-01-04,'600287,江苏舜天,11.01,12.15,11.01,12.11,12.23,-1.22,-9.9755,3.8805,16950017,193304309.0,4809124774.74,4809124774.74,None
