日期,股票代码,名称,收盘价,最高价,最低价,开盘价,前收盘,涨跌额,涨跌幅,换手率,成交量,成交金额,总市值,流通市值,成交笔数
2016-10-12,'600862,中航高科,12.73,12.83,12.69,12.83,12.82,-0.09,-0.702,0.466,2972855,37821548.0,17733515132.1,8120829652.24,None
2016-10-11,'600862,中航高科,12.82,12.96,12.7,12.75,12.75,0.07,0.549,0.6521,4160165,53439946.0,17858889551.7,8178243216.16,None
2016-10-10,'600862,中航高科,12.75,12.77,12.48,12.48,12.46,0.29,2.3274,0.691,4407855,55829987.0,17761376114.2,8133588222.0,None
2016-09-30,'600862,中航高科,12.46,12.48,12.39,12.4,12.45,0.01,0.0803,0.3997,2549886,31748861.0,17357391873.2,7948588960.48,None
2016-09-29,'600862,中航高科,12.45,12.5,12.38,12.43,12.44,0.01,0.0804,0.6323,4033621,50142169.0,17343461382.2,7942209675.6,None
2016-09-28,'600862,中航高科,12.44,12.54,12.4,12.53,12.49,-0.05,-0.4003,0.5032,3210015,40037762.0,17329530891.1,7935830390.72,None
2016-09-27,'600862,中航高科,12.49,12.54,12.29,12.36,12.37,0.12,0.9701,0.5614,3581274,44310806.0,17399183346.4,7967726815.12,None
2016-09-26,'600862,中航高科,12.37,12.72,12.35,12.69,12.73,-0.36,-2.828,0.6267,3997615,50077185.0,17232017453.6,7891175396.56,None
2016-09-23,'600862,中航高科,12.73,12.84,12.65,12.65,12.65,0.08,0.6324,0.5705,3639108,46430048.0,17733515132.1,8120829652.24,None
2016-09-22,'600862,中航高科,12.65,12.78,12.64,12.75,12.63,0.02,0.1584,0.5347,3410801,43356443.0,17622071203.5,8069795373.2,None
2016-09-21,'600862,中航高科,12.63,12.69,12.58,12.6,12.59,0.04,0.3177,0.4494,2867101,36222738.0,17594210221.4,8057036803.44,None
2016-09-20,'600862,中航高科,12.59,12.75,12.57,12.74,12.7,-0.11,-0.8661,0.56,3572371,45122840.0,17538488257.1,8031519663.92,None
2016-09-19,'600862,中航高科,12.7,12.88,12.65,12.68,12.67,0.03,0.2368,0.5677,3621708,46175934.0,17691723658.9,8101691797.6,None
2016-09-14,'600862,中航高科,12.67,12.82,12.64,12.72,12.72,-0.05,-0.3931,0.529,3374337,42915905.0,17649932185.7,8082553942.96,None
2016-09-13,'600862,中航高科,12.72,12.9,12.64,12.79,12.75,-0.03,-0.2353,0.638,4070171,51856975.0,17719584641.0,8114450367.36,None
2016-09-12,'600862,中航高科,12.75,13.06,12.73,13.06,13.22,-0.47,-3.5552,1.0802,6890968,88983893.0,17761376114.2,8133588222.0,None
2016-09-09,'600862,中航高科,13.22,13.48,13.2,13.28,13.41,-0.19,-1.4169,0.7833,4996931,66551288.0,18416109194.5,8433414611.36,None
2016-09-08,'600862,中航高科,13.41,13.47,13.26,13.27,13.31,0.1,0.7513,0.5384,3434332,45980354.0,18680788524.9,8554621024.08,None
2016-09-07,'600862,中航高科,13.31,13.47,13.3,13.38,13.36,-0.05,-0.3743,0.6893,4397455,58976615.0,18541483614.2,8490828175.28,None
2016-09-06,'600862,中航高科,13.36,13.37,13.01,13.24,13.21,0.15,1.1355,0.7632,4868377,64422457.0,18611136069.5,8522724599.68,None
2016-09-05,'600862,中航高科,13.21,13.36,13.16,13.23,13.17,0.04,0.3037,0.5984,3817319,50574181.0,18402178703.5,8427035326.48,None
2016-09-02,'600862,中航高科,13.17,13.44,13.13,13.39,13.4,-0.23,-1.7164,0.9078,5791036,76769933.0,18346456739.2,8401518186.96,None
2016-09-01,'600862,中航高科,13.4,13.62,13.33,13.52,13.61,-0.21,-1.543,0.8965,5719038,77142638.0,18666858033.8,8548241739.2,None
2016-08-31,'600862,中航高科,13.61,13.74,13.49,13.69,13.68,-0.07,-0.5117,0.9653,6157752,83541198.0,18959398346.3,8682206721.68,None
2016-08-30,'600862,中航高科,13.68,13.9,13.56,13.66,13.66,0.02,0.1464,1.0227,6524159,89771868.0,19056911783.8,8726861715.84,None
2016-08-29,'600862,中航高科,13.66,13.95,13.58,13.74,13.53,0.13,0.9608,0.8761,5588798,76807405.0,19029050801.6,8714103146.08,None
2016-08-26,'600862,中航高科,13.53,13.64,13.5,13.5,13.5,0.03,0.2222,0.6127,3908860,53041680.0,18847954417.7,8631172442.64,None
2016-08-25,'600862,中航高科,13.5,13.6,13.39,13.6,13.68,-0.18,-1.3158,0.7226,4609767,62037200.0,18806162944.5,8612034588.0,None
2016-08-24,'600862,中航高科,13.68,13.81,13.47,13.56,13.51,0.17,1.2583,0.8046,5132719,70165054.0,19056911783.8,8726861715.84,None
2016-08-23,'600862,中航高科,13.51,13.58,13.45,13.5,13.51,0.0,0.0,0.4734,3020138,40786356.0,18820093435.6,8618413872.88,None
2016-08-22,'600862,中航高科,13.51,13.75,13.5,13.68,13.74,-0.23,-1.6739,0.8386,5349639,72617177.0,18820093435.6,8618413872.88,None
2016-08-19,'600862,中航高科,13.74,13.88,13.62,13.8,13.8,-0.06,-0.4348,0.7681,4899898,67223009.0,19140494730.2,8765137425.12,None
2016-08-18,'600862,中航高科,13.8,13.91,13.7,13.84,13.91,-0.11,-0.7908,0.9422,6010253,82902101.0,19224077676.6,8803413134.4,None
2016-08-17,'600862,中航高科,13.91,14.04,13.63,13.77,13.69,0.22,1.607,1.5181,9684329,134808503.0,19377313078.4,8873585268.08,None
2016-08-16,'600862,中航高科,13.69,13.87,13.65,13.78,13.63,0.06,0.4402,1.0333,6591462,90705474.0,19070842274.8,8733241000.72,None
2016-08-15,'600862,中航高科,13.63,13.71,13.25,13.35,13.33,0.3,2.2506,1.2332,7866618,106598547.0,18987259328.4,8694965291.44,None
2016-08-12,'600862,中航高科,13.33,13.35,13.16,13.19,13.2,0.13,0.9848,0.6755,4309116,57192230.0,18569344596.3,8503586745.04,None
2016-08-11,'600862,中航高科,13.2,13.56,13.18,13.5,13.51,-0.31,-2.2946,0.8416,5368582,71519432.0,18388248212.4,8420656041.6,None
2016-08-10,'600862,中航高科,13.51,13.78,13.47,13.68,13.67,-0.16,-1.1704,0.8671,5531499,75358462.0,18820093435.6,8618413872.88,None
2016-08-09,'600862,中航高科,13.67,13.7,13.56,13.68,13.79,-0.12,-0.8702,1.2074,7702101,104906506.0,19042981292.7,8720482430.96,None
2016-08-08,'600862,中航高科,13.79,13.81,13.11,13.28,13.29,0.5,3.7622,1.4997,9566717,129266159.0,19210147185.5,8797033849.52,None
2016-08-05,'600862,中航高科,13.29,13.46,13.2,13.43,13.42,-0.13,-0.9687,0.6691,4268108,56940360.0,18513622632.0,8478069605.52,None
2016-08-04,'600862,中航高科,13.42,13.56,13.15,13.34,13.3,0.12,0.9023,1.13,7208460,96266385.0,18694719015.9,8561000308.96,None
2016-08-03,'600862,中航高科,13.3,13.43,13.21,13.3,13.35,-0.05,-0.3745,0.763,4867369,64831003.0,18527553123.1,8484448890.4,None
2016-08-02,'600862,中航高科,13.35,13.36,13.16,13.28,13.25,0.1,0.7547,0.7751,4944312,65552940.0,18597205578.5,8516345314.8,None
2016-08-01,'600862,中航高科,13.25,13.52,12.92,13.3,13.6,-0.35,-2.5735,1.6188,10327100,135917989.0,18457900667.8,8452552466.0,None
2016-07-29,'600862,中航高科,13.6,14.27,13.51,14.23,14.14,-0.54,-3.819,1.8749,11960323,165110108.0,18945467855.2,8675827436.8,None
2016-07-28,'600862,中航高科,14.14,14.45,13.9,14.2,14.25,-0.11,-0.7719,1.4142,9021348,127901033.0,19697714373.0,9020308820.32,None
2016-07-27,'600862,中航高科,14.25,15.38,13.99,15.27,15.26,-1.01,-6.6186,2.8596,18242336,265875262.0,19850949774.8,9090480954.0,None
2016-07-26,'600862,中航高科,15.26,15.3,15.08,15.3,15.18,0.08,0.527,1.2499,7973515,120965961.0,21257929372.8,9734788726.88,None
2016-07-25,'600862,中航高科,15.18,15.35,15.03,15.14,15.05,0.13,0.8638,1.582,10092347,153475691.0,21146485444.3,9683754447.84,None
2016-07-22,'600862,中航高科,15.05,15.15,14.81,14.85,14.71,0.34,2.3114,2.2277,14211024,213539673.0,20965389060.3,9600823744.4,None
2016-07-21,'600862,中航高科,14.71,14.89,14.68,14.8,14.8,-0.09,-0.6081,1.0496,6695413,98942297.0,20491752364.0,9383928058.48,None
2016-07-20,'600862,中航高科,14.8,14.99,14.79,14.87,14.9,-0.1,-0.6711,0.8838,5637969,83928720.0,20617126783.6,9441341622.4,None
2016-07-19,'600862,中航高科,14.9,14.94,14.68,14.73,14.73,0.17,1.1541,1.2219,7794690,115491165.0,20756431694.3,9505134471.2,None
2016-07-18,'600862,中航高科,14.73,15.03,14.68,14.92,15.07,-0.34,-2.2561,1.9301,12312970,182214394.0,20519613346.1,9396686628.24,None
2016-07-15,'600862,中航高科,15.07,15.49,14.98,15.32,15.37,-0.3,-1.9519,1.8048,11513505,174220772.0,20993250042.5,9613582314.16,None
2016-07-14,'600862,中航高科,15.37,15.56,15.01,15.25,15.21,0.16,1.0519,2.3393,14922978,228889563.0,21411164774.6,9804960860.56,None
2016-07-13,'600862,中航高科,15.21,15.65,15.0,15.34,15.21,0.0,0.0,2.0808,13273765,202282759.0,21188276917.5,9702892302.48,None
2016-07-12,'600862,中航高科,15.21,15.26,14.85,15.15,15.28,-0.07,-0.4581,2.6923,17174792,258151123.0,21188276917.5,9702892302.48,None
2016-07-11,'600862,中航高科,15.28,15.88,15.21,15.35,15.12,0.16,1.0582,3.9089,24936140,386151974.0,21285790355.0,9747547296.64,None
2016-07-08,'600862,中航高科,15.12,15.36,14.83,14.96,14.95,0.17,1.1371,3.0053,19171819,290761946.0,21062902497.8,9645478738.56,None
2016-07-07,'600862,中航高科,14.95,15.24,14.73,15.2,15.2,-0.25,-1.6447,3.0373,19375510,290003659.0,20826084149.7,9537030895.6,None
2016-07-06,'600862,中航高科,15.2,15.36,15.03,15.03,15.09,0.11,0.729,2.9341,18717352,284144113.0,21174346426.4,9696513017.6,None
2016-07-05,'600862,中航高科,15.09,15.95,15.05,15.25,15.16,-0.07,-0.4617,6.6839,42638296,659891864.0,21021111024.6,9626340883.92,None
2016-07-04,'600862,中航高科,15.16,15.36,14.12,14.24,14.38,0.78,5.4242,5.2741,33644758,501013114.0,21118624462.1,9670995878.08,None
2016-07-01,'600862,中航高科,14.38,14.88,14.13,14.2,14.18,0.2,1.4104,3.4488,22000736,319391210.0,20032046158.7,9173411657.44,None
2016-06-30,'600862,中航高科,14.18,14.2,13.94,14.1,14.1,0.08,0.5674,1.4508,9255264,130414544.0,19753436337.3,9045825959.84,None
2016-06-29,'600862,中航高科,14.1,14.4,14.07,14.36,14.34,-0.24,-1.6736,1.9496,12436884,176663242.0,19641992408.7,8994791680.8,None
2016-06-28,'600862,中航高科,14.34,14.56,14.01,14.1,14.15,0.19,1.3428,2.9696,18944147,271882047.0,19976324194.4,9147894517.92,None
2016-06-27,'600862,中航高科,14.15,14.16,13.6,13.62,13.67,0.48,3.5113,2.1613,13787555,192980094.0,19711644864.0,9026688105.2,None
2016-06-24,'600862,中航高科,13.67,14.3,13.35,14.11,14.22,-0.55,-3.8678,2.7315,17425251,241031954.0,19042981292.7,8720482430.96,None
2016-06-23,'600862,中航高科,14.22,14.42,13.93,14.24,14.22,0.0,0.0,2.6371,16822847,238799317.0,19809158301.5,9071343099.36,None
2016-06-22,'600862,中航高科,14.22,14.25,13.76,13.87,13.86,0.36,2.5974,2.0683,13194001,185306557.0,19809158301.5,9071343099.36,None
2016-06-21,'600862,中航高科,13.86,14.42,13.75,14.22,14.08,-0.22,-1.5625,2.6419,16853686,237327413.0,19307660623.0,8841688843.68,None
2016-06-20,'600862,中航高科,14.08,14.18,13.81,14.08,14.17,-0.09,-0.6351,1.9323,12326926,172872823.0,19614131426.6,8982033111.04,None
2016-06-17,'600862,中航高科,14.17,14.55,14.03,14.5,14.42,-0.25,-1.7337,3.0261,19304230,274910868.0,19739505846.2,9039446674.96,None
2016-06-16,'600862,中航高科,14.42,14.6,14.17,14.25,14.37,0.05,0.3479,3.9059,24916601,357391618.0,20087768122.9,9198928796.96,None
2016-06-15,'600862,中航高科,14.37,14.75,13.8,13.9,14.2,0.17,1.1972,6.4575,41193961,590409717.0,20018115667.6,9167032372.56,None
2016-06-14,'600862,中航高科,14.2,14.35,13.05,13.2,13.21,0.99,7.4943,6.394,40788980,565793587.0,19781297319.4,9058584529.6,None
2016-06-13,'600862,中航高科,13.21,13.86,12.9,12.91,13.14,0.07,0.5327,4.9661,31679902,425764266.0,18402178703.5,8427035326.48,None
2016-06-08,'600862,中航高科,13.14,13.44,12.37,12.55,12.55,0.59,4.7012,3.8206,24372483,317597633.0,18304665266.0,8382380332.32,None
2016-06-07,'600862,中航高科,12.55,12.7,12.49,12.66,12.67,-0.12,-0.9471,1.0139,6468230,81230409.0,17482766292.8,8006002524.4,None
2016-06-06,'600862,中航高科,12.67,12.79,12.6,12.78,12.72,-0.05,-0.3931,1.2021,7668223,97280734.0,17649932185.7,8082553942.96,None
2016-06-03,'600862,中航高科,12.72,12.79,12.55,12.7,12.68,0.04,0.3155,1.5685,10005917,126656734.0,17719584641.0,8114450367.36,None
2016-06-02,'600862,中航高科,12.68,12.8,12.51,12.57,12.61,0.07,0.5551,1.9501,12440520,157011142.0,17663862676.8,8088933227.84,None
2016-06-01,'600862,中航高科,12.61,12.88,12.59,12.71,12.72,-0.11,-0.8648,2.2711,14487900,183957315.0,17566349239.3,8044278233.68,None
2016-05-31,'600862,中航高科,12.72,12.75,12.22,12.23,12.21,0.51,4.1769,2.0299,12949628,162449918.0,17719584641.0,8114450367.36,None
2016-05-30,'600862,中航高科,12.21,12.36,12.16,12.3,12.36,-0.15,-1.2136,1.2921,8242803,100865153.0,17009129596.5,7789106838.48,None
2016-05-27,'600862,中航高科,12.36,12.58,12.28,12.38,12.46,-0.1,-0.8026,1.2456,7946088,98598694.0,17218086962.5,7884796111.68,None
2016-05-26,'600862,中航高科,12.46,12.67,12.12,12.53,12.5,-0.04,-0.32,1.3437,8571671,106026487.0,17357391873.2,7948588960.48,None
2016-05-25,'600862,中航高科,12.5,13.19,12.48,13.16,13.03,-0.53,-4.0675,2.0832,13289092,169795671.0,17413113837.5,7974106100.0,None
2016-05-24,'600862,中航高科,13.03,13.55,12.98,13.55,13.63,-0.6,-4.4021,1.5146,9661964,127383908.0,18151429864.2,8312208198.64,None
2016-05-23,'600862,中航高科,13.63,13.7,13.38,13.57,13.78,-0.15,-1.0885,1.5982,10195155,138291809.0,18987259328.4,8694965291.44,None
2016-05-20,'600862,中航高科,13.78,13.98,13.24,13.85,14.01,-0.23,-1.6417,2.8431,18136961,245827423.0,19196216694.5,8790654564.64,None
2016-05-19,'600862,南通科技,14.01,14.14,13.25,13.36,13.46,0.55,4.0862,2.3885,15236661,210643564.0,19516617989.1,8937378116.88,None
2016-05-18,'600862,南通科技,13.46,13.62,13.09,13.19,13.23,0.23,1.7385,1.9358,12349179,164938009.0,18750440980.2,8586517448.48,None
2016-05-17,'600862,南通科技,13.23,13.6,13.14,13.41,13.03,0.2,1.5349,1.5596,9949360,132611199.0,18430039685.6,8439793896.24,None
2016-05-16,'600862,南通科技,13.03,13.05,12.6,12.92,12.95,0.08,0.6178,0.6944,4429554,57142644.0,18151429864.2,8312208198.64,None
2016-05-13,'600862,南通科技,12.95,13.09,12.74,12.83,12.81,0.14,1.0929,0.7708,4917168,63774591.0,18039985935.7,8261173919.6,None
2016-05-12,'600862,南通科技,12.81,12.84,12.16,12.69,12.84,-0.03,-0.2336,0.8142,5193957,65474250.0,17844959060.7,8171863931.28,None
2016-05-11,'600862,南通科技,12.84,13.05,12.61,12.95,12.85,-0.01,-0.0778,0.8547,5452307,69787418.0,17886750533.9,8191001785.92,None
2016-05-10,'600862,南通科技,12.85,12.87,12.68,12.75,12.71,0.14,1.1015,0.5842,3726967,47611703.0,17900681025.0,8197381070.8,None
2016-05-09,'600862,南通科技,12.71,13.4,12.63,13.21,13.38,-0.67,-5.0075,1.3474,8595292,111511582.0,17705654150.0,8108071082.48,None
2016-05-06,'600862,南通科技,13.38,14.1,13.32,14.1,14.14,-0.76,-5.3748,1.7631,11247142,153618794.0,18638997051.7,8535483169.44,None
2016-05-05,'600862,南通科技,14.14,14.35,13.8,13.84,13.67,0.47,3.4382,2.1829,13925140,196777064.0,19697714373.0,9020308820.32,None
2016-05-04,'600862,南通科技,13.67,13.77,13.53,13.6,13.7,-0.03,-0.219,0.8212,5238952,71579696.0,19042981292.7,8720482430.96,None
2016-05-03,'600862,南通科技,13.7,13.77,13.19,13.29,13.28,0.42,3.1627,1.026,6544968,88907446.0,19084772765.9,8739620285.6,None
2016-04-29,'600862,南通科技,13.28,13.44,13.2,13.2,13.36,-0.08,-0.5988,0.6889,4394979,58556807.0,18499692141.0,8471690320.64,None
2016-04-28,'600862,南通科技,13.36,13.54,13.12,13.54,13.49,-0.13,-0.9637,0.8787,5605212,74644612.0,18611136069.5,8522724599.68,None
2016-04-27,'600862,南通科技,13.49,13.65,13.42,13.58,13.58,-0.09,-0.6627,0.9106,5809180,78552247.0,18792232453.4,8605655303.12,None
2016-04-26,'600862,南通科技,13.58,13.6,13.37,13.53,13.51,0.07,0.5181,0.9457,6033163,81349800.0,18917606873.1,8663068867.04,None
2016-04-25,'600862,南通科技,13.51,13.63,13.42,13.42,13.63,-0.12,-0.8804,1.0893,6948874,93871579.0,18820093435.6,8618413872.88,None
2016-04-22,'600862,南通科技,13.63,13.66,13.11,13.36,13.4,0.23,1.7164,1.1294,7204669,96397535.0,18987259328.4,8694965291.44,None
2016-04-21,'600862,南通科技,13.4,13.83,13.36,13.6,13.71,-0.31,-2.2611,1.4033,8951992,121854316.0,18666858033.8,8548241739.2,None
2016-04-20,'600862,南通科技,13.71,14.8,13.43,14.66,14.57,-0.86,-5.9025,2.4803,15822379,222791033.0,19098703257.0,8745999570.48,None
2016-04-19,'600862,南通科技,14.57,14.77,14.43,14.63,14.61,-0.04,-0.2738,1.2926,8246008,120011221.0,20296725489.0,9294618070.16,None
2016-04-18,'600862,南通科技,14.61,14.87,14.4,14.85,14.99,-0.38,-2.535,1.8486,11792466,172611699.0,20352447453.3,9320135209.68,None
2016-04-15,'600862,南通科技,14.99,15.07,14.73,14.76,14.79,0.2,1.3523,1.9773,12613715,187908907.0,20881806113.9,9562548035.12,None
2016-04-14,'600862,南通科技,14.79,14.95,14.46,14.74,14.88,-0.09,-0.6048,2.9152,18597002,272381894.0,20603196292.5,9434962337.52,None
2016-04-13,'600862,南通科技,14.88,15.57,14.6,14.6,14.15,0.73,5.159,5.2244,33328066,509716511.0,20728570712.2,9492375901.44,None
2016-04-12,'600862,南通科技,14.15,14.3,13.98,14.11,14.11,0.04,0.2835,1.4066,8973027,126585149.0,19711644864.0,9026688105.2,None
2016-04-11,'600862,南通科技,14.11,14.3,14.01,14.01,13.87,0.24,1.7304,1.4492,9244695,130848313.0,19655922899.8,9001170965.68,None
2016-04-08,'600862,南通科技,13.87,14.02,13.6,13.92,14.09,-0.22,-1.5614,1.6239,10359408,143414515.0,19321591114.1,8848068128.56,None
2016-04-07,'600862,南通科技,14.09,14.55,14.05,14.3,14.29,-0.2,-1.3996,2.1614,13788282,197780366.0,19628061917.6,8988412395.92,None
2016-04-06,'600862,南通科技,14.29,14.4,13.91,14.02,14.08,0.21,1.4915,2.0316,12960182,183815431.0,19906671739.0,9115998093.52,None
2016-04-05,'600862,南通科技,14.08,14.25,13.61,13.68,13.65,0.43,3.1502,1.8929,12075373,169200378.0,19614131426.6,8982033111.04,None
2016-04-01,'600862,南通科技,13.65,13.78,13.3,13.7,13.8,-0.15,-1.087,1.8314,11683280,157875653.0,19015120310.5,8707723861.2,None
2016-03-31,'600862,南通科技,13.8,14.19,13.66,13.85,13.77,0.03,0.2179,2.0517,13088556,181851820.0,19224077676.6,8803413134.4,None
2016-03-30,'600862,南通科技,13.77,13.82,13.42,13.5,13.31,0.46,3.456,1.1637,7423452,101023127.0,19182286203.4,8784275279.76,None
2016-03-29,'600862,南通科技,13.31,13.85,13.1,13.82,13.87,-0.56,-4.0375,1.7216,10982766,147807172.0,18541483614.2,8490828175.28,None
2016-03-28,'600862,南通科技,13.87,14.38,13.78,14.36,14.08,-0.21,-1.4915,1.8994,12116915,170748485.0,19321591114.1,8848068128.56,None
2016-03-25,'600862,南通科技,14.08,14.3,13.71,13.78,13.78,0.3,2.1771,2.0444,13042104,182939349.0,19614131426.6,8982033111.04,None
2016-03-24,'600862,南通科技,13.78,14.07,13.62,13.8,13.95,-0.17,-1.2186,1.8178,11596064,161035919.0,19196216694.5,8790654564.64,None
2016-03-23,'600862,南通科技,13.95,14.1,13.7,13.8,14.05,-0.1,-0.7117,1.6751,10686210,148421210.0,19433035042.7,8899102407.6,None
2016-03-22,'600862,南通科技,14.05,14.47,13.44,13.65,13.71,0.34,2.4799,2.4992,15943300,225584864.0,19572339953.3,8962895256.4,None
2016-03-21,'600862,南通科技,13.71,14.18,13.5,13.97,13.26,0.45,3.3937,2.5427,16220820,223342981.0,19098703257.0,8745999570.48,None
2016-03-18,'600862,南通科技,13.26,13.34,12.75,12.75,12.71,0.55,4.3273,2.3486,14982122,196792599.0,18471831158.8,8458931750.88,None
2016-03-17,'600862,南通科技,12.71,12.88,12.33,12.33,12.23,0.48,3.9248,1.4789,9434568,119153033.0,17705654150.0,8108071082.48,None
2016-03-16,'600862,南通科技,12.23,12.85,12.18,12.72,12.55,-0.32,-2.5498,1.1355,7243622,89919317.0,17036990578.6,7801865408.24,None
2016-03-15,'600862,南通科技,12.55,12.8,12.49,12.74,12.71,-0.16,-1.2589,0.8378,5344539,67684028.0,17482766292.8,8006002524.4,None
2016-03-14,'600862,南通科技,12.71,12.93,12.4,12.52,12.29,0.42,3.4174,1.335,8516104,108275161.0,17705654150.0,8108071082.48,None
2016-03-11,'600862,南通科技,12.29,12.38,12.08,12.18,12.25,0.04,0.3265,0.55,3508338,42961235.0,17120573525.0,7840141117.52,None
2016-03-10,'600862,南通科技,12.25,12.64,12.18,12.5,12.49,-0.24,-1.9215,0.9083,5794350,71828670.0,17064851560.8,7814623978.0,None
2016-03-09,'600862,南通科技,12.49,13.02,12.3,12.6,12.9,-0.41,-3.1783,1.1728,7481862,94706872.0,17399183346.4,7967726815.12,None
2016-03-08,'600862,南通科技,12.9,13.0,12.08,12.91,12.92,-0.02,-0.1548,1.0785,6879748,86352478.0,17970333480.3,8229277495.2,None
2016-03-07,'600862,南通科技,12.92,13.09,12.7,12.7,12.67,0.25,1.9732,0.8677,5535434,71584800.0,17998194462.4,8242036064.96,None
2016-03-04,'600862,南通科技,12.67,13.45,12.45,13.18,13.11,-0.44,-3.3562,1.5939,10168059,131846618.0,17649932185.7,8082553942.96,None
2016-03-03,'600862,南通科技,13.11,13.45,12.91,13.28,13.13,-0.02,-0.1523,1.4784,9431348,124879715.0,18262873792.8,8363242477.68,None
2016-03-02,'600862,南通科技,13.13,13.26,12.36,12.43,12.4,0.73,5.8871,1.5821,10092410,128991807.0,18290734774.9,8376001047.44,None
2016-03-01,'600862,南通科技,12.4,12.46,11.93,12.16,12.06,0.34,2.8192,1.2874,8212524,100785395.0,17273808926.8,7910313251.2,None
2016-02-29,'600862,南通科技,12.06,13.3,12.04,13.2,13.38,-1.32,-9.8655,2.0017,12769201,156708131.0,16800172230.4,7693417565.28,None
2016-02-26,'600862,南通科技,13.38,14.03,12.95,13.88,13.77,-0.39,-2.8322,1.718,10959709,148673646.0,18638997051.7,8535483169.44,None
2016-02-25,'600862,南通科技,13.77,15.14,13.77,15.1,15.3,-1.53,-10.0,2.3424,14942965,215953945.0,19182286203.4,8784275279.76,None
2016-02-24,'600862,南通科技,15.3,15.32,14.03,14.11,14.23,1.07,7.5193,3.4136,21776557,319479024.0,21313651337.1,9760305866.4,None
2016-02-23,'600862,南通科技,14.23,14.54,13.9,14.48,14.47,-0.24,-1.6586,1.6638,10613963,150411399.0,19823088792.6,9077722384.24,None
2016-02-22,'600862,南通科技,14.47,14.6,14.3,14.57,14.36,0.11,0.766,1.8497,11799817,170517852.0,20157420578.3,9230825221.36,None
2016-02-19,'600862,南通科技,14.36,14.4,13.95,14.2,14.28,0.08,0.5602,1.3471,8593458,121812291.0,20004185176.5,9160653087.68,None
2016-02-18,'600862,南通科技,14.28,14.75,14.24,14.66,14.54,-0.26,-1.7882,1.2824,8181009,118007228.0,19892741248.0,9109618808.64,None
2016-02-17,'600862,南通科技,14.54,14.95,14.33,14.47,14.37,0.17,1.183,1.4773,9424334,137605700.0,20254934015.8,9275480215.52,None
2016-02-16,'600862,南通科技,14.37,14.5,14.0,14.0,13.91,0.46,3.307,1.1685,7454365,106709465.0,20018115667.6,9167032372.56,None
2016-02-15,'600862,南通科技,13.91,14.04,13.33,13.45,13.96,-0.05,-0.3582,0.7629,4866775,66837543.0,19377313078.4,8873585268.08,None
2016-02-05,'600862,南通科技,13.96,14.4,13.8,14.04,13.82,0.14,1.013,1.1313,7217037,101453714.0,19446965533.7,8905481692.48,None
2016-02-04,'600862,南通科技,13.82,14.3,13.5,13.66,13.45,0.37,2.7509,1.2481,7961774,110876528.0,19251938658.7,8816171704.16,None
2016-02-03,'600862,南通科技,13.45,13.59,12.93,13.0,13.33,0.12,0.9002,1.0594,6758285,89229144.0,18736510489.2,8580138163.6,None
2016-02-02,'600862,南通科技,13.33,13.46,12.81,12.81,12.83,0.5,3.8971,1.1641,7426035,98595116.0,18569344596.3,8503586745.04,None
2016-02-01,'600862,南通科技,12.83,13.41,12.51,13.15,12.94,-0.11,-0.8501,1.0722,6839580,87909941.0,17872820042.8,8184622501.04,None
2016-01-29,'600862,南通科技,12.94,13.18,12.15,12.5,12.52,0.42,3.3546,1.6665,10630890,135874082.0,18026055444.6,8254794634.72,None
2016-01-28,'600862,南通科技,12.52,13.18,12.2,12.9,13.31,-0.79,-5.9354,1.5539,9912651,125900194.0,17440974819.6,7986864669.76,None
2016-01-27,'600862,南通科技,13.31,13.58,12.31,13.57,13.41,-0.1,-0.7457,1.9989,12751666,164415438.0,18541483614.2,8490828175.28,None
2016-01-26,'600862,南通科技,13.41,14.57,13.18,14.37,14.64,-1.23,-8.4016,1.4869,9485215,131550520.0,18680788524.9,8554621024.08,None
2016-01-25,'600862,南通科技,14.64,14.82,14.35,14.59,14.35,0.29,2.0209,1.0367,6613532,96440398.0,20394238926.5,9339273064.32,None
2016-01-22,'600862,南通科技,14.35,14.55,13.72,14.37,14.05,0.3,2.1352,1.4396,9183467,130849883.0,19990254685.5,9154273802.8,None
2016-01-21,'600862,南通科技,14.05,15.11,13.8,14.6,14.92,-0.87,-5.8311,1.6633,10610861,155290968.0,19572339953.3,8962895256.4,None
2016-01-20,'600862,南通科技,14.92,15.6,14.78,14.86,15.09,-0.17,-1.1266,2.0256,12921857,195449037.0,20784292676.4,9517893040.96,None
2016-01-19,'600862,南通科技,15.09,15.5,14.3,14.69,14.85,0.24,1.6162,2.5093,16007308,239253358.0,21021111024.6,9626340883.92,None
2016-01-18,'600862,南通科技,14.85,15.2,14.15,14.2,14.75,0.1,0.678,2.1059,13433878,198016813.0,20686779239.0,9473238046.8,None
2016-01-15,'600862,南通科技,14.75,15.55,14.48,14.81,14.56,0.19,1.3049,3.3714,21507375,322947931.0,20547474328.2,9409445198.0,None
2016-01-14,'600862,南通科技,14.56,14.56,12.59,12.6,13.24,1.32,9.9698,2.1217,13534619,182874461.0,20282794997.9,9288238785.28,None
2016-01-13,'600862,南通科技,13.24,14.62,13.12,14.29,14.14,-0.9,-6.3649,1.5319,9772131,138347325.0,18443970176.7,8446173181.12,None
2016-01-12,'600862,南通科技,14.14,15.25,13.76,14.98,15.01,-0.87,-5.7961,2.0323,12964489,184431800.0,19697714373.0,9020308820.32,None
2016-01-11,'600862,南通科技,15.01,16.56,15.01,16.01,16.68,-1.67,-10.012,1.7302,11037508,171693426.0,20909667096.1,9575306604.88,None
2016-01-08,'600862,南通科技,16.68,17.38,15.61,16.95,16.71,-0.03,-0.1795,2.1789,13899936,233463072.0,23236059104.8,10640647179.8,None
2016-01-07,'600862,南通科技,16.71,18.18,16.65,18.18,18.5,-1.79,-9.6757,0.3875,2472156,43023111.0,23277850578.0,10659785034.5,None
2016-01-06,'600862,南通科技,18.5,18.71,17.7,17.95,17.79,0.71,3.991,2.1666,13821576,253203426.0,25771408479.5,11801677028.0,None
2016-01-05,'600862,南通科技,17.79,18.6,16.27,16.94,17.92,-0.13,-0.7254,2.222,14174598,249399048.0,24782343613.5,11348747801.5,None
2016-01-04,'600862,南通科技,17.92,20.39,17.9,20.25,19.89,-1.97,-9.9045,1.3317,8495393,165197333.0,24963439997.4,11431678505.0,None
