日期,股票代码,名称,收盘价,最高价,最低价,开盘价,前收盘,涨跌额,涨跌幅,换手率,成交量,成交金额,总市值,流通市值,成交笔数
2016-10-12,'600787,中储股份,8.04,8.09,8.0,8.07,8.14,-0.1,-1.2285,0.5149,9576711,77002250.0,17686400305.3,14953020207.4,None
2016-10-11,'600787,中储股份,8.14,8.15,7.9,7.91,7.93,0.21,2.6482,1.0622,19755051,158902292.0,17906380408.6,15139003045.8,None
2016-10-10,'600787,中储股份,7.93,7.96,7.8,7.82,7.77,0.16,2.0592,0.5253,9769534,77108381.0,17444422191.7,14748439085.1,None
2016-09-30,'600787,中储股份,7.77,7.78,7.73,7.76,7.74,0.03,0.3876,0.3187,5926686,45977141.0,17092454026.4,14450866543.7,None
2016-09-29,'600787,中储股份,7.74,7.84,7.73,7.81,7.81,-0.07,-0.8963,0.36,6695600,52187109.0,17026459995.4,14395071692.2,None
2016-09-28,'600787,中储股份,7.81,7.83,7.73,7.83,7.77,0.04,0.5148,0.3157,5871620,45774020.0,17180446067.7,14525259679.0,None
2016-09-27,'600787,中储股份,7.77,7.8,7.65,7.74,7.74,0.03,0.3876,0.4608,8570443,66220806.0,17092454026.4,14450866543.7,None
2016-09-26,'600787,中储股份,7.74,7.97,7.72,7.97,7.93,-0.19,-2.396,0.4214,7836391,61308752.0,17026459995.4,14395071692.2,None
2016-09-23,'600787,中储股份,7.93,8.06,7.92,7.99,7.98,-0.05,-0.6266,0.3007,5592993,44708175.0,17444422191.7,14748439085.1,None
2016-09-22,'600787,中储股份,7.98,8.07,7.97,8.05,8.0,-0.02,-0.25,0.2726,5070482,40615522.0,17554412243.3,14841430504.3,None
2016-09-21,'600787,中储股份,8.0,8.05,7.93,7.95,7.95,0.05,0.6289,0.3401,6325342,50615111.0,17598408264.0,14878627072.0,None
2016-09-20,'600787,中储股份,7.95,8.05,7.91,7.91,7.91,0.04,0.5057,0.4084,7596274,60636785.0,17488418212.3,14785635652.8,None
2016-09-19,'600787,中储股份,7.91,7.93,7.8,7.8,7.78,0.13,1.671,0.363,6751518,53173903.0,17400426171.0,14711242517.4,None
2016-09-14,'600787,中储股份,7.78,7.87,7.76,7.84,7.85,-0.07,-0.8917,0.3407,6335622,49419365.0,17114452036.7,14469464827.5,None
2016-09-13,'600787,中储股份,7.85,7.94,7.8,7.87,7.83,0.02,0.2554,0.4111,7645549,60184615.0,17268438109.0,14599652814.4,None
2016-09-12,'600787,中储股份,7.83,8.04,7.75,8.04,8.13,-0.3,-3.69,1.0197,18963946,150209413.0,17224442088.4,14562456246.7,None
2016-09-09,'600787,中储股份,8.13,8.32,8.12,8.29,8.3,-0.17,-2.0482,0.7929,14746400,121209330.0,17884382398.3,15120404761.9,None
2016-09-08,'600787,中储股份,8.3,8.31,8.2,8.25,8.26,0.04,0.4843,0.718,13353303,110297069.0,18258348573.9,15436575587.2,None
2016-09-07,'600787,中储股份,8.26,8.37,8.23,8.3,8.3,-0.04,-0.4819,1.1541,21464107,177997727.0,18170356532.6,15362182451.8,None
2016-09-06,'600787,中储股份,8.3,8.34,8.05,8.13,8.14,0.16,1.9656,1.3057,24284319,199838619.0,18258348573.9,15436575587.2,None
2016-09-05,'600787,中储股份,8.14,8.23,8.04,8.13,8.08,0.06,0.7426,0.6212,11552700,94120146.0,17906380408.6,15139003045.8,None
2016-09-02,'600787,中储股份,8.08,8.19,7.99,8.14,8.16,-0.08,-0.9804,0.8536,15875974,128398919.0,17774392346.6,15027413342.7,None
2016-09-01,'600787,中储股份,8.16,8.37,8.07,8.07,8.01,0.15,1.8727,1.6985,31588400,260767860.0,17950376429.3,15176199613.4,None
2016-08-31,'600787,中储股份,8.01,8.08,7.98,8.04,8.07,-0.06,-0.7435,0.5773,10736706,86083125.0,17620406274.3,14897225355.8,None
2016-08-30,'600787,中储股份,8.07,8.17,8.05,8.14,8.13,-0.06,-0.738,0.391,7272345,59037027.0,17752394336.3,15008815058.9,None
2016-08-29,'600787,中储股份,8.13,8.16,8.04,8.08,8.04,0.09,1.1194,0.382,7104573,57625388.0,17884382398.3,15120404761.9,None
2016-08-26,'600787,中储股份,8.04,8.13,8.04,8.07,8.06,-0.02,-0.2481,0.3318,6171651,49834803.0,17686400305.3,14953020207.4,None
2016-08-25,'600787,中储股份,8.06,8.13,7.95,8.13,8.18,-0.12,-1.467,0.5686,10574877,84920004.0,17730396326.0,14990216775.0,None
2016-08-24,'600787,中储股份,8.18,8.23,8.16,8.21,8.2,-0.02,-0.2439,0.3606,6706660,54925995.0,17994372449.9,15213396181.1,None
2016-08-23,'600787,中储股份,8.2,8.28,8.17,8.23,8.2,0.0,0.0,0.4246,7895992,64870907.0,18038368470.6,15250592748.8,None
2016-08-22,'600787,中储股份,8.2,8.3,8.19,8.25,8.28,-0.08,-0.9662,0.4972,9246814,76111395.0,18038368470.6,15250592748.8,None
2016-08-19,'600787,中储股份,8.28,8.37,8.22,8.37,8.37,-0.09,-1.0753,0.5985,11130409,92258717.0,18214352553.2,15399379019.5,None
2016-08-18,'600787,中储股份,8.37,8.43,8.3,8.4,8.39,-0.02,-0.2384,0.77,14320209,119705783.0,18412334646.2,15566763574.1,None
2016-08-17,'600787,中储股份,8.39,8.4,8.21,8.29,8.3,0.09,1.0843,1.0424,19387086,161464124.0,18456330666.9,15603960141.8,None
2016-08-16,'600787,中储股份,8.3,8.45,8.28,8.28,8.29,0.01,0.1206,0.9421,17520632,146269884.0,18258348573.9,15436575587.2,None
2016-08-15,'600787,中储股份,8.29,8.38,8.11,8.13,8.13,0.16,1.968,1.1876,22086928,182460868.0,18236350563.6,15417977303.4,None
2016-08-12,'600787,中储股份,8.13,8.14,7.97,8.03,8.03,0.1,1.2453,0.4865,9047414,73007710.0,17884382398.3,15120404761.9,None
2016-08-11,'600787,中储股份,8.03,8.13,8.01,8.07,8.09,-0.06,-0.7417,0.55,10229693,82515146.0,17664402295.0,14934421923.5,None
2016-08-10,'600787,中储股份,8.09,8.3,8.07,8.29,8.29,-0.2,-2.4125,0.9987,18574201,151528851.0,17796390357.0,15046011626.6,None
2016-08-09,'600787,中储股份,8.29,8.32,8.21,8.29,8.29,0.0,0.0,0.5493,10215221,84363766.0,18236350563.6,15417977303.4,None
2016-08-08,'600787,中储股份,8.29,8.3,8.12,8.26,8.27,0.02,0.2418,0.7176,13345993,109834798.0,18236350563.6,15417977303.4,None
2016-08-05,'600787,中储股份,8.27,8.3,8.17,8.23,8.22,0.05,0.6083,0.636,11828499,97463836.0,18192354542.9,15380780735.7,None
2016-08-04,'600787,中储股份,8.22,8.31,8.16,8.22,8.32,-0.1,-1.2019,0.6593,12261309,100801960.0,18082364491.3,15287789316.5,None
2016-08-03,'600787,中储股份,8.32,8.37,8.14,8.18,8.17,0.15,1.836,1.6496,30679957,254365257.0,18302344594.6,15473772154.9,None
2016-08-02,'600787,中储股份,8.17,8.18,7.83,7.84,7.88,0.29,3.6802,1.0095,18775803,150819864.0,17972374439.6,15194797897.3,None
2016-08-01,'600787,中储股份,7.88,7.93,7.67,7.81,7.87,0.01,0.1271,0.6228,11582570,90386048.0,17334432140.0,14655447665.9,None
2016-07-29,'600787,中储股份,7.87,7.97,7.84,7.97,7.95,-0.08,-1.0063,0.4888,9090760,71933803.0,17312434129.7,14636849382.1,None
2016-07-28,'600787,中储股份,7.95,7.98,7.79,7.86,7.92,0.03,0.3788,0.8484,15778509,124577913.0,17488418212.3,14785635652.8,None
2016-07-27,'600787,中储股份,7.92,8.33,7.8,8.25,8.23,-0.31,-3.7667,1.4401,26783135,216881916.0,17422424181.4,14729840801.3,None
2016-07-26,'600787,中储股份,8.23,8.24,8.1,8.11,8.12,0.11,1.3547,0.584,10861060,89018293.0,18104362501.6,15306387600.3,None
2016-07-25,'600787,中储股份,8.12,8.18,8.06,8.13,8.08,0.04,0.495,0.5493,10216850,82871626.0,17862384388.0,15101806478.1,None
2016-07-22,'600787,中储股份,8.08,8.34,8.07,8.31,8.34,-0.26,-3.1175,1.1252,20926969,171166260.0,17774392346.6,15027413342.7,None
2016-07-21,'600787,中储股份,8.34,8.51,8.29,8.46,8.37,-0.03,-0.3584,1.1797,21940663,183862880.0,18346340615.2,15510968722.6,None
2016-07-20,'600787,中储股份,8.37,8.44,8.3,8.36,8.41,-0.04,-0.4756,0.8628,16046727,134142193.0,18412334646.2,15566763574.1,None
2016-07-19,'600787,中储股份,8.41,8.48,8.26,8.37,8.39,0.02,0.2384,1.5004,27905619,233764408.0,18500326687.5,15641156709.4,None
2016-07-18,'600787,中储股份,8.39,8.47,8.04,8.14,8.11,0.28,3.4525,1.8826,35013760,290642922.0,18456330666.9,15603960141.8,None
2016-07-15,'600787,中储股份,8.11,8.42,8.1,8.3,8.11,0.0,0.0,1.5227,28320183,232879041.0,17840386377.6,15083208194.2,None
2016-07-14,'600787,中储股份,8.11,8.12,7.96,8.02,8.03,0.08,0.9963,1.0368,19283133,155017476.0,17840386377.6,15083208194.2,None
2016-07-13,'600787,中储股份,8.03,8.19,7.96,8.19,8.08,-0.05,-0.6188,1.4378,26740670,215276200.0,17664402295.0,14934421923.5,None
2016-07-12,'600787,中储股份,8.08,8.1,7.73,7.79,7.79,0.29,3.7227,1.6244,30210135,239657792.0,17774392346.6,15027413342.7,None
2016-07-11,'600787,中储股份,7.79,7.91,7.76,7.82,7.87,-0.08,-1.0165,0.978,18188347,142370407.0,17136450047.1,14488063111.4,None
2016-07-08,'600787,中储股份,7.87,8.03,7.8,7.87,7.87,0.0,0.0,0.9356,17401061,137530305.0,17312434129.7,14636849382.1,None
2016-07-07,'600787,中储股份,7.87,7.96,7.74,7.85,7.92,-0.05,-0.6313,1.1905,22141901,173416291.0,17312434129.7,14636849382.1,None
2016-07-06,'600787,中储股份,7.92,8.08,7.62,7.68,7.73,0.19,2.458,1.8778,34923904,276118255.0,17422424181.4,14729840801.3,None
2016-07-05,'600787,中储股份,7.73,8.1,7.71,7.77,7.64,0.09,1.178,1.9707,36652494,288262613.0,17004461985.1,14376473408.3,None
2016-07-04,'600787,中储股份,7.64,7.66,7.32,7.32,7.39,0.25,3.3829,1.5892,29555593,222723401.0,16806479892.1,14209088853.8,None
2016-07-01,'600787,中储股份,7.39,7.48,7.35,7.47,7.43,-0.04,-0.5384,0.6459,12013101,89098624.0,16256529633.9,13744131757.8,None
2016-06-30,'600787,中储股份,7.43,7.48,7.37,7.48,7.48,-0.05,-0.6684,0.5821,10826003,80334075.0,16344521675.2,13818524893.1,None
2016-06-29,'600787,中储股份,7.48,7.57,7.39,7.41,7.42,0.06,0.8086,1.1242,20908718,156283678.0,16454511726.8,13911516312.3,None
2016-06-28,'600787,中储股份,7.42,7.45,7.22,7.27,7.34,0.08,1.0899,0.7531,14005778,102744449.0,16322523664.9,13799926609.3,None
2016-06-27,'600787,中储股份,7.34,7.35,7.16,7.18,7.23,0.11,1.5214,0.5617,10446384,76253965.0,16146539582.2,13651140338.6,None
2016-06-24,'600787,中储股份,7.23,7.44,7.11,7.4,7.39,-0.16,-2.1651,0.8412,15645151,113803873.0,15904561468.6,13446559216.3,None
2016-06-23,'600787,中储股份,7.39,7.49,7.36,7.47,7.5,-0.11,-1.4667,0.5755,10702958,79374540.0,16256529633.9,13744131757.8,None
2016-06-22,'600787,中储股份,7.5,7.52,7.35,7.47,7.48,0.02,0.2674,1.0208,18986029,141157016.0,16498507747.5,13948712880.0,None
2016-06-21,'600787,中储股份,7.48,7.58,7.22,7.3,7.24,0.24,3.3149,1.5129,28136593,208633176.0,16454511726.8,13911516312.3,None
2016-06-20,'600787,中储股份,7.24,7.29,7.15,7.22,7.28,-0.04,-0.5495,0.3364,6257343,45133648.0,15926559478.9,13465157500.2,None
2016-06-17,'600787,中储股份,7.28,7.32,7.22,7.23,7.24,0.04,0.5525,0.5274,9808880,71314929.0,16014551520.2,13539550635.5,None
2016-06-16,'600787,中储股份,7.24,7.34,7.18,7.3,7.3,-0.06,-0.8219,0.5503,10233895,74170486.0,15926559478.9,13465157500.2,None
2016-06-15,'600787,中储股份,7.3,7.39,7.1,7.11,7.19,0.11,1.5299,0.6034,11223083,81844820.0,16058547540.9,13576747203.2,None
2016-06-14,'600787,中储股份,7.19,7.2,7.08,7.12,7.13,0.06,0.8415,0.4549,8460511,60439450.0,15816569427.3,13372166081.0,None
2016-06-13,'600787,中储股份,7.13,7.34,7.11,7.31,7.41,-0.28,-3.7787,0.6374,11854077,85854060.0,15684581365.3,13260576377.9,None
2016-06-08,'600787,XD中储股,7.41,7.52,7.39,7.51,7.5,-0.09,-1.2,0.525,9763661,72498428.0,16300525654.5,13781328325.4,None
2016-06-07,'600787,中储股份,7.53,7.63,7.48,7.6,7.64,-0.11,-1.4398,0.6095,11336505,85252864.0,16564501778.5,14004507731.5,None
2016-06-06,'600787,中储股份,7.64,7.75,7.58,7.59,7.58,0.06,0.7916,0.8708,16195898,123911259.0,16806479892.1,14209088853.8,None
2016-06-03,'600787,中储股份,7.58,7.63,7.53,7.6,7.55,0.03,0.3974,0.6089,11324474,85901633.0,16674491830.1,14097499150.7,None
2016-06-02,'600787,中储股份,7.55,7.62,7.51,7.52,7.58,-0.03,-0.3958,0.4836,8994384,67939482.0,16608497799.1,14041704299.2,None
2016-06-01,'600787,中储股份,7.58,7.67,7.49,7.56,7.55,0.03,0.3974,0.8858,16473997,124773482.0,16674491830.1,14097499150.7,None
2016-05-31,'600787,中储股份,7.55,7.58,7.26,7.28,7.23,0.32,4.426,1.0494,19516404,145953573.0,16608497799.1,14041704299.2,None
2016-05-30,'600787,中储股份,7.23,7.29,7.1,7.22,7.26,-0.03,-0.4132,0.2704,5029135,36353076.0,15904561468.6,13446559216.3,None
2016-05-27,'600787,中储股份,7.26,7.3,7.18,7.26,7.3,-0.04,-0.5479,0.3692,6867406,49729167.0,15970555499.6,13502354067.8,None
2016-05-26,'600787,中储股份,7.3,7.36,7.05,7.22,7.28,0.02,0.2747,0.4755,8843127,63565531.0,16058547540.9,13576747203.2,None
2016-05-25,'600787,中储股份,7.28,7.4,7.27,7.33,7.29,-0.01,-0.1372,0.3768,7007690,51484808.0,16014551520.2,13539550635.5,None
2016-05-24,'600787,中储股份,7.29,7.41,7.24,7.4,7.42,-0.13,-1.752,0.3983,7407342,54157082.0,16036549530.6,13558148919.4,None
2016-05-23,'600787,中储股份,7.42,7.5,7.37,7.38,7.4,0.02,0.2703,0.5153,9583469,71062696.0,16322523664.9,13799926609.3,None
2016-05-20,'600787,中储股份,7.4,7.46,7.14,7.2,7.2,0.2,2.7778,0.7466,13884585,102242763.0,16278527644.2,13762730041.6,None
2016-05-19,'600787,中储股份,7.2,7.34,7.18,7.21,7.18,0.02,0.2786,0.567,10544406,76578826.0,15838567437.6,13390764364.8,None
2016-05-18,'600787,中储股份,7.18,7.37,7.1,7.36,7.43,-0.25,-3.3647,0.5891,10955502,79286500.0,15794571416.9,13353567797.1,None
2016-05-17,'600787,中储股份,7.43,7.51,7.37,7.48,7.48,-0.05,-0.6684,0.361,6714852,49874820.0,16344521675.2,13818524893.1,None
2016-05-16,'600787,中储股份,7.48,7.49,7.3,7.37,7.38,0.1,1.355,0.4277,7955007,58945507.0,16454511726.8,13911516312.3,None
2016-05-13,'600787,中储股份,7.38,7.49,7.33,7.46,7.43,-0.05,-0.6729,0.5368,9983107,73873302.0,16234531623.5,13725533473.9,None
2016-05-12,'600787,中储股份,7.43,7.47,7.29,7.46,7.53,-0.1,-1.328,0.5908,10987635,81151220.0,16344521675.2,13818524893.1,None
2016-05-11,'600787,中储股份,7.53,7.68,7.47,7.62,7.58,-0.05,-0.6596,0.4972,9247733,69979548.0,16564501778.5,14004507731.5,None
2016-05-10,'600787,中储股份,7.58,7.68,7.45,7.6,7.6,-0.02,-0.2632,0.4808,8942372,67561273.0,16674491830.1,14097499150.7,None
2016-05-09,'600787,中储股份,7.6,7.99,7.5,7.99,7.97,-0.37,-4.6424,0.7948,14781127,114495360.0,16718487850.8,14134695718.4,None
2016-05-06,'600787,中储股份,7.97,8.31,7.96,8.26,8.28,-0.31,-3.744,0.8238,15321065,124034916.0,17532414233.0,14822832220.5,None
2016-05-05,'600787,中储股份,8.28,8.38,8.22,8.29,8.26,0.02,0.2421,0.7063,13135514,108933081.0,18214352553.2,15399379019.5,None
2016-05-04,'600787,中储股份,8.26,8.36,8.16,8.18,8.22,0.04,0.4866,0.768,14283725,118076446.0,18170356532.6,15362182451.8,None
2016-05-03,'600787,中储股份,8.22,8.27,7.95,8.05,8.0,0.22,2.75,0.8325,15482465,126448971.0,18082364491.3,15287789316.5,None
2016-04-29,'600787,中储股份,8.0,8.06,7.98,8.03,8.07,-0.07,-0.8674,0.3929,7306653,58573624.0,17598408264.0,14878627072.0,None
2016-04-28,'600787,中储股份,8.07,8.17,7.93,8.07,8.07,0.0,0.0,0.5568,10356015,83374553.0,17752394336.3,15008815058.9,None
2016-04-27,'600787,中储股份,8.07,8.22,8.01,8.01,8.02,0.05,0.6234,0.7705,14329880,116355428.0,17752394336.3,15008815058.9,None
2016-04-26,'600787,中储股份,8.02,8.04,7.92,7.97,7.95,0.07,0.8805,0.3965,7375136,58888667.0,17642404284.7,14915823639.7,None
2016-04-25,'600787,中储股份,7.95,8.05,7.85,8.0,7.99,-0.04,-0.5006,0.4094,7613407,60388138.0,17488418212.3,14785635652.8,None
2016-04-22,'600787,中储股份,7.99,8.04,7.86,7.9,7.96,0.03,0.3769,0.4349,8089314,64448700.0,17576410253.7,14860028788.2,None
2016-04-21,'600787,中储股份,7.96,8.19,7.91,8.11,8.11,-0.15,-1.8496,0.9123,16966777,136668375.0,17510416222.7,14804233936.6,None
2016-04-20,'600787,中储股份,8.11,8.62,7.89,8.6,8.59,-0.48,-5.5879,1.519,28250718,232266385.0,17840386377.6,15083208194.2,None
2016-04-19,'600787,中储股份,8.59,8.66,8.5,8.61,8.57,0.02,0.2334,0.7799,14505359,124090006.0,18896290873.5,15975925818.6,None
2016-04-18,'600787,中储股份,8.57,8.73,8.54,8.67,8.78,-0.21,-2.3918,0.8859,16475463,141765357.0,18852294852.8,15938729250.9,None
2016-04-15,'600787,中储股份,8.78,8.89,8.67,8.85,8.86,-0.08,-0.9029,1.1975,22272250,195479248.0,19314253069.7,16329293211.5,None
2016-04-14,'600787,中储股份,8.86,8.89,8.78,8.83,8.78,0.08,0.9112,1.2732,23678859,209424598.0,19490237152.4,16478079482.2,None
2016-04-13,'600787,中储股份,8.78,8.87,8.69,8.7,8.66,0.12,1.3857,1.6654,30973113,272845764.0,19314253069.7,16329293211.5,None
2016-04-12,'600787,中储股份,8.66,8.81,8.57,8.72,8.73,-0.07,-0.8018,0.8057,14985500,129815153.0,19050276945.8,16106113805.4,None
2016-04-11,'600787,中储股份,8.73,8.88,8.65,8.7,8.63,0.1,1.1587,1.2038,22387761,196706447.0,19204263018.1,16236301792.3,None
2016-04-08,'600787,中储股份,8.63,8.76,8.51,8.7,8.86,-0.23,-2.5959,1.5988,29735198,256180493.0,18984282914.8,16050318953.9,None
2016-04-07,'600787,中储股份,8.86,9.37,8.84,9.3,8.94,-0.08,-0.8949,4.3366,80653098,733804002.0,19490237152.4,16478079482.2,None
2016-04-06,'600787,中储股份,8.94,9.02,8.81,8.88,8.99,-0.05,-0.5562,1.4784,27495573,245540799.0,19666221235.0,16626865753.0,None
2016-04-05,'600787,中储股份,8.99,9.06,8.58,8.73,8.73,0.26,2.9782,1.8346,34120806,302030857.0,19776211286.7,16719857172.2,None
2016-04-01,'600787,中储股份,8.73,8.8,8.5,8.59,8.58,0.15,1.7483,1.3293,24721974,214335938.0,19204263018.1,16236301792.3,None
2016-03-31,'600787,中储股份,8.58,8.68,8.5,8.58,8.52,0.06,0.7042,0.8811,16386804,140685071.0,18874292863.1,15957327534.7,None
2016-03-30,'600787,中储股份,8.52,8.55,8.28,8.28,8.22,0.3,3.6496,0.9048,16826957,142031811.0,18742304801.2,15845737831.7,None
2016-03-29,'600787,中储股份,8.22,8.5,8.18,8.49,8.47,-0.25,-2.9516,0.879,16348136,135939701.0,18082364491.3,15287789316.5,None
2016-03-28,'600787,中储股份,8.47,8.79,8.41,8.73,8.64,-0.17,-1.9676,1.0483,19496900,168511596.0,18632314749.5,15752746412.5,None
2016-03-25,'600787,中储股份,8.64,8.78,8.5,8.61,8.67,-0.03,-0.346,1.2308,22890274,197271284.0,19006280925.1,16068917237.8,None
2016-03-24,'600787,中储股份,8.67,9.0,8.6,8.88,9.05,-0.38,-4.1989,1.4554,27068862,238633509.0,19072274956.1,16124712089.3,None
2016-03-23,'600787,中储股份,9.05,9.19,8.75,8.84,8.92,0.13,1.4574,2.2666,42154251,377564632.0,19908199348.7,16831446875.2,None
2016-03-22,'600787,中储股份,8.92,9.15,8.73,8.8,8.94,-0.02,-0.2237,2.2815,42431103,379485377.0,19622225214.4,16589669185.3,None
2016-03-21,'600787,中储股份,8.94,9.09,8.61,8.72,8.65,0.29,3.3526,2.4244,45090456,400055969.0,19666221235.0,16626865753.0,None
2016-03-18,'600787,中储股份,8.65,8.76,8.36,8.46,8.42,0.23,2.7316,1.9666,36575998,315122954.0,19028278935.5,16087515521.6,None
2016-03-17,'600787,中储股份,8.42,8.44,8.13,8.18,8.1,0.32,3.9506,1.14,21201993,176222837.0,18522324697.9,15659754993.3,None
2016-03-16,'600787,中储股份,8.1,8.44,8.05,8.35,8.34,-0.24,-2.8777,1.0357,19262336,158136112.0,17818388367.3,15064609910.4,None
2016-03-15,'600787,中储股份,8.34,8.56,8.3,8.4,8.44,-0.1,-1.1848,0.9604,17862198,150444170.0,18346340615.2,15510968722.6,None
2016-03-14,'600787,中储股份,8.44,8.58,8.22,8.22,8.12,0.32,3.9409,1.2519,23282573,196740846.0,18566320718.5,15696951561.0,None
2016-03-11,'600787,中储股份,8.12,8.18,7.95,8.01,8.18,-0.06,-0.7335,0.9033,16799871,135492390.0,17862384388.0,15101806478.1,None
2016-03-10,'600787,中储股份,8.18,8.57,8.16,8.55,8.44,-0.26,-3.0806,1.2136,22570171,189159874.0,17994372449.9,15213396181.1,None
2016-03-09,'600787,中储股份,8.44,8.75,8.4,8.55,8.93,-0.49,-5.4871,1.9923,37053793,317221465.0,18566320718.5,15696951561.0,None
2016-03-08,'600787,中储股份,8.93,9.07,8.37,8.61,8.26,0.67,8.1114,3.9039,72605785,631753725.0,19644223224.7,16608267469.1,None
2016-03-07,'600787,中储股份,8.26,8.38,8.12,8.12,8.01,0.25,3.1211,1.121,20848370,171838828.0,18170356532.6,15362182451.8,None
2016-03-04,'600787,中储股份,8.01,8.47,7.8,8.4,8.48,-0.47,-5.5425,1.6352,30411454,247685343.0,17620406274.3,14897225355.8,None
2016-03-03,'600787,中储股份,8.48,8.77,8.26,8.33,8.38,0.1,1.1933,2.0587,38289113,327637179.0,18654312759.8,15771344696.3,None
2016-03-02,'600787,中储股份,8.38,8.5,7.78,7.85,7.88,0.5,6.3452,2.0441,38017233,309957398.0,18434332656.5,15585361857.9,None
2016-03-01,'600787,中储股份,7.88,7.94,7.48,7.79,7.8,0.08,1.0256,1.4095,26214883,203790367.0,17334432140.0,14655447665.9,None
2016-02-29,'600787,中储股份,7.8,8.44,7.79,8.3,8.66,-0.86,-9.9307,2.1926,40778946,322223377.0,17158448057.4,14506661395.2,None
2016-02-26,'600787,中储股份,8.66,8.86,8.21,8.78,8.56,0.1,1.1682,2.8731,53433902,460026290.0,19050276945.8,16106113805.4,None
2016-02-25,'600787,中储股份,8.56,9.42,8.38,9.16,9.31,-0.75,-8.0559,5.238,97418310,874411189.0,18830296842.5,15920130967.0,None
2016-02-24,'600787,中储股份,9.31,9.31,8.6,8.6,8.46,0.85,10.0473,2.2194,41277868,379104892.0,20480147617.2,17315002255.0,None
2016-02-23,'600787,中储股份,8.46,8.72,8.26,8.3,8.3,0.16,1.9277,1.6691,31042455,263656456.0,18610316739.2,15734148128.6,None
2016-02-22,'600787,中储股份,8.3,8.46,8.26,8.4,8.19,0.11,1.3431,1.1361,21128971,176319820.0,18258348573.9,15436575587.2,None
2016-02-19,'600787,中储股份,8.19,8.23,7.95,8.07,8.0,0.19,2.375,1.0744,19981758,162525701.0,18016370460.3,15231994465.0,None
2016-02-18,'600787,中储股份,8.0,8.28,7.99,8.12,8.09,-0.09,-1.1125,1.0384,19312291,156659970.0,17598408264.0,14878627072.0,None
2016-02-17,'600787,中储股份,8.09,8.28,7.84,7.85,7.92,0.17,2.1465,1.2139,22575613,182564206.0,17796390357.0,15046011626.6,None
2016-02-16,'600787,中储股份,7.92,7.99,7.58,7.63,7.55,0.37,4.9007,0.7947,14780568,115774535.0,17422424181.4,14729840801.3,None
2016-02-15,'600787,中储股份,7.55,7.66,7.4,7.51,7.76,-0.21,-2.7062,0.4483,8337793,63072514.0,16608497799.1,14041704299.2,None
2016-02-05,'600787,中储股份,7.76,7.99,7.74,7.89,7.9,-0.14,-1.7722,0.6357,11822740,93266798.0,17070456016.1,14432268259.8,None
2016-02-04,'600787,中储股份,7.9,8.06,7.78,7.79,7.79,0.11,1.4121,0.6635,12340559,97372801.0,17378428160.7,14692644233.6,None
2016-02-03,'600787,中储股份,7.79,7.85,7.42,7.56,7.69,0.1,1.3004,0.6125,11390584,86465552.0,17136450047.1,14488063111.4,None
2016-02-02,'600787,中储股份,7.69,7.8,7.41,7.44,7.42,0.27,3.6388,0.8201,15253106,116663623.0,16916469943.8,14302080273.0,None
2016-02-01,'600787,中储股份,7.42,7.66,7.26,7.65,7.65,-0.23,-3.0065,0.695,12925784,96519433.0,16322523664.9,13799926609.3,None
2016-01-29,'600787,中储股份,7.65,7.77,7.15,7.41,7.41,0.24,3.2389,0.9922,18453466,139331468.0,16828477902.5,14227687137.6,None
2016-01-28,'600787,中储股份,7.41,7.76,7.2,7.35,7.52,-0.11,-1.4628,0.8666,16116544,120429452.0,16300525654.5,13781328325.4,None
2016-01-27,'600787,中储股份,7.52,7.64,6.97,7.43,7.59,-0.07,-0.9223,1.1771,21891812,160019143.0,16542503768.2,13985909447.7,None
2016-01-26,'600787,中储股份,7.59,8.37,7.26,7.87,7.95,-0.36,-4.5283,1.4828,27578447,217744938.0,16696489840.5,14116097434.6,None
2016-01-25,'600787,中储股份,7.95,8.04,7.83,7.91,7.83,0.12,1.5326,0.7489,13928809,110648404.0,17488418212.3,14785635652.8,None
2016-01-22,'600787,中储股份,7.83,7.97,7.62,7.83,7.68,0.15,1.9531,0.7761,14434158,112446252.0,17224442088.4,14562456246.7,None
2016-01-21,'600787,中储股份,7.68,8.29,7.66,8.06,8.25,-0.57,-6.9091,1.402,26075187,208586174.0,16894471933.4,14283481989.1,None
2016-01-20,'600787,中储股份,8.25,8.54,8.21,8.34,8.64,-0.39,-4.5139,1.9489,36246803,303134078.0,18148358522.2,15343584168.0,None
2016-01-19,'600787,中储股份,8.64,8.75,7.93,8.3,7.95,0.69,8.6792,2.6454,49199173,410630552.0,19006280925.1,16068917237.8,None
2016-01-18,'600787,中储股份,7.95,7.95,7.05,7.19,7.23,0.72,9.9585,0.869,16161564,124439949.0,17488418212.3,14785635652.8,None
2016-01-15,'600787,中储股份,7.23,7.72,7.16,7.66,7.67,-0.44,-5.7366,0.6379,11864183,88308684.0,15904561468.6,13446559216.3,None
2016-01-14,'600787,中储股份,7.67,7.67,7.06,7.21,7.44,0.23,3.0914,0.7723,14363794,107275728.0,16872473923.1,14264883705.3,None
2016-01-13,'600787,中储股份,7.44,8.03,7.4,8.0,7.85,-0.41,-5.2229,0.6752,12556904,97691498.0,16366519685.5,13837123177.0,None
2016-01-12,'600787,中储股份,7.85,8.07,7.7,7.98,7.94,-0.09,-1.1335,0.6565,12209920,96444152.0,17268438109.0,14599652814.4,None
2016-01-11,'600787,中储股份,7.94,8.62,7.79,8.6,8.65,-0.71,-8.2081,1.0536,19594332,159975427.0,17466420202.0,14767037369.0,None
2016-01-08,'600787,中储股份,8.65,8.8,8.02,8.64,8.43,0.22,2.6097,0.9592,17839514,153094903.0,19028278935.5,16087515521.6,None
2016-01-07,'600787,中储股份,8.43,9.12,8.38,9.1,9.29,-0.86,-9.2573,0.1704,2862800,25105243.0,18544322708.2,14164132904.5,None
2016-01-06,'600787,中储股份,9.29,9.3,9.05,9.07,9.12,0.17,1.864,0.7986,13417823,123112706.0,20436151596.6,15609109689.6,None
2016-01-05,'600787,中储股份,9.12,9.25,8.5,8.99,9.1,0.02,0.2198,1.3667,22963313,204927279.0,20062185421.0,15323474743.7,None
2016-01-04,'600787,中储股份,9.1,10.11,9.05,10.03,10.04,-0.94,-9.3625,0.8179,13743124,133177305.0,20018189400.3,15289870632.4,None
