日期,股票代码,名称,收盘价,最高价,最低价,开盘价,前收盘,涨跌额,涨跌幅,换手率,成交量,成交金额,总市值,流通市值,成交笔数
2016-10-12,'600368,五洲交通,5.95,5.97,5.91,5.93,5.94,0.01,0.1684,0.8105,6757634,40157322.0,4961119115.4,4961119115.4,None
2016-10-11,'600368,五洲交通,5.94,5.96,5.91,5.92,5.92,0.02,0.3378,0.7822,6521680,38725494.0,4952781100.08,4952781100.08,None
2016-10-10,'600368,五洲交通,5.92,5.92,5.83,5.83,5.81,0.11,1.8933,0.9177,7652031,45091358.0,4936105069.44,4936105069.44,None
2016-09-30,'600368,五洲交通,5.81,5.85,5.78,5.81,5.82,-0.01,-0.1718,0.7012,5846610,33988908.0,4844386900.92,4844386900.92,None
2016-09-29,'600368,五洲交通,5.82,5.87,5.78,5.78,5.79,0.03,0.5181,0.5945,4957261,28931945.0,4852724916.24,4852724916.24,None
2016-09-28,'600368,五洲交通,5.79,5.82,5.75,5.79,5.78,0.01,0.173,0.5302,4420682,25556585.0,4827710870.28,4827710870.28,None
2016-09-27,'600368,五洲交通,5.78,5.79,5.68,5.72,5.71,0.07,1.2259,0.7901,6587812,37756829.0,4819372854.96,4819372854.96,None
2016-09-26,'600368,五洲交通,5.71,5.98,5.7,5.96,5.96,-0.25,-4.1946,1.6854,14052911,82167751.0,4761006747.72,4761006747.72,None
2016-09-23,'600368,五洲交通,5.96,6.05,5.96,6.05,6.02,-0.06,-0.9967,0.7181,5987200,35969219.0,4969457130.72,4969457130.72,None
2016-09-22,'600368,五洲交通,6.02,6.09,6.01,6.07,6.04,-0.02,-0.3311,1.0585,8825396,53261509.0,5019485222.64,5019485222.64,None
2016-09-21,'600368,五洲交通,6.04,6.08,5.95,5.97,5.97,0.07,1.1725,1.2011,10015165,60286584.0,5036161253.28,5036161253.28,None
2016-09-20,'600368,五洲交通,5.97,6.0,5.94,5.98,5.97,0.0,0.0,0.5446,4540925,27079626.0,4977795146.04,4977795146.04,None
2016-09-19,'600368,五洲交通,5.97,5.97,5.9,5.91,5.9,0.07,1.1864,0.7256,6050264,35934527.0,4977795146.04,4977795146.04,None
2016-09-14,'600368,五洲交通,5.9,5.97,5.86,5.91,5.93,-0.03,-0.5059,0.7291,6079207,35957790.0,4919429038.8,4919429038.8,None
2016-09-13,'600368,五洲交通,5.93,5.95,5.87,5.94,5.89,0.04,0.6791,0.6928,5776559,34142965.0,4944443084.76,4944443084.76,None
2016-09-12,'600368,五洲交通,5.89,6.0,5.86,5.93,6.0,-0.11,-1.8333,1.8374,15320405,90788330.0,4911091023.48,4911091023.48,None
2016-09-09,'600368,五洲交通,6.0,6.12,6.0,6.05,6.07,-0.07,-1.1532,1.6729,13948584,84535593.0,5002809192.0,5002809192.0,None
2016-09-08,'600368,五洲交通,6.07,6.09,5.94,5.95,5.95,0.12,2.0168,1.8455,15387413,92587285.0,5061175299.24,5061175299.24,None
2016-09-07,'600368,五洲交通,5.95,6.02,5.94,5.97,5.93,0.02,0.3373,1.5885,13245224,79231984.0,4961119115.4,4961119115.4,None
2016-09-06,'600368,五洲交通,5.93,5.95,5.82,5.89,5.9,0.03,0.5085,1.4501,12091322,71249584.0,4944443084.76,4944443084.76,None
2016-09-05,'600368,五洲交通,5.9,5.95,5.87,5.89,5.87,0.03,0.5111,0.9769,8145527,48088521.0,4919429038.8,4919429038.8,None
2016-09-02,'600368,五洲交通,5.87,5.9,5.8,5.81,5.83,0.04,0.6861,1.2537,10453359,61192180.0,4894414992.84,4894414992.84,None
2016-09-01,'600368,五洲交通,5.83,5.98,5.82,5.96,6.03,-0.2,-3.3167,2.9302,24432430,144277855.0,4861062931.56,4861062931.56,None
2016-08-31,'600368,五洲交通,6.03,6.19,6.01,6.1,6.07,-0.04,-0.659,2.2133,18454689,112148437.0,5027823237.96,5027823237.96,None
2016-08-30,'600368,五洲交通,6.07,6.23,6.02,6.06,6.03,0.04,0.6633,3.137,26155979,160091316.0,5061175299.24,5061175299.24,None
2016-08-29,'600368,五洲交通,6.03,6.04,5.93,5.97,5.97,0.06,1.005,1.1502,9590004,57398402.0,5027823237.96,5027823237.96,None
2016-08-26,'600368,五洲交通,5.97,6.08,5.95,6.02,6.06,-0.09,-1.4851,1.9393,16169786,97201497.0,4977795146.04,4977795146.04,None
2016-08-25,'600368,五洲交通,6.06,6.07,5.84,5.84,5.88,0.18,3.0612,2.7072,22572443,134280017.0,5052837283.92,5052837283.92,None
2016-08-24,'600368,五洲交通,5.88,5.98,5.85,5.95,5.94,-0.06,-1.0101,1.8033,15036259,88966697.0,4902753008.16,4902753008.16,None
2016-08-23,'600368,五洲交通,5.94,6.04,5.92,5.98,6.01,-0.07,-1.1647,2.3469,19568637,116917556.0,4952781100.08,4952781100.08,None
2016-08-22,'600368,五洲交通,6.01,6.14,5.98,6.11,6.21,-0.2,-3.2206,4.2445,35390515,213779814.0,5011147207.32,5011147207.32,None
2016-08-19,'600368,五洲交通,6.21,6.34,5.78,5.83,5.88,0.33,5.6122,7.5157,62665851,383339848.0,5177907513.72,5177907513.72,None
2016-08-18,'600368,五洲交通,5.88,6.16,5.82,5.95,5.6,0.28,5.0,6.8984,57518613,343590959.0,4902753008.16,4902753008.16,None
2016-08-17,'600368,五洲交通,5.6,5.61,5.54,5.56,5.56,0.04,0.7194,1.5735,13120266,73161709.0,4669288579.2,4669288579.2,None
2016-08-16,'600368,五洲交通,5.56,5.63,5.54,5.57,5.59,-0.03,-0.5367,1.7686,14746976,82097802.0,4635936517.92,4635936517.92,None
2016-08-15,'600368,五洲交通,5.59,5.62,5.46,5.46,5.48,0.11,2.0073,3.0574,25492722,141097075.0,4660950563.88,4660950563.88,None
2016-08-12,'600368,五洲交通,5.48,5.49,5.31,5.38,5.39,0.09,1.6698,1.9856,16556378,89541779.0,4569232395.36,4569232395.36,None
2016-08-11,'600368,五洲交通,5.39,5.54,5.37,5.39,5.36,0.03,0.5597,2.204,18376633,100048641.0,4494190257.48,4494190257.48,None
2016-08-10,'600368,五洲交通,5.36,5.41,5.34,5.39,5.39,-0.03,-0.5566,1.2784,10659552,57311448.0,4469176211.52,4469176211.52,None
2016-08-09,'600368,五洲交通,5.39,5.42,5.34,5.36,5.37,0.02,0.3724,1.3849,11547629,62195113.0,4494190257.48,4494190257.48,None
2016-08-08,'600368,五洲交通,5.37,5.37,5.26,5.3,5.34,0.03,0.5618,1.2699,10588748,56291946.0,4477514226.84,4477514226.84,None
2016-08-05,'600368,五洲交通,5.34,5.47,5.31,5.44,5.43,-0.09,-1.6575,2.3225,19364837,103872633.0,4452500180.88,4452500180.88,None
2016-08-04,'600368,五洲交通,5.43,5.48,5.38,5.45,5.49,-0.06,-1.0929,1.9977,16656680,90326097.0,4527542318.76,4527542318.76,None
2016-08-03,'600368,五洲交通,5.49,5.54,5.39,5.47,5.53,-0.04,-0.7233,2.1498,17924770,98093821.0,4577570410.68,4577570410.68,None
2016-08-02,'600368,五洲交通,5.53,5.54,5.33,5.36,5.41,0.12,2.2181,2.1101,17594036,95430650.0,4610922471.96,4610922471.96,None
2016-08-01,'600368,五洲交通,5.41,5.45,5.31,5.42,5.45,-0.04,-0.7339,1.956,16309209,87572126.0,4510866288.12,4510866288.12,None
2016-07-29,'600368,五洲交通,5.45,5.64,5.4,5.5,5.59,-0.14,-2.5045,4.22,35186730,194568536.0,4544218349.4,4544218349.4,None
2016-07-28,'600368,五洲交通,5.59,5.63,5.15,5.2,5.13,0.46,8.9669,5.6585,47180681,255537488.0,4660950563.88,4660950563.88,None
2016-07-27,'600368,五洲交通,5.13,5.36,5.05,5.35,5.34,-0.21,-3.9326,1.5306,12762141,66749992.0,4277401859.16,4277401859.16,None
2016-07-26,'600368,五洲交通,5.34,5.35,5.27,5.29,5.25,0.09,1.7143,1.3535,11285369,59904030.0,4452500180.88,4452500180.88,None
2016-07-25,'600368,五洲交通,5.25,5.26,5.2,5.21,5.22,0.03,0.5747,0.647,5394539,28240503.0,4377458043.0,4377458043.0,None
2016-07-22,'600368,五洲交通,5.22,5.31,5.21,5.29,5.3,-0.08,-1.5094,0.8477,7067735,37096036.0,4352443997.04,4352443997.04,None
2016-07-21,'600368,五洲交通,5.3,5.35,5.21,5.21,5.22,0.08,1.5326,1.7126,14279567,75419386.0,4419148119.6,4419148119.6,None
2016-07-20,'600368,五洲交通,5.22,5.24,5.19,5.23,5.23,-0.01,-0.1912,0.6309,5260444,27456682.0,4352443997.04,4352443997.04,None
2016-07-19,'600368,五洲交通,5.23,5.24,5.16,5.16,5.19,0.04,0.7707,0.7687,6409698,33322015.0,4360782012.36,4360782012.36,None
2016-07-18,'600368,五洲交通,5.19,5.25,5.11,5.24,5.23,-0.04,-0.7648,1.106,9221447,47669604.0,4327429951.08,4327429951.08,None
2016-07-15,'600368,五洲交通,5.23,5.28,5.21,5.27,5.26,-0.03,-0.5703,1.0502,8756655,45913289.0,4360782012.36,4360782012.36,None
2016-07-14,'600368,五洲交通,5.26,5.29,5.23,5.24,5.26,0.0,0.0,0.8006,6675535,35114345.0,4385796058.32,4385796058.32,None
2016-07-13,'600368,五洲交通,5.26,5.3,5.21,5.23,5.22,0.04,0.7663,1.7773,14819129,77967735.0,4385796058.32,4385796058.32,None
2016-07-12,'600368,五洲交通,5.22,5.22,5.09,5.18,5.18,0.04,0.7722,1.2469,10396446,53589067.0,4352443997.04,4352443997.04,None
2016-07-11,'600368,五洲交通,5.18,5.23,5.16,5.2,5.21,-0.03,-0.5758,0.9069,7561660,39317740.0,4319091935.76,4319091935.76,None
2016-07-08,'600368,五洲交通,5.21,5.24,5.14,5.17,5.18,0.03,0.5792,1.1361,9472654,49195342.0,4344105981.72,4344105981.72,None
2016-07-07,'600368,五洲交通,5.18,5.22,5.14,5.2,5.23,-0.05,-0.956,0.9042,7539541,39036656.0,4319091935.76,4319091935.76,None
2016-07-06,'600368,五洲交通,5.23,5.23,5.14,5.19,5.21,0.02,0.3839,0.918,7654344,39639853.0,4360782012.36,4360782012.36,None
2016-07-05,'600368,五洲交通,5.21,5.26,5.18,5.2,5.2,0.01,0.1923,1.1879,9904518,51683612.0,4344105981.72,4344105981.72,None
2016-07-04,'600368,五洲交通,5.2,5.21,5.07,5.09,5.11,0.09,1.7613,1.584,13207641,68371231.0,4335767966.4,4335767966.4,None
2016-07-01,'600368,五洲交通,5.11,5.12,5.07,5.08,5.08,0.03,0.5906,0.8839,7369556,37561473.0,4260725828.52,4260725828.52,None
2016-06-30,'600368,五洲交通,5.08,5.11,5.06,5.08,5.08,0.0,0.0,0.6377,5316739,27001017.0,4235711782.56,4235711782.56,None
2016-06-29,'600368,五洲交通,5.08,5.11,5.05,5.05,5.09,-0.01,-0.1965,1.1312,9431647,47916228.0,4235711782.56,4235711782.56,None
2016-06-28,'600368,五洲交通,5.09,5.16,5.04,5.04,4.97,0.12,2.4145,1.9626,16363780,83285774.0,4244049797.88,4244049797.88,None
2016-06-27,'600368,五洲交通,4.97,4.99,4.86,4.88,4.9,0.07,1.4286,0.8208,6843756,33914222.0,4143993614.04,4143993614.04,None
2016-06-24,'600368,五洲交通,4.9,4.98,4.84,4.96,4.95,-0.05,-1.0101,0.7536,6283384,30853139.0,4085627506.8,4085627506.8,None
2016-06-23,'600368,五洲交通,4.95,4.97,4.91,4.95,4.94,0.01,0.2024,0.6154,5131299,25341352.0,4127317583.4,4127317583.4,None
2016-06-22,'600368,五洲交通,4.94,4.95,4.85,4.87,4.87,0.07,1.4374,0.6114,5098065,25073735.0,4118979568.08,4118979568.08,None
2016-06-21,'600368,五洲交通,4.87,4.97,4.85,4.94,4.92,-0.05,-1.0163,0.6263,5222045,25689806.0,4060613460.84,4060613460.84,None
2016-06-20,'600368,五洲交通,4.92,4.94,4.84,4.91,4.93,-0.01,-0.2028,0.5827,4858659,23723980.0,4102303537.44,4102303537.44,None
2016-06-17,'600368,五洲交通,4.93,4.97,4.88,4.89,4.88,0.05,1.0246,0.7065,5890584,29044595.0,4110641552.76,4110641552.76,None
2016-06-16,'600368,五洲交通,4.88,4.92,4.85,4.91,4.91,-0.03,-0.611,0.5647,4708774,22998718.0,4068951476.16,4068951476.16,None
2016-06-15,'600368,五洲交通,4.91,4.95,4.73,4.76,4.82,0.09,1.8672,0.6609,5510273,26898825.0,4093965522.12,4093965522.12,None
2016-06-14,'600368,五洲交通,4.82,4.83,4.72,4.72,4.81,0.01,0.2079,0.5411,4511308,21587139.0,4018923384.24,4018923384.24,None
2016-06-13,'600368,五洲交通,4.81,5.0,4.8,4.93,4.98,-0.17,-3.4137,0.9065,7558496,37088979.0,4010585368.92,4010585368.92,None
2016-06-08,'600368,五洲交通,4.98,5.0,4.92,5.0,5.0,-0.02,-0.4,0.7394,6165140,30561897.0,4152331629.36,4152331629.36,None
2016-06-07,'600368,五洲交通,5.0,5.02,4.96,5.0,5.03,-0.03,-0.5964,0.7293,6081063,30297665.0,4169007660.0,4169007660.0,None
2016-06-06,'600368,五洲交通,5.03,5.12,4.99,5.0,5.01,0.02,0.3992,1.1312,9432218,47597099.0,4194021705.96,4194021705.96,None
2016-06-03,'600368,五洲交通,5.01,5.04,4.96,5.01,5.01,0.0,0.0,0.8427,7026768,35145897.0,4177345675.32,4177345675.32,None
2016-06-02,'600368,五洲交通,5.01,5.02,4.93,4.94,4.96,0.05,1.0081,0.9188,7660946,38073775.0,4177345675.32,4177345675.32,None
2016-06-01,'600368,五洲交通,4.96,5.02,4.95,4.95,4.98,-0.02,-0.4016,1.146,9555560,47616470.0,4135655598.72,4135655598.72,None
2016-05-31,'600368,五洲交通,4.98,4.98,4.84,4.85,4.78,0.2,4.1841,1.3682,11407892,56124592.0,4152331629.36,4152331629.36,None
2016-05-30,'600368,五洲交通,4.78,4.83,4.75,4.8,4.82,-0.04,-0.8299,0.4253,3546074,16987590.0,3985571322.96,3985571322.96,None
2016-05-27,'600368,五洲交通,4.82,4.84,4.78,4.82,4.82,0.0,0.0,0.438,3652375,17594412.0,4018923384.24,4018923384.24,None
2016-05-26,'600368,五洲交通,4.82,4.84,4.71,4.8,4.8,0.02,0.4167,0.5646,4707745,22430476.0,4018923384.24,4018923384.24,None
2016-05-25,'600368,五洲交通,4.8,4.88,4.8,4.84,4.82,-0.02,-0.4149,0.4277,3566321,17254642.0,4002247353.6,4002247353.6,None
2016-05-24,'600368,五洲交通,4.82,4.88,4.78,4.85,4.87,-0.05,-1.0267,0.5021,4186697,20148896.0,4018923384.24,4018923384.24,None
2016-05-23,'600368,五洲交通,4.87,4.88,4.78,4.81,4.84,0.03,0.6198,0.721,6012088,29151792.0,4060613460.84,4060613460.84,None
2016-05-20,'600368,五洲交通,4.84,4.86,4.69,4.74,4.75,0.09,1.8947,0.7918,6602238,31574965.0,4035599414.88,4035599414.88,None
2016-05-19,'600368,五洲交通,4.75,4.82,4.72,4.74,4.74,0.01,0.211,0.5724,4772421,22790701.0,3960557277.0,3960557277.0,None
2016-05-18,'600368,五洲交通,4.74,4.87,4.68,4.87,4.91,-0.17,-3.4623,1.042,8688491,41275737.0,3952219261.68,3952219261.68,None
2016-05-17,'600368,五洲交通,4.91,4.94,4.86,4.9,4.91,0.0,0.0,0.6253,5213516,25556822.0,4093965522.12,4093965522.12,None
2016-05-16,'600368,五洲交通,4.91,4.91,4.81,4.82,4.84,0.07,1.4463,0.7977,6650888,32400811.0,4093965522.12,4093965522.12,None
2016-05-13,'600368,五洲交通,4.84,4.9,4.78,4.83,4.85,-0.01,-0.2062,0.7737,6451216,31223785.0,4035599414.88,4035599414.88,None
2016-05-12,'600368,五洲交通,4.85,4.9,4.71,4.9,4.94,-0.09,-1.8219,0.9409,7845045,37802373.0,4043937430.2,4043937430.2,None
2016-05-11,'600368,五洲交通,4.94,5.02,4.88,4.95,4.93,0.01,0.2028,0.9679,8070690,40036339.0,4118979568.08,4118979568.08,None
2016-05-10,'600368,五洲交通,4.93,4.97,4.89,4.92,4.89,0.04,0.818,0.6507,5425203,26748710.0,4110641552.76,4110641552.76,None
2016-05-09,'600368,五洲交通,4.89,5.06,4.86,5.06,5.08,-0.19,-3.7402,1.1767,9811104,48638488.0,4077289491.48,4077289491.48,None
2016-05-06,'600368,五洲交通,5.08,5.32,5.08,5.3,5.28,-0.2,-3.7879,1.3044,10876319,56221343.0,4235711782.56,4235711782.56,None
2016-05-05,'600368,五洲交通,5.28,5.29,5.21,5.27,5.26,0.02,0.3802,0.7126,5941965,31261332.0,4402472088.96,4402472088.96,None
2016-05-04,'600368,五洲交通,5.26,5.28,5.2,5.2,5.23,0.03,0.5736,1.1859,9888199,51982113.0,4385796058.32,4385796058.32,None
2016-05-03,'600368,五洲交通,5.23,5.25,5.08,5.09,5.04,0.19,3.7698,1.5874,13236092,68704126.0,4360782012.36,4360782012.36,None
2016-04-29,'600368,五洲交通,5.04,5.05,4.97,5.02,5.03,0.01,0.1988,0.4749,3959720,19852182.0,4202359721.28,4202359721.28,None
2016-04-28,'600368,五洲交通,5.03,5.11,4.93,5.08,5.08,-0.05,-0.9843,0.8768,7310728,36615642.0,4194021705.96,4194021705.96,None
2016-04-27,'600368,五洲交通,5.08,5.13,5.07,5.08,5.1,-0.02,-0.3922,0.6631,5528596,28203036.0,4235711782.56,4235711782.56,None
2016-04-26,'600368,五洲交通,5.1,5.1,4.99,4.99,5.0,0.1,2.0,0.7518,6268830,31659121.0,4252387813.2,4252387813.2,None
2016-04-25,'600368,五洲交通,5.0,5.05,4.91,5.04,5.07,-0.07,-1.3807,0.7994,6665825,33164894.0,4169007660.0,4169007660.0,None
2016-04-22,'600368,五洲交通,5.07,5.08,4.98,5.08,5.1,-0.03,-0.5882,1.0543,8790956,44255616.0,4227373767.24,4227373767.24,None
2016-04-21,'600368,五洲交通,5.1,5.14,5.01,5.02,5.06,0.04,0.7905,1.1878,9903711,50342556.0,4252387813.2,4252387813.2,None
2016-04-20,'600368,五洲交通,5.06,5.36,4.95,5.35,5.33,-0.27,-5.0657,2.0423,17028792,87277337.0,4219035751.92,4219035751.92,None
2016-04-19,'600368,五洲交通,5.33,5.36,5.28,5.34,5.33,0.0,0.0,0.9458,7885922,41963257.0,4444162165.56,4444162165.56,None
2016-04-18,'600368,五洲交通,5.33,5.39,5.25,5.34,5.43,-0.1,-1.8416,1.251,10430967,55371380.0,4444162165.56,4444162165.56,None
2016-04-15,'600368,五洲交通,5.43,5.44,5.38,5.41,5.45,-0.02,-0.367,1.2225,10193050,55135145.0,4527542318.76,4527542318.76,None
2016-04-14,'600368,五洲交通,5.45,5.45,5.36,5.41,5.37,0.08,1.4898,1.4111,11766163,63590772.0,4544218349.4,4544218349.4,None
2016-04-13,'600368,五洲交通,5.37,5.44,5.32,5.32,5.3,0.07,1.3208,1.8455,15387507,83110424.0,4477514226.84,4477514226.84,None
2016-04-12,'600368,五洲交通,5.3,5.38,5.26,5.38,5.36,-0.06,-1.1194,0.911,7595866,40234645.0,4419148119.6,4419148119.6,None
2016-04-11,'600368,五洲交通,5.36,5.38,5.27,5.28,5.26,0.1,1.9011,1.2697,10586754,56607998.0,4469176211.52,4469176211.52,None
2016-04-08,'600368,五洲交通,5.26,5.29,5.17,5.29,5.32,-0.06,-1.1278,1.0406,8676883,45376064.0,4385796058.32,4385796058.32,None
2016-04-07,'600368,五洲交通,5.32,5.47,5.31,5.42,5.4,-0.08,-1.4815,1.5178,12655486,68134200.0,4435824150.24,4435824150.24,None
2016-04-06,'600368,五洲交通,5.4,5.44,5.35,5.4,5.4,0.0,0.0,1.3446,11211138,60471382.0,4502528272.8,4502528272.8,None
2016-04-05,'600368,五洲交通,5.4,5.41,5.26,5.27,5.28,0.12,2.2727,1.5622,13025691,69865621.0,4502528272.8,4502528272.8,None
2016-04-01,'600368,五洲交通,5.28,5.29,5.18,5.28,5.3,-0.02,-0.3774,1.2757,10637202,55672528.0,4402472088.96,4402472088.96,None
2016-03-31,'600368,五洲交通,5.3,5.36,5.27,5.3,5.28,0.02,0.3788,1.2824,10692658,56822869.0,4419148119.6,4419148119.6,None
2016-03-30,'600368,五洲交通,5.28,5.29,5.13,5.14,5.11,0.17,3.3268,1.3089,10913689,56946847.0,4402472088.96,4402472088.96,None
2016-03-29,'600368,五洲交通,5.11,5.27,5.05,5.24,5.25,-0.14,-2.6667,1.3088,10912955,56160813.0,4260725828.52,4260725828.52,None
2016-03-28,'600368,五洲交通,5.25,5.4,5.22,5.34,5.33,-0.08,-1.5009,1.4947,12463163,66415182.0,4377458043.0,4377458043.0,None
2016-03-25,'600368,五洲交通,5.33,5.35,5.25,5.27,5.31,0.02,0.3766,1.1155,9300878,49325796.0,4444162165.56,4444162165.56,None
2016-03-24,'600368,五洲交通,5.31,5.45,5.3,5.44,5.49,-0.18,-3.2787,2.3477,19574909,104999130.0,4427486134.92,4427486134.92,None
2016-03-23,'600368,五洲交通,5.49,5.54,5.44,5.5,5.59,-0.1,-1.7889,2.075,17301034,94831682.0,4577570410.68,4577570410.68,None
2016-03-22,'600368,五洲交通,5.59,5.6,5.37,5.41,5.48,0.11,2.0073,2.7607,23019091,125371436.0,4660950563.88,4660950563.88,None
2016-03-21,'600368,五洲交通,5.48,5.5,5.34,5.35,5.36,0.12,2.2388,2.738,22829900,124031197.0,4569232395.36,4569232395.36,None
2016-03-18,'600368,五洲交通,5.36,5.37,5.2,5.25,5.22,0.14,2.682,2.6612,22188848,117520472.0,4469176211.52,4469176211.52,None
2016-03-17,'600368,五洲交通,5.22,5.23,5.09,5.1,5.08,0.14,2.7559,1.7362,14476505,74982297.0,4352443997.04,4352443997.04,None
2016-03-16,'600368,五洲交通,5.08,5.21,5.03,5.15,5.13,-0.05,-0.9747,0.9764,8141279,41732988.0,4235711782.56,4235711782.56,None
2016-03-15,'600368,五洲交通,5.13,5.21,5.08,5.1,5.09,0.04,0.7859,1.1379,9488054,48813723.0,4277401859.16,4277401859.16,None
2016-03-14,'600368,五洲交通,5.09,5.17,5.0,5.0,4.96,0.13,2.621,1.4505,12094333,61747399.0,4244049797.88,4244049797.88,None
2016-03-11,'600368,五洲交通,4.96,4.98,4.86,4.95,5.0,-0.04,-0.8,0.9674,8066594,39697493.0,4135655598.72,4135655598.72,None
2016-03-10,'600368,五洲交通,5.0,5.14,4.97,5.08,5.1,-0.1,-1.9608,1.1496,9585022,48407947.0,4169007660.0,4169007660.0,None
2016-03-09,'600368,五洲交通,5.1,5.22,5.05,5.21,5.38,-0.28,-5.2045,2.2135,18456495,94948308.0,4252387813.2,4252387813.2,None
2016-03-08,'600368,五洲交通,5.38,5.53,4.95,5.13,5.13,0.25,4.8733,3.2373,26992901,141617729.0,4485852242.16,4485852242.16,None
2016-03-07,'600368,五洲交通,5.13,5.14,5.03,5.05,5.01,0.12,2.3952,1.0029,8362043,42642689.0,4277401859.16,4277401859.16,None
2016-03-04,'600368,五洲交通,5.01,5.15,4.89,5.07,5.12,-0.11,-2.1484,1.431,11931994,60124783.0,4177345675.32,4177345675.32,None
2016-03-03,'600368,五洲交通,5.12,5.21,5.09,5.1,5.13,-0.01,-0.1949,1.5401,12841180,66190134.0,4269063843.84,4269063843.84,None
2016-03-02,'600368,五洲交通,5.13,5.2,4.86,4.89,4.88,0.25,5.123,1.7388,14498449,73094921.0,4277401859.16,4277401859.16,None
2016-03-01,'600368,五洲交通,4.88,4.93,4.72,4.78,4.77,0.11,2.3061,0.9852,8214427,39767122.0,4068951476.16,4068951476.16,None
2016-02-29,'600368,五洲交通,4.77,4.94,4.6,4.93,4.96,-0.19,-3.8306,1.1956,9969064,46929730.0,3977233307.64,3977233307.64,None
2016-02-26,'600368,五洲交通,4.96,4.99,4.83,4.9,4.88,0.08,1.6393,1.213,10114228,49796237.0,4135655598.72,4135655598.72,None
2016-02-25,'600368,五洲交通,4.88,5.39,4.87,5.39,5.41,-0.53,-9.7967,2.6131,21787942,111044074.0,4068951476.16,4068951476.16,None
2016-02-24,'600368,五洲交通,5.41,5.46,5.29,5.35,5.45,-0.04,-0.7339,2.5974,21657212,116482917.0,4510866288.12,4510866288.12,None
2016-02-23,'600368,五洲交通,5.45,5.49,5.14,5.21,5.26,0.19,3.6122,3.4373,28659907,151767300.0,4544218349.4,4544218349.4,None
2016-02-22,'600368,五洲交通,5.26,5.3,5.1,5.17,5.11,0.15,2.9354,2.0132,16786001,87173425.0,4385796058.32,4385796058.32,None
2016-02-19,'600368,五洲交通,5.11,5.14,5.03,5.07,5.07,0.04,0.789,1.0283,8574257,43628291.0,4260725828.52,4260725828.52,None
2016-02-18,'600368,五洲交通,5.07,5.15,5.05,5.1,5.09,-0.02,-0.3929,1.4642,12208841,62171127.0,4227373767.24,4227373767.24,None
2016-02-17,'600368,五洲交通,5.09,5.1,4.98,5.03,5.03,0.06,1.1928,1.4981,12491197,62997312.0,4244049797.88,4244049797.88,None
2016-02-16,'600368,五洲交通,5.03,5.05,4.83,4.83,4.81,0.22,4.5738,1.5285,12744393,63469188.0,4194021705.96,4194021705.96,None
2016-02-15,'600368,五洲交通,4.81,4.86,4.61,4.71,4.92,-0.11,-2.2358,0.8387,6992804,33326329.0,4010585368.92,4010585368.92,None
2016-02-05,'600368,五洲交通,4.92,5.04,4.91,4.95,4.95,-0.03,-0.6061,1.0939,9121021,45327251.0,4102303537.44,4102303537.44,None
2016-02-04,'600368,五洲交通,4.95,5.0,4.9,4.95,4.83,0.12,2.4845,1.3229,11030716,54543964.0,4127317583.4,4127317583.4,None
2016-02-03,'600368,五洲交通,4.83,4.9,4.71,4.79,4.88,-0.05,-1.0246,1.1507,9594638,45877144.0,4027261399.56,4027261399.56,None
2016-02-02,'600368,五洲交通,4.88,4.96,4.71,4.72,4.76,0.12,2.521,1.3063,10892363,52976914.0,4068951476.16,4068951476.16,None
2016-02-01,'600368,五洲交通,4.76,4.9,4.68,4.82,4.98,-0.22,-4.4177,1.6853,14052064,67328441.0,3968895292.32,3968895292.32,None
2016-01-29,'600368,五洲交通,4.98,5.12,4.57,4.62,4.9,0.08,1.6327,3.4,28349099,136859525.0,4152331629.36,4152331629.36,None
2016-01-28,'600368,五洲交通,4.9,5.07,4.62,4.68,4.61,0.29,6.2907,4.035,33644165,167976189.0,4085627506.8,4085627506.8,None
2016-01-27,'600368,五洲交通,4.61,4.79,4.45,4.75,4.72,-0.11,-2.3305,1.0164,8474408,39003440.0,3843825062.52,3843825062.52,None
2016-01-26,'600368,五洲交通,4.72,5.17,4.68,5.12,5.18,-0.46,-8.8803,1.1547,9628250,47639539.0,3935543231.04,3935543231.04,None
2016-01-25,'600368,五洲交通,5.18,5.22,5.11,5.15,5.11,0.07,1.3699,0.7436,6200345,32028675.0,4319091935.76,4319091935.76,None
2016-01-22,'600368,五洲交通,5.11,5.13,4.95,5.09,5.03,0.08,1.5905,0.9008,7510846,38024555.0,4260725828.52,4260725828.52,None
2016-01-21,'600368,五洲交通,5.03,5.24,5.0,5.11,5.2,-0.17,-3.2692,1.0838,9036580,46382679.0,4194021705.96,4194021705.96,None
2016-01-20,'600368,五洲交通,5.2,5.28,5.15,5.18,5.2,0.0,0.0,1.316,10972455,57264874.0,4335767966.4,4335767966.4,None
2016-01-19,'600368,五洲交通,5.2,5.22,4.98,5.03,5.04,0.16,3.1746,1.2005,10009689,51402560.0,4335767966.4,4335767966.4,None
2016-01-18,'600368,五洲交通,5.04,5.09,4.89,4.96,4.98,0.06,1.2048,0.7867,6559810,32884933.0,4202359721.28,4202359721.28,None
2016-01-15,'600368,五洲交通,4.98,5.18,4.88,5.11,5.15,-0.17,-3.301,0.8603,7173583,36216526.0,4152331629.36,4152331629.36,None
2016-01-14,'600368,五洲交通,5.15,5.16,4.8,4.88,4.99,0.16,3.2064,0.9447,7876531,39411400.0,4294077889.8,4294077889.8,None
2016-01-13,'600368,五洲交通,4.99,5.23,4.97,5.19,5.14,-0.15,-2.9183,0.9162,7639021,39203328.0,4160669644.68,4160669644.68,None
2016-01-12,'600368,五洲交通,5.14,5.18,4.99,5.11,5.08,0.06,1.1811,1.2588,10496136,53650282.0,4285739874.48,4285739874.48,None
2016-01-11,'600368,五洲交通,5.08,5.55,5.02,5.5,5.55,-0.47,-8.4685,1.5655,13053544,69042097.0,4235711782.56,4235711782.56,None
2016-01-08,'600368,五洲交通,5.55,5.73,5.27,5.66,5.44,0.11,2.0221,1.553,12949223,71745841.0,4627598502.6,4627598502.6,None
2016-01-07,'600368,五洲交通,5.44,5.98,5.42,5.98,6.01,-0.57,-9.4842,0.4089,3409800,19509948.0,4535880334.08,4535880334.08,None
2016-01-06,'600368,五洲交通,6.01,6.01,5.82,5.87,5.82,0.19,3.2646,1.6739,13956935,82462904.0,5011147207.32,5011147207.32,None
2016-01-05,'600368,五洲交通,5.82,6.05,5.6,5.75,5.93,-0.11,-1.855,2.1468,17899877,103640101.0,4852724916.24,4852724916.24,None
2016-01-04,'600368,五洲交通,5.93,6.54,5.92,6.53,6.57,-0.64,-9.7412,1.785,14883089,93018515.0,4944443084.76,4944443084.76,None
