日期,股票代码,名称,收盘价,最高价,最低价,开盘价,前收盘,涨跌额,涨跌幅,换手率,成交量,成交金额,总市值,流通市值,成交笔数
2016-10-12,'603188,亚邦股份,18.19,18.23,18.01,18.07,18.15,0.04,0.2204,0.8092,3066943,55562660.0,10477440000.0,6894155520.0,None
2016-10-11,'603188,亚邦股份,18.15,18.18,18.0,18.1,18.1,0.05,0.2762,0.8514,3226829,58354215.0,10454400000.0,6878995200.0,None
2016-10-10,'603188,亚邦股份,18.1,18.11,17.88,18.06,17.83,0.27,1.5143,0.9662,3661999,66034897.0,10425600000.0,6860044800.0,None
2016-09-30,'603188,亚邦股份,17.83,17.94,17.5,17.54,17.52,0.31,1.7694,0.7021,2661004,47208807.0,10270080000.0,6757712640.0,None
2016-09-29,'603188,亚邦股份,17.52,17.73,17.5,17.73,17.61,-0.09,-0.5111,0.7073,2680685,47234806.0,10091520000.0,6640220160.0,None
2016-09-28,'603188,亚邦股份,17.61,17.73,17.52,17.68,17.68,-0.07,-0.3959,0.4443,1684041,29638097.0,10143360000.0,6674330880.0,None
2016-09-27,'603188,亚邦股份,17.68,17.69,17.45,17.47,17.52,0.16,0.9132,0.6683,2532982,44385584.0,10183680000.0,6700861440.0,None
2016-09-26,'603188,亚邦股份,17.52,17.91,17.5,17.91,17.86,-0.34,-1.9037,0.9333,3537176,62361608.0,10091520000.0,6640220160.0,None
2016-09-23,'603188,亚邦股份,17.86,18.07,17.83,17.98,17.99,-0.13,-0.7226,0.7886,2988971,53500866.0,10287360000.0,6769082880.0,None
2016-09-22,'603188,亚邦股份,17.99,18.14,17.96,18.0,17.87,0.12,0.6715,0.94,3562834,64291167.0,10362240000.0,6818353920.0,None
2016-09-21,'603188,亚邦股份,17.87,18.08,17.81,18.03,18.03,-0.16,-0.8874,0.8303,3147044,56465676.0,10293120000.0,6772872960.0,None
2016-09-20,'603188,亚邦股份,18.03,18.15,17.67,17.72,17.73,0.3,1.692,1.3713,5197323,93164485.0,10385280000.0,6833514240.0,None
2016-09-19,'603188,亚邦股份,17.73,17.74,17.61,17.63,17.6,0.13,0.7386,0.7748,2936443,51915602.0,10212480000.0,6719811840.0,None
2016-09-14,'603188,亚邦股份,17.6,17.85,17.5,17.75,17.79,-0.19,-1.068,0.9323,3533557,62472961.0,10137600000.0,6670540800.0,None
2016-09-13,'603188,亚邦股份,17.79,17.93,17.7,17.8,17.74,0.05,0.2818,0.7485,2836998,50414950.0,10247040000.0,6742552320.0,None
2016-09-12,'603188,亚邦股份,17.74,18.0,17.64,18.0,18.23,-0.49,-2.6879,1.4697,5570279,99217802.0,10218240000.0,6723601920.0,None
2016-09-09,'603188,亚邦股份,18.23,18.65,18.23,18.53,18.58,-0.35,-1.8837,1.1879,4502213,82656780.0,10500480000.0,6909315840.0,None
2016-09-08,'603188,亚邦股份,18.58,18.7,18.4,18.6,18.65,-0.07,-0.3753,0.9828,3724891,69070824.0,10702080000.0,7041968640.0,None
2016-09-07,'603188,亚邦股份,18.65,18.78,18.63,18.73,18.71,-0.06,-0.3207,0.761,2884188,53957762.0,10742400000.0,7068499200.0,None
2016-09-06,'603188,亚邦股份,18.71,18.73,18.2,18.54,18.42,0.29,1.5744,1.019,3861903,71519642.0,10776960000.0,7091239680.0,None
2016-09-05,'603188,亚邦股份,18.42,18.55,18.32,18.46,18.31,0.11,0.6008,0.9865,3739000,68974756.0,10609920000.0,6981327360.0,None
2016-09-02,'603188,亚邦股份,18.31,18.93,18.3,18.88,18.98,-0.67,-3.53,2.3307,8833482,164128446.0,10546560000.0,6939636480.0,None
2016-09-01,'603188,亚邦股份,18.98,19.54,18.97,19.54,19.44,-0.46,-2.3663,1.4283,5413246,103777106.0,10932480000.0,7193571840.0,None
2016-08-31,'603188,亚邦股份,19.44,19.54,19.24,19.45,19.42,0.02,0.103,0.7869,2982225,57734735.0,11197440000.0,7367915520.0,None
2016-08-30,'603188,亚邦股份,19.42,19.63,19.35,19.39,19.39,0.03,0.1547,0.9512,3604953,70271408.0,11185920000.0,7360335360.0,None
2016-08-29,'603188,亚邦股份,19.39,19.44,19.21,19.25,19.22,0.17,0.8845,0.7837,2970190,57438870.0,11168640000.0,7348965120.0,None
2016-08-26,'603188,亚邦股份,19.22,19.44,19.15,19.18,19.19,0.03,0.1563,1.1498,4357988,84048525.0,11070720000.0,7284533760.0,None
2016-08-25,'603188,亚邦股份,19.19,19.21,18.93,19.16,19.27,-0.08,-0.4152,1.2382,4693008,89519771.0,11053440000.0,7273163520.0,None
2016-08-24,'603188,亚邦股份,19.27,19.47,19.23,19.39,19.36,-0.09,-0.4649,1.0366,3928715,75969414.0,11099520000.0,7303484160.0,None
2016-08-23,'603188,亚邦股份,19.36,19.54,19.23,19.47,19.39,-0.03,-0.1547,0.8663,3283323,63609003.0,11151360000.0,7337594880.0,None
2016-08-22,'603188,亚邦股份,19.39,19.57,19.32,19.35,19.44,-0.05,-0.2572,0.8229,3118994,60597702.0,11168640000.0,7348965120.0,None
2016-08-19,'603188,亚邦股份,19.44,19.8,19.35,19.73,19.78,-0.34,-1.7189,1.8327,6946170,135211873.0,11197440000.0,7367915520.0,None
2016-08-18,'603188,亚邦股份,19.78,20.53,19.75,20.2,20.25,-0.47,-2.321,2.0541,7785305,156582497.0,11393280000.0,7496778240.0,None
2016-08-17,'603188,亚邦股份,20.25,20.34,19.6,19.98,19.9,0.35,1.7588,1.9854,7524806,150414326.0,11664000000.0,7674912000.0,None
2016-08-16,'603188,亚邦股份,19.9,20.14,19.77,19.98,19.99,-0.09,-0.4502,1.425,5400847,107602050.0,11462400000.0,7542259200.0,None
2016-08-15,'603188,亚邦股份,19.99,20.14,19.48,19.63,19.65,0.34,1.7303,1.7915,6789994,134887075.0,11514240000.0,7576369920.0,None
2016-08-12,'603188,亚邦股份,19.65,19.8,19.11,19.19,19.28,0.37,1.9191,1.7965,6808816,132955728.0,11318400000.0,7447507200.0,None
2016-08-11,'603188,亚邦股份,19.28,20.17,19.27,20.17,20.1,-0.82,-4.0796,2.6885,10189607,199423064.0,11105280000.0,7307274240.0,None
2016-08-10,'603188,亚邦股份,20.1,20.54,20.05,20.45,20.42,-0.32,-1.5671,2.3179,8785156,177582344.0,11577600000.0,7618060800.0,None
2016-08-09,'603188,亚邦股份,20.42,20.55,19.63,19.89,19.92,0.5,2.51,2.7575,10451240,211046377.0,11761920000.0,7739343360.0,None
2016-08-08,'603188,亚邦股份,19.92,19.97,19.45,19.87,19.83,0.09,0.4539,1.5136,5736664,112872541.0,11473920000.0,7549839360.0,None
2016-08-05,'603188,亚邦股份,19.83,20.05,19.55,19.66,19.67,0.16,0.8134,1.6766,6354588,126077504.0,11422080000.0,7515728640.0,None
2016-08-04,'603188,亚邦股份,19.67,19.85,19.43,19.48,19.48,0.19,0.9754,1.471,5575267,109830701.0,11329920000.0,7455087360.0,None
2016-08-03,'603188,亚邦股份,19.48,19.81,19.36,19.69,19.84,-0.36,-1.8145,1.8074,6850192,133725762.0,11220480000.0,7383075840.0,None
2016-08-02,'603188,亚邦股份,19.84,19.89,19.16,19.53,19.63,0.21,1.0698,1.6823,6375965,124932290.0,11427840000.0,7519518720.0,None
2016-08-01,'603188,亚邦股份,19.63,20.42,19.4,20.4,20.53,-0.9,-4.3838,2.738,10377237,205440307.0,11306880000.0,7439927040.0,None
2016-07-29,'603188,亚邦股份,20.53,21.38,20.5,20.9,20.71,-0.18,-0.8691,4.966,18821472,394788235.0,11825280000.0,7781034240.0,None
2016-07-28,'603188,亚邦股份,20.71,20.8,19.49,19.68,19.66,1.05,5.3408,3.832,14523412,291008091.0,11928960000.0,7849255680.0,None
2016-07-27,'603188,亚邦股份,19.66,20.87,19.0,20.68,20.66,-1.0,-4.8403,3.4922,13235683,265978592.0,11324160000.0,7451297280.0,None
2016-07-26,'603188,亚邦股份,20.66,20.78,20.37,20.66,20.8,-0.14,-0.6731,2.1659,8208863,168957683.0,11900160000.0,7830305280.0,None
2016-07-25,'603188,亚邦股份,20.8,20.85,20.11,20.4,20.35,0.45,2.2113,2.963,11230088,230516734.0,11980800000.0,7883366400.0,None
2016-07-22,'603188,亚邦股份,20.35,20.82,20.15,20.81,20.91,-0.56,-2.6781,2.6546,10061166,206060292.0,11721600000.0,7712812800.0,None
2016-07-21,'603188,亚邦股份,20.91,21.55,20.78,21.39,21.39,-0.48,-2.244,3.7366,14162033,298640171.0,12044160000.0,7925057280.0,None
2016-07-20,'603188,亚邦股份,21.39,21.9,20.58,20.79,21.26,0.13,0.6115,6.8009,25776137,544137333.0,12320640000.0,8106981120.0,None
2016-07-19,'603188,亚邦股份,21.26,21.26,19.23,19.32,19.33,1.93,9.9845,6.5637,24876827,508418152.0,12245760000.0,8057710080.0,None
2016-07-18,'603188,亚邦股份,19.33,20.1,19.01,19.66,20.29,-0.96,-4.7314,5.638,21368629,413898691.0,11134080000.0,7326224640.0,None
2016-07-15,'603188,亚邦股份,20.29,20.93,20.03,20.03,19.93,0.36,1.8063,7.5797,28727728,588791251.0,11687040000.0,7690072320.0,None
2016-07-14,'603188,亚邦股份,19.93,19.97,18.6,18.6,18.74,1.19,6.3501,6.1725,23394343,457193526.0,11479680000.0,7553629440.0,None
2016-07-13,'603188,亚邦股份,18.74,18.84,18.29,18.45,18.41,0.33,1.7925,2.7312,10351375,192958237.0,10794240000.0,7102609920.0,None
2016-07-12,'603188,亚邦股份,18.41,18.45,17.86,18.12,18.17,0.24,1.3209,1.8724,7096414,128872544.0,10604160000.0,6977537280.0,None
2016-07-11,'603188,亚邦股份,18.17,18.6,18.13,18.26,18.25,-0.08,-0.4384,1.9124,7248092,133672122.0,10465920000.0,6886575360.0,None
2016-07-08,'603188,亚邦股份,18.25,18.38,18.07,18.28,18.29,-0.04,-0.2187,1.0724,4064483,74052054.0,10512000000.0,6916896000.0,None
2016-07-07,'603188,亚邦股份,18.29,18.46,18.03,18.45,18.49,-0.2,-1.0817,1.5519,5881891,107501694.0,10535040000.0,6932056320.0,None
2016-07-06,'603188,亚邦股份,18.49,18.57,18.19,18.3,18.35,0.14,0.7629,1.7169,6507131,119745829.0,10650240000.0,7007857920.0,None
2016-07-05,'603188,亚邦股份,18.35,18.46,18.2,18.38,18.47,-0.12,-0.6497,2.1303,8073861,147872468.0,10569600000.0,6954796800.0,None
2016-07-04,'603188,亚邦股份,18.47,18.67,17.71,17.75,17.84,0.63,3.5314,3.6824,13956522,256556212.0,10638720000.0,7000277760.0,None
2016-07-01,'603188,亚邦股份,17.84,18.04,17.71,17.92,17.96,-0.12,-0.6682,1.094,4146408,73961914.0,10275840000.0,6761502720.0,None
2016-06-30,'603188,亚邦股份,17.96,18.07,17.69,17.74,17.68,0.28,1.5837,1.6841,6382953,114384374.0,10344960000.0,6806983680.0,None
2016-06-29,'603188,亚邦股份,17.68,18.11,17.65,17.8,17.77,-0.09,-0.5065,1.7125,6490386,115988099.0,10183680000.0,6700861440.0,None
2016-06-28,'603188,亚邦股份,17.77,17.79,17.43,17.47,17.59,0.18,1.0233,1.4537,5509668,97272709.0,10235520000.0,6734972160.0,None
2016-06-27,'603188,亚邦股份,17.59,17.63,17.01,17.1,17.14,0.45,2.6254,1.3322,5049329,88018896.0,10131840000.0,6666750720.0,None
2016-06-24,'603188,亚邦股份,17.14,17.88,16.8,17.66,17.7,-0.56,-3.1638,1.9381,7345568,127271982.0,9872640000.0,6496197120.0,None
2016-06-23,'603188,亚邦股份,17.7,18.14,17.63,17.89,17.87,-0.17,-0.9513,1.9138,7253454,129483651.0,10195200000.0,6708441600.0,None
2016-06-22,'603188,亚邦股份,17.87,17.89,17.51,17.89,17.86,0.01,0.056,1.897,7189800,127457885.0,10293120000.0,6772872960.0,None
2016-06-21,'603188,亚邦股份,17.86,17.98,17.3,17.41,17.24,0.62,3.5963,2.9318,11111683,196012771.0,10287360000.0,6769082880.0,None
2016-06-20,'603188,亚邦股份,17.24,17.39,16.99,17.35,17.25,-0.01,-0.058,0.9347,3542750,60831364.0,9930240000.0,6534097920.0,None
2016-06-17,'603188,亚邦股份,17.25,17.56,17.06,17.08,17.08,0.17,0.9953,1.4824,5618378,97479858.0,9936000000.0,6537888000.0,None
2016-06-16,'603188,亚邦股份,17.08,17.21,16.92,17.12,17.13,-0.05,-0.2919,1.1633,4409070,75244117.0,9838080000.0,6473456640.0,None
2016-06-15,'603188,亚邦股份,17.13,17.23,16.24,16.24,16.41,0.72,4.3876,1.7129,6492009,109607235.0,9866880000.0,6492407040.0,None
2016-06-14,'603188,亚邦股份,16.41,16.75,16.25,16.55,16.63,-0.22,-1.3229,1.1262,4268375,70020664.0,9452160000.0,6219521280.0,None
2016-06-13,'603188,亚邦股份,16.63,17.39,16.6,17.35,17.63,-1.0,-5.6721,1.9133,7251684,124121556.0,9578880000.0,6302903040.0,None
2016-06-08,'603188,亚邦股份,17.63,17.76,17.32,17.54,17.63,0.0,0.0,1.9961,7565224,133119605.0,10154880000.0,6681911040.0,None
2016-06-07,'603188,XD亚邦股,17.63,17.8,17.32,17.8,17.81,-0.18,-1.0107,1.9373,7342455,128532742.0,10154880000.0,6681911040.0,None
2016-06-06,'603188,亚邦股份,18.31,18.49,18.14,18.39,18.38,-0.07,-0.3808,1.7906,6786384,123980584.0,10546560000.0,6939636480.0,None
2016-06-03,'603188,亚邦股份,18.38,18.5,18.11,18.36,18.46,-0.08,-0.4334,2.4996,9473677,173503208.0,10586880000.0,6966167040.0,None
2016-06-02,'603188,亚邦股份,18.46,18.6,17.4,17.55,17.52,0.94,5.3653,3.7815,14332259,259551081.0,10632960000.0,6996487680.0,None
2016-06-01,'603188,亚邦股份,17.52,17.75,17.45,17.6,17.56,-0.04,-0.2278,2.1652,8206443,144159066.0,10091520000.0,6640220160.0,None
2016-05-31,'603188,亚邦股份,17.56,17.58,16.55,16.58,16.46,1.1,6.6829,2.2102,8376875,143803833.0,10114560000.0,6655380480.0,None
2016-05-30,'603188,亚邦股份,16.46,16.7,16.36,16.7,16.8,-0.34,-2.0238,0.9143,3465201,57272275.0,9480960000.0,6238471680.0,None
2016-05-27,'603188,亚邦股份,16.8,17.03,16.61,16.92,16.9,-0.1,-0.5917,1.1567,4383954,73659067.0,9676800000.0,6367334400.0,None
2016-05-26,'603188,亚邦股份,16.9,17.1,16.38,16.92,16.96,-0.06,-0.3538,1.4093,5341261,89172891.0,9734400000.0,6405235200.0,None
2016-05-25,'603188,亚邦股份,16.96,17.46,16.92,17.28,17.11,-0.15,-0.8767,1.2116,4592030,78932760.0,9768960000.0,6427975680.0,None
2016-05-24,'603188,亚邦股份,17.11,17.54,16.95,17.5,17.57,-0.46,-2.6181,1.4258,5404077,92986564.0,9855360000.0,6484826880.0,None
2016-05-23,'603188,亚邦股份,17.57,17.71,17.32,17.51,17.44,0.13,0.7454,2.1226,8044942,140921180.0,10120320000.0,6659170560.0,None
2016-05-20,'603188,亚邦股份,17.44,17.47,16.75,16.87,17.14,0.3,1.7503,1.8183,6891629,118611271.0,10045440000.0,6609899520.0,None
2016-05-19,'603188,亚邦股份,17.14,17.47,16.98,17.0,17.05,0.09,0.5279,1.9778,7496088,129383838.0,9872640000.0,6496197120.0,None
2016-05-18,'603188,亚邦股份,17.05,17.24,16.65,17.24,17.4,-0.35,-2.0115,1.9892,7539257,127952230.0,9820800000.0,6462086400.0,None
2016-05-17,'603188,亚邦股份,17.4,17.88,17.26,17.5,17.69,-0.29,-1.6393,2.7898,10573418,185339812.0,10022400000.0,6594739200.0,None
2016-05-16,'603188,亚邦股份,17.69,17.85,16.92,17.5,17.38,0.31,1.7837,3.7656,14271910,249570004.0,10189440000.0,6704651520.0,None
2016-05-13,'603188,亚邦股份,17.38,17.67,16.05,16.15,16.18,1.2,7.4166,3.0271,11473041,193287484.0,10010880000.0,6587159040.0,None
2016-05-12,'603188,亚邦股份,16.18,16.19,15.2,15.5,15.73,0.45,2.8608,1.2042,4563882,71581321.0,9319680000.0,6132349440.0,None
2016-05-11,'603188,亚邦股份,15.73,15.95,15.53,15.92,15.75,-0.02,-0.127,0.8166,3094804,48808341.0,9060480000.0,5961795840.0,None
2016-05-10,'603188,亚邦股份,15.75,15.88,15.65,15.65,15.81,-0.06,-0.3795,0.753,2853888,45004416.0,9072000000.0,5969376000.0,None
2016-05-09,'603188,亚邦股份,15.81,16.43,15.64,16.42,16.37,-0.56,-3.4209,1.4535,5508983,87778198.0,9106560000.0,5992116480.0,None
2016-05-06,'603188,亚邦股份,16.37,17.27,16.36,17.1,17.2,-0.83,-4.8256,1.8479,7003808,117794439.0,9429120000.0,6204360960.0,None
2016-05-05,'603188,亚邦股份,17.2,17.26,16.91,17.16,17.27,-0.07,-0.4053,1.4325,5429251,92743830.0,9907200000.0,6518937600.0,None
2016-05-04,'603188,亚邦股份,17.27,17.4,17.11,17.31,17.47,-0.2,-1.1448,1.7577,6661694,114937924.0,9947520000.0,6545468160.0,None
2016-05-03,'603188,亚邦股份,17.47,17.48,16.8,17.1,17.36,0.11,0.6336,2.5651,9722035,167450247.0,10062720000.0,6621269760.0,None
2016-04-29,'603188,亚邦股份,17.36,17.98,16.85,17.0,16.75,0.61,3.6418,3.6141,13697819,239710862.0,9999360000.0,6579578880.0,None
2016-04-28,'603188,亚邦股份,0.0,0.0,0.0,0.0,16.75,None,None,0.0,0,0.0,9648000000.0,6348384000.0,None
2016-04-27,'603188,亚邦股份,0.0,0.0,0.0,0.0,16.75,None,None,0.0,0,0.0,9648000000.0,6348384000.0,None
2016-04-26,'603188,亚邦股份,0.0,0.0,0.0,0.0,16.75,None,None,0.0,0,0.0,9648000000.0,6348384000.0,None
2016-04-25,'603188,亚邦股份,0.0,0.0,0.0,0.0,16.75,None,None,0.0,0,0.0,9648000000.0,6348384000.0,None
2016-04-22,'603188,亚邦股份,0.0,0.0,0.0,0.0,16.75,None,None,0.0,0,0.0,9648000000.0,6348384000.0,None
2016-04-21,'603188,亚邦股份,0.0,0.0,0.0,0.0,16.75,None,None,0.0,0,0.0,9648000000.0,6348384000.0,None
2016-04-20,'603188,亚邦股份,0.0,0.0,0.0,0.0,16.75,None,None,0.0,0,0.0,9648000000.0,6348384000.0,None
2016-04-19,'603188,亚邦股份,0.0,0.0,0.0,0.0,16.75,None,None,0.0,0,0.0,9648000000.0,6348384000.0,None
2016-04-18,'603188,亚邦股份,0.0,0.0,0.0,0.0,16.75,None,None,0.0,0,0.0,9648000000.0,6348384000.0,None
2016-04-15,'603188,亚邦股份,0.0,0.0,0.0,0.0,16.75,None,None,0.0,0,0.0,9648000000.0,6348384000.0,None
2016-04-14,'603188,亚邦股份,0.0,0.0,0.0,0.0,16.75,None,None,0.0,0,0.0,9648000000.0,6348384000.0,None
2016-04-13,'603188,亚邦股份,0.0,0.0,0.0,0.0,16.75,None,None,0.0,0,0.0,9648000000.0,6348384000.0,None
2016-04-12,'603188,亚邦股份,0.0,0.0,0.0,0.0,16.75,None,None,0.0,0,0.0,9648000000.0,6348384000.0,None
2016-04-11,'603188,亚邦股份,0.0,0.0,0.0,0.0,16.75,None,None,0.0,0,0.0,9648000000.0,6348384000.0,None
2016-04-08,'603188,亚邦股份,0.0,0.0,0.0,0.0,16.75,None,None,0.0,0,0.0,9648000000.0,6348384000.0,None
2016-04-07,'603188,亚邦股份,0.0,0.0,0.0,0.0,16.75,None,None,0.0,0,0.0,9648000000.0,6348384000.0,None
2016-04-06,'603188,亚邦股份,0.0,0.0,0.0,0.0,16.75,None,None,0.0,0,0.0,9648000000.0,6348384000.0,None
2016-04-05,'603188,亚邦股份,0.0,0.0,0.0,0.0,16.75,None,None,0.0,0,0.0,9648000000.0,6348384000.0,None
2016-04-01,'603188,亚邦股份,0.0,0.0,0.0,0.0,16.75,None,None,0.0,0,0.0,9648000000.0,6348384000.0,None
2016-03-31,'603188,亚邦股份,0.0,0.0,0.0,0.0,16.75,None,None,0.0,0,0.0,9648000000.0,6348384000.0,None
2016-03-30,'603188,亚邦股份,0.0,0.0,0.0,0.0,16.75,None,None,0.0,0,0.0,9648000000.0,6348384000.0,None
2016-03-29,'603188,亚邦股份,0.0,0.0,0.0,0.0,16.75,None,None,0.0,0,0.0,9648000000.0,6348384000.0,None
2016-03-28,'603188,亚邦股份,0.0,0.0,0.0,0.0,16.75,None,None,0.0,0,0.0,9648000000.0,6348384000.0,None
2016-03-25,'603188,亚邦股份,0.0,0.0,0.0,0.0,16.75,None,None,0.0,0,0.0,9648000000.0,6348384000.0,None
2016-03-24,'603188,亚邦股份,0.0,0.0,0.0,0.0,16.75,None,None,0.0,0,0.0,9648000000.0,6348384000.0,None
2016-03-23,'603188,亚邦股份,0.0,0.0,0.0,0.0,16.75,None,None,0.0,0,0.0,9648000000.0,6348384000.0,None
2016-03-22,'603188,亚邦股份,0.0,0.0,0.0,0.0,16.75,None,None,0.0,0,0.0,9648000000.0,6348384000.0,None
2016-03-21,'603188,亚邦股份,0.0,0.0,0.0,0.0,16.75,None,None,0.0,0,0.0,9648000000.0,6348384000.0,None
2016-03-18,'603188,亚邦股份,0.0,0.0,0.0,0.0,16.75,None,None,0.0,0,0.0,9648000000.0,6348384000.0,None
2016-03-17,'603188,亚邦股份,0.0,0.0,0.0,0.0,16.75,None,None,0.0,0,0.0,9648000000.0,6348384000.0,None
2016-03-16,'603188,亚邦股份,0.0,0.0,0.0,0.0,16.75,None,None,0.0,0,0.0,9648000000.0,6348384000.0,None
2016-03-15,'603188,亚邦股份,0.0,0.0,0.0,0.0,16.75,None,None,0.0,0,0.0,9648000000.0,6348384000.0,None
2016-03-14,'603188,亚邦股份,0.0,0.0,0.0,0.0,16.75,None,None,0.0,0,0.0,9648000000.0,6348384000.0,None
2016-03-11,'603188,亚邦股份,0.0,0.0,0.0,0.0,16.75,None,None,0.0,0,0.0,9648000000.0,6348384000.0,None
2016-03-10,'603188,亚邦股份,0.0,0.0,0.0,0.0,16.75,None,None,0.0,0,0.0,9648000000.0,6348384000.0,None
2016-03-09,'603188,亚邦股份,0.0,0.0,0.0,0.0,16.75,None,None,0.0,0,0.0,9648000000.0,6348384000.0,None
2016-03-08,'603188,亚邦股份,0.0,0.0,0.0,0.0,16.75,None,None,0.0,0,0.0,9648000000.0,6348384000.0,None
2016-03-07,'603188,亚邦股份,0.0,0.0,0.0,0.0,16.75,None,None,0.0,0,0.0,9648000000.0,6348384000.0,None
2016-03-04,'603188,亚邦股份,0.0,0.0,0.0,0.0,16.75,None,None,0.0,0,0.0,9648000000.0,6348384000.0,None
2016-03-03,'603188,亚邦股份,0.0,0.0,0.0,0.0,16.75,None,None,0.0,0,0.0,9648000000.0,6348384000.0,None
2016-03-02,'603188,亚邦股份,0.0,0.0,0.0,0.0,16.75,None,None,0.0,0,0.0,9648000000.0,6348384000.0,None
2016-03-01,'603188,亚邦股份,0.0,0.0,0.0,0.0,16.75,None,None,0.0,0,0.0,9648000000.0,6348384000.0,None
2016-02-29,'603188,亚邦股份,0.0,0.0,0.0,0.0,16.75,None,None,0.0,0,0.0,9648000000.0,6348384000.0,None
2016-02-26,'603188,亚邦股份,0.0,0.0,0.0,0.0,16.75,None,None,0.0,0,0.0,9648000000.0,6348384000.0,None
2016-02-25,'603188,亚邦股份,0.0,0.0,0.0,0.0,16.75,None,None,0.0,0,0.0,9648000000.0,6348384000.0,None
2016-02-24,'603188,亚邦股份,0.0,0.0,0.0,0.0,16.75,None,None,0.0,0,0.0,9648000000.0,6348384000.0,None
2016-02-23,'603188,亚邦股份,0.0,0.0,0.0,0.0,16.75,None,None,0.0,0,0.0,9648000000.0,6348384000.0,None
2016-02-22,'603188,亚邦股份,0.0,0.0,0.0,0.0,16.75,None,None,0.0,0,0.0,9648000000.0,6348384000.0,None
2016-02-19,'603188,亚邦股份,16.75,16.8,16.26,16.32,16.4,0.35,2.1341,1.9267,7302201,120652167.0,9648000000.0,6348384000.0,None
2016-02-18,'603188,亚邦股份,16.4,16.69,16.35,16.46,16.37,0.03,0.1833,2.0189,7651692,126356488.0,9446400000.0,6215731200.0,None
2016-02-17,'603188,亚邦股份,16.37,16.43,16.11,16.2,16.34,0.03,0.1836,1.5082,5716191,92847473.0,9429120000.0,6204360960.0,None
2016-02-16,'603188,亚邦股份,16.34,16.48,15.66,15.69,15.65,0.69,4.4089,1.6513,6258464,100818681.0,9411840000.0,6192990720.0,None
2016-02-15,'603188,亚邦股份,15.65,15.77,15.26,15.34,15.92,-0.27,-1.696,0.7157,2712476,42036270.0,9014400000.0,5931475200.0,None
2016-02-05,'603188,亚邦股份,15.92,16.08,15.88,15.96,16.05,-0.13,-0.81,1.2555,4758511,76018081.0,9169920000.0,6033807360.0,None
2016-02-04,'603188,亚邦股份,16.05,16.1,15.73,15.73,15.76,0.29,1.8401,1.4217,5388356,86069670.0,9244800000.0,6083078400.0,None
2016-02-03,'603188,亚邦股份,15.76,15.86,15.4,15.6,15.9,-0.14,-0.8805,1.3209,5006334,77974058.0,9077760000.0,5973166080.0,None
2016-02-02,'603188,亚邦股份,15.9,15.96,15.2,15.4,15.39,0.51,3.3138,1.2555,4758262,74995486.0,9158400000.0,6026227200.0,None
2016-02-01,'603188,亚邦股份,15.39,15.74,15.14,15.69,15.58,-0.19,-1.2195,0.7416,2810693,43404113.0,8864640000.0,5832933120.0,None
2016-01-29,'603188,亚邦股份,15.58,15.82,15.15,15.16,15.16,0.42,2.7704,1.1221,4253002,66238090.0,8974080000.0,5904944640.0,None
2016-01-28,'603188,亚邦股份,15.16,15.92,15.11,15.6,15.79,-0.63,-3.9899,0.6495,2461571,38309013.0,8732160000.0,5745761280.0,None
2016-01-27,'603188,亚邦股份,15.79,16.29,15.15,16.09,16.08,-0.29,-1.8035,1.2337,4676004,73509877.0,9095040000.0,5984536320.0,None
2016-01-26,'603188,亚邦股份,16.08,17.3,16.01,17.3,17.51,-1.43,-8.1668,1.2907,4891800,81721657.0,9262080000.0,6094448640.0,None
2016-01-25,'603188,亚邦股份,17.51,17.74,17.3,17.5,17.28,0.23,1.331,0.6493,2460762,43122177.0,10085760000.0,6636430080.0,None
2016-01-22,'603188,亚邦股份,17.28,17.47,16.88,17.22,17.04,0.24,1.4085,0.7172,2718181,46675094.0,9953280000.0,6549258240.0,None
2016-01-21,'603188,亚邦股份,17.04,17.89,17.0,17.5,17.73,-0.69,-3.8917,0.9818,3721002,65040408.0,9815040000.0,6458296320.0,None
2016-01-20,'603188,亚邦股份,17.73,18.14,17.64,17.9,18.06,-0.33,-1.8272,1.0246,3883308,69399234.0,10212480000.0,6719811840.0,None
2016-01-19,'603188,亚邦股份,18.06,18.08,17.21,17.21,17.42,0.64,3.6739,1.3119,4972129,88192760.0,10402560000.0,6844884480.0,None
2016-01-18,'603188,亚邦股份,17.42,17.55,16.65,17.0,17.07,0.35,2.0504,0.9718,3683161,63635595.0,10033920000.0,6602319360.0,None
2016-01-15,'603188,亚邦股份,17.07,17.73,16.9,17.6,17.67,-0.6,-3.3956,0.9311,3528942,61098242.0,9832320000.0,6469666560.0,None
2016-01-14,'603188,亚邦股份,17.67,17.72,16.63,16.65,17.09,0.58,3.3938,1.0145,3845091,66269743.0,10177920000.0,6697071360.0,None
2016-01-13,'603188,亚邦股份,17.09,17.98,17.02,17.91,17.65,-0.56,-3.1728,0.8873,3362821,59162972.0,9843840000.0,6477246720.0,None
2016-01-12,'603188,亚邦股份,17.65,17.91,17.01,17.59,17.5,0.15,0.8571,0.8917,3379438,59433657.0,10166400000.0,6689491200.0,None
2016-01-11,'603188,亚邦股份,17.5,18.75,17.4,18.41,18.91,-1.41,-7.4564,1.3599,5154271,93690704.0,10080000000.0,6632640000.0,None
2016-01-08,'603188,亚邦股份,18.91,19.3,17.81,19.2,18.34,0.57,3.108,1.6395,6213835,116494214.0,10892160000.0,7167041280.0,None
2016-01-07,'603188,亚邦股份,18.34,20.0,18.34,20.0,20.38,-2.04,-10.0098,0.418,1584089,30186509.0,10563840000.0,6951006720.0,None
2016-01-06,'603188,亚邦股份,20.38,20.4,19.96,19.99,19.98,0.4,2.002,1.6191,6136518,123537767.0,11738880000.0,7724183040.0,None
2016-01-05,'603188,亚邦股份,19.98,20.51,19.01,19.38,20.14,-0.16,-0.7944,1.8159,6882349,136226495.0,11508480000.0,7572579840.0,None
2016-01-04,'603188,亚邦股份,20.14,22.36,20.14,22.36,22.38,-2.24,-10.0089,1.5265,5785403,123207134.0,11600640000.0,7633221120.0,None
