日期,股票代码,名称,收盘价,最高价,最低价,开盘价,前收盘,涨跌额,涨跌幅,换手率,成交量,成交金额,总市值,流通市值,成交笔数
2016-10-12,'600137,浪莎股份,37.93,38.48,37.5,37.6,37.89,0.04,0.1056,1.493,1451498,55249499.0,3687463112.84,3687463112.84,None
2016-10-11,'600137,浪莎股份,37.89,38.28,36.77,37.41,37.08,0.81,2.1845,3.3966,3302059,124725360.0,3683574409.32,3683574409.32,None
2016-10-10,'600137,浪莎股份,37.08,37.3,35.3,35.32,35.32,1.76,4.983,3.5298,3431544,125330640.0,3604828163.04,3604828163.04,None
2016-09-30,'600137,浪莎股份,35.32,36.26,34.71,36.03,36.03,-0.71,-1.9706,2.2759,2212601,78203186.0,3433725208.16,3433725208.16,None
2016-09-29,'600137,浪莎股份,36.03,36.74,35.88,36.28,36.36,-0.33,-0.9076,1.0898,1059458,38498847.0,3502749695.64,3502749695.64,None
2016-09-28,'600137,浪莎股份,36.36,37.1,35.5,36.63,36.63,-0.27,-0.7371,1.7644,1715277,62590319.0,3534831499.68,3534831499.68,None
2016-09-27,'600137,浪莎股份,36.63,37.39,35.75,36.52,37.02,-0.39,-1.0535,2.4422,2374287,86869635.0,3561080248.44,3561080248.44,None
2016-09-26,'600137,浪莎股份,37.02,37.97,36.15,37.05,37.43,-0.41,-1.0954,3.4478,3351891,124497226.0,3598995107.76,3598995107.76,None
2016-09-23,'600137,浪莎股份,37.43,37.88,35.61,35.7,35.78,1.65,4.6115,4.3413,4220516,156454238.0,3638854318.84,3638854318.84,None
2016-09-22,'600137,浪莎股份,35.78,36.49,35.6,36.01,36.2,-0.42,-1.1602,2.8043,2726275,98053505.0,3478445298.64,3478445298.64,None
2016-09-21,'600137,浪莎股份,36.2,36.97,35.2,36.81,36.87,-0.67,-1.8172,4.2245,4106975,147899515.0,3519276685.6,3519276685.6,None
2016-09-20,'600137,浪莎股份,36.87,36.99,35.0,35.37,35.47,1.4,3.947,4.4539,4329954,157798417.0,3584412469.56,3584412469.56,None
2016-09-19,'600137,浪莎股份,35.47,35.88,34.03,34.5,34.93,0.54,1.5459,1.6839,1637093,57943932.0,3448307846.36,3448307846.36,None
2016-09-14,'600137,浪莎股份,34.93,35.36,34.39,34.79,35.31,-0.38,-1.0762,2.3743,2308219,80401811.0,3395810348.84,3395810348.84,None
2016-09-13,'600137,浪莎股份,35.31,36.5,34.84,35.15,35.14,0.17,0.4838,3.0967,3010491,107125832.0,3432753032.28,3432753032.28,None
2016-09-12,'600137,浪莎股份,35.14,35.66,33.32,33.5,34.83,0.31,0.89,4.0707,3957395,135815959.0,3416226042.32,3416226042.32,None
2016-09-09,'600137,浪莎股份,34.83,36.3,34.68,35.03,35.23,-0.4,-1.1354,3.3691,3275311,116258060.0,3386088590.04,3386088590.04,None
2016-09-08,'600137,浪莎股份,35.23,35.8,33.44,33.8,33.61,1.62,4.82,5.772,5611368,195686281.0,3424975625.24,3424975625.24,None
2016-09-07,'600137,浪莎股份,33.61,34.08,33.35,33.58,33.38,0.23,0.689,3.1986,3109591,104562073.0,3267483132.68,3267483132.68,None
2016-09-06,'600137,浪莎股份,33.38,34.17,32.9,33.02,33.23,0.15,0.4514,3.0911,3005132,100412653.0,3245123087.44,3245123087.44,None
2016-09-05,'600137,浪莎股份,33.23,33.25,32.11,32.11,32.26,0.97,3.0068,2.7535,2676923,88014446.0,3230540449.24,3230540449.24,None
2016-09-02,'600137,浪莎股份,32.26,32.57,32.0,32.33,32.31,-0.05,-0.1548,1.2046,1171084,37819250.0,3136239388.88,3136239388.88,None
2016-09-01,'600137,浪莎股份,32.31,32.69,32.1,32.1,32.37,-0.06,-0.1854,1.4532,1412758,45613546.0,3141100268.28,3141100268.28,None
2016-08-31,'600137,浪莎股份,32.37,32.59,32.03,32.33,32.53,-0.16,-0.4919,1.1558,1123594,36252627.0,3146933323.56,3146933323.56,None
2016-08-30,'600137,浪莎股份,32.53,33.4,32.34,33.0,32.96,-0.43,-1.3046,1.4596,1419007,46197789.0,3162488137.64,3162488137.64,None
2016-08-29,'600137,浪莎股份,32.96,33.5,32.26,32.35,32.34,0.62,1.9171,1.8772,1825010,60306461.0,3204291700.48,3204291700.48,None
2016-08-26,'600137,浪莎股份,32.34,32.48,31.81,31.96,31.89,0.45,1.4111,2.1319,2072572,66831841.0,3144016795.92,3144016795.92,None
2016-08-25,'600137,浪莎股份,31.89,32.59,31.03,32.59,32.62,-0.73,-2.2379,1.819,1768405,56448422.0,3100268881.32,3100268881.32,None
2016-08-24,'600137,浪莎股份,32.62,32.98,32.14,32.25,32.24,0.38,1.1787,1.7538,1704955,55499884.0,3171237720.56,3171237720.56,None
2016-08-23,'600137,浪莎股份,32.24,32.7,31.95,31.95,32.21,0.03,0.0931,1.4411,1400988,45246291.0,3134295037.12,3134295037.12,None
2016-08-22,'600137,浪莎股份,32.21,33.69,31.95,33.69,33.73,-1.52,-4.5064,3.0047,2921079,95611444.0,3131378509.48,3131378509.48,None
2016-08-19,'600137,浪莎股份,33.73,35.41,33.68,34.6,35.06,-1.33,-3.7935,3.6188,3518090,121060877.0,3279149243.24,3279149243.24,None
2016-08-18,'600137,浪莎股份,35.06,35.12,32.93,33.09,33.11,1.95,5.8895,6.5191,6337739,215588847.0,3408448635.28,3408448635.28,None
2016-08-17,'600137,浪莎股份,33.11,33.38,32.7,33.36,33.68,-0.57,-1.6924,3.3904,3296060,108787108.0,3218874338.68,3218874338.68,None
2016-08-16,'600137,浪莎股份,33.68,34.1,33.1,33.86,34.29,-0.61,-1.7789,4.1634,4047525,135670913.0,3274288363.84,3274288363.84,None
2016-08-15,'600137,浪莎股份,34.29,34.4,32.8,34.1,34.16,0.13,0.3806,5.6591,5501620,185373525.0,3333591092.52,3333591092.52,None
2016-08-12,'600137,浪莎股份,34.16,34.6,32.1,32.28,32.75,1.41,4.3053,7.4906,7282144,246247756.0,3320952806.08,3320952806.08,None
2016-08-11,'600137,浪莎股份,32.75,33.58,30.2,30.6,30.58,2.17,7.0961,7.1671,6967722,223726916.0,3183876007.0,3183876007.0,None
2016-08-10,'600137,浪莎股份,30.58,30.91,29.65,29.79,29.9,0.68,2.2742,2.7258,2649973,80841023.0,2972913841.04,2972913841.04,None
2016-08-09,'600137,浪莎股份,29.9,30.15,29.28,29.55,29.64,0.26,0.8772,1.5391,1496242,44577266.0,2906805881.2,2906805881.2,None
2016-08-08,'600137,浪莎股份,29.64,29.65,28.6,29.5,29.48,0.16,0.5427,1.2194,1185476,34567533.0,2881529308.32,2881529308.32,None
2016-08-05,'600137,浪莎股份,29.48,29.7,29.03,29.18,29.12,0.36,1.2363,1.355,1317327,38859588.0,2865974494.24,2865974494.24,None
2016-08-04,'600137,浪莎股份,29.12,29.2,28.9,29.09,29.03,0.09,0.31,0.8656,841516,24464879.0,2830976162.56,2830976162.56,None
2016-08-03,'600137,浪莎股份,29.03,29.18,28.81,29.03,29.14,-0.11,-0.3775,0.7879,765962,22261888.0,2822226579.64,2822226579.64,None
2016-08-02,'600137,浪莎股份,29.14,29.2,28.8,28.93,28.83,0.31,1.0753,1.2178,1183937,34342467.0,2832920514.32,2832920514.32,None
2016-08-01,'600137,浪莎股份,28.83,29.57,28.3,29.37,29.6,-0.77,-2.6014,2.2002,2138977,61663609.0,2802783062.04,2802783062.04,None
2016-07-29,'600137,浪莎股份,29.6,29.85,29.0,29.29,29.09,0.51,1.7532,1.9312,1877462,55361381.0,2877640604.8,2877640604.8,None
2016-07-28,'600137,浪莎股份,29.09,29.63,28.63,29.46,29.46,-0.37,-1.2559,1.8287,1777771,52005860.0,2828059634.92,2828059634.92,None
2016-07-27,'600137,浪莎股份,29.46,30.78,28.88,30.69,30.68,-1.22,-3.9765,3.5024,3404952,101219411.0,2864030142.48,2864030142.48,None
2016-07-26,'600137,浪莎股份,30.68,30.8,30.21,30.46,30.33,0.35,1.154,1.9453,1891129,57820571.0,2982635599.84,2982635599.84,None
2016-07-25,'600137,浪莎股份,30.33,30.69,30.1,30.33,30.49,-0.16,-0.5248,1.7425,1694016,51531326.0,2948609444.04,2948609444.04,None
2016-07-22,'600137,浪莎股份,30.49,31.26,30.1,31.26,31.12,-0.63,-2.0244,2.2154,2153787,66011550.0,2964164258.12,2964164258.12,None
2016-07-21,'600137,浪莎股份,31.12,31.19,30.46,30.64,30.64,0.48,1.5666,2.0781,2020295,62263341.0,3025411338.56,3025411338.56,None
2016-07-20,'600137,浪莎股份,30.64,30.97,30.54,30.68,30.88,-0.24,-0.7772,1.8291,1778251,54628703.0,2978746896.32,2978746896.32,None
2016-07-19,'600137,浪莎股份,30.88,31.0,30.01,30.01,30.1,0.78,2.5914,2.4508,2382634,72732965.0,3002079117.44,3002079117.44,None
2016-07-18,'600137,浪莎股份,30.1,30.47,29.82,30.47,30.43,-0.33,-1.0845,1.72,1672144,50353509.0,2926249398.8,2926249398.8,None
2016-07-15,'600137,浪莎股份,30.43,30.67,30.15,30.67,30.43,0.0,0.0,1.8573,1805660,54779722.0,2958331202.84,2958331202.84,None
2016-07-14,'600137,浪莎股份,30.43,30.69,30.21,30.5,30.48,-0.05,-0.164,1.9277,1874042,57012979.0,2958331202.84,2958331202.84,None
2016-07-13,'600137,浪莎股份,30.48,30.89,30.28,30.28,30.3,0.18,0.5941,2.3661,2300236,70442834.0,2963192082.24,2963192082.24,None
2016-07-12,'600137,浪莎股份,30.3,30.88,29.49,30.88,30.66,-0.36,-1.1742,2.8184,2739993,82437057.0,2945692916.4,2945692916.4,None
2016-07-11,'600137,浪莎股份,30.66,31.84,30.5,31.2,31.1,-0.44,-1.4148,3.0801,2994402,93219444.0,2980691248.08,2980691248.08,None
2016-07-08,'600137,浪莎股份,31.1,31.28,30.13,30.13,30.2,0.9,2.9801,3.8392,3732373,115156180.0,3023466986.8,3023466986.8,None
2016-07-07,'600137,浪莎股份,30.2,30.56,30.05,30.48,30.45,-0.25,-0.821,2.2444,2181912,66194314.0,2935971157.6,2935971157.6,None
2016-07-06,'600137,浪莎股份,30.45,30.68,30.11,30.16,30.29,0.16,0.5282,2.1097,2050987,62204291.0,2960275554.6,2960275554.6,None
2016-07-05,'600137,浪莎股份,30.29,30.73,29.69,29.85,29.81,0.48,1.6102,3.1529,3065209,92541685.0,2944720740.52,2944720740.52,None
2016-07-04,'600137,浪莎股份,29.81,29.94,29.05,29.05,29.14,0.67,2.2992,3.1578,3069982,90850964.0,2898056298.28,2898056298.28,None
2016-07-01,'600137,浪莎股份,29.14,29.54,29.01,29.26,29.29,-0.15,-0.5121,1.8629,1811115,53003208.0,2832920514.32,2832920514.32,None
2016-06-30,'600137,浪莎股份,29.29,29.48,28.72,29.21,29.22,0.07,0.2396,2.4753,2406431,70083434.0,2847503152.52,2847503152.52,None
2016-06-29,'600137,浪莎股份,29.22,29.49,28.66,28.94,28.72,0.5,1.7409,3.7927,3687196,107122462.0,2840697921.36,2840697921.36,None
2016-06-28,'600137,浪莎股份,28.72,28.88,28.17,28.38,28.45,0.27,0.949,2.5583,2487093,70881689.0,2792089127.36,2792089127.36,None
2016-06-27,'600137,浪莎股份,28.45,28.64,27.53,27.55,28.04,0.41,1.4622,1.8137,1763243,49873825.0,2765840378.6,2765840378.6,None
2016-06-24,'600137,浪莎股份,28.04,28.84,26.58,28.55,28.63,-0.59,-2.0608,1.9966,1941070,54573367.0,2725981167.52,2725981167.52,None
2016-06-23,'600137,浪莎股份,28.63,29.0,28.28,28.65,28.69,-0.06,-0.2091,1.9307,1877007,53640612.0,2783339544.44,2783339544.44,None
2016-06-22,'600137,浪莎股份,28.69,28.8,27.52,28.08,28.06,0.63,2.2452,1.5081,1466162,41408328.0,2789172599.72,2789172599.72,None
2016-06-21,'600137,浪莎股份,28.06,28.74,27.9,28.48,28.43,-0.37,-1.3014,2.3469,2281562,64257380.0,2727925519.28,2727925519.28,None
2016-06-20,'600137,浪莎股份,28.43,29.0,27.3,27.3,29.52,-1.09,-3.6924,3.7165,3613109,101288980.0,2763896026.84,2763896026.84,None
2016-06-17,'600137,浪莎股份,29.52,30.24,29.31,29.98,29.8,-0.28,-0.9396,1.697,1649788,49178518.0,2869863197.76,2869863197.76,None
2016-06-16,'600137,浪莎股份,29.8,30.23,28.85,29.0,29.04,0.76,2.6171,2.6883,2613465,77052100.0,2897084122.4,2897084122.4,None
2016-06-15,'600137,浪莎股份,29.04,29.35,27.64,27.85,28.16,0.88,3.125,1.6889,1641914,47451947.0,2823198755.52,2823198755.52,None
2016-06-14,'600137,浪莎股份,28.16,28.18,27.38,28.1,28.12,0.04,0.1422,1.8443,1792982,49922612.0,2737647278.08,2737647278.08,None
2016-06-13,'600137,浪莎股份,28.12,29.98,27.99,29.8,30.41,-2.29,-7.5304,2.3115,2247196,65409303.0,2733758574.56,2733758574.56,None
2016-06-08,'600137,浪莎股份,30.41,30.8,30.0,30.8,30.87,-0.46,-1.4901,1.722,1674040,50828964.0,2956386851.08,2956386851.08,None
2016-06-07,'600137,浪莎股份,30.87,31.06,30.35,31.06,31.04,-0.17,-0.5477,2.0388,1982075,60732209.0,3001106941.56,3001106941.56,None
2016-06-06,'600137,浪莎股份,31.04,31.2,30.3,30.4,30.36,0.68,2.2398,2.3854,2319046,71405498.0,3017633931.52,3017633931.52,None
2016-06-03,'600137,浪莎股份,30.36,30.6,29.72,30.0,30.16,0.2,0.6631,2.4421,2374143,71671552.0,2951525971.68,2951525971.68,None
2016-06-02,'600137,浪莎股份,30.16,30.5,29.6,29.7,29.91,0.25,0.8358,2.4243,2356818,70786689.0,2932082454.08,2932082454.08,None
2016-06-01,'600137,浪莎股份,29.91,30.4,29.31,29.59,29.52,0.39,1.3211,2.7216,2645867,79024041.0,2907778057.08,2907778057.08,None
2016-05-31,'600137,浪莎股份,29.52,29.65,28.0,28.26,28.27,1.25,4.4216,3.1764,3088039,89806418.0,2869863197.76,2869863197.76,None
2016-05-30,'600137,浪莎股份,28.27,28.49,27.6,28.24,28.33,-0.06,-0.2118,2.0234,1967103,55230233.0,2748341212.76,2748341212.76,None
2016-05-27,'600137,浪莎股份,28.33,28.48,27.9,28.48,28.4,-0.07,-0.2465,1.5914,1547137,43619161.0,2754174268.04,2754174268.04,None
2016-05-26,'600137,浪莎股份,28.4,28.58,27.01,28.27,28.39,0.01,0.0352,1.7346,1686302,46841478.0,2760979499.2,2760979499.2,None
2016-05-25,'600137,浪莎股份,28.39,28.86,28.06,28.78,28.59,-0.2,-0.6995,2.1205,2061455,58756284.0,2760007323.32,2760007323.32,None
2016-05-24,'600137,浪莎股份,28.59,29.18,28.13,28.41,28.27,0.32,1.1319,2.228,2166016,62060164.0,2779450840.92,2779450840.92,None
2016-05-23,'600137,浪莎股份,28.27,28.41,27.4,27.58,27.41,0.86,3.1375,2.9646,2882129,81009692.0,2748341212.76,2748341212.76,None
2016-05-20,'600137,浪莎股份,27.41,27.45,26.07,26.63,26.92,0.49,1.8202,1.6516,1605604,43062464.0,2664734087.08,2664734087.08,None
2016-05-19,'600137,浪莎股份,26.92,27.89,26.8,26.96,26.93,-0.01,-0.0371,1.8457,1794315,49079363.0,2617097468.96,2617097468.96,None
2016-05-18,'600137,浪莎股份,26.93,28.3,26.51,28.3,28.65,-1.72,-6.0035,3.3356,3242776,87864114.0,2618069644.84,2618069644.84,None
2016-05-17,'600137,浪莎股份,28.65,29.68,28.46,29.56,29.57,-0.92,-3.1113,3.1571,3069257,88637354.0,2785283896.2,2785283896.2,None
2016-05-16,'600137,浪莎股份,29.57,29.7,27.69,28.3,27.6,1.97,7.1377,3.4016,3306952,95233069.0,2874724077.16,2874724077.16,None
2016-05-13,'600137,浪莎股份,27.6,28.08,26.98,26.98,27.01,0.59,2.1844,3.8919,3783640,104537857.0,2683205428.8,2683205428.8,None
2016-05-12,'600137,浪莎股份,27.01,27.59,26.0,27.59,28.11,-1.1,-3.9132,3.1762,3087832,82917372.0,2625847051.88,2625847051.88,None
2016-05-11,'600137,浪莎股份,28.11,30.16,28.0,30.1,29.53,-1.42,-4.8087,3.3793,3285302,94538119.0,2732786398.68,2732786398.68,None
2016-05-10,'600137,浪莎股份,29.53,30.49,29.33,29.65,30.21,-0.68,-2.2509,3.2533,3162782,94325011.0,2870835373.64,2870835373.64,None
2016-05-09,'600137,浪莎股份,30.21,31.59,29.28,31.59,32.39,-2.18,-6.7305,7.1657,6966303,208185270.0,2936943333.48,2936943333.48,None
2016-05-06,'600137,浪莎股份,32.39,35.55,32.09,35.21,35.62,-3.23,-9.0679,7.342,7137690,238701141.0,3148877675.32,3148877675.32,None
2016-05-05,'600137,浪莎股份,35.62,35.99,35.0,35.8,36.28,-0.66,-1.8192,3.1391,3051773,108283498.0,3462890484.56,3462890484.56,None
2016-05-04,'600137,浪莎股份,36.28,37.52,35.98,36.25,36.29,-0.01,-0.0276,4.288,4168681,153542751.0,3527054092.64,3527054092.64,None
2016-05-03,'600137,浪莎股份,36.29,36.33,34.9,35.48,35.78,0.51,1.4254,3.895,3786669,135530492.0,3528026268.52,3528026268.52,None
2016-04-29,'600137,浪莎股份,35.78,36.3,34.51,35.03,35.65,0.13,0.3647,4.5224,4396577,157255521.0,3478445298.64,3478445298.64,None
2016-04-28,'600137,浪莎股份,35.65,36.89,34.86,36.0,34.0,1.65,4.8529,7.1502,6951205,249962475.0,3465807012.2,3465807012.2,None
2016-04-27,'600137,浪莎股份,34.0,34.84,32.95,33.01,33.14,0.86,2.5951,2.9928,2909554,99034048.0,3305397992.0,3305397992.0,None
2016-04-26,'600137,浪莎股份,33.14,33.19,32.25,32.25,32.63,0.51,1.563,2.2402,2177887,71327138.0,3221790866.32,3221790866.32,None
2016-04-25,'600137,浪莎股份,32.63,33.17,31.68,32.0,32.63,0.0,0.0,2.3791,2312911,75096363.0,3172209896.44,3172209896.44,None
2016-04-22,'600137,浪莎股份,32.63,32.98,31.09,32.03,32.06,0.57,1.7779,3.1701,3081884,98994265.0,3172209896.44,3172209896.44,None
2016-04-21,'600137,浪莎股份,32.06,33.8,31.96,32.77,32.84,-0.78,-2.3752,3.4226,3327378,109776199.0,3116795871.28,3116795871.28,None
2016-04-20,'600137,浪莎股份,32.84,35.93,32.2,35.8,35.77,-2.93,-8.1912,5.1074,4965274,167753004.0,3192625589.92,3192625589.92,None
2016-04-19,'600137,浪莎股份,35.77,36.12,34.8,35.15,34.89,0.88,2.5222,3.4325,3336969,117787744.0,3477473122.76,3477473122.76,None
2016-04-18,'600137,浪莎股份,34.89,35.76,34.2,35.76,36.0,-1.11,-3.0833,3.2257,3135964,110169152.0,3391921645.32,3391921645.32,None
2016-04-15,'600137,浪莎股份,36.0,36.2,34.83,35.75,35.71,0.29,0.8121,3.9632,3852900,136004602.0,3499833168.0,3499833168.0,None
2016-04-14,'600137,浪莎股份,35.71,35.99,34.63,34.99,34.61,1.1,3.1783,4.7402,4608313,163461447.0,3471640067.48,3471640067.48,None
2016-04-13,'600137,浪莎股份,34.61,35.2,34.02,34.02,34.47,0.14,0.4062,3.6916,3588931,124711477.0,3364700720.68,3364700720.68,None
2016-04-12,'600137,浪莎股份,34.47,34.7,33.81,34.5,34.71,-0.24,-0.6914,3.5883,3488493,119290358.0,3351090258.36,3351090258.36,None
2016-04-11,'600137,浪莎股份,34.71,34.87,33.0,33.5,33.09,1.62,4.8957,3.8881,3779906,128825061.0,3374422479.48,3374422479.48,None
2016-04-08,'600137,浪莎股份,33.09,33.5,32.12,33.25,33.43,-0.34,-1.0171,3.1049,3018517,98896731.0,3216929986.92,3216929986.92,None
2016-04-07,'600137,浪莎股份,33.43,34.95,33.2,34.85,34.99,-1.56,-4.4584,4.2215,4104083,139203800.0,3249983966.84,3249983966.84,None
2016-04-06,'600137,浪莎股份,34.99,35.85,34.03,34.03,34.03,0.96,2.821,5.1152,4972904,173951729.0,3401643404.12,3401643404.12,None
2016-04-05,'600137,浪莎股份,34.03,34.5,33.0,33.18,33.1,0.93,2.8097,4.0369,3924548,132881820.0,3308314519.64,3308314519.64,None
2016-04-01,'600137,浪莎股份,33.1,34.66,32.65,34.2,34.51,-1.41,-4.0858,4.6787,4548524,151639989.0,3217902162.8,3217902162.8,None
2016-03-31,'600137,浪莎股份,34.51,36.3,33.11,33.31,33.51,1.0,2.9842,6.9216,6728966,231559244.0,3354978961.88,3354978961.88,None
2016-03-30,'600137,浪莎股份,33.51,33.83,32.4,32.67,32.53,0.98,3.0126,4.8532,4718128,155947799.0,3257761373.88,3257761373.88,None
2016-03-29,'600137,浪莎股份,32.53,34.78,31.68,34.5,34.49,-1.96,-5.6828,7.476,7267980,238014566.0,3162488137.64,3162488137.64,None
2016-03-28,'600137,浪莎股份,34.49,37.98,33.4,36.83,36.45,-1.96,-5.3772,7.6231,7411041,262081290.0,3353034610.12,3353034610.12,None
2016-03-25,'600137,浪莎股份,36.45,36.45,33.02,33.02,33.14,3.31,9.9879,6.8317,6641601,232640663.0,3543581082.6,3543581082.6,None
2016-03-24,'600137,浪莎股份,33.14,34.4,31.59,32.22,32.54,0.6,1.8439,5.5427,5388501,179231658.0,3221790866.32,3221790866.32,None
2016-03-23,'600137,浪莎股份,32.54,32.88,31.0,31.48,31.3,1.24,3.9617,4.9129,4776159,151849409.0,3163460313.52,3163460313.52,None
2016-03-22,'600137,浪莎股份,31.3,33.05,29.52,29.82,30.32,0.98,3.2322,5.7648,5604420,173602537.0,3042910504.4,3042910504.4,None
2016-03-21,'600137,浪莎股份,30.32,30.4,29.51,29.8,29.47,0.85,2.8843,4.656,4526479,135567522.0,2947637268.16,2947637268.16,None
2016-03-18,'600137,浪莎股份,29.47,29.87,28.1,28.5,28.22,1.25,4.4295,5.3872,5237327,152519775.0,2865002318.36,2865002318.36,None
2016-03-17,'600137,浪莎股份,28.22,28.29,26.81,26.85,27.31,0.91,3.3321,6.7932,6604206,182788336.0,2743480333.36,2743480333.36,None
2016-03-16,'600137,浪莎股份,27.31,28.97,27.2,27.89,26.34,0.97,3.6826,9.697,9427220,265662000.0,2655012328.28,2655012328.28,None
2016-03-15,'600137,浪莎股份,26.34,26.91,26.12,26.6,26.84,-0.5,-1.8629,3.7043,3601227,95670711.0,2560711267.92,2560711267.92,None
2016-03-14,'600137,浪莎股份,26.84,27.39,25.6,26.08,25.81,1.03,3.9907,5.8448,5682214,150974227.0,2609320061.92,2609320061.92,None
2016-03-11,'600137,浪莎股份,25.81,26.0,24.86,25.0,25.47,0.34,1.3349,3.319,3226641,82482859.0,2509185946.28,2509185946.28,None
2016-03-10,'600137,浪莎股份,25.47,26.69,25.03,25.3,25.51,-0.04,-0.1568,4.0773,3963827,102492680.0,2476131966.36,2476131966.36,None
2016-03-09,'600137,浪莎股份,25.51,26.25,24.55,24.95,25.4,0.11,0.4331,3.202,3112938,78875229.0,2480020669.88,2480020669.88,None
2016-03-08,'600137,浪莎股份,25.4,25.49,24.1,25.18,25.3,0.1,0.3953,2.6649,2590745,64381140.0,2469326735.2,2469326735.2,None
2016-03-07,'600137,浪莎股份,25.3,25.41,24.43,24.66,24.26,1.04,4.2869,2.781,2703647,67701779.0,2459604976.4,2459604976.4,None
2016-03-04,'600137,浪莎股份,24.26,25.65,23.62,25.12,25.57,-1.31,-5.1232,3.9799,3869176,96295639.0,2358498684.88,2358498684.88,None
2016-03-03,'600137,浪莎股份,25.57,26.17,25.33,25.43,25.52,0.05,0.1959,4.0444,3931903,101035793.0,2485853725.16,2485853725.16,None
2016-03-02,'600137,浪莎股份,25.52,25.69,24.02,24.16,24.37,1.15,4.7189,4.2699,4151113,103020237.0,2480992845.76,2480992845.76,None
2016-03-01,'600137,浪莎股份,24.37,24.88,22.71,23.84,24.13,0.24,0.9946,3.6772,3574931,85225031.0,2369192619.56,2369192619.56,None
2016-02-29,'600137,浪莎股份,24.13,26.58,24.13,26.58,26.81,-2.68,-9.9963,6.6064,6422567,156396334.0,2345860398.44,2345860398.44,None
2016-02-26,'600137,浪莎股份,26.81,27.46,25.89,26.22,26.21,0.6,2.2892,4.823,4688841,125479382.0,2606403534.28,2606403534.28,None
2016-02-25,'600137,浪莎股份,26.21,29.0,26.21,29.0,29.12,-2.91,-9.9931,6.7918,6602805,179062711.0,2548072981.48,2548072981.48,None
2016-02-24,'600137,浪莎股份,29.12,29.25,27.45,27.77,27.92,1.2,4.298,6.1981,6025652,171877118.0,2830976162.56,2830976162.56,None
2016-02-23,'600137,浪莎股份,27.92,28.5,27.0,27.47,27.5,0.42,1.5273,4.5705,4443346,122803445.0,2714315056.96,2714315056.96,None
2016-02-22,'600137,浪莎股份,27.5,27.8,26.7,27.1,26.73,0.77,2.8807,4.2271,4109498,112205847.0,2673483670.0,2673483670.0,None
2016-02-19,'600137,浪莎股份,26.73,27.49,26.05,26.25,26.42,0.31,1.1734,3.7088,3605638,96976214.0,2598626127.24,2598626127.24,None
2016-02-18,'600137,浪莎股份,26.42,27.58,26.36,27.36,26.89,-0.47,-1.7479,4.4699,4345493,117149841.0,2568488674.96,2568488674.96,None
2016-02-17,'600137,浪莎股份,26.89,27.18,25.65,25.86,25.98,0.91,3.5027,5.43,5278944,139324421.0,2614180941.32,2614180941.32,None
2016-02-16,'600137,浪莎股份,25.98,26.4,24.93,25.0,24.56,1.42,5.7818,4.7179,4586588,117564927.0,2525712936.24,2525712936.24,None
2016-02-15,'600137,浪莎股份,24.56,24.8,23.51,24.25,24.96,-0.4,-1.6026,4.802,4668391,113349601.0,2387663961.28,2387663961.28,None
2016-02-05,'600137,浪莎股份,24.96,26.29,24.8,25.48,25.22,-0.26,-1.0309,4.8815,4745662,121475982.0,2426550996.48,2426550996.48,None
2016-02-04,'600137,浪莎股份,25.22,25.22,23.05,23.25,22.93,2.29,9.9869,5.2635,5117094,123815202.0,2451827569.36,2451827569.36,None
2016-02-03,'600137,浪莎股份,22.93,23.21,22.3,22.99,23.34,-0.41,-1.7566,3.4452,3349333,76485354.0,2229199292.84,2229199292.84,None
2016-02-02,'600137,浪莎股份,23.34,23.62,22.41,22.41,22.42,0.92,4.1035,3.1512,3063503,71061468.0,2269058503.92,2269058503.92,None
2016-02-01,'600137,浪莎股份,22.42,22.95,21.72,22.85,23.02,-0.6,-2.6064,2.8073,2729195,61395401.0,2179618322.96,2179618322.96,None
2016-01-29,'600137,浪莎股份,23.02,23.5,21.26,21.3,21.97,1.05,4.7792,4.569,4441916,99951925.0,2237948875.76,2237948875.76,None
2016-01-28,'600137,浪莎股份,21.97,23.88,21.32,22.9,23.23,-1.26,-5.424,3.7302,3626455,82712931.0,2135870408.36,2135870408.36,None
2016-01-27,'600137,浪莎股份,23.23,25.25,22.37,25.0,24.86,-1.63,-6.5567,6.2378,6064216,139448216.0,2258364569.24,2258364569.24,None
2016-01-26,'600137,浪莎股份,24.86,27.47,24.86,27.47,27.62,-2.76,-9.9928,4.6162,4487732,115927405.0,2416829237.68,2416829237.68,None
2016-01-25,'600137,浪莎股份,27.62,28.48,27.0,28.39,27.71,-0.09,-0.3248,4.6046,4476452,123226252.0,2685149780.56,2685149780.56,None
2016-01-22,'600137,浪莎股份,27.71,28.48,26.26,27.3,27.23,0.48,1.7628,3.2772,3186063,87232382.0,2693899363.48,2693899363.48,None
2016-01-21,'600137,浪莎股份,27.23,29.88,27.02,28.5,29.28,-2.05,-7.0014,4.4785,4353911,124808747.0,2647234921.24,2647234921.24,None
2016-01-20,'600137,浪莎股份,29.28,29.77,28.1,28.15,28.66,0.62,2.1633,4.8679,4732478,137390206.0,2846530976.64,2846530976.64,None
2016-01-19,'600137,浪莎股份,28.66,28.85,26.45,26.45,26.85,1.81,6.7412,5.284,5136973,142484676.0,2786256072.08,2786256072.08,None
2016-01-18,'600137,浪莎股份,26.85,27.49,25.27,25.27,25.67,1.18,4.5968,4.2253,4107773,109558754.0,2610292237.8,2610292237.8,None
2016-01-15,'600137,浪莎股份,25.67,27.79,25.6,27.07,27.57,-1.9,-6.8915,4.6412,4512038,121269586.0,2495575483.96,2495575483.96,None
2016-01-14,'600137,浪莎股份,27.57,28.01,24.65,24.67,25.92,1.65,6.3657,6.1395,5968654,157994400.0,2680288901.16,2680288901.16,None
2016-01-13,'600137,浪莎股份,25.92,27.68,25.08,25.3,25.27,0.65,2.5722,6.4837,6303262,166358900.0,2519879880.96,2519879880.96,None
2016-01-12,'600137,浪莎股份,25.27,25.9,23.84,24.24,25.21,0.06,0.238,4.3279,4207484,104881135.0,2456688448.76,2456688448.76,None
2016-01-11,'600137,浪莎股份,25.21,28.0,25.21,27.05,28.01,-2.8,-9.9964,4.6716,4541624,118070113.0,2450855393.48,2450855393.48,None
2016-01-08,'600137,浪莎股份,28.01,30.58,26.8,29.11,29.69,-1.68,-5.6585,6.439,6259834,179110908.0,2723064639.88,2723064639.88,None
2016-01-07,'600137,浪莎股份,29.69,32.4,29.69,32.4,32.99,-3.3,-10.003,0.4604,447600,13794277.0,2886390187.72,2886390187.72,None
2016-01-06,'600137,浪莎股份,32.99,33.4,31.51,32.52,32.16,0.83,2.5808,3.4573,3361063,109419477.0,3207208228.12,3207208228.12,None
2016-01-05,'600137,浪莎股份,32.16,34.8,31.09,32.15,34.53,-2.37,-6.8636,5.0327,4892641,159773240.0,3126517630.08,3126517630.08,None
2016-01-04,'600137,浪莎股份,34.53,39.9,34.43,38.0,38.23,-3.7,-9.6783,2.9991,2915652,109919703.0,3356923313.64,3356923313.64,None
