晩豚,紘同旗鷹,兆各,辺徒勺,恷互勺,恷詰勺,蝕徒勺,念辺徒,嫻鋸駆,嫻鋸嫌,算返楕,撹住楚,撹住署駆,悳偏峙,送宥偏峙,撹住永方
2016-10-12,'600401,今非高懸,2.37,2.38,2.31,2.32,2.33,0.04,1.7167,2.6918,127186210,298916787.0,11198096310.2,11198096310.2,None
2016-10-11,'600401,今非高懸,2.33,2.33,2.31,2.33,2.33,0.0,0.0,1.067,50417089,117095321.0,11009098904.2,11009098904.2,None
2016-10-10,'600401,今非高懸,2.33,2.35,2.29,2.3,2.3,0.03,1.3043,1.8143,85725178,198853954.0,11009098904.2,11009098904.2,None
2016-09-30,'600401,今非高懸,2.3,2.3,2.28,2.29,2.29,0.01,0.4367,0.7057,33344320,76235283.0,10867350849.6,10867350849.6,None
2016-09-29,'600401,今非高懸,2.29,2.3,2.28,2.29,2.3,-0.01,-0.4348,0.6952,32845966,75178779.0,10820101498.1,10820101498.1,None
2016-09-28,'600401,今非高懸,2.3,2.32,2.27,2.27,2.28,0.02,0.8772,1.23,58117188,133414612.0,10867350849.6,10867350849.6,None
2016-09-27,'600401,今非高懸,2.28,2.28,2.26,2.27,2.28,0.0,0.0,0.799,37753723,85795390.0,10772852146.6,10772852146.6,None
2016-09-26,'600401,今非高懸,2.28,2.31,2.27,2.31,2.31,-0.03,-1.2987,1.1214,52986083,121253555.0,10772852146.6,10772852146.6,None
2016-09-23,'600401,今非高懸,2.31,2.33,2.31,2.33,2.32,-0.01,-0.431,0.7364,34795848,80519856.0,10914600201.1,10914600201.1,None
2016-09-22,'600401,今非高懸,2.32,2.34,2.32,2.33,2.32,0.0,0.0,0.9082,42912997,99892537.0,10961849552.6,10961849552.6,None
2016-09-21,'600401,今非高懸,2.32,2.33,2.31,2.32,2.32,0.0,0.0,0.519,24522955,56970765.0,10961849552.6,10961849552.6,None
2016-09-20,'600401,今非高懸,2.32,2.34,2.31,2.33,2.34,-0.02,-0.8547,0.7733,36537545,84819468.0,10961849552.6,10961849552.6,None
2016-09-19,'600401,今非高懸,2.34,2.34,2.3,2.31,2.31,0.03,1.2987,1.3078,61790889,143534385.0,11056348255.7,11056348255.7,None
2016-09-14,'600401,今非高懸,2.31,2.32,2.29,2.31,2.32,-0.01,-0.431,0.9823,46414900,106933075.0,10914600201.1,10914600201.1,None
2016-09-13,'600401,今非高懸,2.32,2.32,2.3,2.31,2.31,0.01,0.4329,0.7481,35348113,81718165.0,10961849552.6,10961849552.6,None
2016-09-12,'600401,今非高懸,2.31,2.35,2.3,2.34,2.36,-0.05,-2.1186,1.876,88638186,205622766.0,10914600201.1,10914600201.1,None
2016-09-09,'600401,今非高懸,2.36,2.38,2.36,2.38,2.38,-0.02,-0.8403,0.8521,40263217,95329947.0,11150846958.7,11150846958.7,None
2016-09-08,'600401,今非高懸,2.38,2.38,2.37,2.37,2.37,0.01,0.4219,0.8128,38402623,91151700.0,11245345661.8,11245345661.8,None
2016-09-07,'600401,今非高懸,2.37,2.39,2.37,2.37,2.38,-0.01,-0.4202,1.3299,62834802,149638541.0,11198096310.2,11198096310.2,None
2016-09-06,'600401,今非高懸,2.38,2.39,2.35,2.36,2.37,0.01,0.4219,1.672,79000437,187297868.0,11245345661.8,11245345661.8,None
2016-09-05,'600401,今非高懸,2.37,2.38,2.35,2.36,2.36,0.01,0.4237,0.9396,44393676,105020156.0,11198096310.2,11198096310.2,None
2016-09-02,'600401,今非高懸,2.36,2.37,2.35,2.36,2.36,0.0,0.0,0.7976,37684800,88887908.0,11150846958.7,11150846958.7,None
2016-09-01,'600401,今非高懸,2.36,2.38,2.36,2.37,2.37,-0.01,-0.4219,0.823,38887733,92024135.0,11150846958.7,11150846958.7,None
2016-08-31,'600401,今非高懸,2.37,2.38,2.36,2.38,2.38,-0.01,-0.4202,0.8678,41004391,97148858.0,11198096310.2,11198096310.2,None
2016-08-30,'600401,今非高懸,2.38,2.39,2.37,2.38,2.39,-0.01,-0.4184,0.9387,44354102,105483552.0,11245345661.8,11245345661.8,None
2016-08-29,'600401,今非高懸,2.39,2.39,2.37,2.38,2.38,0.01,0.4202,0.8696,41087400,97850811.0,11292595013.3,11292595013.3,None
2016-08-26,'600401,今非高懸,2.38,2.4,2.37,2.37,2.37,0.01,0.4219,1.1994,56669400,135066156.0,11245345661.8,11245345661.8,None
2016-08-25,'600401,今非高懸,2.37,2.4,2.36,2.39,2.4,-0.03,-1.25,1.432,67659233,160664584.0,11198096310.2,11198096310.2,None
2016-08-24,'600401,今非高懸,2.4,2.42,2.39,2.4,2.4,0.0,0.0,1.4483,68433438,164275905.0,11339844364.8,11339844364.8,None
2016-08-23,'600401,今非高懸,2.4,2.41,2.38,2.39,2.4,0.0,0.0,1.4168,66944369,160305413.0,11339844364.8,11339844364.8,None
2016-08-22,'600401,今非高懸,2.4,2.42,2.39,2.42,2.42,-0.02,-0.8264,1.2928,61085699,146504855.0,11339844364.8,11339844364.8,None
2016-08-19,'600401,今非高懸,2.42,2.43,2.4,2.41,2.42,0.0,0.0,1.4195,67070858,161953915.0,11434343067.8,11434343067.8,None
2016-08-18,'600401,今非高懸,2.42,2.44,2.4,2.41,2.41,0.01,0.4149,2.5643,121162944,293451160.0,11434343067.8,11434343067.8,None
2016-08-17,'600401,今非高懸,2.41,2.42,2.39,2.41,2.41,0.0,0.0,1.1771,55618605,133621263.0,11387093716.3,11387093716.3,None
2016-08-16,'600401,今非高懸,2.41,2.43,2.4,2.41,2.42,-0.01,-0.4132,1.723,81412506,196515957.0,11387093716.3,11387093716.3,None
2016-08-15,'600401,今非高懸,2.42,2.42,2.37,2.38,2.39,0.03,1.2552,2.5197,119054807,285880625.0,11434343067.8,11434343067.8,None
2016-08-12,'600401,今非高懸,2.39,2.4,2.36,2.36,2.37,0.02,0.8439,1.3247,62591248,148663471.0,11292595013.3,11292595013.3,None
2016-08-11,'600401,今非高懸,2.37,2.4,2.35,2.36,2.37,0.0,0.0,1.7904,84597200,201133348.0,11198096310.2,11198096310.2,None
2016-08-10,'600401,今非高懸,2.37,2.39,2.37,2.39,2.4,-0.03,-1.25,1.422,67187797,159726672.0,11198096310.2,11198096310.2,None
2016-08-09,'600401,今非高懸,2.4,2.42,2.35,2.35,2.36,0.04,1.6949,2.1492,101546182,241999612.0,11339844364.8,11339844364.8,None
2016-08-08,'600401,今非高懸,2.36,2.36,2.32,2.34,2.35,0.01,0.4255,1.4655,69246077,162295081.0,11150846958.7,11150846958.7,None
2016-08-05,'600401,今非高懸,2.35,2.4,2.32,2.33,2.33,0.02,0.8584,1.668,78810701,185909923.0,11103597607.2,11103597607.2,None
2016-08-04,'600401,今非高懸,2.33,2.34,2.31,2.33,2.34,-0.01,-0.4274,0.7376,34850406,81057741.0,11009098904.2,11009098904.2,None
2016-08-03,'600401,今非高懸,2.34,2.34,2.31,2.32,2.33,0.01,0.4292,0.7334,34653169,80642081.0,11056348255.7,11056348255.7,None
2016-08-02,'600401,今非高懸,2.33,2.34,2.31,2.32,2.31,0.02,0.8658,0.8286,39148773,90979509.0,11009098904.2,11009098904.2,None
2016-08-01,'600401,今非高懸,2.31,2.35,2.29,2.34,2.36,-0.05,-2.1186,1.7002,80332211,185506478.0,10914600201.1,10914600201.1,None
2016-07-29,'600401,今非高懸,2.36,2.38,2.34,2.36,2.37,-0.01,-0.4219,1.2302,58123884,136707486.0,11150846958.7,11150846958.7,None
2016-07-28,'600401,今非高懸,2.37,2.39,2.34,2.37,2.38,-0.01,-0.4202,1.4699,69449855,164318317.0,11198096310.2,11198096310.2,None
2016-07-27,'600401,今非高懸,2.38,2.45,2.34,2.44,2.45,-0.07,-2.8571,2.994,141466113,339188064.0,11245345661.8,11245345661.8,None
2016-07-26,'600401,今非高懸,2.45,2.45,2.4,2.41,2.42,0.03,1.2397,2.1329,100778995,245441486.0,11576091122.4,11576091122.4,None
2016-07-25,'600401,今非高懸,2.42,2.43,2.4,2.41,2.44,-0.02,-0.8197,1.9068,90095739,217585924.0,11434343067.8,11434343067.8,None
2016-07-22,'600401,今非高懸,2.44,2.52,2.39,2.41,2.41,0.03,1.2448,3.5231,166464229,406971321.0,11528841770.9,11528841770.9,None
2016-07-21,'600401,今非高懸,2.41,2.42,2.4,2.41,2.41,0.0,0.0,1.1955,56484888,136071199.0,11387093716.3,11387093716.3,None
2016-07-20,'600401,今非高懸,2.41,2.43,2.4,2.4,2.41,0.0,0.0,1.169,55236613,133229217.0,11387093716.3,11387093716.3,None
2016-07-19,'600401,今非高懸,2.41,2.42,2.39,2.41,2.41,0.0,0.0,1.198,56604306,136054418.0,11387093716.3,11387093716.3,None
2016-07-18,'600401,今非高懸,2.41,2.44,2.41,2.44,2.44,-0.03,-1.2295,1.274,60194016,145725416.0,11387093716.3,11387093716.3,None
2016-07-15,'600401,今非高懸,2.44,2.44,2.42,2.44,2.44,0.0,0.0,1.3658,64534512,156587221.0,11528841770.9,11528841770.9,None
2016-07-14,'600401,今非高懸,2.44,2.46,2.42,2.45,2.46,-0.02,-0.813,1.681,79427266,193440491.0,11528841770.9,11528841770.9,None
2016-07-13,'600401,今非高懸,2.46,2.49,2.42,2.42,2.43,0.03,1.2346,3.1406,148393278,364042613.0,11623340473.9,11623340473.9,None
2016-07-12,'600401,今非高懸,2.43,2.43,2.39,2.41,2.42,0.01,0.4132,2.0867,98596234,237811499.0,11481592419.4,11481592419.4,None
2016-07-11,'600401,今非高懸,2.42,2.43,2.4,2.41,2.41,0.01,0.4149,1.4384,67965573,164319782.0,11434343067.8,11434343067.8,None
2016-07-08,'600401,今非高懸,2.41,2.43,2.4,2.42,2.43,-0.02,-0.823,0.9499,44883051,108169473.0,11387093716.3,11387093716.3,None
2016-07-07,'600401,今非高懸,2.43,2.43,2.4,2.43,2.44,-0.01,-0.4098,1.3719,64823111,156757221.0,11481592419.4,11481592419.4,None
2016-07-06,'600401,今非高懸,2.44,2.44,2.41,2.43,2.44,0.0,0.0,1.3206,62398810,151243442.0,11528841770.9,11528841770.9,None
2016-07-05,'600401,今非高懸,2.44,2.44,2.42,2.43,2.43,0.01,0.4115,1.4157,66893121,162535434.0,11528841770.9,11528841770.9,None
2016-07-04,'600401,今非高懸,2.43,2.44,2.38,2.4,2.4,0.03,1.25,1.3717,64812076,156753829.0,11481592419.4,11481592419.4,None
2016-07-01,'600401,今非高懸,2.4,2.44,2.39,2.41,2.44,-0.04,-1.6393,1.5714,74245351,178822526.0,11339844364.8,11339844364.8,None
2016-06-30,'600401,今非高懸,2.44,2.51,2.36,2.38,2.38,0.06,2.521,3.0078,142117700,346634763.0,11528841770.9,11528841770.9,None
2016-06-29,'600401,今非高懸,2.38,2.4,2.37,2.39,2.39,-0.01,-0.4184,1.3616,64334720,153349019.0,11245345661.8,11245345661.8,None
2016-06-28,'600401,今非高懸,2.39,2.4,2.33,2.35,2.37,0.02,0.8439,1.5185,71745946,169564800.0,11292595013.3,11292595013.3,None
2016-06-27,'600401,今非高懸,2.37,2.37,2.31,2.31,2.33,0.04,1.7167,1.2195,57621716,135261983.0,11198096310.2,11198096310.2,None
2016-06-24,'600401,今非高懸,2.33,2.38,2.26,2.37,2.37,-0.04,-1.6878,1.9049,90005187,209816153.0,11009098904.2,11009098904.2,None
2016-06-23,'600401,今非高懸,2.37,2.39,2.36,2.39,2.4,-0.03,-1.25,0.9028,42658711,101076105.0,11198096310.2,11198096310.2,None
2016-06-22,'600401,今非高懸,2.4,2.4,2.36,2.37,2.38,0.02,0.8403,1.0116,47798985,113461085.0,11339844364.8,11339844364.8,None
2016-06-21,'600401,今非高懸,2.38,2.42,2.37,2.41,2.4,-0.02,-0.8333,1.1983,56618328,135618264.0,11245345661.8,11245345661.8,None
2016-06-20,'600401,今非高懸,2.4,2.42,2.38,2.42,2.43,-0.03,-1.2346,1.348,63693966,152658138.0,11339844364.8,11339844364.8,None
2016-06-17,'600401,今非高懸,2.43,2.48,2.39,2.39,2.4,0.03,1.25,2.0085,94901001,230250560.0,11481592419.4,11481592419.4,None
2016-06-16,'600401,今非高懸,2.4,2.42,2.38,2.41,2.42,-0.02,-0.8264,1.437,67898955,162582872.0,11339844364.8,11339844364.8,None
2016-06-15,'600401,今非高懸,2.42,2.45,2.33,2.35,2.38,0.04,1.6807,1.8831,88976748,214646789.0,11434343067.8,11434343067.8,None
2016-06-14,'600401,今非高懸,2.38,2.4,2.33,2.33,2.38,0.0,0.0,1.1913,56288705,133445941.0,11245345661.8,11245345661.8,None
2016-06-13,'600401,今非高懸,2.38,2.47,2.36,2.46,2.5,-0.12,-4.8,1.8332,86617930,210349193.0,11245345661.8,11245345661.8,None
2016-06-08,'600401,今非高懸,2.5,2.53,2.47,2.52,2.54,-0.04,-1.5748,1.3347,63063554,157356681.0,11812337880.0,11812337880.0,None
2016-06-07,'600401,今非高懸,2.54,2.57,2.52,2.56,2.57,-0.03,-1.1673,1.5715,74254142,188246000.0,12001335286.1,12001335286.1,None
2016-06-06,'600401,今非高懸,2.57,2.6,2.5,2.51,2.49,0.08,3.2129,3.1482,148748900,380586076.0,12143083340.6,12143083340.6,None
2016-06-03,'600401,今非高懸,2.49,2.51,2.47,2.5,2.5,-0.01,-0.4,1.3999,66145790,164467032.0,11765088528.5,11765088528.5,None
2016-06-02,'600401,今非高懸,2.5,2.51,2.47,2.48,2.49,0.01,0.4016,1.4491,68467872,170585615.0,11812337880.0,11812337880.0,None
2016-06-01,'600401,今非高懸,2.49,2.52,2.48,2.51,2.52,-0.03,-1.1905,1.9869,93880568,234578815.0,11765088528.5,11765088528.5,None
2016-05-31,'600401,今非高懸,2.52,2.53,2.42,2.43,2.45,0.07,2.8571,2.6051,123090105,306089933.0,11906836583.0,11906836583.0,None
2016-05-30,'600401,今非高懸,2.45,2.56,2.32,2.36,2.37,0.08,3.3755,3.3477,158174306,388398679.0,11576091122.4,11576091122.4,None
2016-05-27,'600401,今非高懸,2.37,2.38,2.34,2.36,2.38,-0.01,-0.4202,1.1768,55605129,131347165.0,11198096310.2,11198096310.2,None
2016-05-26,'600401,今非高懸,2.38,2.41,2.33,2.4,2.41,-0.03,-1.2448,1.6804,79396822,187601014.0,11245345661.8,11245345661.8,None
2016-05-25,'600401,今非高懸,2.41,2.46,2.4,2.45,2.43,-0.02,-0.823,1.0543,49813181,120865707.0,11387093716.3,11387093716.3,None
2016-05-24,'600401,今非高懸,2.43,2.45,2.41,2.45,2.46,-0.03,-1.2195,1.2303,58131323,140757199.0,11481592419.4,11481592419.4,None
2016-05-23,'600401,今非高懸,2.46,2.47,2.43,2.46,2.44,0.02,0.8197,1.3923,65786315,161100957.0,11623340473.9,11623340473.9,None
2016-05-20,'600401,今非高懸,2.44,2.44,2.38,2.41,2.44,0.0,0.0,1.3167,62215274,150095745.0,11528841770.9,11528841770.9,None
2016-05-19,'600401,今非高懸,2.44,2.49,2.43,2.45,2.45,-0.01,-0.4082,1.3744,64937697,159559874.0,11528841770.9,11528841770.9,None
2016-05-18,'600401,今非高懸,2.45,2.54,2.4,2.54,2.55,-0.1,-3.9216,2.1451,101356824,249391249.0,11576091122.4,11576091122.4,None
2016-05-17,'600401,今非高懸,2.55,2.59,2.53,2.58,2.59,-0.04,-1.5444,1.5353,72541135,185344050.0,12048584637.6,12048584637.6,None
2016-05-16,'600401,今非高懸,2.59,2.61,2.47,2.49,2.51,0.08,3.1873,2.4511,115815019,294443001.0,12237582043.7,12237582043.7,None
2016-05-13,'600401,今非高懸,2.51,2.54,2.46,2.48,2.49,0.02,0.8032,1.8573,87754047,220092408.0,11859587231.5,11859587231.5,None
2016-05-12,'600401,今非高懸,2.49,2.51,2.42,2.5,2.54,-0.05,-1.9685,2.5517,120565655,296631703.0,11765088528.5,11765088528.5,None
2016-05-11,'600401,今非高懸,2.54,2.64,2.52,2.62,2.6,-0.06,-2.3077,2.2652,107027588,274338216.0,12001335286.1,12001335286.1,None
2016-05-10,'600401,今非高懸,2.6,2.65,2.58,2.61,2.6,0.0,0.0,2.1166,100010090,260773327.0,12284831395.2,12284831395.2,None
2016-05-09,'600401,今非高懸,2.6,2.75,2.56,2.74,2.78,-0.18,-6.4748,4.3581,205918493,542074299.0,12284831395.2,12284831395.2,None
2016-05-06,'600401,今非高懸,2.78,2.95,2.78,2.91,2.98,-0.2,-6.7114,7.3626,347876275,995232562.0,13135319722.6,13135319722.6,None
2016-05-05,'600401,今非高懸,2.98,3.27,2.97,3.16,3.0,-0.02,-0.6667,12.7663,603199682,1861448765.0,14080306753.0,14080306753.0,None
2016-05-04,'600401,今非高懸,3.0,3.0,2.8,2.84,2.73,0.27,9.8901,3.2191,152098678,446856193.0,14174805456.0,14174805456.0,None
2016-05-03,'600401,*ST今非,0.0,0.0,0.0,0.0,2.73,None,None,0.0,0,0.0,12899072965.0,12899072965.0,None
2016-04-29,'600401,*ST今非,2.73,2.75,2.71,2.74,2.76,-0.03,-1.087,1.2538,59243073,161585620.0,12899072965.0,12899072965.0,None
2016-04-28,'600401,*ST今非,2.76,2.79,2.7,2.77,2.77,-0.01,-0.361,1.777,83962878,230737270.0,13040821019.5,13040821019.5,None
2016-04-27,'600401,*ST今非,2.77,2.79,2.73,2.74,2.74,0.03,1.0949,1.7685,83559186,230796411.0,13088070371.0,13088070371.0,None
2016-04-26,'600401,*ST今非,2.74,2.75,2.7,2.74,2.75,-0.01,-0.3636,1.4328,67699038,184157535.0,12946322316.5,12946322316.5,None
2016-04-25,'600401,*ST今非,2.75,2.79,2.7,2.74,2.74,0.01,0.365,2.2968,108520588,298955758.0,12993571668.0,12993571668.0,None
2016-04-22,'600401,*ST今非,2.74,2.75,2.65,2.66,2.66,0.08,3.0075,2.1835,103166954,278714491.0,12946322316.5,12946322316.5,None
2016-04-21,'600401,*ST今非,2.66,2.72,2.62,2.67,2.68,-0.02,-0.7463,1.8103,85536489,228386103.0,12568327504.3,12568327504.3,None
2016-04-20,'600401,*ST今非,2.68,2.82,2.6,2.72,2.74,-0.06,-2.1898,3.7669,177985345,482939911.0,12662826207.4,12662826207.4,None
2016-04-19,'600401,*ST今非,2.74,2.74,2.63,2.65,2.65,0.09,3.3962,2.0059,94779243,253808016.0,12946322316.5,12946322316.5,None
2016-04-18,'600401,*ST今非,2.65,2.7,2.59,2.7,2.71,-0.06,-2.214,2.0967,99067799,263361665.0,12521078152.8,12521078152.8,None
2016-04-15,'600401,*ST今非,2.71,2.72,2.69,2.7,2.71,0.0,0.0,1.2603,59547088,160868987.0,12804574261.9,12804574261.9,None
2016-04-14,'600401,*ST今非,2.71,2.73,2.68,2.71,2.71,0.0,0.0,1.5791,74609605,201261363.0,12804574261.9,12804574261.9,None
2016-04-13,'600401,*ST今非,2.71,2.74,2.7,2.72,2.71,0.0,0.0,2.0157,95241286,258706123.0,12804574261.9,12804574261.9,None
2016-04-12,'600401,*ST今非,2.71,2.76,2.69,2.72,2.72,-0.01,-0.3676,1.8296,86447533,234484129.0,12804574261.9,12804574261.9,None
2016-04-11,'600401,*ST今非,2.72,2.74,2.63,2.65,2.63,0.09,3.4221,2.3044,108881483,291994303.0,12851823613.4,12851823613.4,None
2016-04-08,'600401,*ST今非,2.63,2.65,2.55,2.56,2.59,0.04,1.5444,2.2915,108273174,281881484.0,12426579449.8,12426579449.8,None
2016-04-07,'600401,*ST今非,2.59,2.78,2.59,2.74,2.73,-0.14,-5.1282,4.2003,198460790,526535484.0,12237582043.7,12237582043.7,None
2016-04-06,'600401,*ST今非,2.73,2.8,2.66,2.68,2.68,0.05,1.8657,3.6365,171821194,470669010.0,12899072965.0,12899072965.0,None
2016-04-05,'600401,*ST今非,2.68,2.68,2.63,2.63,2.6,0.08,3.0769,2.3359,110368219,292235338.0,12662826207.4,12662826207.4,None
2016-04-01,'600401,*ST今非,2.6,2.62,2.53,2.54,2.56,0.04,1.5625,2.3582,111421383,287702728.0,12284831395.2,12284831395.2,None
2016-03-31,'600401,*ST今非,2.56,2.58,2.49,2.5,2.47,0.09,3.6437,3.1645,149521502,380962674.0,12095833989.1,12095833989.1,None
2016-03-30,'600401,*ST今非,2.47,2.48,2.44,2.44,2.44,0.03,1.2295,1.3734,64894482,159350095.0,11670589825.4,11670589825.4,None
2016-03-29,'600401,*ST今非,2.44,2.47,2.41,2.42,2.43,0.01,0.4115,1.658,78337072,190958494.0,11528841770.9,11528841770.9,None
2016-03-28,'600401,*ST今非,2.43,2.49,2.41,2.47,2.42,0.01,0.4132,2.0589,97281735,238675911.0,11481592419.4,11481592419.4,None
2016-03-25,'600401,*ST今非,2.42,2.42,2.35,2.35,2.37,0.05,2.1097,1.3061,61712701,146620829.0,11434343067.8,11434343067.8,None
2016-03-24,'600401,*ST今非,2.37,2.4,2.35,2.38,2.4,-0.03,-1.25,1.782,84196513,200315716.0,11198096310.2,11198096310.2,None
2016-03-23,'600401,*ST今非,2.4,2.41,2.37,2.39,2.41,-0.01,-0.4149,1.747,82542641,197238955.0,11339844364.8,11339844364.8,None
2016-03-22,'600401,*ST今非,2.41,2.48,2.38,2.41,2.36,0.05,2.1186,3.3315,157410927,382692930.0,11387093716.3,11387093716.3,None
2016-03-21,'600401,*ST今非,2.36,2.37,2.33,2.36,2.34,0.02,0.8547,2.4104,113888986,267186780.0,11150846958.7,11150846958.7,None
2016-03-18,'600401,*ST今非,2.34,2.34,2.28,2.3,2.3,0.04,1.7391,2.2508,106350439,246239168.0,11056348255.7,11056348255.7,None
2016-03-17,'600401,*ST今非,2.3,2.3,2.25,2.27,2.27,0.03,1.3216,1.6548,78186108,178162228.0,10867350849.6,10867350849.6,None
2016-03-16,'600401,*ST今非,2.27,2.34,2.23,2.23,2.23,0.04,1.7937,2.1845,103214127,235789707.0,10725602795.0,10725602795.0,None
2016-03-15,'600401,*ST今非,2.23,2.24,2.21,2.23,2.24,-0.01,-0.4464,0.9161,43286885,96183468.0,10536605389.0,10536605389.0,None
2016-03-14,'600401,*ST今非,2.24,2.25,2.19,2.19,2.18,0.06,2.7523,1.6908,79890480,177825273.0,10583854740.5,10583854740.5,None
2016-03-11,'600401,*ST今非,2.18,2.18,2.13,2.14,2.16,0.02,0.9259,1.0505,49634713,106581288.0,10300358631.4,10300358631.4,None
2016-03-10,'600401,*ST今非,2.16,2.19,2.15,2.18,2.18,-0.02,-0.9174,1.037,48996213,106240301.0,10205859928.3,10205859928.3,None
2016-03-09,'600401,*ST今非,2.18,2.2,2.16,2.18,2.22,-0.04,-1.8018,1.0916,51575440,112325169.0,10300358631.4,10300358631.4,None
2016-03-08,'600401,*ST今非,2.22,2.23,2.16,2.23,2.23,-0.01,-0.4484,1.4599,68979452,150802604.0,10489356037.4,10489356037.4,None
2016-03-07,'600401,*ST今非,2.23,2.23,2.18,2.18,2.18,0.05,2.2936,1.36,64259915,142263594.0,10536605389.0,10536605389.0,None
2016-03-04,'600401,*ST今非,2.18,2.24,2.13,2.23,2.24,-0.06,-2.6786,1.9904,94045305,205963300.0,10300358631.4,10300358631.4,None
2016-03-03,'600401,*ST今非,2.24,2.28,2.23,2.24,2.26,-0.02,-0.885,1.864,88072910,198504983.0,10583854740.5,10583854740.5,None
2016-03-02,'600401,*ST今非,2.26,2.27,2.15,2.16,2.18,0.08,3.6697,2.1617,102140447,226104389.0,10678353443.5,10678353443.5,None
2016-03-01,'600401,*ST今非,2.18,2.19,2.1,2.16,2.16,0.02,0.9259,1.6838,79556274,171116184.0,10300358631.4,10300358631.4,None
2016-02-29,'600401,*ST今非,2.16,2.28,2.16,2.27,2.27,-0.11,-4.8458,2.0134,95131246,206819021.0,10205859928.3,10205859928.3,None
2016-02-26,'600401,*ST今非,2.27,2.33,2.23,2.3,2.35,-0.08,-3.4043,2.7317,129068923,293607329.0,10725602795.0,10725602795.0,None
2016-02-25,'600401,*ST今非,2.35,2.46,2.35,2.46,2.47,-0.12,-4.8583,2.3564,111339153,265834645.0,11103597607.2,11103597607.2,None
2016-02-24,'600401,*ST今非,2.47,2.49,2.41,2.45,2.47,0.0,0.0,2.081,98323920,240702114.0,11670589825.4,11670589825.4,None
2016-02-23,'600401,*ST今非,2.47,2.55,2.43,2.45,2.43,0.04,1.6461,3.0669,144910271,359645723.0,11670589825.4,11670589825.4,None
2016-02-22,'600401,*ST今非,2.43,2.44,2.4,2.41,2.4,0.03,1.25,2.1401,101119352,244668090.0,11481592419.4,11481592419.4,None
2016-02-19,'600401,*ST今非,2.4,2.42,2.38,2.4,2.42,-0.02,-0.8264,1.518,71726366,171763632.0,11339844364.8,11339844364.8,None
2016-02-18,'600401,*ST今非,2.42,2.46,2.4,2.44,2.43,-0.01,-0.4115,1.9463,91962585,223243897.0,11434343067.8,11434343067.8,None
2016-02-17,'600401,*ST今非,2.43,2.45,2.4,2.44,2.45,-0.02,-0.8163,1.924,90906359,220252801.0,11481592419.4,11481592419.4,None
2016-02-16,'600401,*ST今非,2.45,2.46,2.37,2.38,2.37,0.08,3.3755,1.9929,94160914,228209858.0,11576091122.4,11576091122.4,None
2016-02-15,'600401,*ST今非,2.37,2.38,2.31,2.33,2.43,-0.06,-2.4691,1.2848,60708124,142477977.0,11198096310.2,11198096310.2,None
2016-02-05,'600401,*ST今非,2.43,2.43,2.39,2.41,2.39,0.04,1.6736,1.3515,63859666,153833010.0,11481592419.4,11481592419.4,None
2016-02-04,'600401,*ST今非,2.39,2.42,2.36,2.38,2.37,0.02,0.8439,1.4492,68475910,163746530.0,11292595013.3,11292595013.3,None
2016-02-03,'600401,*ST今非,2.37,2.38,2.32,2.37,2.39,-0.02,-0.8368,1.1252,53163302,124803389.0,11198096310.2,11198096310.2,None
2016-02-02,'600401,*ST今非,2.39,2.41,2.35,2.36,2.36,0.03,1.2712,1.3358,63115778,150803594.0,11292595013.3,11292595013.3,None
2016-02-01,'600401,*ST今非,2.36,2.49,2.3,2.49,2.38,-0.02,-0.8403,1.9182,90634620,217741591.0,11150846958.7,11150846958.7,None
2016-01-29,'600401,*ST今非,2.38,2.39,2.27,2.27,2.33,0.05,2.1459,2.1503,101598586,236256293.0,11245345661.8,11245345661.8,None
2016-01-28,'600401,*ST今非,2.33,2.37,2.3,2.35,2.26,0.07,3.0973,3.3849,159936153,377195021.0,11009098904.2,11009098904.2,None
2016-01-27,'600401,*ST今非,2.26,2.3,2.26,2.27,2.38,-0.12,-5.042,1.898,89677989,203136924.0,10678353443.5,10678353443.5,None
2016-01-26,'600401,*ST今非,2.38,2.48,2.38,2.47,2.51,-0.13,-5.1793,2.0541,97054793,234797076.0,11245345661.8,11245345661.8,None
2016-01-25,'600401,*ST今非,2.51,2.55,2.44,2.47,2.44,0.07,2.8689,2.1245,100379245,250519612.0,11859587231.5,11859587231.5,None
2016-01-22,'600401,*ST今非,2.44,2.54,2.44,2.48,2.57,-0.13,-5.0584,3.6155,170831501,419145766.0,11528841770.9,11528841770.9,None
2016-01-21,'600401,*ST今非,2.57,2.65,2.57,2.57,2.71,-0.14,-5.1661,5.5255,261078339,674604433.0,12143083340.6,12143083340.6,None
2016-01-20,'600401,*ST今非,2.71,2.71,2.71,2.71,2.85,-0.14,-4.9123,0.2924,13815000,37438650.0,12804574261.9,12804574261.9,None
2016-01-19,'600401,*ST今非,2.85,2.85,2.85,2.85,3.0,-0.15,-5.0,0.2964,14003800,39910830.0,13466065183.2,13466065183.2,None
2016-01-18,'600401,*ST今非,0.0,0.0,0.0,0.0,3.0,None,None,0.0,0,0.0,14174805456.0,14174805456.0,None
2016-01-15,'600401,*ST今非,0.0,0.0,0.0,0.0,3.0,None,None,0.0,0,0.0,14174805456.0,14174805456.0,None
2016-01-14,'600401,*ST今非,0.0,0.0,0.0,0.0,3.0,None,None,0.0,0,0.0,14174805456.0,14174805456.0,None
2016-01-13,'600401,*ST今非,0.0,0.0,0.0,0.0,3.0,None,None,0.0,0,0.0,14174805456.0,14174805456.0,None
2016-01-12,'600401,*ST今非,0.0,0.0,0.0,0.0,3.0,None,None,0.0,0,0.0,14174805456.0,14174805456.0,None
2016-01-11,'600401,*ST今非,0.0,0.0,0.0,0.0,3.0,None,None,0.0,0,0.0,14174805456.0,14174805456.0,None
2016-01-08,'600401,*ST今非,0.0,0.0,0.0,0.0,3.0,None,None,0.0,0,0.0,14174805456.0,14174805456.0,None
2016-01-07,'600401,*ST今非,0.0,0.0,0.0,0.0,3.0,None,None,0.0,0,0.0,14174805456.0,14174805456.0,None
2016-01-06,'600401,*ST今非,0.0,0.0,0.0,0.0,3.0,None,None,0.0,0,0.0,14174805456.0,14174805456.0,None
2016-01-05,'600401,*ST今非,0.0,0.0,0.0,0.0,3.0,None,None,0.0,0,0.0,14174805456.0,14174805456.0,None
2016-01-04,'600401,*ST今非,0.0,0.0,0.0,0.0,3.0,None,None,0.0,0,0.0,14174805456.0,14174805456.0,None
