日期,股票代码,名称,收盘价,最高价,最低价,开盘价,前收盘,涨跌额,涨跌幅,换手率,成交量,成交金额,总市值,流通市值,成交笔数
2016-10-12,'600801,华新水泥,7.19,7.2,7.1,7.15,7.18,0.01,0.1393,0.7462,7258514,51937163.0,10767537826.8,6994225826.75,None
2016-10-11,'600801,华新水泥,7.18,7.18,7.09,7.11,7.11,0.07,0.9845,1.1607,11290627,80578870.0,10752562113.5,6984498113.5,None
2016-10-10,'600801,华新水泥,7.11,7.11,6.98,7.11,7.06,0.05,0.7082,1.2487,12147290,85480830.0,10647732120.8,6916404120.75,None
2016-09-30,'600801,华新水泥,7.06,7.1,6.98,7.07,7.07,-0.01,-0.1414,0.674,6556878,46191178.0,10572853554.5,6867765554.5,None
2016-09-29,'600801,华新水泥,7.07,7.16,7.05,7.08,7.09,-0.02,-0.2821,1.0429,10144990,71991732.0,10587829267.8,6877493267.75,None
2016-09-28,'600801,华新水泥,7.09,7.31,7.03,7.31,7.28,-0.19,-2.6099,1.3361,12997544,92258569.0,10617780694.2,6896948694.25,None
2016-09-27,'600801,华新水泥,7.28,7.31,7.04,7.18,7.21,0.07,0.9709,0.8776,8536632,61095464.0,10902319246.0,7081775246.0,None
2016-09-26,'600801,华新水泥,7.21,7.45,7.18,7.45,7.44,-0.23,-3.0914,0.9196,8945787,65199511.0,10797489253.2,7013681253.25,None
2016-09-23,'600801,华新水泥,7.44,7.65,7.36,7.56,7.59,-0.15,-1.9763,0.9724,9459505,70558500.0,11141930658.0,7237418658.0,None
2016-09-22,'600801,华新水泥,7.59,7.71,7.55,7.59,7.53,0.06,0.7968,0.6773,6589057,50306169.0,11366566356.8,7383334356.75,None
2016-09-21,'600801,华新水泥,7.53,7.59,7.47,7.53,7.53,0.0,0.0,0.4714,4585989,34602257.0,11276712077.2,7324968077.25,None
2016-09-20,'600801,华新水泥,7.53,7.55,7.43,7.46,7.46,0.07,0.9383,0.6502,6324985,47346667.0,11276712077.2,7324968077.25,None
2016-09-19,'600801,华新水泥,7.46,7.6,7.41,7.46,7.46,0.0,0.0,0.6816,6630067,49521787.0,11171882084.5,7256874084.5,None
2016-09-14,'600801,华新水泥,7.46,7.53,7.33,7.36,7.48,-0.02,-0.2674,0.8313,8086661,60111885.0,11171882084.5,7256874084.5,None
2016-09-13,'600801,华新水泥,7.48,7.68,7.33,7.64,7.59,-0.11,-1.4493,1.4798,14395173,107506697.0,11201833511.0,7276329511.0,None
2016-09-12,'600801,华新水泥,7.59,7.95,7.5,7.9,8.01,-0.42,-5.2434,1.2298,11963245,92210116.0,11366566356.8,7383334356.75,None
2016-09-09,'600801,华新水泥,8.01,8.17,7.95,8.0,8.03,-0.02,-0.2491,0.8589,8354815,67218358.0,11995546313.2,7791898313.25,None
2016-09-08,'600801,华新水泥,8.03,8.19,7.82,7.84,7.9,0.13,1.6456,1.5523,15100555,121748136.0,12025497739.8,7811353739.75,None
2016-09-07,'600801,华新水泥,7.9,8.08,7.66,7.73,7.73,0.17,2.1992,1.9321,18795366,148664898.0,11830813467.5,7684893467.5,None
2016-09-06,'600801,华新水泥,7.73,7.74,7.54,7.69,7.69,0.04,0.5202,0.8455,8225198,62905055.0,11576226342.2,7519522342.25,None
2016-09-05,'600801,华新水泥,7.69,7.95,7.45,7.5,7.47,0.22,2.9451,1.6364,15918425,123117086.0,11516323489.2,7480611489.25,None
2016-09-02,'600801,华新水泥,7.47,7.59,7.42,7.46,7.56,-0.09,-1.1905,0.5671,5516333,41406959.0,11186857797.8,7266601797.75,None
2016-09-01,'600801,华新水泥,7.56,7.63,7.49,7.5,7.51,0.05,0.6658,0.6988,6798088,51314802.0,11321639217.0,7354151217.0,None
2016-08-31,'600801,华新水泥,7.51,7.57,7.45,7.47,7.5,0.01,0.1333,0.5262,5119021,38472419.0,11246760650.8,7305512650.75,None
2016-08-30,'600801,华新水泥,7.5,7.56,7.44,7.5,7.5,0.0,0.0,0.4823,4691257,35113287.0,11231784937.5,7295784937.5,None
2016-08-29,'600801,华新水泥,7.5,7.58,7.4,7.53,7.56,-0.06,-0.7937,0.7101,6908019,51708916.0,11231784937.5,7295784937.5,None
2016-08-26,'600801,华新水泥,7.56,7.59,7.46,7.51,7.51,0.05,0.6658,0.745,7247515,54594250.0,11321639217.0,7354151217.0,None
2016-08-25,'600801,华新水泥,7.51,7.76,7.38,7.66,7.75,-0.24,-3.0968,1.1971,11644754,87100667.0,11246760650.8,7305512650.75,None
2016-08-24,'600801,华新水泥,7.75,7.85,7.69,7.81,7.82,-0.07,-0.8951,0.5013,4876183,37897044.0,11606177768.8,7538977768.75,None
2016-08-23,'600801,华新水泥,7.82,7.9,7.67,7.83,7.77,0.05,0.6435,0.8869,8627690,67063774.0,11711007761.5,7607071761.5,None
2016-08-22,'600801,华新水泥,7.77,8.06,7.75,8.05,8.0,-0.23,-2.875,0.7267,7068790,55472671.0,11636129195.2,7558433195.25,None
2016-08-19,'600801,华新水泥,8.0,8.13,7.92,8.08,8.16,-0.16,-1.9608,0.883,8589811,68823313.0,11980570600.0,7782170600.0,None
2016-08-18,'600801,华新水泥,8.16,8.25,8.06,8.1,8.15,0.01,0.1227,1.5371,14952946,122123394.0,12220182012.0,7937814012.0,None
2016-08-17,'600801,华新水泥,8.15,8.29,8.0,8.11,8.13,0.02,0.246,1.403,13647767,110558217.0,12205206298.8,7928086298.75,None
2016-08-16,'600801,华新水泥,8.13,8.31,8.01,8.21,8.28,-0.15,-1.8116,1.7614,17134110,139645927.0,12175254872.2,7908630872.25,None
2016-08-15,'600801,华新水泥,8.28,8.39,7.7,7.88,7.89,0.39,4.943,1.9017,18498824,149589224.0,12399890571.0,8054546571.0,None
2016-08-12,'600801,华新水泥,7.89,7.93,7.71,7.83,7.86,0.03,0.3817,1.1744,11423775,89251219.0,11815837754.2,7675165754.25,None
2016-08-11,'600801,华新水泥,7.86,8.05,7.81,8.01,8.12,-0.26,-3.202,0.9823,9555065,75543428.0,11770910614.5,7645982614.5,None
2016-08-10,'600801,华新水泥,8.12,8.26,7.75,7.83,7.89,0.23,2.9151,2.9239,28442870,230366284.0,12160279159.0,7898903159.0,None
2016-08-09,'600801,华新水泥,7.89,7.89,7.49,7.62,7.72,0.17,2.2021,2.2089,21487248,165971937.0,11815837754.2,7675165754.25,None
2016-08-08,'600801,华新水泥,7.72,7.78,7.26,7.29,7.22,0.5,6.9252,2.3181,22550237,170015680.0,11561250629.0,7509794629.0,None
2016-08-05,'600801,华新水泥,7.22,7.35,7.2,7.27,7.27,-0.05,-0.6878,0.708,6887074,50161997.0,10812464966.5,7023408966.5,None
2016-08-04,'600801,华新水泥,7.27,7.55,7.22,7.4,7.37,-0.1,-1.3569,1.3925,13545618,100000585.0,10887343532.8,7072047532.75,None
2016-08-03,'600801,华新水泥,7.37,7.39,6.93,6.93,6.97,0.4,5.7389,2.0499,19940855,144509707.0,11037100665.2,7169324665.25,None
2016-08-02,'600801,华新水泥,6.97,7.05,6.89,6.91,6.94,0.03,0.4323,0.4189,4074934,28337423.0,10438072135.2,6780216135.25,None
2016-08-01,'600801,华新水泥,6.94,7.1,6.71,7.08,7.09,-0.15,-2.1157,0.9766,9500426,65813109.0,10393144995.5,6751032995.5,None
2016-07-29,'600801,华新水泥,7.09,7.18,7.05,7.12,7.11,-0.02,-0.2813,0.586,5700185,40578057.0,10617780694.2,6896948694.25,None
2016-07-28,'600801,华新水泥,7.11,7.14,6.99,7.09,7.09,0.02,0.2821,0.8612,8377543,59265608.0,10647732120.8,6916404120.75,None
2016-07-27,'600801,华新水泥,7.09,7.41,7.0,7.28,7.36,-0.27,-3.6685,1.8477,17974105,129292432.0,10617780694.2,6896948694.25,None
2016-07-26,'600801,华新水泥,7.36,7.38,7.05,7.06,7.04,0.32,4.5455,1.8015,17524017,127048693.0,11022124952.0,7159596952.0,None
2016-07-25,'600801,华新水泥,7.04,7.09,7.0,7.0,7.03,0.01,0.1422,0.5318,5173006,36408569.0,10542902128.0,6848310128.0,None
2016-07-22,'600801,华新水泥,7.03,7.2,7.02,7.08,7.08,-0.05,-0.7062,0.7577,7370414,52390162.0,10527926414.8,6838582414.75,None
2016-07-21,'600801,华新水泥,7.08,7.18,7.06,7.18,7.11,-0.03,-0.4219,0.7152,6957153,49391532.0,10602804981.0,6887220981.0,None
2016-07-20,'600801,华新水泥,7.11,7.23,7.1,7.23,7.17,-0.06,-0.8368,0.7452,7248741,51829077.0,10647732120.8,6916404120.75,None
2016-07-19,'600801,华新水泥,7.17,7.25,7.03,7.11,7.11,0.06,0.8439,0.9149,8899972,63692195.0,10737586400.2,6974770400.25,None
2016-07-18,'600801,华新水泥,7.11,7.13,7.01,7.11,7.11,0.0,0.0,1.1316,11007453,77797825.0,10647732120.8,6916404120.75,None
2016-07-15,'600801,华新水泥,7.11,7.33,7.1,7.23,7.22,-0.11,-1.5235,1.1529,11214781,80526022.0,10647732120.8,6916404120.75,None
2016-07-14,'600801,华新水泥,7.22,7.29,7.15,7.22,7.29,-0.07,-0.9602,1.0616,10327073,74573377.0,10812464966.5,7023408966.5,None
2016-07-13,'600801,华新水泥,7.29,7.49,7.22,7.32,7.39,-0.1,-1.3532,2.0485,19927118,145830225.0,10917294959.2,7091502959.25,None
2016-07-12,'600801,华新水泥,7.39,7.5,6.97,6.98,6.97,0.42,6.0258,3.0237,29413493,212830069.0,11067052091.8,7188780091.75,None
2016-07-11,'600801,华新水泥,6.97,7.18,6.94,7.15,7.12,-0.15,-2.1067,1.7518,17040716,120537691.0,10438072135.2,6780216135.25,None
2016-07-08,'600801,华新水泥,7.12,7.25,7.04,7.2,7.25,-0.13,-1.7931,1.6607,16155103,115172456.0,10662707834.0,6926131834.0,None
2016-07-07,'600801,华新水泥,7.25,7.34,6.9,7.06,7.05,0.2,2.8369,3.6872,35867986,255080069.0,10857392106.2,7052592106.25,None
2016-07-06,'600801,华新水泥,7.05,7.18,6.71,6.78,6.84,0.21,3.0702,3.0113,29293135,203011544.0,10557877841.2,6858037841.25,None
2016-07-05,'600801,华新水泥,6.84,6.92,6.61,6.72,6.72,0.12,1.7857,2.3876,23226122,156293600.0,10243387863.0,6653755863.0,None
2016-07-04,'600801,华新水泥,6.72,6.74,6.35,6.35,6.31,0.41,6.4976,2.9586,28780480,189888320.0,10063679304.0,6537023304.0,None
2016-07-01,'600801,华新水泥,6.31,6.36,6.29,6.33,6.31,0.0,0.0,0.6946,6757015,42687498.0,9449675060.75,6138187060.75,None
2016-06-30,'600801,华新水泥,6.31,6.37,6.28,6.34,6.35,-0.04,-0.6299,0.6931,6742435,42613290.0,9449675060.75,6138187060.75,None
2016-06-29,'600801,华新水泥,6.35,6.37,6.26,6.32,6.28,0.07,1.1146,1.3115,12758091,80658842.0,9509577913.75,6177097913.75,None
2016-06-28,'600801,华新水泥,6.28,6.3,6.14,6.16,6.2,0.08,1.2903,0.7412,7210517,44746679.0,9404747921.0,6109003921.0,None
2016-06-27,'600801,华新水泥,6.2,6.22,6.04,6.07,6.11,0.09,1.473,0.8232,8008320,49391024.0,9284942215.0,6031182215.0,None
2016-06-24,'600801,华新水泥,6.11,6.33,6.01,6.27,6.28,-0.17,-2.707,1.0223,9944245,61221654.0,9150160795.75,5943632795.75,None
2016-06-23,'600801,华新水泥,6.28,6.31,6.21,6.25,6.28,0.0,0.0,0.5098,4958830,31065506.0,9404747921.0,6109003921.0,None
2016-06-22,'600801,华新水泥,6.28,6.28,6.17,6.18,6.21,0.07,1.1272,0.582,5661079,35300321.0,9404747921.0,6109003921.0,None
2016-06-21,'600801,华新水泥,6.21,6.45,6.17,6.31,6.32,-0.11,-1.7405,0.8034,7815376,49158441.0,9299917928.25,6040909928.25,None
2016-06-20,'600801,华新水泥,6.32,6.35,6.11,6.21,6.2,0.12,1.9355,1.0886,10589326,66128440.0,9464650774.0,6147914774.0,None
2016-06-17,'600801,华新水泥,6.2,6.29,6.13,6.14,6.14,0.06,0.9772,0.8616,8381879,52017862.0,9284942215.0,6031182215.0,None
2016-06-16,'600801,华新水泥,6.14,6.21,6.1,6.2,6.23,-0.09,-1.4446,0.7707,7497481,46088686.0,9195087935.5,5972815935.5,None
2016-06-15,'600801,华新水泥,6.23,6.24,6.03,6.05,6.08,0.15,2.4671,1.1787,11466259,70587761.0,9329869354.75,6060365354.75,None
2016-06-14,'600801,华新水泥,6.08,6.17,6.05,6.11,6.16,-0.08,-1.2987,0.9563,9302371,56710655.0,9105233656.0,5914449656.0,None
2016-06-13,'600801,华新水泥,6.16,6.36,6.16,6.36,6.39,-0.23,-3.5994,0.86,8365893,52442591.0,9225039362.0,5992271362.0,None
2016-06-08,'600801,华新水泥,6.39,6.46,6.32,6.46,6.44,-0.05,-0.7764,0.7344,7143572,45536872.0,9569480766.75,6216008766.75,None
2016-06-07,'600801,XD华新水,6.44,6.53,6.4,6.52,6.49,-0.05,-0.7704,0.7488,7284481,46905052.0,9644359333.0,6264647333.0,None
2016-06-06,'600801,华新水泥,6.54,6.65,6.52,6.6,6.58,-0.04,-0.6079,0.9312,9058252,59496149.0,9794116465.5,6361924465.5,None
2016-06-03,'600801,华新水泥,6.58,6.63,6.52,6.58,6.57,0.01,0.1522,0.9934,9663106,63482024.0,9854019318.5,6400835318.5,None
2016-06-02,'600801,华新水泥,6.57,6.58,6.43,6.53,6.51,0.06,0.9217,0.8025,7806315,50900963.0,9839043605.25,6391107605.25,None
2016-06-01,'600801,华新水泥,6.51,6.6,6.48,6.55,6.53,-0.02,-0.3063,0.8496,8264777,54021057.0,9749189325.75,6332741325.75,None
2016-05-31,'600801,华新水泥,6.53,6.53,6.28,6.28,6.26,0.27,4.3131,1.0196,9918719,63941261.0,9779140752.25,6352196752.25,None
2016-05-30,'600801,华新水泥,6.26,6.34,6.2,6.27,6.29,-0.03,-0.4769,0.3976,3867514,24292245.0,9374796494.5,6089548494.5,None
2016-05-27,'600801,华新水泥,6.29,6.34,6.24,6.29,6.29,0.0,0.0,0.5555,5403565,34010661.0,9419723634.25,6118731634.25,None
2016-05-26,'600801,华新水泥,6.29,6.35,6.19,6.33,6.33,-0.04,-0.6319,0.8643,8408072,52453900.0,9419723634.25,6118731634.25,None
2016-05-25,'600801,华新水泥,6.33,6.47,6.27,6.44,6.4,-0.07,-1.0938,0.7661,7452795,47503821.0,9479626487.25,6157642487.25,None
2016-05-24,'600801,华新水泥,6.4,6.52,6.34,6.5,6.59,-0.19,-2.8832,0.8568,8334524,53545250.0,9584456480.0,6225736480.0,None
2016-05-23,'600801,华新水泥,6.59,6.77,6.39,6.39,6.42,0.17,2.648,1.0582,10293519,67329077.0,9868995031.75,6410563031.75,None
2016-05-20,'600801,华新水泥,6.42,6.43,6.21,6.31,6.34,0.08,1.2618,0.6686,6503678,41210142.0,9614407906.5,6245191906.5,None
2016-05-19,'600801,华新水泥,6.34,6.49,6.33,6.36,6.41,-0.07,-1.092,0.6385,6210817,39881446.0,9494602200.5,6167370200.5,None
2016-05-18,'600801,华新水泥,6.41,6.6,6.3,6.58,6.63,-0.22,-3.3183,0.7196,6999939,44941261.0,9599432193.25,6235464193.25,None
2016-05-17,'600801,华新水泥,6.63,6.69,6.55,6.64,6.62,0.01,0.1511,0.7797,7584246,50166014.0,9928897884.75,6449473884.75,None
2016-05-16,'600801,华新水泥,6.62,6.63,6.49,6.56,6.57,0.05,0.761,0.635,6176801,40536915.0,9913922171.5,6439746171.5,None
2016-05-13,'600801,华新水泥,6.57,6.74,6.51,6.66,6.67,-0.1,-1.4993,0.5539,5387971,35594855.0,9839043605.25,6391107605.25,None
2016-05-12,'600801,华新水泥,6.67,6.69,6.36,6.66,6.69,-0.02,-0.299,0.6958,6768660,44326664.0,9988800737.75,6488384737.75,None
2016-05-11,'600801,华新水泥,6.69,6.79,6.49,6.6,6.56,0.13,1.9817,1.3665,13293197,88139893.0,10018752164.2,6507840164.25,None
2016-05-10,'600801,华新水泥,6.56,6.78,6.5,6.75,6.7,-0.14,-2.0896,1.2258,11924101,78707729.0,9824067892.0,6381379892.0,None
2016-05-09,'600801,华新水泥,6.7,7.3,6.64,7.3,7.38,-0.68,-9.2141,1.4899,14493512,99038424.0,10033727877.5,6517567877.5,None
2016-05-06,'600801,华新水泥,7.38,7.69,7.37,7.64,7.63,-0.25,-3.2765,1.0208,9930433,74822475.0,11052076378.5,7179052378.5,None
2016-05-05,'600801,华新水泥,7.63,7.65,7.51,7.51,7.56,0.07,0.9259,0.7693,7483236,56871115.0,11426469209.8,7422245209.75,None
2016-05-04,'600801,华新水泥,7.56,7.61,7.48,7.6,7.67,-0.11,-1.4342,1.0201,9923412,75039619.0,11321639217.0,7354151217.0,None
2016-05-03,'600801,华新水泥,7.67,7.68,7.38,7.5,7.53,0.14,1.8592,1.6386,15939655,120487277.0,11486372062.8,7461156062.75,None
2016-04-29,'600801,华新水泥,7.53,7.7,7.42,7.64,7.77,-0.24,-3.0888,0.8484,8252681,62320125.0,11276712077.2,7324968077.25,None
2016-04-28,'600801,华新水泥,7.77,7.9,7.33,7.88,7.89,-0.12,-1.5209,1.3904,13525886,103036535.0,11636129195.2,7558433195.25,None
2016-04-27,'600801,华新水泥,7.89,8.05,7.8,8.01,8.03,-0.14,-1.7435,0.716,6965305,54879346.0,11815837754.2,7675165754.25,None
2016-04-26,'600801,华新水泥,8.03,8.12,7.89,8.07,8.09,-0.06,-0.7417,0.648,6303480,50281368.0,12025497739.8,7811353739.75,None
2016-04-25,'600801,华新水泥,8.09,8.09,7.71,7.85,7.93,0.16,2.0177,0.9384,9128725,72527105.0,12115352019.2,7869720019.25,None
2016-04-22,'600801,华新水泥,7.93,8.17,7.73,8.17,8.26,-0.33,-3.9952,1.2569,12227146,96169968.0,11875740607.2,7714076607.25,None
2016-04-21,'600801,华新水泥,8.26,8.5,8.25,8.4,8.39,-0.13,-1.5495,0.4213,4098343,34243888.0,12369939144.5,8035091144.5,None
2016-04-20,'600801,华新水泥,8.39,8.81,8.09,8.68,8.68,-0.29,-3.341,1.0462,10176803,85898727.0,12564623416.8,8161551416.75,None
2016-04-19,'600801,华新水泥,8.68,8.98,8.56,8.98,8.86,-0.18,-2.0316,0.8686,8449160,73084947.0,12998919101.0,8443655101.0,None
2016-04-18,'600801,华新水泥,8.86,8.98,8.6,8.98,9.12,-0.26,-2.8509,1.0583,10295123,90181213.0,13268481939.5,8618753939.5,None
2016-04-15,'600801,华新水泥,9.12,9.16,8.8,8.91,9.01,0.11,1.2209,1.496,14552699,130603110.0,13657850484.0,8871674484.0,None
2016-04-14,'600801,华新水泥,9.01,9.15,8.71,8.73,8.71,0.3,3.4443,1.2748,12400621,110889588.0,13493117638.2,8764669638.25,None
2016-04-13,'600801,华新水泥,8.71,9.11,8.47,8.47,8.44,0.27,3.1991,2.0428,19871608,175997254.0,13043846240.8,8472838240.75,None
2016-04-12,'600801,华新水泥,8.44,8.79,8.35,8.79,8.76,-0.32,-3.653,1.2183,11851114,100601576.0,12639501983.0,8210189983.0,None
2016-04-11,'600801,华新水泥,8.76,9.13,8.33,8.33,8.3,0.46,5.5422,1.8802,18289957,162004981.0,13118724807.0,8521476807.0,None
2016-04-08,'600801,华新水泥,8.3,8.5,8.1,8.1,8.37,-0.07,-0.8363,0.8736,8498132,70837542.0,12429841997.5,8074001997.5,None
2016-04-07,'600801,华新水泥,8.37,8.66,8.35,8.6,8.59,-0.22,-2.5611,0.6946,6756742,56935181.0,12534671990.2,8142095990.25,None
2016-04-06,'600801,华新水泥,8.59,8.69,8.47,8.56,8.78,-0.19,-2.164,0.907,8822598,75498807.0,12864137681.8,8356105681.75,None
2016-04-05,'600801,华新水泥,8.78,8.85,8.41,8.61,8.61,0.17,1.9744,1.5551,15127502,130349594.0,13148676233.5,8540932233.5,None
2016-04-01,'600801,华新水泥,8.61,9.37,8.58,9.0,9.0,-0.39,-4.3333,1.6773,16316706,146260491.0,12894089108.2,8375561108.25,None
2016-03-31,'600801,华新水泥,9.0,9.13,8.32,8.52,8.51,0.49,5.7579,1.8952,18435581,162077778.0,13478141925.0,8754941925.0,None
2016-03-30,'600801,华新水泥,8.51,8.55,8.18,8.2,8.09,0.42,5.1916,1.6503,16053946,134901545.0,12744331975.8,8278283975.75,None
2016-03-29,'600801,华新水泥,8.09,8.28,7.85,8.02,8.0,0.09,1.125,1.1324,11015835,89181178.0,12115352019.2,7869720019.25,None
2016-03-28,'600801,华新水泥,8.0,8.15,7.8,8.01,8.01,-0.01,-0.1248,0.8447,8216934,65528500.0,11980570600.0,7782170600.0,None
2016-03-25,'600801,华新水泥,8.01,8.33,7.91,8.28,8.25,-0.24,-2.9091,1.0687,10396368,83444073.0,11995546313.2,7791898313.25,None
2016-03-24,'600801,华新水泥,8.25,8.56,8.23,8.53,8.66,-0.41,-4.7344,1.032,10038588,84553195.0,12354963431.2,8025363431.25,None
2016-03-23,'600801,华新水泥,8.66,8.75,8.11,8.13,8.2,0.46,5.6098,2.3046,22418131,191530883.0,12968967674.5,8424199674.5,None
2016-03-22,'600801,华新水泥,8.2,8.5,7.95,8.07,8.15,0.05,0.6135,1.6807,16348997,136225379.0,12280084865.0,7976724865.0,None
2016-03-21,'600801,华新水泥,8.15,8.35,8.05,8.19,8.18,-0.03,-0.3667,1.4726,14325004,117663065.0,12205206298.8,7928086298.75,None
2016-03-18,'600801,华新水泥,8.18,8.2,7.81,7.97,7.85,0.33,4.2038,1.6522,16072413,128993674.0,12250133438.5,7957269438.5,None
2016-03-17,'600801,华新水泥,7.85,7.98,7.62,7.69,7.7,0.15,1.9481,1.1879,11556014,90597077.0,11755934901.2,7636254901.25,None
2016-03-16,'600801,华新水泥,7.7,7.88,7.57,7.79,7.84,-0.14,-1.7857,0.8526,8294050,64130869.0,11531299202.5,7490339202.5,None
2016-03-15,'600801,华新水泥,7.84,8.05,7.64,7.79,7.83,0.01,0.1277,2.4557,23888320,186774553.0,11740959188.0,7626527188.0,None
2016-03-14,'600801,华新水泥,7.83,7.83,7.19,7.19,7.12,0.71,9.9719,1.787,17383115,133619433.0,11725983474.8,7616799474.75,None
2016-03-11,'600801,华新水泥,7.12,7.29,6.82,7.0,7.11,0.01,0.1406,1.0687,10396216,73808087.0,10662707834.0,6926131834.0,None
2016-03-10,'600801,华新水泥,7.11,7.24,6.95,7.2,7.13,-0.02,-0.2805,1.2649,12304939,87256271.0,10647732120.8,6916404120.75,None
2016-03-09,'600801,华新水泥,7.13,7.4,6.96,7.4,7.56,-0.43,-5.6878,1.4182,13795709,99180372.0,10677683547.2,6935859547.25,None
2016-03-08,'600801,华新水泥,7.56,7.76,7.21,7.76,7.74,-0.18,-2.3256,1.9665,19129107,142651057.0,11321639217.0,7354151217.0,None
2016-03-07,'600801,华新水泥,7.74,7.95,7.53,7.82,7.67,0.07,0.9126,1.9408,18879098,144923156.0,11591202055.5,7529250055.5,None
2016-03-04,'600801,华新水泥,7.67,8.15,7.54,7.87,7.8,-0.13,-1.6667,2.6317,25600867,200442311.0,11486372062.8,7461156062.75,None
2016-03-03,'600801,华新水泥,7.8,8.4,7.78,8.1,7.83,-0.03,-0.3831,4.4634,43418822,353567022.0,11681056335.0,7587616335.0,None
2016-03-02,'600801,华新水泥,7.83,7.83,6.98,6.98,7.12,0.71,9.9719,3.7981,36946890,284106411.0,11725983474.8,7616799474.75,None
2016-03-01,'600801,华新水泥,7.12,7.43,6.7,6.75,6.75,0.37,5.4815,2.826,27490778,196162127.0,10662707834.0,6926131834.0,None
2016-02-29,'600801,华新水泥,6.75,7.09,6.4,6.86,6.78,-0.03,-0.4425,2.8542,27765051,190397333.0,10108606443.8,6566206443.75,None
2016-02-26,'600801,华新水泥,6.78,6.78,6.2,6.2,6.16,0.62,10.0649,2.1328,20747526,137502500.0,10153533583.5,6595389583.5,None
2016-02-25,'600801,华新水泥,6.16,6.81,6.13,6.8,6.81,-0.65,-9.5448,1.4167,13780819,89100690.0,9225039362.0,5992271362.0,None
2016-02-24,'600801,华新水泥,6.81,7.01,6.66,6.83,6.89,-0.08,-1.1611,0.8686,8449818,57736777.0,10198460723.2,6624572723.25,None
2016-02-23,'600801,华新水泥,6.89,7.03,6.7,6.9,6.94,-0.05,-0.7205,0.9828,9560126,65345302.0,10318266429.2,6702394429.25,None
2016-02-22,'600801,华新水泥,6.94,7.25,6.65,6.65,6.63,0.31,4.6757,1.7118,16651650,116655120.0,10393144995.5,6751032995.5,None
2016-02-19,'600801,华新水泥,6.63,6.68,6.48,6.66,6.72,-0.09,-1.3393,1.1096,10794274,71007068.0,9928897884.75,6449473884.75,None
2016-02-18,'600801,华新水泥,6.72,6.88,6.32,6.33,6.4,0.32,5.0,2.9014,28223869,187483048.0,10063679304.0,6537023304.0,None
2016-02-17,'600801,华新水泥,6.4,6.56,5.99,6.05,6.06,0.34,5.6106,2.7173,26433191,166779736.0,9584456480.0,6225736480.0,None
2016-02-16,'600801,华新水泥,6.06,6.07,5.86,5.88,5.82,0.24,4.1237,0.9441,9183914,55086070.0,9075282229.5,5894994229.5,None
2016-02-15,'600801,华新水泥,5.82,5.87,5.69,5.69,5.86,-0.04,-0.6826,0.4569,4444674,25683488.0,8715865111.5,5661529111.5,None
2016-02-05,'600801,华新水泥,5.86,5.96,5.84,5.89,5.89,-0.03,-0.5093,0.7521,7316537,43159504.0,8775767964.5,5700439964.5,None
2016-02-04,'600801,华新水泥,5.89,5.93,5.8,5.8,5.81,0.08,1.3769,0.8939,8695567,51040615.0,8820695104.25,5729623104.25,None
2016-02-03,'600801,华新水泥,5.81,5.83,5.68,5.79,5.83,-0.02,-0.3431,0.6708,6525553,37446258.0,8700889398.25,5651801398.25,None
2016-02-02,'600801,华新水泥,5.83,5.9,5.72,5.73,5.71,0.12,2.1016,0.7643,7434760,43304884.0,8730840824.75,5671256824.75,None
2016-02-01,'600801,华新水泥,5.71,5.94,5.62,5.94,5.98,-0.27,-4.5151,0.8447,8216533,47483142.0,8551132265.75,5554524265.75,None
2016-01-29,'600801,华新水泥,5.98,6.01,5.66,5.84,5.87,0.11,1.8739,1.3573,13203542,77567126.0,8955476523.5,5817172523.5,None
2016-01-28,'600801,华新水泥,5.87,6.14,5.86,6.06,6.11,-0.24,-3.928,0.5377,5230483,31472789.0,8790743677.75,5710167677.75,None
2016-01-27,'600801,华新水泥,6.11,6.29,5.92,6.21,6.19,-0.08,-1.2924,0.7875,7661056,46674480.0,9150160795.75,5943632795.75,None
2016-01-26,'600801,华新水泥,6.19,6.73,6.11,6.68,6.74,-0.55,-8.1602,1.0418,10134593,65497835.0,9269966501.75,6021454501.75,None
2016-01-25,'600801,华新水泥,6.74,6.85,6.58,6.6,6.59,0.15,2.2762,1.109,10788141,72486920.0,10093630730.5,6556478730.5,None
2016-01-22,'600801,华新水泥,6.59,6.64,6.35,6.59,6.48,0.11,1.6975,0.7331,7131852,46625648.0,9868995031.75,6410563031.75,None
2016-01-21,'600801,华新水泥,6.48,6.79,6.45,6.5,6.62,-0.14,-2.1148,0.929,9037418,59891652.0,9704262186.0,6303558186.0,None
2016-01-20,'600801,华新水泥,6.62,6.8,6.58,6.71,6.76,-0.14,-2.071,1.0765,10471866,69881924.0,9913922171.5,6439746171.5,None
2016-01-19,'600801,华新水泥,6.76,6.77,6.5,6.56,6.56,0.2,3.0488,1.1953,11627261,77412250.0,10123582157.0,6575934157.0,None
2016-01-18,'600801,华新水泥,6.56,6.68,6.4,6.52,6.63,-0.07,-1.0558,1.0424,10140354,66342968.0,9824067892.0,6381379892.0,None
2016-01-15,'600801,华新水泥,6.63,7.09,6.51,7.0,7.09,-0.46,-6.488,1.3969,13588655,92677240.0,9928897884.75,6449473884.75,None
2016-01-14,'600801,华新水泥,7.09,7.13,6.66,6.77,7.01,0.08,1.1412,1.3407,13041475,89885248.0,10617780694.2,6896948694.25,None
2016-01-13,'600801,华新水泥,7.01,7.4,6.99,7.17,7.18,-0.17,-2.3677,1.4087,13703243,98552703.0,10497974988.2,6819126988.25,None
2016-01-12,'600801,华新水泥,7.18,7.33,7.0,7.21,7.19,-0.01,-0.1391,1.124,10934387,78422732.0,10752562113.5,6984498113.5,None
2016-01-11,'600801,华新水泥,7.19,7.68,7.16,7.5,7.73,-0.54,-6.9858,1.8434,17932280,133123474.0,10767537826.8,6994225826.75,None
2016-01-08,'600801,华新水泥,7.73,8.03,7.0,7.47,7.3,0.43,5.8904,3.5939,34960454,272974071.0,11576226342.2,7519522342.25,None
2016-01-07,'600801,华新水泥,7.3,7.92,7.28,7.9,8.09,-0.79,-9.7651,0.4682,4555000,34689632.0,10932270672.5,7101230672.5,None
2016-01-06,'600801,华新水泥,8.09,8.14,7.57,7.6,7.63,0.46,6.0288,2.4236,23576178,187360649.0,12115352019.2,7869720019.25,None
2016-01-05,'600801,华新水泥,7.63,7.66,7.2,7.21,7.49,0.14,1.8692,1.3513,13144708,97848795.0,11426469209.8,7422245209.75,None
2016-01-04,'600801,华新水泥,7.49,8.22,7.43,8.18,8.15,-0.66,-8.0982,1.0584,10295749,80679269.0,11216809224.2,7286057224.25,None
