日期,股票代码,名称,收盘价,最高价,最低价,开盘价,前收盘,涨跌额,涨跌幅,换手率,成交量,成交金额,总市值,流通市值,成交笔数
2016-10-12,'600367,红星发展,15.19,15.57,15.01,15.55,15.67,-0.48,-3.0632,4.4618,12992755,198014757.0,4423328000.0,4423328000.0,None
2016-10-11,'600367,红星发展,15.67,15.85,15.48,15.78,15.78,-0.11,-0.6971,3.0181,8788701,137434819.0,4563104000.0,4563104000.0,None
2016-10-10,'600367,红星发展,15.78,15.97,15.62,15.73,15.67,0.11,0.702,3.1083,9051492,142496308.0,4595136000.0,4595136000.0,None
2016-09-30,'600367,红星发展,15.67,15.77,15.35,15.56,15.6,0.07,0.4487,2.9901,8707226,135306375.0,4563104000.0,4563104000.0,None
2016-09-29,'600367,红星发展,15.6,15.95,15.52,15.6,15.74,-0.14,-0.8895,3.6677,10680295,167238520.0,4542720000.0,4542720000.0,None
2016-09-28,'600367,红星发展,15.74,16.1,15.19,15.36,15.35,0.39,2.5407,7.8543,22871603,362179739.0,4583488000.0,4583488000.0,None
2016-09-27,'600367,红星发展,15.35,15.37,14.18,14.51,14.58,0.77,5.2812,5.352,15585070,230656416.0,4469920000.0,4469920000.0,None
2016-09-26,'600367,红星发展,14.58,14.94,14.57,14.68,14.7,-0.12,-0.8163,2.5892,7539806,111192189.0,4245696000.0,4245696000.0,None
2016-09-23,'600367,红星发展,14.7,14.79,14.51,14.79,14.79,-0.09,-0.6085,2.6118,7605700,111163537.0,4280640000.0,4280640000.0,None
2016-09-22,'600367,红星发展,14.79,14.94,14.48,14.51,14.4,0.39,2.7083,4.8336,14075382,207695466.0,4306848000.0,4306848000.0,None
2016-09-21,'600367,红星发展,14.4,14.49,14.3,14.3,14.38,0.02,0.1391,1.6451,4790419,68993513.0,4193280000.0,4193280000.0,None
2016-09-20,'600367,红星发展,14.38,14.55,14.24,14.54,14.51,-0.13,-0.8959,1.4855,4325906,62216475.0,4187456000.0,4187456000.0,None
2016-09-19,'600367,红星发展,14.51,14.6,14.31,14.41,14.41,0.1,0.694,1.65,4804802,69406251.0,4225312000.0,4225312000.0,None
2016-09-14,'600367,红星发展,14.41,14.55,14.21,14.37,14.48,-0.07,-0.4834,2.3227,6763767,97660494.0,4196192000.0,4196192000.0,None
2016-09-13,'600367,红星发展,14.48,14.56,14.23,14.23,14.13,0.35,2.477,2.9551,8605348,123698688.0,4216576000.0,4216576000.0,None
2016-09-12,'600367,红星发展,14.13,15.05,14.09,15.05,15.49,-1.36,-8.7799,5.3545,15592418,225940775.0,4114656000.0,4114656000.0,None
2016-09-09,'600367,红星发展,15.49,15.73,15.47,15.53,15.52,-0.03,-0.1933,2.4673,7184803,111908635.0,4510688000.0,4510688000.0,None
2016-09-08,'600367,红星发展,15.52,15.7,15.49,15.7,15.79,-0.27,-1.7099,3.1783,9255066,143996307.0,4519424000.0,4519424000.0,None
2016-09-07,'600367,红星发展,15.79,16.18,15.72,16.18,16.13,-0.34,-2.1079,3.9518,11507659,183173490.0,4598048000.0,4598048000.0,None
2016-09-06,'600367,红星发展,16.13,16.14,15.63,15.84,15.98,0.15,0.9387,4.4812,13049235,206913489.0,4697056000.0,4697056000.0,None
2016-09-05,'600367,红星发展,15.98,16.04,15.45,15.6,15.68,0.3,1.9133,4.0483,11788649,186456119.0,4653376000.0,4653376000.0,None
2016-09-02,'600367,红星发展,15.68,16.32,15.56,15.9,16.05,-0.37,-2.3053,5.3374,15542618,246908634.0,4566016000.0,4566016000.0,None
2016-09-01,'600367,红星发展,16.05,16.52,15.96,16.2,16.19,-0.14,-0.8647,6.1336,17861123,290988155.0,4673760000.0,4673760000.0,None
2016-08-31,'600367,红星发展,16.19,16.28,15.58,15.87,15.84,0.35,2.2096,5.8095,16917392,270946762.0,4714528000.0,4714528000.0,None
2016-08-30,'600367,红星发展,15.84,15.98,15.61,15.73,15.82,0.02,0.1264,3.2749,9536570,150449655.0,4612608000.0,4612608000.0,None
2016-08-29,'600367,红星发展,15.82,15.92,15.48,15.54,15.53,0.29,1.8674,3.996,11636222,183157852.0,4606784000.0,4606784000.0,None
2016-08-26,'600367,红星发展,15.53,16.17,15.5,15.86,15.82,-0.29,-1.8331,5.6748,16524879,261738626.0,4522336000.0,4522336000.0,None
2016-08-25,'600367,红星发展,15.82,16.05,15.21,15.6,16.1,-0.28,-1.7391,6.7615,19689454,308008953.0,4606784000.0,4606784000.0,None
2016-08-24,'600367,红星发展,16.1,16.72,15.76,16.05,15.84,0.26,1.6414,11.751,34218985,554497567.0,4688320000.0,4688320000.0,None
2016-08-23,'600367,红星发展,15.84,16.47,15.5,16.3,16.82,-0.98,-5.8264,13.3347,38830719,619921413.0,4612608000.0,4612608000.0,None
2016-08-22,'600367,红星发展,16.82,18.1,16.82,18.1,18.69,-1.87,-10.0054,13.6721,39813212,690149722.0,4897984000.0,4897984000.0,None
2016-08-19,'600367,红星发展,18.69,19.15,16.51,17.13,17.44,1.25,7.1674,18.6798,54395702,983085024.0,5442528000.0,5442528000.0,None
2016-08-18,'600367,红星发展,17.44,17.85,16.61,17.0,17.19,0.25,1.4543,17.5514,51109799,885912847.0,5078528000.0,5078528000.0,None
2016-08-17,'600367,红星发展,17.19,17.24,15.49,15.69,15.67,1.52,9.7001,16.3477,47604419,798258878.0,5005728000.0,5005728000.0,None
2016-08-16,'600367,红星发展,15.67,15.75,14.52,14.58,14.62,1.05,7.1819,8.1449,23717899,361759737.0,4563104000.0,4563104000.0,None
2016-08-15,'600367,红星发展,14.62,14.81,14.05,14.2,14.21,0.41,2.8853,4.8228,14043877,203498405.0,4257344000.0,4257344000.0,None
2016-08-12,'600367,红星发展,14.21,14.24,13.79,13.86,13.85,0.36,2.5993,2.5097,7308297,102520845.0,4137952000.0,4137952000.0,None
2016-08-11,'600367,红星发展,13.85,14.29,13.81,14.15,14.31,-0.46,-3.2145,2.9336,8542591,119450135.0,4033120000.0,4033120000.0,None
2016-08-10,'600367,红星发展,14.31,14.45,14.15,14.26,14.33,-0.02,-0.1396,2.8079,8176703,117077712.0,4167072000.0,4167072000.0,None
2016-08-09,'600367,红星发展,14.33,14.61,14.05,14.19,14.2,0.13,0.9155,3.8584,11235802,161371566.0,4172896000.0,4172896000.0,None
2016-08-08,'600367,红星发展,14.2,14.22,13.6,14.0,14.09,0.11,0.7807,2.7196,7919345,110170042.0,4135040000.0,4135040000.0,None
2016-08-05,'600367,红星发展,14.09,14.51,14.02,14.26,14.39,-0.3,-2.0848,2.8635,8338605,118842311.0,4103008000.0,4103008000.0,None
2016-08-04,'600367,红星发展,14.39,14.45,14.01,14.36,14.49,-0.1,-0.6901,3.3329,9705320,138622306.0,4190368000.0,4190368000.0,None
2016-08-03,'600367,红星发展,14.49,14.8,13.87,14.04,13.99,0.5,3.574,5.0825,14800161,213537925.0,4219488000.0,4219488000.0,None
2016-08-02,'600367,红星发展,13.99,14.11,13.8,13.9,13.76,0.23,1.6715,3.0906,8999925,125732149.0,4073888000.0,4073888000.0,None
2016-08-01,'600367,红星发展,13.76,14.23,13.32,13.93,14.09,-0.33,-2.3421,3.4813,10137436,138233934.0,4006912000.0,4006912000.0,None
2016-07-29,'600367,红星发展,14.09,14.59,14.03,14.39,14.33,-0.24,-1.6748,3.6033,10492815,150443061.0,4103008000.0,4103008000.0,None
2016-07-28,'600367,红星发展,14.33,14.98,13.86,14.98,15.05,-0.72,-4.7841,7.1434,20801670,298689782.0,4172896000.0,4172896000.0,None
2016-07-27,'600367,红星发展,15.05,16.89,14.8,16.26,16.44,-1.39,-8.455,8.5961,25031933,395213302.0,4382560000.0,4382560000.0,None
2016-07-26,'600367,红星发展,16.44,16.5,16.09,16.42,16.51,-0.07,-0.424,5.5951,16292832,264654888.0,4787328000.0,4787328000.0,None
2016-07-25,'600367,红星发展,16.51,17.16,16.03,16.79,16.65,-0.14,-0.8408,9.7991,28534935,472446167.0,4807712000.0,4807712000.0,None
2016-07-22,'600367,红星发展,16.65,16.97,15.23,15.3,15.55,1.1,7.074,13.3492,38872728,632889792.0,4848480000.0,4848480000.0,None
2016-07-21,'600367,红星发展,15.55,16.18,15.1,15.36,15.33,0.22,1.4351,11.1069,32343221,506329518.0,4528160000.0,4528160000.0,None
2016-07-20,'600367,红星发展,15.33,15.51,14.47,14.68,14.65,0.68,4.6416,8.6266,25120584,379976771.0,4464096000.0,4464096000.0,None
2016-07-19,'600367,红星发展,14.65,15.1,14.35,14.87,15.14,-0.49,-3.2365,6.9894,20352997,299570408.0,4266080000.0,4266080000.0,None
2016-07-18,'600367,红星发展,15.14,15.2,14.5,14.59,14.84,0.3,2.0216,8.5087,24777215,370363963.0,4408768000.0,4408768000.0,None
2016-07-15,'600367,红星发展,14.84,15.75,14.15,14.31,14.32,0.52,3.6313,18.7693,54656300,817033750.0,4321408000.0,4321408000.0,None
2016-07-14,'600367,红星发展,14.32,14.44,14.12,14.21,14.33,-0.01,-0.0698,2.1096,6143040,87762098.0,4169984000.0,4169984000.0,None
2016-07-13,'600367,红星发展,14.33,14.7,14.2,14.62,14.57,-0.24,-1.6472,3.124,9097015,130667991.0,4172896000.0,4172896000.0,None
2016-07-12,'600367,红星发展,14.57,14.76,14.07,14.46,14.48,0.09,0.6215,3.7437,10901574,157073686.0,4242784000.0,4242784000.0,None
2016-07-11,'600367,红星发展,14.48,14.87,14.33,14.7,14.82,-0.34,-2.2942,4.1946,12214551,178375339.0,4216576000.0,4216576000.0,None
2016-07-08,'600367,红星发展,14.82,15.44,14.8,15.1,15.27,-0.45,-2.947,6.0801,17705324,265291276.0,4315584000.0,4315584000.0,None
2016-07-07,'600367,红星发展,15.27,15.45,14.11,14.14,14.27,1.0,7.0077,10.083,29361691,437161309.0,4446624000.0,4446624000.0,None
2016-07-06,'600367,红星发展,14.27,14.71,14.13,14.33,14.38,-0.11,-0.765,5.6208,16367743,235659360.0,4155424000.0,4155424000.0,None
2016-07-05,'600367,红星发展,14.38,14.69,13.92,13.92,13.95,0.43,3.0824,7.1752,20894172,299223629.0,4187456000.0,4187456000.0,None
2016-07-04,'600367,红星发展,13.95,14.12,13.35,13.35,13.54,0.41,3.0281,4.3129,12559108,174417557.0,4062240000.0,4062240000.0,None
2016-07-01,'600367,红星发展,13.54,13.96,13.48,13.81,13.89,-0.35,-2.5198,3.995,11633556,158790432.0,3942848000.0,3942848000.0,None
2016-06-30,'600367,红星发展,13.89,14.35,13.73,14.27,14.31,-0.42,-2.935,4.8795,14209134,197812234.0,4044768000.0,4044768000.0,None
2016-06-29,'600367,红星发展,14.31,14.76,14.04,14.15,14.14,0.17,1.2023,6.3863,18596839,267911266.0,4167072000.0,4167072000.0,None
2016-06-28,'600367,红星发展,14.14,14.49,14.03,14.2,14.31,-0.17,-1.188,5.5915,16282442,232014697.0,4117568000.0,4117568000.0,None
2016-06-27,'600367,红星发展,14.31,14.43,13.85,13.97,14.14,0.17,1.2023,7.3553,21418768,304002128.0,4167072000.0,4167072000.0,None
2016-06-24,'600367,红星发展,14.14,14.39,13.0,13.43,13.43,0.71,5.2867,10.3463,30128365,414726061.0,4117568000.0,4117568000.0,None
2016-06-23,'600367,红星发展,13.43,13.88,13.03,13.7,13.76,-0.33,-2.3983,4.8904,14240982,191315223.0,3910816000.0,3910816000.0,None
2016-06-22,'600367,红星发展,13.76,13.79,13.3,13.34,13.48,0.28,2.0772,4.5463,13238801,180510215.0,4006912000.0,4006912000.0,None
2016-06-21,'600367,红星发展,13.48,14.24,13.05,14.11,14.07,-0.59,-4.1933,6.044,17600069,242185545.0,3925376000.0,3925376000.0,None
2016-06-20,'600367,红星发展,14.07,14.12,13.59,14.0,14.16,-0.09,-0.6356,6.5093,18955005,263294732.0,4097184000.0,4097184000.0,None
2016-06-17,'600367,红星发展,14.16,14.85,13.68,14.66,14.71,-0.55,-3.739,11.4436,33323714,473081667.0,4123392000.0,4123392000.0,None
2016-06-16,'600367,红星发展,14.71,15.24,14.53,14.65,14.79,-0.08,-0.5409,10.1669,29605977,440268414.0,4283552000.0,4283552000.0,None
2016-06-15,'600367,红星发展,14.79,15.49,13.84,13.85,14.12,0.67,4.745,13.8531,40340121,594680534.0,4306848000.0,4306848000.0,None
2016-06-14,'600367,红星发展,14.12,14.48,13.18,13.2,13.25,0.87,6.566,10.7883,31415578,434227239.0,4111744000.0,4111744000.0,None
2016-06-13,'600367,红星发展,13.25,14.5,13.2,13.4,13.79,-0.54,-3.9159,12.0286,35027302,485063331.0,3858400000.0,3858400000.0,None
2016-06-08,'600367,红星发展,13.79,14.2,12.7,12.98,13.01,0.78,5.9954,13.4143,39062416,526799841.0,4015648000.0,4015648000.0,None
2016-06-07,'600367,红星发展,13.01,13.63,12.75,12.92,13.08,-0.07,-0.5352,12.3429,35942537,474450582.0,3788512000.0,3788512000.0,None
2016-06-06,'600367,红星发展,13.08,13.28,12.34,12.34,12.4,0.68,5.4839,14.2266,41427818,535828518.0,3808896000.0,3808896000.0,None
2016-06-03,'600367,红星发展,12.4,13.08,12.38,12.86,13.19,-0.79,-5.9894,12.7311,37072861,470193674.0,3610880000.0,3610880000.0,None
2016-06-02,'600367,红星发展,13.19,13.49,11.89,12.07,12.33,0.86,6.9749,17.9711,52331745,658449846.0,3840928000.0,3840928000.0,None
2016-06-01,'600367,红星发展,12.33,12.61,11.29,11.37,11.46,0.87,7.5916,17.3611,50555501,604731845.0,3590496000.0,3590496000.0,None
2016-05-31,'600367,红星发展,11.46,11.49,10.71,10.84,10.83,0.63,5.8172,9.6986,28242362,315377598.0,3337152000.0,3337152000.0,None
2016-05-30,'600367,红星发展,10.83,11.15,10.52,11.03,11.32,-0.49,-4.3286,8.2053,23893920,258052181.0,3153696000.0,3153696000.0,None
2016-05-27,'600367,红星发展,11.32,11.72,11.16,11.21,11.2,0.12,1.0714,13.1552,38307845,437573458.0,3296384000.0,3296384000.0,None
2016-05-26,'600367,红星发展,11.2,11.3,10.78,11.21,11.32,-0.12,-1.0601,10.4019,30290447,334021984.0,3261440000.0,3261440000.0,None
2016-05-25,'600367,红星发展,11.32,11.68,11.2,11.63,11.66,-0.34,-2.916,12.1411,35354853,405354188.0,3296384000.0,3296384000.0,None
2016-05-24,'600367,红星发展,11.66,12.64,11.2,12.34,12.33,-0.67,-5.4339,19.3812,56438037,664168993.0,3395392000.0,3395392000.0,None
2016-05-23,'600367,红星发展,0.0,0.0,0.0,0.0,12.33,None,None,0.0,0,0.0,3590496000.0,3590496000.0,None
2016-05-20,'600367,红星发展,0.0,0.0,0.0,0.0,12.33,None,None,0.0,0,0.0,3590496000.0,3590496000.0,None
2016-05-19,'600367,红星发展,0.0,0.0,0.0,0.0,12.33,None,None,0.0,0,0.0,3590496000.0,3590496000.0,None
2016-05-18,'600367,红星发展,0.0,0.0,0.0,0.0,12.33,None,None,0.0,0,0.0,3590496000.0,3590496000.0,None
2016-05-17,'600367,红星发展,12.33,12.33,11.81,12.33,11.21,1.12,9.9911,18.1455,52839769,644945381.0,3590496000.0,3590496000.0,None
2016-05-16,'600367,红星发展,11.21,11.21,10.28,10.38,10.19,1.02,10.0098,7.6219,22194850,239968774.0,3264352000.0,3264352000.0,None
2016-05-13,'600367,红星发展,10.19,10.19,9.16,9.17,9.26,0.93,10.0432,5.4477,15863743,155222307.0,2967328000.0,2967328000.0,None
2016-05-12,'600367,红星发展,9.26,9.28,8.88,9.22,9.43,-0.17,-1.8028,2.5764,7502379,68281776.0,2696512000.0,2696512000.0,None
2016-05-11,'600367,红星发展,9.43,9.64,9.28,9.55,9.52,-0.09,-0.9454,1.8638,5427488,51484920.0,2746016000.0,2746016000.0,None
2016-05-10,'600367,红星发展,9.52,9.67,9.33,9.61,9.63,-0.11,-1.1423,2.8094,8180948,77740628.0,2772224000.0,2772224000.0,None
2016-05-09,'600367,红星发展,9.63,10.2,9.5,10.19,10.46,-0.83,-7.935,4.568,13302125,130494999.0,2804256000.0,2804256000.0,None
2016-05-06,'600367,红星发展,10.46,11.45,10.36,11.42,11.37,-0.91,-8.0035,5.1036,14861605,161042809.0,3045952000.0,3045952000.0,None
2016-05-05,'600367,红星发展,11.37,11.53,11.25,11.31,11.38,-0.01,-0.0879,2.6674,7767602,88190149.0,3310944000.0,3310944000.0,None
2016-05-04,'600367,红星发展,11.38,11.55,11.32,11.41,11.49,-0.11,-0.9574,3.1072,9048137,103341155.0,3313856000.0,3313856000.0,None
2016-05-03,'600367,红星发展,11.49,11.65,11.05,11.07,11.15,0.34,3.0493,4.0163,11695430,133215556.0,3345888000.0,3345888000.0,None
2016-04-29,'600367,红星发展,11.15,11.36,11.07,11.14,11.23,-0.08,-0.7124,3.0552,8896875,99813432.0,3246880000.0,3246880000.0,None
2016-04-28,'600367,红星发展,11.23,11.28,10.81,11.09,11.13,0.1,0.8985,3.1299,9114414,100740224.0,3270176000.0,3270176000.0,None
2016-04-27,'600367,红星发展,11.13,11.26,10.78,10.81,10.8,0.33,3.0556,5.0613,14738553,163860305.0,3241056000.0,3241056000.0,None
2016-04-26,'600367,红星发展,10.8,10.84,10.53,10.73,10.77,0.03,0.2786,2.7587,8033339,85643371.0,3144960000.0,3144960000.0,None
2016-04-25,'600367,红星发展,10.77,10.97,10.42,10.5,10.55,0.22,2.0853,3.8259,11141071,119473834.0,3136224000.0,3136224000.0,None
2016-04-22,'600367,红星发展,10.55,10.61,10.14,10.4,10.49,0.06,0.572,3.4837,10144521,104840154.0,3072160000.0,3072160000.0,None
2016-04-21,'600367,红星发展,10.49,10.92,10.33,10.34,10.4,0.09,0.8654,3.8464,11200734,118829303.0,3054688000.0,3054688000.0,None
2016-04-20,'600367,红星发展,10.4,11.35,10.1,11.17,11.22,-0.82,-7.3084,4.9349,14370302,153640883.0,3028480000.0,3028480000.0,None
2016-04-19,'600367,红星发展,11.22,11.35,10.96,11.26,11.32,-0.1,-0.8834,2.7422,7985412,88906520.0,3267264000.0,3267264000.0,None
2016-04-18,'600367,红星发展,11.32,11.39,11.09,11.37,11.42,-0.1,-0.8757,2.4708,7194951,80832903.0,3296384000.0,3296384000.0,None
2016-04-15,'600367,红星发展,11.42,11.54,11.03,11.2,11.16,0.26,2.3297,3.5361,10297152,116443364.0,3325504000.0,3325504000.0,None
2016-04-14,'600367,红星发展,11.16,11.21,10.69,10.75,10.74,0.42,3.9106,3.1982,9313232,102169054.0,3249792000.0,3249792000.0,None
2016-04-13,'600367,红星发展,10.74,11.04,10.65,10.7,10.63,0.11,1.0348,3.1925,9296526,101226709.0,3127488000.0,3127488000.0,None
2016-04-12,'600367,红星发展,10.63,10.85,10.46,10.83,10.82,-0.19,-1.756,2.1537,6271550,66452658.0,3095456000.0,3095456000.0,None
2016-04-11,'600367,红星发展,10.82,10.98,10.45,10.58,10.57,0.25,2.3652,2.4369,7096233,76803151.0,3150784000.0,3150784000.0,None
2016-04-08,'600367,红星发展,10.57,10.7,10.19,10.26,10.39,0.18,1.7324,2.4797,7220766,74879224.0,3077984000.0,3077984000.0,None
2016-04-07,'600367,红星发展,10.39,10.92,10.33,10.7,10.64,-0.25,-2.3496,2.2848,6653255,70080086.0,3025568000.0,3025568000.0,None
2016-04-06,'600367,红星发展,10.64,10.75,10.5,10.65,10.7,-0.06,-0.5607,2.1122,6150686,65374550.0,3098368000.0,3098368000.0,None
2016-04-05,'600367,红星发展,10.7,10.73,10.09,10.25,10.19,0.51,5.0049,3.068,8934004,93767611.0,3115840000.0,3115840000.0,None
2016-04-01,'600367,红星发展,10.19,10.34,9.97,10.05,10.18,0.01,0.0982,2.0993,6113216,61924028.0,2967328000.0,2967328000.0,None
2016-03-31,'600367,红星发展,10.18,10.27,9.91,9.94,9.99,0.19,1.9019,2.5942,7554169,76267412.0,2964416000.0,2964416000.0,None
2016-03-30,'600367,红星发展,9.99,10.04,9.56,9.58,9.5,0.49,5.1579,2.854,8310745,81810218.0,2909088000.0,2909088000.0,None
2016-03-29,'600367,红星发展,9.5,9.68,9.36,9.67,9.66,-0.16,-1.6563,1.7018,4955662,47152569.0,2766400000.0,2766400000.0,None
2016-03-28,'600367,红星发展,9.66,9.88,9.57,9.75,9.64,0.02,0.2075,2.1189,6170251,60283606.0,2812992000.0,2812992000.0,None
2016-03-25,'600367,红星发展,9.64,9.66,9.37,9.63,9.51,0.13,1.367,2.0561,5987496,57016769.0,2807168000.0,2807168000.0,None
2016-03-24,'600367,红星发展,9.51,9.94,9.33,9.68,9.72,-0.21,-2.1605,3.0339,8834626,85631178.0,2769312000.0,2769312000.0,None
2016-03-23,'600367,红星发展,9.72,9.84,9.59,9.65,9.68,0.04,0.4132,1.927,5611498,54491969.0,2830464000.0,2830464000.0,None
2016-03-22,'600367,红星发展,9.68,9.8,9.42,9.52,9.59,0.09,0.9385,2.2091,6432844,62351504.0,2818816000.0,2818816000.0,None
2016-03-21,'600367,红星发展,9.59,9.63,9.43,9.48,9.39,0.2,2.1299,2.0599,5998429,57222762.0,2792608000.0,2792608000.0,None
2016-03-18,'600367,红星发展,9.39,9.51,9.15,9.2,9.15,0.24,2.623,2.8334,8250978,77164123.0,2734368000.0,2734368000.0,None
2016-03-17,'600367,红星发展,9.15,9.22,8.79,8.8,8.77,0.38,4.333,2.1746,6332515,57332738.0,2664480000.0,2664480000.0,None
2016-03-16,'600367,红星发展,8.77,9.18,8.71,9.18,8.87,-0.1,-1.1274,1.4828,4317840,38683486.0,2553824000.0,2553824000.0,None
2016-03-15,'600367,红星发展,8.87,9.05,8.81,8.9,8.9,-0.03,-0.3371,1.5237,4437047,39571615.0,2582944000.0,2582944000.0,None
2016-03-14,'600367,红星发展,8.9,8.98,8.65,8.67,8.57,0.33,3.8506,1.6385,4771211,42299907.0,2591680000.0,2591680000.0,None
2016-03-11,'600367,红星发展,8.57,8.65,8.49,8.52,8.63,-0.06,-0.6952,0.9067,2640347,22613398.0,2495584000.0,2495584000.0,None
2016-03-10,'600367,红星发展,8.63,8.88,8.6,8.8,8.8,-0.17,-1.9318,1.3064,3804155,33214088.0,2513056000.0,2513056000.0,None
2016-03-09,'600367,红星发展,8.8,8.98,8.74,8.98,9.24,-0.44,-4.7619,2.0188,5878638,52112224.0,2562560000.0,2562560000.0,None
2016-03-08,'600367,红星发展,9.24,9.35,8.77,9.28,9.14,0.1,1.0941,3.2944,9593310,87509868.0,2690688000.0,2690688000.0,None
2016-03-07,'600367,红星发展,9.14,9.14,8.8,8.93,8.8,0.34,3.8636,2.7555,8023966,72323770.0,2661568000.0,2661568000.0,None
2016-03-04,'600367,红星发展,8.8,9.3,8.5,9.1,9.13,-0.33,-3.6145,2.8578,8321873,74803754.0,2562560000.0,2562560000.0,None
2016-03-03,'600367,红星发展,9.13,9.4,8.92,9.0,9.02,0.11,1.2195,2.6263,7647645,70032139.0,2658656000.0,2658656000.0,None
2016-03-02,'600367,红星发展,9.02,9.06,8.25,8.31,8.3,0.72,8.6747,2.4129,7026486,60980328.0,2626624000.0,2626624000.0,None
2016-03-01,'600367,红星发展,8.3,8.39,8.0,8.18,8.14,0.16,1.9656,1.5135,4407258,36079592.0,2416960000.0,2416960000.0,None
2016-02-29,'600367,红星发展,8.14,8.73,7.9,8.73,8.75,-0.61,-6.9714,2.1648,6303952,51509218.0,2370368000.0,2370368000.0,None
2016-02-26,'600367,红星发展,8.75,8.86,8.35,8.73,8.66,0.09,1.0393,2.2466,6542096,56628828.0,2548000000.0,2548000000.0,None
2016-02-25,'600367,红星发展,8.66,9.62,8.66,9.62,9.62,-0.96,-9.9792,2.2528,6560047,59817200.0,2521792000.0,2521792000.0,None
2016-02-24,'600367,红星发展,9.62,9.69,9.35,9.59,9.66,-0.04,-0.4141,1.9551,5693184,54232939.0,2801344000.0,2801344000.0,None
2016-02-23,'600367,红星发展,9.66,9.84,9.47,9.57,9.54,0.12,1.2579,2.3558,6860206,66135182.0,2812992000.0,2812992000.0,None
2016-02-22,'600367,红星发展,9.54,9.66,9.38,9.49,9.34,0.2,2.1413,1.9887,5791225,55254046.0,2778048000.0,2778048000.0,None
2016-02-19,'600367,红星发展,9.34,9.41,9.23,9.4,9.33,0.01,0.1072,1.1761,3424719,31941599.0,2719808000.0,2719808000.0,None
2016-02-18,'600367,红星发展,9.33,9.66,9.3,9.48,9.44,-0.11,-1.1653,1.9413,5653135,53528824.0,2716896000.0,2716896000.0,None
2016-02-17,'600367,红星发展,9.44,9.55,9.25,9.31,9.37,0.07,0.7471,1.6612,4837303,45398438.0,2748928000.0,2748928000.0,None
2016-02-16,'600367,红星发展,9.37,9.43,9.06,9.06,9.1,0.27,2.967,1.6806,4893956,45525470.0,2728544000.0,2728544000.0,None
2016-02-15,'600367,红星发展,9.1,9.16,8.47,8.47,9.05,0.05,0.5525,1.5219,4431652,39169528.0,2649920000.0,2649920000.0,None
2016-02-05,'600367,红星发展,9.05,9.7,8.8,8.83,8.82,0.23,2.6077,2.6927,7841104,72715082.0,2635360000.0,2635360000.0,None
2016-02-04,'600367,红星发展,8.82,8.95,8.58,8.58,8.58,0.24,2.7972,1.8571,5407890,47590559.0,2568384000.0,2568384000.0,None
2016-02-03,'600367,红星发展,8.58,8.59,8.27,8.38,8.51,0.07,0.8226,1.2341,3593649,30272434.0,2498496000.0,2498496000.0,None
2016-02-02,'600367,红星发展,8.51,8.54,8.1,8.1,8.24,0.27,3.2767,1.6554,4820613,40509201.0,2478112000.0,2478112000.0,None
2016-02-01,'600367,红星发展,8.24,8.53,7.98,8.43,8.62,-0.38,-4.4084,2.4566,7153607,58906604.0,2399488000.0,2399488000.0,None
2016-01-29,'600367,红星发展,8.62,8.73,8.25,8.31,8.3,0.32,3.8554,1.0531,3066562,26150610.0,2510144000.0,2510144000.0,None
2016-01-28,'600367,红星发展,8.3,8.61,8.15,8.48,8.51,-0.21,-2.4677,0.9574,2787831,23534931.0,2416960000.0,2416960000.0,None
2016-01-27,'600367,红星发展,8.51,8.69,8.02,8.69,8.6,-0.09,-1.0465,1.4463,4211656,35366128.0,2478112000.0,2478112000.0,None
2016-01-26,'600367,红星发展,8.6,9.51,8.58,9.48,9.53,-0.93,-9.7587,1.4158,4122891,37404053.0,2504320000.0,2504320000.0,None
2016-01-25,'600367,红星发展,9.53,9.63,9.41,9.42,9.4,0.13,1.383,1.1421,3325915,31594254.0,2775136000.0,2775136000.0,None
2016-01-22,'600367,红星发展,9.4,9.44,9.09,9.29,9.13,0.27,2.9573,1.1577,3371315,31262103.0,2737280000.0,2737280000.0,None
2016-01-21,'600367,红星发展,9.13,9.74,9.05,9.5,9.7,-0.57,-5.8763,1.7607,5127136,48739778.0,2658656000.0,2658656000.0,None
2016-01-20,'600367,红星发展,9.7,9.72,9.3,9.43,9.51,0.19,1.9979,2.1139,6155763,58361651.0,2824640000.0,2824640000.0,None
2016-01-19,'600367,红星发展,9.51,9.55,9.02,9.1,9.09,0.42,4.6205,1.9677,5729826,53267505.0,2769312000.0,2769312000.0,None
2016-01-18,'600367,红星发展,9.09,9.15,8.49,8.49,8.81,0.28,3.1782,1.727,5029126,45057157.0,2647008000.0,2647008000.0,None
2016-01-15,'600367,红星发展,8.81,9.22,8.61,8.95,9.01,-0.2,-2.2198,1.8421,5364185,48029719.0,2565472000.0,2565472000.0,None
2016-01-14,'600367,红星发展,9.01,9.1,8.38,8.4,8.74,0.27,3.0892,1.9814,5769826,50529757.0,2623712000.0,2623712000.0,None
2016-01-13,'600367,红星发展,8.74,9.38,8.72,9.21,9.14,-0.4,-4.3764,1.9715,5741008,52456855.0,2545088000.0,2545088000.0,None
2016-01-12,'600367,红星发展,9.14,9.34,8.83,9.03,9.05,0.09,0.9945,1.8963,5521883,50286952.0,2661568000.0,2661568000.0,None
2016-01-11,'600367,红星发展,9.05,9.9,9.05,9.85,10.06,-1.01,-10.0398,2.8582,8323008,79240938.0,2635360000.0,2635360000.0,None
2016-01-08,'600367,红星发展,10.06,10.5,9.2,10.37,10.17,-0.11,-1.0816,3.5766,10415203,105336110.0,2929472000.0,2929472000.0,None
2016-01-07,'600367,红星发展,10.17,11.13,10.17,11.12,11.3,-1.13,-10.0,0.6399,1863500,19612192.0,2961504000.0,2961504000.0,None
2016-01-06,'600367,红星发展,11.3,11.37,10.9,10.93,10.96,0.34,3.1022,2.3455,6830082,76142208.0,3290560000.0,3290560000.0,None
2016-01-05,'600367,红星发展,10.96,11.38,10.48,10.48,11.44,-0.48,-4.1958,3.4286,9984188,108943420.0,3191552000.0,3191552000.0,None
2016-01-04,'600367,红星发展,11.44,12.64,11.4,12.6,12.67,-1.23,-9.708,2.6389,7684352,92512437.0,3331328000.0,3331328000.0,None
