日期,股票代码,名称,收盘价,最高价,最低价,开盘价,前收盘,涨跌额,涨跌幅,换手率,成交量,成交金额,总市值,流通市值,成交笔数
2016-10-12,'600088,中视传媒,24.48,24.69,24.26,24.64,24.76,-0.28,-1.1309,0.653,2164341,52968856.0,8113210560.0,8113210560.0,None
2016-10-11,'600088,中视传媒,24.76,24.79,24.12,24.19,24.2,0.56,2.314,1.2232,4054015,99072469.0,8206008720.0,8206008720.0,None
2016-10-10,'600088,中视传媒,24.2,24.48,24.12,24.25,24.16,0.04,0.1656,1.0817,3585125,87011906.0,8020412400.0,8020412400.0,None
2016-09-30,'600088,中视传媒,24.16,24.27,23.86,24.0,24.08,0.08,0.3322,0.5539,1835685,44211734.0,8007155520.0,8007155520.0,None
2016-09-29,'600088,中视传媒,24.08,24.27,23.75,23.91,24.09,-0.01,-0.0415,0.66,2187431,52621719.0,7980641760.0,7980641760.0,None
2016-09-28,'600088,中视传媒,24.09,24.92,24.01,24.9,25.07,-0.98,-3.9091,1.259,4172752,101936654.0,7983955980.0,7983955980.0,None
2016-09-27,'600088,中视传媒,25.07,25.26,24.05,24.45,24.49,0.58,2.3683,1.7205,5702006,140879456.0,8308749540.0,8308749540.0,None
2016-09-26,'600088,中视传媒,24.49,26.28,24.11,26.23,23.92,0.57,2.3829,2.0414,6765497,168172647.0,8116524780.0,8116524780.0,None
2016-09-23,'600088,中视传媒,23.92,23.99,23.11,23.3,23.23,0.69,2.9703,0.9462,3135891,74216544.0,7927614240.0,7927614240.0,None
2016-09-22,'600088,中视传媒,23.23,23.26,23.02,23.14,22.98,0.25,1.0879,0.397,1315838,30474150.0,7698933060.0,7698933060.0,None
2016-09-21,'600088,中视传媒,22.98,23.14,22.91,22.98,22.93,0.05,0.2181,0.2624,869675,20024027.0,7616077560.0,7616077560.0,None
2016-09-20,'600088,中视传媒,22.93,23.01,22.82,22.9,22.89,0.04,0.1747,0.3408,1129609,25905708.0,7599506460.0,7599506460.0,None
2016-09-19,'600088,中视传媒,22.89,22.96,22.61,22.7,22.71,0.18,0.7926,0.3506,1162109,26537363.0,7586249580.0,7586249580.0,None
2016-09-14,'600088,中视传媒,22.71,22.85,22.5,22.64,22.8,-0.09,-0.3947,0.2485,823552,18689245.0,7526593620.0,7526593620.0,None
2016-09-13,'600088,中视传媒,22.8,22.86,22.68,22.7,22.63,0.17,0.7512,0.2884,955679,21751316.0,7556421600.0,7556421600.0,None
2016-09-12,'600088,中视传媒,22.63,23.66,22.58,23.66,23.76,-1.13,-4.7559,0.8535,2828787,65070033.0,7500079860.0,7500079860.0,None
2016-09-09,'600088,中视传媒,23.76,24.3,23.74,24.3,24.29,-0.53,-2.182,0.7119,2359385,56713463.0,7874586720.0,7874586720.0,None
2016-09-08,'600088,中视传媒,24.29,24.35,23.61,23.61,23.85,0.44,1.8449,0.9652,3198911,77091859.0,8050240380.0,8050240380.0,None
2016-09-07,'600088,中视传媒,23.85,24.38,23.78,23.98,23.92,-0.07,-0.2926,0.9874,3272604,78890915.0,7904414700.0,7904414700.0,None
2016-09-06,'600088,中视传媒,23.92,24.19,23.55,23.71,23.93,-0.01,-0.0418,0.8683,2877684,68568831.0,7927614240.0,7927614240.0,None
2016-09-05,'600088,中视传媒,23.93,23.96,23.52,23.82,23.95,-0.02,-0.0835,0.8651,2867206,67888363.0,7930928460.0,7930928460.0,None
2016-09-02,'600088,中视传媒,23.95,23.97,22.82,22.9,22.93,1.02,4.4483,1.4688,4867791,114380346.0,7937556900.0,7937556900.0,None
2016-09-01,'600088,中视传媒,22.93,23.15,22.9,23.14,23.11,-0.18,-0.7789,0.5676,1881286,43325583.0,7599506460.0,7599506460.0,None
2016-08-31,'600088,中视传媒,23.11,23.5,22.87,23.4,23.54,-0.43,-1.8267,0.8493,2814837,64901069.0,7659162420.0,7659162420.0,None
2016-08-30,'600088,中视传媒,23.54,23.58,23.06,23.28,23.36,0.18,0.7705,0.7474,2476936,57778653.0,7801673880.0,7801673880.0,None
2016-08-29,'600088,中视传媒,23.36,23.43,22.87,23.09,23.14,0.22,0.9507,0.5147,1705700,39712988.0,7742017920.0,7742017920.0,None
2016-08-26,'600088,中视传媒,23.14,23.33,22.94,23.05,22.96,0.18,0.784,0.5736,1901188,43983690.0,7669105080.0,7669105080.0,None
2016-08-25,'600088,中视传媒,22.96,23.2,22.51,23.18,23.36,-0.4,-1.7123,0.6447,2136784,48888190.0,7609449120.0,7609449120.0,None
2016-08-24,'600088,中视传媒,23.36,23.5,23.0,23.2,23.13,0.23,0.9944,0.5103,1691183,39378733.0,7742017920.0,7742017920.0,None
2016-08-23,'600088,中视传媒,23.13,23.55,22.92,23.35,23.44,-0.31,-1.3225,0.5357,1775471,41161253.0,7665790860.0,7665790860.0,None
2016-08-22,'600088,中视传媒,23.44,23.99,23.3,23.85,23.44,0.0,0.0,1.0562,3500439,82607905.0,7768531680.0,7768531680.0,None
2016-08-19,'600088,中视传媒,23.44,23.61,23.01,23.08,23.11,0.33,1.428,0.8735,2894960,67677985.0,7768531680.0,7768531680.0,None
2016-08-18,'600088,中视传媒,23.11,23.29,22.95,23.21,23.2,-0.09,-0.3879,0.5216,1728587,39977929.0,7659162420.0,7659162420.0,None
2016-08-17,'600088,中视传媒,23.2,23.34,22.84,23.05,22.98,0.22,0.9574,0.6781,2247290,52075567.0,7688990400.0,7688990400.0,None
2016-08-16,'600088,中视传媒,22.98,23.22,22.91,23.0,23.07,-0.09,-0.3901,0.7026,2328619,53661204.0,7616077560.0,7616077560.0,None
2016-08-15,'600088,中视传媒,23.07,23.17,22.28,22.4,22.47,0.6,2.6702,0.7874,2609725,59723726.0,7645905540.0,7645905540.0,None
2016-08-12,'600088,中视传媒,22.47,22.48,22.12,22.15,22.21,0.26,1.1706,0.4061,1345778,29986199.0,7447052340.0,7447052340.0,None
2016-08-11,'600088,XD中视传,22.21,22.83,22.2,22.8,22.8,-0.59,-2.5877,0.5189,1719904,38629524.0,7360882620.0,7360882620.0,None
2016-08-10,'600088,中视传媒,22.82,23.29,22.79,23.15,23.16,-0.34,-1.468,0.6563,2175043,50018490.0,7563050040.0,7563050040.0,None
2016-08-09,'600088,中视传媒,23.16,23.18,22.8,22.92,22.89,0.27,1.1796,0.6352,2105143,48414786.0,7675733520.0,7675733520.0,None
2016-08-08,'600088,中视传媒,22.89,22.97,22.54,22.7,22.72,0.17,0.7482,0.4825,1599103,36446287.0,7586249580.0,7586249580.0,None
2016-08-05,'600088,中视传媒,22.72,23.1,22.58,23.1,23.03,-0.31,-1.3461,0.517,1713531,39001610.0,7529907840.0,7529907840.0,None
2016-08-04,'600088,中视传媒,23.03,23.18,22.7,22.86,22.87,0.16,0.6996,0.5887,1951230,44820776.0,7632648660.0,7632648660.0,None
2016-08-03,'600088,中视传媒,22.87,23.24,22.8,22.95,22.81,0.06,0.263,0.5238,1736137,39907768.0,7579621140.0,7579621140.0,None
2016-08-02,'600088,中视传媒,22.81,22.85,22.5,22.6,22.63,0.18,0.7954,0.3345,1108766,25153680.0,7559735820.0,7559735820.0,None
2016-08-01,'600088,中视传媒,22.63,22.81,21.87,22.35,22.53,0.1,0.4439,0.7646,2533993,56369465.0,7500079860.0,7500079860.0,None
2016-07-29,'600088,中视传媒,22.53,22.75,22.33,22.33,22.72,-0.19,-0.8363,0.4826,1599382,36068368.0,7466937660.0,7466937660.0,None
2016-07-28,'600088,中视传媒,22.72,23.18,22.28,22.95,22.91,-0.19,-0.8293,0.9565,3170198,72001464.0,7529907840.0,7529907840.0,None
2016-07-27,'600088,中视传媒,22.91,24.7,22.8,24.55,24.61,-1.7,-6.9078,1.4175,4697846,110681271.0,7592878020.0,7592878020.0,None
2016-07-26,'600088,中视传媒,24.61,24.68,24.25,24.46,24.46,0.15,0.6132,0.624,2068082,50579354.0,8156295420.0,8156295420.0,None
2016-07-25,'600088,中视传媒,24.46,24.49,24.02,24.32,24.2,0.26,1.0744,0.6475,2145802,52088487.0,8106582120.0,8106582120.0,None
2016-07-22,'600088,中视传媒,24.2,24.85,24.2,24.83,24.82,-0.62,-2.498,0.8645,2865275,70114695.0,8020412400.0,8020412400.0,None
2016-07-21,'600088,中视传媒,24.82,25.2,24.6,25.05,25.05,-0.23,-0.9182,1.2874,4266747,106353767.0,8225894040.0,8225894040.0,None
2016-07-20,'600088,中视传媒,25.05,25.6,24.71,24.88,24.88,0.17,0.6833,1.5727,5212167,131863243.0,8302121100.0,8302121100.0,None
2016-07-19,'600088,中视传媒,24.88,24.97,24.46,24.61,24.72,0.16,0.6472,0.7577,2511187,62040265.0,8245779360.0,8245779360.0,None
2016-07-18,'600088,中视传媒,24.72,25.06,24.52,24.77,24.8,-0.08,-0.3226,0.7864,2606160,64630311.0,8192751840.0,8192751840.0,None
2016-07-15,'600088,中视传媒,24.8,25.15,24.4,24.82,24.82,-0.02,-0.0806,0.9958,3300292,81669611.0,8219265600.0,8219265600.0,None
2016-07-14,'600088,中视传媒,24.82,24.91,24.18,24.55,24.57,0.25,1.0175,1.2404,4110907,101133480.0,8225894040.0,8225894040.0,None
2016-07-13,'600088,中视传媒,24.57,25.5,24.49,24.5,24.49,0.08,0.3267,2.2507,7459186,185711805.0,8143038540.0,8143038540.0,None
2016-07-12,'600088,中视传媒,24.49,24.96,23.9,24.58,24.73,-0.24,-0.9705,2.1395,7090771,173091369.0,8116524780.0,8116524780.0,None
2016-07-11,'600088,中视传媒,24.73,25.15,23.72,23.81,23.82,0.91,3.8203,2.6646,8831132,215800256.0,8196066060.0,8196066060.0,None
2016-07-08,'600088,中视传媒,23.82,23.88,23.16,23.48,23.48,0.34,1.448,0.9615,3186648,74884254.0,7894472040.0,7894472040.0,None
2016-07-07,'600088,中视传媒,23.48,23.98,23.15,23.88,23.98,-0.5,-2.0851,1.108,3672020,86525978.0,7781788560.0,7781788560.0,None
2016-07-06,'600088,中视传媒,23.98,24.2,23.48,23.75,23.86,0.12,0.5029,1.188,3937295,93550921.0,7947499560.0,7947499560.0,None
2016-07-05,'600088,中视传媒,23.86,23.92,23.5,23.79,23.71,0.15,0.6326,1.0281,3407421,80851959.0,7907728920.0,7907728920.0,None
2016-07-04,'600088,中视传媒,23.71,23.82,23.09,23.16,23.35,0.36,1.5418,0.8552,2834448,66842586.0,7858015620.0,7858015620.0,None
2016-07-01,'600088,中视传媒,23.35,23.77,23.26,23.69,23.72,-0.37,-1.5599,0.7719,2558378,60030970.0,7738703700.0,7738703700.0,None
2016-06-30,'600088,中视传媒,23.72,23.87,23.07,23.33,23.33,0.39,1.6717,1.1078,3671333,86229660.0,7861329840.0,7861329840.0,None
2016-06-29,'600088,中视传媒,23.33,23.57,23.0,23.33,23.29,0.04,0.1717,0.9457,3134097,73036577.0,7732075260.0,7732075260.0,None
2016-06-28,'600088,中视传媒,23.29,23.33,22.62,22.78,22.8,0.49,2.1491,1.0039,3326983,76469295.0,7718818380.0,7718818380.0,None
2016-06-27,'600088,中视传媒,22.8,22.95,21.98,22.0,22.25,0.55,2.4719,0.6788,2249765,50925651.0,7556421600.0,7556421600.0,None
2016-06-24,'600088,中视传媒,22.25,22.8,21.71,22.74,22.66,-0.41,-1.8094,0.8154,2702474,60234608.0,7374139500.0,7374139500.0,None
2016-06-23,'600088,中视传媒,22.66,22.99,22.3,22.98,23.02,-0.36,-1.5639,0.6343,2102067,47675670.0,7510022520.0,7510022520.0,None
2016-06-22,'600088,中视传媒,23.02,23.04,22.5,22.7,22.79,0.23,1.0092,0.7068,2342654,53421101.0,7629334440.0,7629334440.0,None
2016-06-21,'600088,中视传媒,22.79,23.54,22.68,22.99,22.87,-0.08,-0.3498,0.8677,2875766,66714984.0,7553107380.0,7553107380.0,None
2016-06-20,'600088,中视传媒,22.87,23.0,22.47,22.8,23.05,-0.18,-0.7809,0.7451,2469428,56157086.0,7579621140.0,7579621140.0,None
2016-06-17,'600088,中视传媒,23.05,23.32,22.39,22.39,22.27,0.78,3.5025,1.078,3572879,81688162.0,7639277100.0,7639277100.0,None
2016-06-16,'600088,中视传媒,22.27,22.84,22.18,22.64,22.72,-0.45,-1.9806,0.7424,2460575,55444156.0,7380767940.0,7380767940.0,None
2016-06-15,'600088,中视传媒,22.72,22.87,21.72,21.88,22.03,0.69,3.1321,0.7529,2495255,56190445.0,7529907840.0,7529907840.0,None
2016-06-14,'600088,中视传媒,22.03,22.3,21.75,22.12,22.12,-0.09,-0.4069,0.8121,2691379,59365009.0,7301226660.0,7301226660.0,None
2016-06-13,'600088,中视传媒,22.12,23.68,22.0,23.18,23.9,-1.78,-7.4477,1.1822,3918068,90536920.0,7331054640.0,7331054640.0,None
2016-06-08,'600088,中视传媒,23.9,24.57,23.8,24.44,24.44,-0.54,-2.2095,1.1804,3911989,94501041.0,7920985800.0,7920985800.0,None
2016-06-07,'600088,中视传媒,24.44,24.55,23.9,24.49,24.36,0.08,0.3284,0.8969,2972631,72015635.0,8099953680.0,8099953680.0,None
2016-06-06,'600088,中视传媒,24.36,25.47,24.33,24.83,24.85,-0.49,-1.9718,1.5447,5119534,127264555.0,8073439920.0,8073439920.0,None
2016-06-03,'600088,中视传媒,24.85,25.0,24.41,24.62,24.63,0.22,0.8932,1.2299,4076245,100838085.0,8235836700.0,8235836700.0,None
2016-06-02,'600088,中视传媒,24.63,24.86,24.41,24.66,24.86,-0.23,-0.9252,1.114,3691961,90738706.0,8162923860.0,8162923860.0,None
2016-06-01,'600088,中视传媒,24.86,25.18,24.11,24.42,24.4,0.46,1.8852,2.1141,7006670,172094095.0,8239150920.0,8239150920.0,None
2016-05-31,'600088,中视传媒,24.4,24.43,23.11,23.11,23.15,1.25,5.3996,1.783,5909366,142014421.0,8086696800.0,8086696800.0,None
2016-05-30,'600088,中视传媒,23.15,23.55,23.04,23.46,23.71,-0.56,-2.3619,0.9671,3205054,74541038.0,7672419300.0,7672419300.0,None
2016-05-27,'600088,中视传媒,23.71,24.55,23.67,24.2,24.24,-0.53,-2.1865,1.2268,4065754,97825472.0,7858015620.0,7858015620.0,None
2016-05-26,'600088,中视传媒,24.24,24.55,23.2,23.84,24.26,-0.02,-0.0824,1.6867,5590213,133533128.0,8033669280.0,8033669280.0,None
2016-05-25,'600088,中视传媒,24.26,24.47,23.08,23.4,23.18,1.08,4.6592,1.7364,5754821,136418662.0,8040297720.0,8040297720.0,None
2016-05-24,'600088,中视传媒,23.18,23.84,22.82,23.76,23.9,-0.72,-3.0126,1.415,4689708,108936583.0,7682361960.0,7682361960.0,None
2016-05-23,'600088,中视传媒,23.9,23.96,23.52,23.96,23.98,-0.08,-0.3336,1.488,4931570,117041940.0,7920985800.0,7920985800.0,None
2016-05-20,'600088,中视传媒,23.98,24.3,23.18,23.3,23.53,0.45,1.9125,2.0418,6766978,160838642.0,7947499560.0,7947499560.0,None
2016-05-19,'600088,中视传媒,23.53,23.67,22.25,22.43,22.42,1.11,4.9509,2.4364,8074804,186610877.0,7798359660.0,7798359660.0,None
2016-05-18,'600088,中视传媒,22.42,22.97,21.85,22.19,22.43,-0.01,-0.0446,1.4987,4966974,111165444.0,7430481240.0,7430481240.0,None
2016-05-17,'600088,中视传媒,22.43,22.6,21.5,21.93,22.06,0.37,1.6772,1.1883,3938321,86795186.0,7433795460.0,7433795460.0,None
2016-05-16,'600088,中视传媒,22.06,22.1,21.13,21.31,21.5,0.56,2.6047,0.7988,2647447,57012998.0,7311169320.0,7311169320.0,None
2016-05-13,'600088,中视传媒,21.5,21.9,21.28,21.45,21.43,0.07,0.3266,0.6066,2010371,43303391.0,7125573000.0,7125573000.0,None
2016-05-12,'600088,中视传媒,21.43,21.81,21.1,21.81,22.19,-0.76,-3.425,0.9859,3267331,69942467.0,7102373460.0,7102373460.0,None
2016-05-11,'600088,中视传媒,22.19,22.25,21.19,21.31,21.15,1.04,4.9173,1.4957,4957081,108419815.0,7354254180.0,7354254180.0,None
2016-05-10,'600088,中视传媒,21.15,21.48,20.99,21.03,21.25,-0.1,-0.4706,0.6592,2184861,46345633.0,7009575300.0,7009575300.0,None
2016-05-09,'600088,中视传媒,21.25,21.95,20.88,21.95,22.02,-0.77,-3.4968,1.2438,4122299,87774148.0,7042717500.0,7042717500.0,None
2016-05-06,'600088,中视传媒,22.02,23.47,21.99,22.8,22.72,-0.7,-3.081,2.2642,7504062,171895020.0,7297912440.0,7297912440.0,None
2016-05-05,'600088,中视传媒,22.72,22.9,22.35,22.36,22.4,0.32,1.4286,1.0157,3366286,76398190.0,7529907840.0,7529907840.0,None
2016-05-04,'600088,中视传媒,22.4,22.9,22.37,22.64,22.66,-0.26,-1.1474,1.0181,3374344,76101932.0,7423852800.0,7423852800.0,None
2016-05-03,'600088,中视传媒,22.66,22.7,21.4,21.49,21.51,1.15,5.3464,1.3627,4516220,100513442.0,7510022520.0,7510022520.0,None
2016-04-29,'600088,中视传媒,21.51,21.71,21.0,21.0,21.18,0.33,1.5581,0.9396,3113945,67086996.0,7128887220.0,7128887220.0,None
2016-04-28,'600088,中视传媒,21.18,21.24,20.65,21.06,21.05,0.13,0.6176,0.8102,2685318,56344085.0,7019517960.0,7019517960.0,None
2016-04-27,'600088,中视传媒,21.05,21.26,20.93,21.13,21.09,-0.04,-0.1897,0.6871,2277163,48039574.0,6976433100.0,6976433100.0,None
2016-04-26,'600088,中视传媒,21.09,21.12,20.58,20.58,20.88,0.21,1.0057,0.6096,2020470,42214499.0,6989689980.0,6989689980.0,None
2016-04-25,'600088,中视传媒,20.88,21.18,20.35,21.11,21.25,-0.37,-1.7412,0.8144,2699032,55830522.0,6920091360.0,6920091360.0,None
2016-04-22,'600088,中视传媒,21.25,21.26,20.54,20.58,20.89,0.36,1.7233,0.8,2651382,55324828.0,7042717500.0,7042717500.0,None
2016-04-21,'600088,中视传媒,20.89,21.51,20.88,21.3,21.37,-0.48,-2.2461,0.857,2840288,60217196.0,6923405580.0,6923405580.0,None
2016-04-20,'600088,中视传媒,21.37,23.19,20.8,22.95,22.87,-1.5,-6.5588,2.1164,7014376,153182361.0,7082488140.0,7082488140.0,None
2016-04-19,'600088,中视传媒,22.87,23.29,22.63,23.26,23.11,-0.24,-1.0385,1.0539,3492825,80098388.0,7579621140.0,7579621140.0,None
2016-04-18,'600088,中视传媒,23.11,23.19,22.4,22.73,22.95,0.16,0.6972,1.3804,4574785,104984625.0,7659162420.0,7659162420.0,None
2016-04-15,'600088,中视传媒,22.95,23.34,22.71,23.11,23.15,-0.2,-0.8639,1.4732,4882494,112117329.0,7606134900.0,7606134900.0,None
2016-04-14,'600088,中视传媒,23.15,23.17,22.38,22.6,22.53,0.62,2.7519,1.6608,5504330,125664117.0,7672419300.0,7672419300.0,None
2016-04-13,'600088,中视传媒,22.53,23.04,22.26,22.34,22.2,0.33,1.4865,1.9378,6422330,146135934.0,7466937660.0,7466937660.0,None
2016-04-12,'600088,中视传媒,22.2,22.58,21.98,22.41,22.52,-0.32,-1.421,0.8466,2805972,62386318.0,7357568400.0,7357568400.0,None
2016-04-11,'600088,中视传媒,22.52,22.98,22.18,22.22,22.06,0.46,2.0852,1.6308,5404718,121658883.0,7463623440.0,7463623440.0,None
2016-04-08,'600088,中视传媒,22.06,22.14,21.63,21.83,22.2,-0.14,-0.6306,1.0133,3358365,73458898.0,7311169320.0,7311169320.0,None
2016-04-07,'600088,中视传媒,22.2,22.8,21.9,22.65,22.55,-0.35,-1.5521,1.3001,4308940,96072653.0,7357568400.0,7357568400.0,None
2016-04-06,'600088,中视传媒,22.55,23.28,22.3,22.51,22.67,-0.12,-0.5293,1.2541,4156464,94484121.0,7473566100.0,7473566100.0,None
2016-04-05,'600088,中视传媒,22.67,22.69,21.76,21.84,21.84,0.83,3.8004,1.5132,5015042,112783685.0,7513336740.0,7513336740.0,None
2016-04-01,'600088,中视传媒,21.84,22.2,21.32,22.2,22.11,-0.27,-1.2212,1.1632,3855146,83470532.0,7238256480.0,7238256480.0,None
2016-03-31,'600088,中视传媒,22.11,22.45,21.76,21.76,21.82,0.29,1.3291,1.4411,4776023,106258518.0,7327740420.0,7327740420.0,None
2016-03-30,'600088,中视传媒,21.82,21.85,21.04,21.06,21.0,0.82,3.9048,1.1687,3873451,83559258.0,7231628040.0,7231628040.0,None
2016-03-29,'600088,中视传媒,21.0,21.48,20.5,21.41,21.41,-0.41,-1.915,1.0361,3433925,71673743.0,6959862000.0,6959862000.0,None
2016-03-28,'600088,中视传媒,21.41,22.15,21.33,21.62,21.65,-0.24,-1.1085,1.4952,4955336,108219639.0,7095745020.0,7095745020.0,None
2016-03-25,'600088,中视传媒,21.65,21.85,21.35,21.36,21.23,0.42,1.9783,1.0326,3422349,73943099.0,7175286300.0,7175286300.0,None
2016-03-24,'600088,中视传媒,21.23,21.93,21.15,21.65,22.02,-0.79,-3.5876,1.2433,4120523,88941138.0,7036089060.0,7036089060.0,None
2016-03-23,'600088,中视传媒,22.02,22.17,21.48,21.7,22.06,-0.04,-0.1813,1.3439,4454141,96987315.0,7297912440.0,7297912440.0,None
2016-03-22,'600088,中视传媒,22.06,23.28,21.24,21.5,21.67,0.39,1.7997,2.6651,8832852,199257736.0,7311169320.0,7311169320.0,None
2016-03-21,'600088,中视传媒,21.67,22.1,21.3,21.4,21.22,0.45,2.1206,1.3669,4530231,97970995.0,7181914740.0,7181914740.0,None
2016-03-18,'600088,中视传媒,21.22,21.3,20.18,20.3,20.33,0.89,4.3778,1.6384,5429856,113542020.0,7032774840.0,7032774840.0,None
2016-03-17,'600088,中视传媒,20.33,20.34,19.38,19.55,19.48,0.85,4.3634,1.459,4835444,96614733.0,6737809260.0,6737809260.0,None
2016-03-16,'600088,中视传媒,19.48,20.18,19.3,20.06,19.8,-0.32,-1.6162,0.7849,2601197,51142748.0,6456100560.0,6456100560.0,None
2016-03-15,'600088,中视传媒,19.8,20.07,19.6,19.62,19.71,0.09,0.4566,1.0621,3520186,69849104.0,6562155600.0,6562155600.0,None
2016-03-14,'600088,中视传媒,19.71,20.2,19.28,19.34,19.04,0.67,3.5189,1.5292,5068256,100383358.0,6532327620.0,6532327620.0,None
2016-03-11,'600088,中视传媒,19.04,19.1,18.4,18.58,18.82,0.22,1.169,0.7571,2509203,47309002.0,6310274880.0,6310274880.0,None
2016-03-10,'600088,中视传媒,18.82,19.64,18.81,19.16,19.13,-0.31,-1.6205,0.8836,2928377,56442974.0,6237362040.0,6237362040.0,None
2016-03-09,'600088,中视传媒,19.13,19.6,18.87,19.0,19.76,-0.63,-3.1883,0.8793,2914309,55970718.0,6340102860.0,6340102860.0,None
2016-03-08,'600088,中视传媒,19.76,19.83,18.25,19.1,19.2,0.56,2.9167,1.4086,4668377,89470447.0,6548898720.0,6548898720.0,None
2016-03-07,'600088,中视传媒,19.2,19.6,18.79,18.79,18.74,0.46,2.4546,0.8482,2811016,54221070.0,6363302400.0,6363302400.0,None
2016-03-04,'600088,中视传媒,18.74,19.99,18.27,19.79,19.79,-1.05,-5.3057,1.2022,3984467,76271245.0,6210848280.0,6210848280.0,None
2016-03-03,'600088,中视传媒,19.79,20.28,19.66,19.75,19.8,-0.01,-0.0505,1.2345,4091304,81941094.0,6558841380.0,6558841380.0,None
2016-03-02,'600088,中视传媒,19.8,19.9,18.58,18.7,18.76,1.04,5.5437,1.4927,4947278,95718272.0,6562155600.0,6562155600.0,None
2016-03-01,'600088,中视传媒,18.76,18.98,17.81,18.35,18.35,0.41,2.2343,1.2961,4295619,79111457.0,6217476720.0,6217476720.0,None
2016-02-29,'600088,中视传媒,18.35,19.88,17.99,18.2,19.93,-1.58,-7.9277,1.6269,5391838,99174861.0,6081593700.0,6081593700.0,None
2016-02-26,'600088,中视传媒,19.93,20.63,19.12,20.37,20.37,-0.44,-2.16,1.5949,5285920,105447463.0,6605240460.0,6605240460.0,None
2016-02-25,'600088,中视传媒,20.37,23.1,20.37,22.51,22.63,-2.26,-9.9867,2.2811,7560177,163288638.0,6751066140.0,6751066140.0,None
2016-02-24,'600088,中视传媒,22.63,23.47,21.51,21.61,21.75,0.88,4.046,2.7518,9120235,207489104.0,7500079860.0,7500079860.0,None
2016-02-23,'600088,中视传媒,21.75,22.05,21.37,22.0,22.08,-0.33,-1.4946,1.1411,3781851,81872378.0,7208428500.0,7208428500.0,None
2016-02-22,'600088,中视传媒,22.08,22.21,21.68,21.95,21.66,0.42,1.9391,1.8177,6024336,132320598.0,7317797760.0,7317797760.0,None
2016-02-19,'600088,中视传媒,21.66,21.84,21.12,21.61,21.65,0.01,0.0462,1.4358,4758481,102489399.0,7178600520.0,7178600520.0,None
2016-02-18,'600088,中视传媒,21.65,22.15,21.15,21.2,21.15,0.5,2.3641,2.4323,8061136,175339205.0,7175286300.0,7175286300.0,None
2016-02-17,'600088,中视传媒,21.15,21.33,20.11,20.11,20.38,0.77,3.7782,1.7947,5947883,122579557.0,7009575300.0,7009575300.0,None
2016-02-16,'600088,中视传媒,20.38,20.53,19.43,19.43,19.3,1.08,5.5959,1.347,4464411,89856431.0,6754380360.0,6754380360.0,None
2016-02-15,'600088,中视传媒,19.3,19.58,18.6,18.7,19.64,-0.34,-1.7312,0.9289,3078700,58712725.0,6396444600.0,6396444600.0,None
2016-02-05,'600088,中视传媒,19.64,20.08,19.49,19.83,19.77,-0.13,-0.6576,0.9511,3152083,62403618.0,6509128080.0,6509128080.0,None
2016-02-04,'600088,中视传媒,19.77,20.02,19.46,19.46,19.38,0.39,2.0124,1.3931,4616946,91303922.0,6552212940.0,6552212940.0,None
2016-02-03,'600088,中视传媒,19.38,19.58,18.68,18.97,19.32,0.06,0.3106,1.3383,4435310,84437648.0,6422958360.0,6422958360.0,None
2016-02-02,'600088,中视传媒,19.32,19.45,18.37,18.48,18.36,0.96,5.2288,1.2779,4235096,80916204.0,6403073040.0,6403073040.0,None
2016-02-01,'600088,中视传媒,18.36,19.19,17.8,19.03,19.26,-0.9,-4.6729,1.1487,3807166,70670256.0,6084907920.0,6084907920.0,None
2016-01-29,'600088,中视传媒,19.26,19.5,18.07,18.1,18.62,0.64,3.4372,1.3618,4513410,85316061.0,6383187720.0,6383187720.0,None
2016-01-28,'600088,中视传媒,18.62,19.78,18.28,18.58,18.98,-0.36,-1.8967,1.3107,4343905,82674498.0,6171077640.0,6171077640.0,None
2016-01-27,'600088,中视传媒,18.98,19.66,17.6,19.32,19.32,-0.34,-1.7598,1.4801,4905452,92242700.0,6290389560.0,6290389560.0,None
2016-01-26,'600088,中视传媒,19.32,21.19,19.31,21.09,21.45,-2.13,-9.9301,1.3519,4480523,90863760.0,6403073040.0,6403073040.0,None
2016-01-25,'600088,中视传媒,21.45,21.8,21.0,21.4,21.03,0.42,1.9971,0.9565,3170078,67816812.0,7109001900.0,7109001900.0,None
2016-01-22,'600088,中视传媒,21.03,21.37,20.35,21.0,20.52,0.51,2.4854,1.0974,3636926,76101620.0,6969804660.0,6969804660.0,None
2016-01-21,'600088,中视传媒,20.52,22.15,20.49,21.21,21.71,-1.19,-5.4813,1.4492,4803054,102994624.0,6800779440.0,6800779440.0,None
2016-01-20,'600088,中视传媒,21.71,22.46,21.38,21.8,21.9,-0.19,-0.8676,1.631,5405543,118344489.0,7195171620.0,7195171620.0,None
2016-01-19,'600088,中视传媒,21.9,21.97,20.71,20.97,20.89,1.01,4.8348,1.555,5153660,110993046.0,7258141800.0,7258141800.0,None
2016-01-18,'600088,中视传媒,20.89,21.36,19.05,19.61,20.09,0.8,3.9821,1.1931,3954225,82190476.0,6923405580.0,6923405580.0,None
2016-01-15,'600088,中视传媒,20.09,21.4,19.8,21.28,21.32,-1.23,-5.7692,1.296,4295332,88467602.0,6658267980.0,6658267980.0,None
2016-01-14,'600088,中视传媒,21.32,21.46,18.62,19.0,20.11,1.21,6.0169,1.9695,6527325,134105213.0,7065917040.0,7065917040.0,None
2016-01-13,'600088,中视传媒,20.11,21.85,20.0,21.51,20.96,-0.85,-4.0553,1.304,4321756,91971145.0,6664896420.0,6664896420.0,None
2016-01-12,'600088,中视传媒,20.96,21.46,20.3,21.0,20.88,0.08,0.3831,1.2539,4155783,87315490.0,6946605120.0,6946605120.0,None
2016-01-11,'600088,中视传媒,20.88,23.01,20.88,22.5,23.2,-2.32,-10.0,1.4599,4838448,105208074.0,6920091360.0,6920091360.0,None
2016-01-08,'600088,中视传媒,23.2,24.54,21.0,23.53,23.32,-0.12,-0.5146,2.1086,6988485,162024817.0,7688990400.0,7688990400.0,None
2016-01-07,'600088,中视传媒,23.32,25.24,23.32,25.16,25.91,-2.59,-9.9961,0.5,1657100,39878683.0,7728761040.0,7728761040.0,None
2016-01-06,'600088,中视传媒,25.91,26.39,24.8,25.55,25.3,0.61,2.4111,1.5184,5032167,129062178.0,8587144020.0,8587144020.0,None
2016-01-05,'600088,中视传媒,25.3,26.6,24.39,24.7,27.1,-1.8,-6.6421,2.1547,7141044,181196654.0,8384976600.0,8384976600.0,None
2016-01-04,'600088,中视传媒,27.1,30.18,27.1,30.18,30.11,-3.01,-9.9967,1.4927,4947060,139113181.0,8981536200.0,8981536200.0,None
