日期,股票代码,名称,收盘价,最高价,最低价,开盘价,前收盘,涨跌额,涨跌幅,换手率,成交量,成交金额,总市值,流通市值,成交笔数
2016-10-12,'600270,外运发展,19.18,19.3,18.95,19.1,19.27,-0.09,-0.467,1.3149,11906287,227779630.0,17367139389.6,17367139389.6,None
2016-10-11,'600270,外运发展,19.27,19.29,18.58,18.76,18.72,0.55,2.938,1.7393,15749052,298692995.0,17448632744.4,17448632744.4,None
2016-10-10,'600270,外运发展,18.72,18.8,18.18,18.28,18.11,0.61,3.3683,0.9769,8845552,163804658.0,16950617798.4,16950617798.4,None
2016-09-30,'600270,外运发展,18.11,18.21,18.08,18.11,18.18,-0.07,-0.385,0.466,4219914,76516501.0,16398273949.2,16398273949.2,None
2016-09-29,'600270,外运发展,18.18,18.26,18.12,18.12,18.15,0.03,0.1653,0.4665,4223745,76797138.0,16461657669.6,16461657669.6,None
2016-09-28,'600270,外运发展,18.15,18.44,18.06,18.44,18.33,-0.18,-0.982,0.4997,4524706,82471674.0,16434493218.0,16434493218.0,None
2016-09-27,'600270,外运发展,18.33,18.54,18.05,18.5,18.49,-0.16,-0.8653,0.6746,6108055,111563347.0,16597479927.6,16597479927.6,None
2016-09-26,'600270,外运发展,18.49,18.93,18.42,18.82,18.79,-0.3,-1.5966,0.6677,6045556,112689152.0,16742357002.8,16742357002.8,None
2016-09-23,'600270,外运发展,18.79,18.97,18.7,18.9,18.93,-0.14,-0.7396,0.6515,5899147,110964204.0,17014001518.8,17014001518.8,None
2016-09-22,'600270,外运发展,18.93,19.06,18.81,19.05,19.03,-0.1,-0.5255,1.0666,9658170,182751636.0,17140768959.6,17140768959.6,None
2016-09-21,'600270,外运发展,19.03,19.1,18.3,18.44,18.39,0.64,3.4802,1.8556,16802263,316336307.0,17231317131.6,17231317131.6,None
2016-09-20,'600270,外运发展,18.39,18.45,18.25,18.38,18.36,0.03,0.1634,0.394,3567465,65524992.0,16651808830.8,16651808830.8,None
2016-09-19,'600270,外运发展,18.36,18.4,18.13,18.17,18.17,0.19,1.0457,0.5619,5087860,93050375.0,16624644379.2,16624644379.2,None
2016-09-14,'600270,外运发展,18.17,18.22,18.02,18.12,18.16,0.01,0.0551,0.3458,3130726,56751822.0,16452602852.4,16452602852.4,None
2016-09-13,'600270,外运发展,18.16,18.41,18.1,18.2,18.07,0.09,0.4981,0.4404,3987759,72710120.0,16443548035.2,16443548035.2,None
2016-09-12,'600270,外运发展,18.07,18.33,17.98,18.33,18.64,-0.57,-3.0579,0.6577,5955675,108113180.0,16362054680.4,16362054680.4,None
2016-09-09,'600270,外运发展,18.64,18.79,18.55,18.69,18.75,-0.11,-0.5867,0.6596,5972998,111475378.0,16878179260.8,16878179260.8,None
2016-09-08,'600270,外运发展,18.75,18.8,18.51,18.57,18.6,0.15,0.8065,0.8409,7613871,142090398.0,16977782250.0,16977782250.0,None
2016-09-07,'600270,外运发展,18.6,18.68,18.22,18.31,18.33,0.27,1.473,1.1018,9976874,183707418.0,16841959992.0,16841959992.0,None
2016-09-06,'600270,外运发展,18.33,18.35,17.83,18.07,17.99,0.34,1.8899,0.6844,6197432,112537555.0,16597479927.6,16597479927.6,None
2016-09-05,'600270,外运发展,17.99,18.2,17.9,18.02,17.98,0.01,0.0556,0.3013,2728524,49308778.0,16289616142.8,16289616142.8,None
2016-09-02,'600270,外运发展,17.98,18.31,17.81,18.25,18.26,-0.28,-1.5334,0.4278,3873314,69920763.0,16280561325.6,16280561325.6,None
2016-09-01,'600270,外运发展,18.26,18.45,18.21,18.24,18.19,0.07,0.3848,0.4307,3899942,71577018.0,16534096207.2,16534096207.2,None
2016-08-31,'600270,外运发展,18.19,18.3,18.03,18.28,18.32,-0.13,-0.7096,0.6213,5626056,102034730.0,16470712486.8,16470712486.8,None
2016-08-30,'600270,外运发展,18.32,18.39,18.2,18.35,18.34,-0.02,-0.1091,0.4341,3930353,71845938.0,16588425110.4,16588425110.4,None
2016-08-29,'600270,外运发展,18.34,18.47,18.28,18.43,18.33,0.01,0.0546,0.271,2453587,45088988.0,16606534744.8,16606534744.8,None
2016-08-26,'600270,外运发展,18.33,18.47,18.21,18.28,18.22,0.11,0.6037,0.3162,2863162,52527920.0,16597479927.6,16597479927.6,None
2016-08-25,'600270,外运发展,18.22,18.58,18.01,18.58,18.64,-0.42,-2.2532,0.7241,6556904,119671128.0,16497876938.4,16497876938.4,None
2016-08-24,'600270,外运发展,18.64,18.85,18.58,18.78,18.7,-0.06,-0.3209,0.4346,3935667,73640700.0,16878179260.8,16878179260.8,None
2016-08-23,'600270,外运发展,18.7,18.95,18.56,18.88,18.87,-0.17,-0.9009,0.4219,3820324,71459668.0,16932508164.0,16932508164.0,None
2016-08-22,'600270,外运发展,18.87,19.06,18.72,18.75,18.79,0.08,0.4258,0.4593,4158490,78615405.0,17086440056.4,17086440056.4,None
2016-08-19,'600270,外运发展,18.79,19.08,18.55,18.77,18.85,-0.06,-0.3183,0.4909,4445011,83469788.0,17014001518.8,17014001518.8,None
2016-08-18,'600270,外运发展,18.85,18.89,18.6,18.77,18.77,0.08,0.4262,0.5424,4911395,91791650.0,17068330422.0,17068330422.0,None
2016-08-17,'600270,外运发展,18.77,19.05,18.6,18.98,18.96,-0.19,-1.0021,0.656,5939790,111218148.0,16995891884.4,16995891884.4,None
2016-08-16,'600270,外运发展,18.96,19.18,18.55,18.55,18.53,0.43,2.3206,0.9468,8573329,162561637.0,17167933411.2,17167933411.2,None
2016-08-15,'600270,外运发展,18.53,18.74,18.18,18.18,18.19,0.34,1.8692,0.7764,7030037,130029957.0,16778576271.6,16778576271.6,None
2016-08-12,'600270,外运发展,18.19,18.22,17.69,17.98,17.98,0.21,1.168,0.6313,5716578,102785092.0,16470712486.8,16470712486.8,None
2016-08-11,'600270,外运发展,17.98,18.5,17.96,18.28,18.3,-0.32,-1.7486,0.4857,4398054,80212879.0,16280561325.6,16280561325.6,None
2016-08-10,'600270,外运发展,18.3,18.73,18.29,18.61,18.67,-0.37,-1.9818,0.4763,4312924,79862912.0,16570315476.0,16570315476.0,None
2016-08-09,'600270,外运发展,18.67,18.67,18.41,18.58,18.58,0.09,0.4844,0.4909,4444696,82449323.0,16905343712.4,16905343712.4,None
2016-08-08,'600270,外运发展,18.58,18.59,18.07,18.32,18.4,0.18,0.9783,0.5401,4890292,89733223.0,16823850357.6,16823850357.6,None
2016-08-05,'600270,外运发展,18.4,18.76,18.39,18.61,18.63,-0.23,-1.2346,0.4365,3951994,73320477.0,16660863648.0,16660863648.0,None
2016-08-04,'600270,外运发展,18.63,18.75,18.42,18.75,18.79,-0.16,-0.8515,0.3379,3059408,56851421.0,16869124443.6,16869124443.6,None
2016-08-03,'600270,外运发展,18.79,18.83,18.42,18.42,18.57,0.22,1.1847,0.6898,6245946,116945779.0,17014001518.8,17014001518.8,None
2016-08-02,'600270,外运发展,18.57,18.79,18.0,18.0,18.04,0.53,2.9379,0.428,3875089,70751729.0,16814795540.4,16814795540.4,None
2016-08-01,'600270,外运发展,18.04,18.48,17.8,18.4,18.5,-0.46,-2.4865,0.5913,5354006,96405317.0,16334890228.8,16334890228.8,None
2016-07-29,'600270,外运发展,18.5,18.97,18.41,18.77,18.77,-0.27,-1.4385,0.4746,4297053,80218466.0,16751411820.0,16751411820.0,None
2016-07-28,'600270,外运发展,18.77,18.93,18.44,18.63,18.6,0.17,0.914,0.5216,4722845,88396718.0,16995891884.4,16995891884.4,None
2016-07-27,'600270,外运发展,18.6,19.69,18.31,19.5,19.48,-0.88,-4.5175,1.1873,10750643,203265519.0,16841959992.0,16841959992.0,None
2016-07-26,'600270,外运发展,19.48,19.64,19.23,19.33,19.37,0.11,0.5679,0.5055,4577300,88839629.0,17638783905.6,17638783905.6,None
2016-07-25,'600270,外运发展,19.37,19.87,19.21,19.87,19.87,-0.5,-2.5164,0.6242,5652221,110182249.0,17539180916.4,17539180916.4,None
2016-07-22,'600270,外运发展,19.87,20.37,19.68,19.98,20.22,-0.35,-1.731,0.7801,7063808,140578646.0,17991921776.4,17991921776.4,None
2016-07-21,'600270,外运发展,20.22,20.48,19.28,19.6,19.67,0.55,2.7961,1.1725,10616617,212069561.0,18308840378.4,18308840378.4,None
2016-07-20,'600270,外运发展,19.67,19.83,19.16,19.63,19.56,0.11,0.5624,0.8668,7848821,152679233.0,17810825432.4,17810825432.4,None
2016-07-19,'600270,外运发展,19.56,20.35,19.39,20.0,20.08,-0.52,-2.5896,0.8975,8126393,160085001.0,17711222443.2,17711222443.2,None
2016-07-18,'600270,外运发展,20.08,20.46,19.4,19.7,19.81,0.27,1.3629,1.4038,12711473,256922669.0,18182072937.6,18182072937.6,None
2016-07-15,'600270,外运发展,19.81,20.05,19.34,19.49,19.13,0.68,3.5546,1.8188,16468921,324793838.0,17937592873.2,17937592873.2,None
2016-07-14,'600270,外运发展,19.13,19.36,18.56,18.57,18.58,0.55,2.9602,1.331,12051561,229082943.0,17321865303.6,17321865303.6,None
2016-07-13,'600270,外运发展,18.58,19.1,18.48,18.54,18.38,0.2,1.0881,1.1871,10749342,202171567.0,16823850357.6,16823850357.6,None
2016-07-12,'600270,外运发展,18.38,18.41,17.77,17.89,17.87,0.51,2.8539,0.9889,8954599,162257057.0,16642754013.6,16642754013.6,None
2016-07-11,'600270,外运发展,17.87,18.18,17.76,18.04,17.97,-0.1,-0.5565,0.7905,7158245,128923358.0,16180958336.4,16180958336.4,None
2016-07-08,'600270,XD外运发,17.97,18.35,17.92,18.32,18.32,-0.35,-1.9105,0.5521,4998870,90079270.0,16271506508.4,16271506508.4,None
2016-07-07,'600270,外运发展,18.82,19.16,18.79,18.87,18.86,-0.04,-0.2121,0.6117,5538386,104673598.0,17041165970.4,17041165970.4,None
2016-07-06,'600270,外运发展,18.86,19.17,18.75,19.17,19.21,-0.35,-1.822,0.9141,8277211,156328939.0,17077385239.2,17077385239.2,None
2016-07-05,'600270,外运发展,19.21,19.35,18.81,18.81,18.73,0.48,2.5627,1.4578,13200194,253531142.0,17394303841.2,17394303841.2,None
2016-07-04,'600270,外运发展,18.73,18.78,17.9,17.9,17.77,0.96,5.4024,1.2758,11552323,213519376.0,16959672615.6,16959672615.6,None
2016-07-01,'600270,外运发展,17.77,18.3,17.45,17.5,17.49,0.28,1.6009,1.0445,9457852,170010671.0,16090410164.4,16090410164.4,None
2016-06-30,'600270,外运发展,17.49,17.57,17.3,17.33,17.36,0.13,0.7488,0.3779,3421472,59661510.0,15836875282.8,15836875282.8,None
2016-06-29,'600270,外运发展,17.36,17.62,17.22,17.53,17.49,-0.13,-0.7433,0.4658,4217945,73426560.0,15719162659.2,15719162659.2,None
2016-06-28,'600270,外运发展,17.49,17.51,17.01,17.01,17.12,0.37,2.1612,0.7684,6957549,120202470.0,15836875282.8,15836875282.8,None
2016-06-27,'600270,外运发展,17.12,17.25,16.45,16.48,16.69,0.43,2.5764,0.6144,5562861,94147805.0,15501847046.4,15501847046.4,None
2016-06-24,'600270,外运发展,16.69,16.85,16.32,16.57,16.59,0.1,0.6028,0.7938,7188079,119663689.0,15112489906.8,15112489906.8,None
2016-06-23,'600270,外运发展,16.59,16.73,16.52,16.71,16.71,-0.12,-0.7181,0.28,2535595,42132233.0,15021941734.8,15021941734.8,None
2016-06-22,'600270,外运发展,16.71,16.73,16.35,16.55,16.44,0.27,1.6423,0.328,2970083,49331394.0,15130599541.2,15130599541.2,None
2016-06-21,'600270,外运发展,16.44,16.74,16.35,16.61,16.54,-0.1,-0.6046,0.3521,3188352,52835960.0,14886119476.8,14886119476.8,None
2016-06-20,'600270,外运发展,16.54,16.7,16.39,16.61,16.6,-0.06,-0.3614,0.393,3558775,58609352.0,14976667648.8,14976667648.8,None
2016-06-17,'600270,外运发展,16.6,16.82,16.54,16.58,16.58,0.02,0.1206,0.3188,2886616,48094152.0,15030996552.0,15030996552.0,None
2016-06-16,'600270,外运发展,16.58,16.95,16.51,16.72,16.83,-0.25,-1.4854,0.2896,2622326,43812205.0,15012886917.6,15012886917.6,None
2016-06-15,'600270,外运发展,16.83,16.99,16.2,16.24,16.46,0.37,2.2479,0.6079,5504062,92140082.0,15239257347.6,15239257347.6,None
2016-06-14,'600270,外运发展,16.46,16.58,16.3,16.36,16.38,0.08,0.4884,0.3521,3188236,52351980.0,14904229111.2,14904229111.2,None
2016-06-13,'600270,外运发展,16.38,17.09,16.37,17.09,17.19,-0.81,-4.712,0.4429,4010582,67252913.0,14831790573.6,14831790573.6,None
2016-06-08,'600270,外运发展,17.19,17.35,17.05,17.32,17.35,-0.16,-0.9222,0.4679,4237119,72780205.0,15565230766.8,15565230766.8,None
2016-06-07,'600270,外运发展,17.35,17.44,17.15,17.3,17.3,0.05,0.289,0.3462,3134995,54231109.0,15710107842.0,15710107842.0,None
2016-06-06,'600270,外运发展,17.3,17.53,17.28,17.47,17.47,-0.17,-0.9731,0.4169,3775235,65601979.0,15664833756.0,15664833756.0,None
2016-06-03,'600270,外运发展,17.47,17.53,17.2,17.36,17.29,0.18,1.0411,0.6201,5614695,97457832.0,15818765648.4,15818765648.4,None
2016-06-02,'600270,外运发展,17.29,17.33,17.13,17.28,17.35,-0.06,-0.3458,0.5313,4810957,82798558.0,15655778938.8,15655778938.8,None
2016-06-01,'600270,外运发展,17.35,17.53,17.31,17.35,17.35,0.0,0.0,0.6062,5488882,95665168.0,15710107842.0,15710107842.0,None
2016-05-31,'600270,外运发展,17.35,17.35,16.74,16.85,16.73,0.62,3.7059,0.8542,7734984,132578826.0,15710107842.0,15710107842.0,None
2016-05-30,'600270,外运发展,16.73,16.87,16.41,16.52,16.66,0.07,0.4202,0.5079,4599324,76878351.0,15148709175.6,15148709175.6,None
2016-05-27,'600270,外运发展,16.66,16.8,16.56,16.8,16.8,-0.14,-0.8333,0.2326,2105940,35118686.0,15085325455.2,15085325455.2,None
2016-05-26,'600270,外运发展,16.8,16.81,16.41,16.78,16.78,0.02,0.1192,0.3931,3559671,59115354.0,15212092896.0,15212092896.0,None
2016-05-25,'600270,外运发展,16.78,17.1,16.68,16.99,16.92,-0.14,-0.8274,0.418,3784569,63668630.0,15193983261.6,15193983261.6,None
2016-05-24,'600270,外运发展,16.92,17.06,16.6,16.69,16.6,0.32,1.9277,0.7477,6770463,114300150.0,15320750702.4,15320750702.4,None
2016-05-23,'600270,外运发展,16.6,16.89,16.54,16.7,16.55,0.05,0.3021,0.4904,4440541,74015961.0,15030996552.0,15030996552.0,None
2016-05-20,'600270,外运发展,16.55,16.59,16.25,16.3,16.38,0.17,1.0379,0.268,2426484,40044685.0,14985722466.0,14985722466.0,None
2016-05-19,'600270,外运发展,16.38,16.72,16.35,16.48,16.37,0.01,0.0611,0.3327,3012303,49862699.0,14831790573.6,14831790573.6,None
2016-05-18,'600270,外运发展,16.37,16.8,16.3,16.8,16.88,-0.51,-3.0213,0.4275,3870498,63792332.0,14822735756.4,14822735756.4,None
2016-05-17,'600270,外运发展,16.88,17.17,16.66,17.09,17.08,-0.2,-1.171,0.5703,5163675,87201719.0,15284531433.6,15284531433.6,None
2016-05-16,'600270,外运发展,17.08,17.09,16.81,17.02,17.05,0.03,0.176,0.3965,3590115,61105266.0,15465627777.6,15465627777.6,None
2016-05-13,'600270,外运发展,17.05,17.1,16.75,16.8,16.91,0.14,0.8279,0.5369,4861929,82676511.0,15438463326.0,15438463326.0,None
2016-05-12,'600270,外运发展,16.91,16.93,16.11,16.62,16.76,0.15,0.895,0.4282,3877043,64282842.0,15311695885.2,15311695885.2,None
2016-05-11,'600270,外运发展,16.76,16.99,16.56,16.8,16.71,0.05,0.2992,0.4563,4131856,69437473.0,15175873627.2,15175873627.2,None
2016-05-10,'600270,外运发展,16.71,16.84,16.55,16.57,16.56,0.15,0.9058,0.4768,4317224,72014491.0,15130599541.2,15130599541.2,None
2016-05-09,'600270,外运发展,16.56,17.4,16.53,17.4,17.53,-0.97,-5.5334,1.0246,9277452,156930179.0,14994777283.2,14994777283.2,None
2016-05-06,'600270,外运发展,17.53,18.76,17.5,18.65,18.67,-1.14,-6.1061,1.0633,9628153,173618396.0,15873094551.6,15873094551.6,None
2016-05-05,'600270,外运发展,18.67,18.74,18.47,18.59,18.63,0.04,0.2147,0.5547,5022806,93563906.0,16905343712.4,16905343712.4,None
2016-05-04,'600270,外运发展,18.63,18.85,18.4,18.48,18.66,-0.03,-0.1608,0.7909,7161320,133179122.0,16869124443.6,16869124443.6,None
2016-05-03,'600270,外运发展,18.66,18.68,17.78,18.0,18.38,0.28,1.5234,1.0126,9169228,167518297.0,16896288895.2,16896288895.2,None
2016-04-29,'600270,外运发展,18.38,18.56,18.1,18.14,18.2,0.18,0.989,0.3951,3577923,65972853.0,16642754013.6,16642754013.6,None
2016-04-28,'600270,外运发展,18.2,18.53,17.91,18.47,18.47,-0.27,-1.4618,0.5477,4959601,90224382.0,16479767304.0,16479767304.0,None
2016-04-27,'600270,外运发展,18.47,18.72,18.41,18.63,18.59,-0.12,-0.6455,0.5137,4651020,86390407.0,16724247368.4,16724247368.4,None
2016-04-26,'600270,外运发展,18.59,18.64,18.3,18.3,18.38,0.21,1.1425,0.5003,4529969,83492153.0,16832905174.8,16832905174.8,None
2016-04-25,'600270,外运发展,18.38,18.76,18.18,18.73,18.76,-0.38,-2.0256,0.5098,4616245,84723979.0,16642754013.6,16642754013.6,None
2016-04-22,'600270,外运发展,18.76,18.95,18.5,18.73,18.73,0.03,0.1602,0.6927,6271939,117021681.0,16986837067.2,16986837067.2,None
2016-04-21,'600270,外运发展,18.73,19.14,18.62,19.05,19.03,-0.3,-1.5765,0.6536,5918616,112123063.0,16959672615.6,16959672615.6,None
2016-04-20,'600270,外运发展,19.03,20.12,18.61,19.95,19.91,-0.88,-4.4199,0.8438,7640324,147025086.0,17231317131.6,17231317131.6,None
2016-04-19,'600270,外运发展,19.91,20.14,19.62,19.92,19.91,0.0,0.0,0.6872,6222635,123413343.0,18028141045.2,18028141045.2,None
2016-04-18,'600270,外运发展,19.91,20.29,19.5,20.25,20.35,-0.44,-2.1622,0.7645,6922528,138006073.0,18028141045.2,18028141045.2,None
2016-04-15,'600270,外运发展,20.35,20.58,20.22,20.51,20.51,-0.16,-0.7801,0.7671,6945721,141462730.0,18426553002.0,18426553002.0,None
2016-04-14,'600270,外运发展,20.51,20.98,20.26,20.64,20.61,-0.1,-0.4852,0.7633,6911579,142177930.0,18571430077.2,18571430077.2,None
2016-04-13,'600270,外运发展,20.61,21.14,20.56,20.81,20.88,-0.27,-1.2931,1.1721,10613447,221588687.0,18661978249.2,18661978249.2,None
2016-04-12,'600270,外运发展,20.88,20.89,20.21,20.21,20.47,0.41,2.0029,0.9319,8438236,173431887.0,18906458313.6,18906458313.6,None
2016-04-11,'600270,外运发展,20.47,20.49,19.7,19.97,19.87,0.6,3.0196,1.0061,9110447,184788101.0,18535210808.4,18535210808.4,None
2016-04-08,'600270,外运发展,19.87,19.96,19.14,19.4,19.56,0.31,1.5849,0.7549,6835157,132811619.0,17991921776.4,17991921776.4,None
2016-04-07,'600270,外运发展,19.56,20.28,19.54,20.25,20.19,-0.63,-3.1204,0.9647,8734895,173559336.0,17711222443.2,17711222443.2,None
2016-04-06,'600270,外运发展,20.19,20.43,19.98,20.18,20.18,0.01,0.0496,0.9014,8162244,164507772.0,18281675926.8,18281675926.8,None
2016-04-05,'600270,外运发展,20.18,20.33,19.53,19.53,19.5,0.68,3.4872,1.4266,12917748,259503149.0,18272621109.6,18272621109.6,None
2016-04-01,'600270,外运发展,19.5,19.58,19.18,19.39,19.39,0.11,0.5673,0.7368,6671322,129409359.0,17656893540.0,17656893540.0,None
2016-03-31,'600270,外运发展,19.39,19.64,19.22,19.35,19.22,0.17,0.8845,0.6908,6255242,121639867.0,17557290550.8,17557290550.8,None
2016-03-30,'600270,外运发展,19.22,19.26,18.62,18.78,18.51,0.71,3.8358,0.6947,6290683,119416617.0,17403358658.4,17403358658.4,None
2016-03-29,'600270,外运发展,18.51,19.3,18.38,19.22,19.19,-0.68,-3.5435,0.8442,7644168,143286813.0,16760466637.2,16760466637.2,None
2016-03-28,'600270,外运发展,19.19,19.66,19.09,19.39,19.3,-0.11,-0.5699,0.5853,5299407,102991233.0,17376194206.8,17376194206.8,None
2016-03-25,'600270,外运发展,19.3,19.6,18.95,19.31,19.51,-0.21,-1.0764,0.6762,6122738,118031693.0,17475797196.0,17475797196.0,None
2016-03-24,'600270,外运发展,19.51,19.88,19.47,19.5,20.09,-0.58,-2.887,0.9526,8625659,169251784.0,17665948357.2,17665948357.2,None
2016-03-23,'600270,外运发展,20.09,20.1,19.52,19.62,19.47,0.62,3.1844,1.6042,14525872,287731783.0,18191127754.8,18191127754.8,None
2016-03-22,'600270,外运发展,19.47,19.58,19.21,19.35,19.56,-0.09,-0.4601,0.7825,7085552,137274349.0,17629729088.4,17629729088.4,None
2016-03-21,'600270,外运发展,19.56,19.66,19.19,19.21,19.06,0.5,2.6233,0.9913,8976220,174350834.0,17711222443.2,17711222443.2,None
2016-03-18,'600270,外运发展,19.06,19.18,18.3,18.4,18.28,0.78,4.267,1.1901,10775777,202793029.0,17258481583.2,17258481583.2,None
2016-03-17,'600270,外运发展,18.28,18.37,17.68,17.9,17.76,0.52,2.9279,0.7243,6558230,118911400.0,16552205841.6,16552205841.6,None
2016-03-16,'600270,外运发展,17.76,18.16,17.66,18.16,18.17,-0.41,-2.2565,0.4372,3958636,70874289.0,16081355347.2,16081355347.2,None
2016-03-15,'600270,外运发展,18.17,18.19,17.6,17.92,18.02,0.15,0.8324,0.6017,5448603,97389297.0,16452602852.4,16452602852.4,None
2016-03-14,'600270,外运发展,18.02,18.19,17.51,17.73,17.4,0.62,3.5632,0.5764,5219427,93795766.0,16316780594.4,16316780594.4,None
2016-03-11,'600270,外运发展,17.4,17.6,17.2,17.4,17.44,-0.04,-0.2294,0.3638,3293847,57282412.0,15755381928.0,15755381928.0,None
2016-03-10,'600270,外运发展,17.44,17.98,17.41,17.98,17.78,-0.34,-1.9123,0.403,3648781,64424009.0,15791601196.8,15791601196.8,None
2016-03-09,'600270,外运发展,17.78,18.17,17.6,18.08,18.41,-0.63,-3.4221,0.4724,4277878,76459119.0,16099464981.6,16099464981.6,None
2016-03-08,'600270,外运发展,18.41,18.48,17.69,18.48,18.48,-0.07,-0.3788,0.6269,5676533,102518966.0,16669918465.2,16669918465.2,None
2016-03-07,'600270,外运发展,18.48,18.62,18.01,18.01,17.94,0.54,3.01,0.5509,4988225,91809151.0,16733302185.6,16733302185.6,None
2016-03-04,'600270,外运发展,17.94,18.69,17.88,18.65,18.6,-0.66,-3.5484,0.6059,5485960,99990214.0,16244342056.8,16244342056.8,None
2016-03-03,'600270,外运发展,18.6,18.84,18.39,18.55,18.51,0.09,0.4862,0.7973,7219773,134346323.0,16841959992.0,16841959992.0,None
2016-03-02,'600270,外运发展,18.51,18.63,17.75,17.75,17.76,0.75,4.223,0.6317,5719573,104384954.0,16760466637.2,16760466637.2,None
2016-03-01,'600270,外运发展,17.76,17.88,17.29,17.3,17.43,0.33,1.8933,0.4949,4481559,78780955.0,16081355347.2,16081355347.2,None
2016-02-29,'600270,外运发展,17.43,18.5,17.14,18.5,18.52,-1.09,-5.8855,0.5869,5314013,92829076.0,15782546379.6,15782546379.6,None
2016-02-26,'600270,外运发展,18.52,18.81,18.0,18.58,18.45,0.07,0.3794,0.6196,5610353,103771574.0,16769521454.4,16769521454.4,None
2016-02-25,'600270,外运发展,18.45,20.09,18.14,19.95,20.14,-1.69,-8.3913,1.6127,14602841,283476081.0,16706137734.0,16706137734.0,None
2016-02-24,'600270,外运发展,20.14,20.2,19.11,19.11,19.35,0.79,4.0827,1.3038,11805908,233356381.0,18236401840.8,18236401840.8,None
2016-02-23,'600270,外运发展,19.35,19.8,19.06,19.7,19.74,-0.39,-1.9757,0.9417,8526846,165369392.0,17521071282.0,17521071282.0,None
2016-02-22,'600270,外运发展,19.74,19.76,19.15,19.32,19.12,0.62,3.2427,0.8363,7572430,147372041.0,17874209152.8,17874209152.8,None
2016-02-19,'600270,外运发展,19.12,19.28,18.88,19.09,19.15,-0.03,-0.1567,0.5299,4797929,91607500.0,17312810486.4,17312810486.4,None
2016-02-18,'600270,外运发展,19.15,19.7,19.12,19.62,19.41,-0.26,-1.3395,0.6402,5797078,112173792.0,17339974938.0,17339974938.0,None
2016-02-17,'600270,外运发展,19.41,19.49,18.98,19.33,19.4,0.01,0.0515,0.8702,7879223,151679601.0,17575400185.2,17575400185.2,None
2016-02-16,'600270,外运发展,19.4,19.5,18.73,18.73,18.68,0.72,3.8544,0.6074,5499660,105785308.0,17566345368.0,17566345368.0,None
2016-02-15,'600270,外运发展,18.68,18.74,18.04,18.22,18.84,-0.16,-0.8493,0.3781,3423750,63070100.0,16914398529.6,16914398529.6,None
2016-02-05,'600270,外运发展,18.84,19.48,18.8,19.29,19.29,-0.45,-2.3328,0.5007,4533793,86567996.0,17059275604.8,17059275604.8,None
2016-02-04,'600270,外运发展,19.29,19.4,18.62,18.62,18.66,0.63,3.3762,0.7854,7111312,136000933.0,17466742378.8,17466742378.8,None
2016-02-03,'600270,外运发展,18.66,18.72,17.98,18.1,18.35,0.31,1.6894,0.6245,5654452,103826304.0,16896288895.2,16896288895.2,None
2016-02-02,'600270,外运发展,18.35,18.46,17.84,17.84,17.76,0.59,3.3221,0.6488,5874513,107403284.0,16615589562.0,16615589562.0,None
2016-02-01,'600270,外运发展,17.76,18.06,17.52,17.97,17.94,-0.18,-1.0033,0.5963,5399435,96126242.0,16081355347.2,16081355347.2,None
2016-01-29,'600270,外运发展,17.94,18.2,17.18,17.19,17.21,0.73,4.2417,0.7142,6467304,114945571.0,16244342056.8,16244342056.8,None
2016-01-28,'600270,外运发展,17.21,18.35,17.08,17.92,18.01,-0.8,-4.442,0.7298,6608245,117229188.0,15583340401.2,15583340401.2,None
2016-01-27,'600270,外运发展,18.01,18.28,17.06,18.01,17.9,0.11,0.6145,1.0142,9183376,162259287.0,16307725777.2,16307725777.2,None
2016-01-26,'600270,外运发展,17.9,19.31,17.7,19.31,19.56,-1.66,-8.4867,0.9002,8151369,151719038.0,16208122788.0,16208122788.0,None
2016-01-25,'600270,外运发展,19.56,19.93,19.25,19.39,19.14,0.42,2.1944,0.695,6293160,123576759.0,17711222443.2,17711222443.2,None
2016-01-22,'600270,外运发展,19.14,19.36,18.51,18.83,18.71,0.43,2.2982,0.5994,5427558,103056996.0,17330920120.8,17330920120.8,None
2016-01-21,'600270,外运发展,18.71,20.06,18.62,19.5,19.98,-1.27,-6.3564,0.8861,8023657,155751004.0,16941562981.2,16941562981.2,None
2016-01-20,'600270,外运发展,19.98,20.65,19.81,19.95,20.11,-0.13,-0.6464,0.9857,8925425,179827444.0,18091524765.6,18091524765.6,None
2016-01-19,'600270,外运发展,20.11,20.23,19.05,19.3,19.28,0.83,4.305,0.958,8674646,171170145.0,18209237389.2,18209237389.2,None
2016-01-18,'600270,外运发展,19.28,19.55,18.41,18.6,18.9,0.38,2.0106,0.7493,6785093,130385961.0,17457687561.6,17457687561.6,None
2016-01-15,'600270,外运发展,18.9,20.31,18.72,20.05,20.07,-1.17,-5.8296,0.9284,8406570,163270769.0,17113604508.0,17113604508.0,None
2016-01-14,'600270,外运发展,20.07,20.25,18.69,19.0,19.65,0.42,2.1374,0.8832,7996917,156786153.0,18173018120.4,18173018120.4,None
2016-01-13,'600270,外运发展,19.65,21.18,19.56,20.88,20.71,-1.06,-5.1183,1.0384,9402848,191245870.0,17792715798.0,17792715798.0,None
2016-01-12,'600270,外运发展,20.71,21.35,20.54,20.98,20.65,0.06,0.2906,0.727,6582810,138094386.0,18752526421.2,18752526421.2,None
2016-01-11,'600270,外运发展,20.65,21.73,20.11,21.0,21.91,-1.26,-5.7508,1.0663,9655352,203630545.0,18698197518.0,18698197518.0,None
2016-01-08,'600270,外运发展,21.91,22.56,20.15,22.02,21.46,0.45,2.0969,1.4297,12946119,282777324.0,19839104485.2,19839104485.2,None
2016-01-07,'600270,外运发展,21.46,23.61,21.35,23.61,23.69,-2.23,-9.4133,0.4141,3749701,85434258.0,19431637711.2,19431637711.2,None
2016-01-06,'600270,外运发展,23.69,23.82,22.73,23.5,23.11,0.58,2.5097,1.4042,12714525,296104633.0,21450861946.8,21450861946.8,None
2016-01-05,'600270,外运发展,23.11,24.36,22.05,22.5,24.36,-1.25,-5.1314,1.7487,15834444,366243399.0,20925682549.2,20925682549.2,None
2016-01-04,'600270,外运发展,24.36,27.35,24.35,27.1,27.06,-2.7,-9.9778,0.9361,8476006,220092754.0,22057534699.2,22057534699.2,None
