日期,股票代码,名称,收盘价,最高价,最低价,开盘价,前收盘,涨跌额,涨跌幅,换手率,成交量,成交金额,总市值,流通市值,成交笔数
2016-10-12,'600998,九州通,21.83,22.04,21.55,21.6,21.65,0.18,0.8314,0.2213,3190722,69761649.0,35954550510.8,31479278372.0,None
2016-10-11,'600998,九州通,21.65,22.1,21.54,22.1,22.04,-0.39,-1.7695,0.2503,3609055,78509955.0,35658086054.0,31219714922.2,None
2016-10-10,'600998,九州通,22.04,22.28,21.48,21.69,21.48,0.56,2.6071,0.3711,5351141,117603143.0,36300087925.4,31781764611.6,None
2016-09-30,'600998,九州通,21.48,21.63,20.5,20.5,21.12,0.36,1.7045,0.1803,2599940,55317395.0,35377762642.3,30974242461.7,None
2016-09-29,'600998,九州通,21.12,21.45,21.0,21.3,21.3,-0.18,-0.8451,0.218,3143759,66569494.0,34784839246.1,30455121079.7,None
2016-09-28,'600998,九州通,21.3,21.68,21.26,21.58,21.37,-0.07,-0.3276,0.235,3388673,72995251.0,35081300944.2,30714681770.7,None
2016-09-27,'600998,九州通,21.37,21.58,20.91,21.14,21.14,0.23,1.088,0.3074,4432010,94808967.0,35196591604.6,30815622039.4,None
2016-09-26,'600998,九州通,21.14,21.85,20.92,21.76,21.95,-0.81,-3.6902,0.4193,6046396,129030598.0,34817779434.8,30483961156.5,None
2016-09-23,'600998,九州通,21.95,22.61,21.9,22.6,22.54,-0.59,-2.6176,0.262,3778126,83548724.0,36151857076.3,31651984266.0,None
2016-09-22,'600998,九州通,22.54,22.6,21.9,22.25,22.17,0.37,1.6689,0.3602,5193779,115836918.0,37123592642.4,32502766531.1,None
2016-09-21,'600998,九州通,22.17,22.34,22.0,22.01,22.24,-0.07,-0.3147,0.2214,3192849,70822567.0,36514199151.8,31969225110.6,None
2016-09-20,'600998,九州通,22.24,22.85,21.8,22.7,22.64,-0.4,-1.7668,0.3461,4990733,110522048.0,36629489812.2,32070165379.4,None
2016-09-19,'600998,九州通,22.64,22.94,22.1,22.3,22.46,0.18,0.8014,0.2706,3901469,88354739.0,37288293585.8,32646966915.0,None
2016-09-14,'600998,九州通,22.46,22.81,21.62,22.07,22.13,0.33,1.4912,0.4231,6101322,137003684.0,36991831887.6,32387406223.9,None
2016-09-13,'600998,九州通,22.13,23.85,22.01,23.54,23.59,-1.46,-6.1891,0.6895,9942857,224601798.0,36448318774.4,31911544957.1,None
2016-09-12,'600998,九州通,23.59,23.98,22.0,23.13,23.54,0.05,0.2124,0.5874,8470828,196394670.0,38852952548.1,34016870562.0,None
2016-09-09,'600998,九州通,23.54,24.18,23.12,23.6,23.85,-0.31,-1.2998,0.7085,10216625,242189392.0,38770602076.4,33944770370.1,None
2016-09-08,'600998,九州通,23.85,23.88,21.83,21.83,21.88,1.97,9.0037,0.9063,13069538,301117054.0,39281175000.9,34391791560.2,None
2016-09-07,'600998,九州通,21.88,22.76,21.82,22.1,22.3,-0.42,-1.8834,0.6002,8655434,193116496.0,36036566415.9,31551043997.3,None
2016-09-06,'600998,九州通,22.3,22.79,21.78,21.78,21.8,0.5,2.2936,0.6886,9929212,221936370.0,36728310378.2,32156685609.7,None
2016-09-05,'600998,九州通,21.8,22.3,21.61,21.84,21.81,-0.01,-0.0459,0.7663,11049655,242407646.0,35904805661.2,31435683690.2,None
2016-09-02,'600998,九州通,21.81,21.96,20.31,20.31,20.31,1.5,7.3855,0.9296,13404813,286488789.0,35921275755.5,31450103728.6,None
2016-09-01,'600998,九州通,20.31,20.75,19.9,20.19,20.04,0.27,1.3473,0.2869,4137323,84800296.0,33450761604.5,29287097970.1,None
2016-08-31,'600998,九州通,20.04,20.3,19.66,19.85,19.94,0.1,0.5015,0.3382,4877359,98125479.0,33006069057.4,28897756933.6,None
2016-08-30,'600998,九州通,19.94,20.09,19.25,19.93,19.94,0.0,0.0,0.4702,6780881,133466284.0,32841368114.0,28753556549.7,None
2016-08-29,'600998,九州通,19.94,20.75,19.7,20.57,20.49,-0.55,-2.6842,0.3115,4492410,90515120.0,32841368114.0,28753556549.7,None
2016-08-26,'600998,九州通,20.49,20.64,19.86,20.0,20.07,0.42,2.0927,0.3156,4551486,92631157.0,33747223302.7,29546658661.1,None
2016-08-25,'600998,九州通,20.07,20.78,20.04,20.5,20.49,-0.42,-2.0498,0.5461,7875401,161177971.0,33055479340.4,28941017048.7,None
2016-08-24,'600998,九州通,20.49,20.64,20.06,20.64,20.22,0.27,1.3353,0.3532,5092928,103437448.0,33747223302.7,29546658661.1,None
2016-08-23,'600998,九州通,20.22,20.41,19.75,20.1,19.79,0.43,2.1728,0.6903,9953944,200868821.0,33302530755.5,29157317624.6,None
2016-08-22,'600998,九州通,19.79,20.11,19.55,19.55,19.43,0.36,1.8528,0.5786,8343438,165718938.0,32594316698.9,28537255973.8,None
2016-08-19,'600998,九州通,19.43,19.7,19.2,19.7,19.68,-0.25,-1.2703,0.4296,6195387,120774479.0,32001393302.6,28018134591.8,None
2016-08-18,'600998,九州通,19.68,19.8,19.31,19.51,19.71,-0.03,-0.1522,0.557,8032530,157407653.0,32413145661.1,28378635551.5,None
2016-08-17,'600998,九州通,19.71,19.93,19.4,19.64,19.53,0.18,0.9217,0.4504,6494339,128080841.0,32462555944.1,28421895666.7,None
2016-08-16,'600998,九州通,19.53,19.94,19.5,19.6,19.33,0.2,1.0347,0.5819,8391563,165008462.0,32166094246.0,28162334975.7,None
2016-08-15,'600998,九州通,19.33,19.5,18.82,19.2,19.19,0.14,0.7295,0.5492,7920122,152077913.0,31836692359.2,27873934207.9,None
2016-08-12,'600998,九州通,19.19,19.46,18.39,18.6,18.6,0.59,3.172,0.4005,5774552,108890333.0,31606111038.5,27672053670.4,None
2016-08-11,'600998,九州通,18.6,19.3,18.23,19.15,19.21,-0.61,-3.1754,0.2752,3968709,74863234.0,30634375472.4,26821271405.4,None
2016-08-10,'600998,九州通,19.21,19.52,19.05,19.24,19.09,0.12,0.6286,0.304,4384412,84817341.0,31639051227.1,27700893747.2,None
2016-08-09,'600998,九州通,19.09,19.29,18.88,19.0,19.09,0.0,0.0,0.2587,3731057,71237790.0,31441410095.1,27527853286.5,None
2016-08-08,'600998,九州通,19.09,19.49,18.71,19.0,19.51,-0.42,-2.1527,0.3361,4846323,92330953.0,31441410095.1,27527853286.5,None
2016-08-05,'600998,九州通,19.51,19.74,19.35,19.51,19.64,-0.13,-0.6619,0.2161,3115681,60938478.0,32133154057.3,28133494898.9,None
2016-08-04,'600998,九州通,19.64,20.44,19.51,20.25,20.15,-0.51,-2.531,0.4069,5866954,115989947.0,32347265283.8,28320955398.0,None
2016-08-03,'600998,九州通,20.15,20.45,19.5,19.61,19.81,0.34,1.7163,0.2758,3977409,79894998.0,33187240095.1,29056377355.8,None
2016-08-02,'600998,九州通,19.81,19.94,19.03,19.79,19.77,0.04,0.2023,0.3647,5259106,102778704.0,32627256887.5,28566096050.6,None
2016-08-01,'600998,九州通,19.77,20.45,19.0,20.45,20.54,-0.77,-3.7488,0.7271,10485299,205610760.0,32561376510.2,28508415897.0,None
2016-07-29,'600998,九州通,20.54,20.7,19.97,20.18,20.12,0.42,2.0875,0.5062,7299033,147723173.0,33829573774.4,29618758853.1,None
2016-07-28,'600998,九州通,20.12,21.24,19.61,20.02,20.28,-0.16,-0.789,0.9265,13360730,275412993.0,33137829812.1,29013117240.7,None
2016-07-27,'600998,九州通,20.28,20.92,19.79,19.79,19.78,0.5,2.5278,1.3036,18798395,382404363.0,33401351321.5,29243837854.9,None
2016-07-26,'600998,九州通,19.78,20.1,19.6,20.01,20.01,-0.23,-1.1494,0.5341,7701715,152607422.0,32577846604.5,28522835935.4,None
2016-07-25,'600998,九州通,20.01,20.15,19.76,19.84,19.96,0.05,0.2505,0.4602,6636476,132565957.0,32956658774.3,28854496818.4,None
2016-07-22,'600998,九州通,19.96,20.3,19.6,19.98,19.98,-0.02,-0.1001,0.7926,11429350,227132862.0,32874308302.6,28782396626.4,None
2016-07-21,'600998,九州通,19.98,20.58,19.7,19.7,19.9,0.08,0.402,0.9857,14214552,286792833.0,32907248491.3,28811236703.2,None
2016-07-20,'600998,九州通,19.9,20.42,18.85,19.12,18.9,1.0,5.291,1.3838,19954054,397302784.0,32775487736.6,28695876396.1,None
2016-07-19,'600998,九州通,18.9,19.09,18.03,18.24,18.14,0.76,4.1896,1.0881,15689943,294206664.0,31128478302.6,27253872557.1,None
2016-07-18,'600998,九州通,18.14,18.6,17.85,18.4,17.99,0.15,0.8338,0.5299,7641260,139206145.0,29876751132.8,26157949639.5,None
2016-07-15,'600998,九州通,17.99,18.12,17.7,17.82,17.89,0.1,0.559,0.4094,5903264,105804800.0,29629699717.7,25941649063.6,None
2016-07-14,'600998,九州通,17.89,17.98,17.59,17.59,17.57,0.32,1.8213,0.5967,8604082,153334076.0,29464998774.3,25797448679.7,None
2016-07-13,'600998,九州通,17.57,17.69,17.48,17.58,17.57,0.0,0.0,0.4061,5855870,102861652.0,28937955755.4,25336007451.2,None
2016-07-12,'600998,九州通,17.57,17.75,17.21,17.31,17.31,0.26,1.502,0.4652,6707540,117034314.0,28937955755.4,25336007451.2,None
2016-07-11,'600998,九州通,17.31,17.5,17.2,17.28,17.31,0.0,0.0,0.3439,4959056,86150676.0,28509733302.5,24961086453.1,None
2016-07-08,'600998,九州通,17.31,17.6,17.2,17.55,17.7,-0.39,-2.2034,0.2754,3971603,69072920.0,28509733302.5,24961086453.1,None
2016-07-07,'600998,九州通,17.7,17.92,17.52,17.62,17.74,-0.04,-0.2255,0.259,3734522,66188845.0,29152066981.8,25523467950.3,None
2016-07-06,'600998,九州通,17.74,17.78,17.46,17.62,17.62,0.12,0.681,0.225,3244274,57395023.0,29217947359.2,25581148103.9,None
2016-07-05,'600998,九州通,17.62,17.67,17.42,17.56,17.59,0.03,0.1706,0.195,2812098,49509063.0,29020306227.1,25408107643.2,None
2016-07-04,'600998,九州通,17.59,17.8,17.22,17.33,17.33,0.26,1.5003,0.3716,5315539,92982785.0,28970895944.1,25160909771.6,None
2016-07-01,'600998,九州通,17.33,17.6,17.31,17.5,17.51,-0.18,-1.028,0.1273,1821343,31758180.0,28542673491.2,24789003203.1,None
2016-06-30,'600998,九州通,17.51,17.62,17.3,17.33,17.33,0.18,1.0387,0.2711,3877596,67710819.0,28839135189.3,25046476981.3,None
2016-06-29,'600998,九州通,17.33,17.55,17.12,17.27,17.31,0.02,0.1155,0.2696,3856321,66873139.0,28542673491.2,24789003203.1,None
2016-06-28,'600998,九州通,17.31,17.49,16.65,16.8,16.85,0.46,2.73,0.3917,5603587,96351715.0,28509733302.5,24760395005.5,None
2016-06-27,'600998,XD九州通,16.85,16.9,16.37,16.5,16.5,0.35,2.1212,0.1347,1926815,32339724.0,27752108962.9,24102406461.2,None
2016-06-24,'600998,九州通,16.63,16.88,16.42,16.79,16.81,-0.18,-1.0708,0.1593,2278505,38021791.0,27389766887.4,23787716287.8,None
2016-06-23,'600998,九州通,16.81,17.0,16.68,16.95,16.95,-0.14,-0.826,0.1101,1574268,26473458.0,27686228585.5,24045190066.0,None
2016-06-22,'600998,九州通,16.95,17.0,16.68,16.72,16.72,0.23,1.3756,0.1606,2297199,38830292.0,27916809906.3,24245447449.0,None
2016-06-21,'600998,九州通,16.72,16.95,16.65,16.85,16.78,-0.06,-0.3576,0.2227,3185880,53724299.0,27537997736.5,23916453176.9,None
2016-06-20,'600998,九州通,16.78,16.87,16.62,16.79,16.79,-0.01,-0.0596,0.1141,1631946,27325683.0,27636818302.5,24002277769.6,None
2016-06-17,'600998,九州通,16.79,17.0,16.71,16.71,16.79,0.0,0.0,0.1575,2252697,37949334.0,27653288396.9,24016581868.4,None
2016-06-16,'600998,九州通,16.79,17.04,16.72,16.9,16.9,-0.11,-0.6509,0.1159,1657755,28007812.0,27653288396.9,24016581868.4,None
2016-06-15,'600998,九州通,16.9,17.03,16.39,16.56,16.58,0.32,1.93,0.1582,2262523,38084860.0,27834459434.6,24173926955.1,None
2016-06-14,'600998,九州通,16.58,16.89,16.41,16.77,16.69,-0.11,-0.6591,0.2543,3637333,60310425.0,27307416415.7,23716195793.8,None
2016-06-13,'600998,九州通,16.69,17.37,16.68,17.15,17.45,-0.76,-4.3553,0.2166,3097935,52834030.0,27488587453.5,23873540880.5,None
2016-06-08,'600998,九州通,17.45,17.64,17.3,17.64,17.6,-0.15,-0.8523,0.2425,3468754,60463078.0,28740314623.3,24960652388.5,None
2016-06-07,'600998,九州通,17.6,17.84,17.5,17.84,17.67,-0.07,-0.3962,0.2415,3453906,60766406.0,28987366038.4,25175213870.4,None
2016-06-06,'600998,九州通,17.67,18.1,17.54,18.1,17.84,-0.17,-0.9529,0.2824,4039990,71950113.0,29102656698.8,25275342561.9,None
2016-06-03,'600998,九州通,17.84,18.0,17.58,17.62,17.63,0.21,1.1912,0.4909,7022572,125422123.0,29382648302.6,25518512241.4,None
2016-06-02,'600998,九州通,17.63,18.0,17.42,17.51,17.53,0.1,0.5705,0.3261,4665214,82341345.0,29036776321.4,25218126166.8,None
2016-06-01,'600998,九州通,17.53,17.79,17.42,17.63,17.64,-0.11,-0.6236,0.3572,5109736,89796746.0,28872075378.0,25075085178.9,None
2016-05-31,'600998,九州通,17.64,17.64,17.02,17.07,17.16,0.48,2.7972,0.4485,6415811,112022490.0,29053246415.8,25232430265.6,None
2016-05-30,'600998,九州通,17.16,17.38,16.75,16.98,17.1,0.06,0.3509,0.1696,2426117,41264780.0,28262681887.4,24545833523.6,None
2016-05-27,'600998,九州通,17.1,17.28,17.03,17.03,17.3,-0.2,-1.1561,0.1436,2053374,35229970.0,28163861321.4,24460008930.9,None
2016-05-26,'600998,九州通,17.3,17.47,16.9,17.4,17.41,-0.11,-0.6318,0.172,2460759,42074705.0,28493263208.2,24746090906.7,None
2016-05-25,'600998,九州通,17.41,17.68,17.3,17.61,17.52,-0.11,-0.6279,0.2039,2916005,50878221.0,28674434245.9,24903435993.4,None
2016-05-24,'600998,九州通,17.52,17.78,17.18,17.31,17.37,0.15,0.8636,0.2434,3482207,60681896.0,28855605283.7,25060781080.1,None
2016-05-23,'600998,九州通,17.37,18.05,17.1,17.4,17.36,0.01,0.0576,0.2798,4002041,69728262.0,28608553868.6,24846219598.2,None
2016-05-20,'600998,九州通,17.36,17.5,16.81,16.85,16.97,0.39,2.2982,0.2383,3409319,58550554.0,28592083774.2,24831915499.4,None
2016-05-19,'600998,九州通,16.97,17.46,16.9,17.06,17.22,-0.25,-1.4518,0.2245,3211022,55098273.0,27949750095.0,24274055646.6,None
2016-05-18,'600998,九州通,17.22,17.5,16.89,17.5,17.56,-0.34,-1.9362,0.2464,3524219,60379637.0,28361502453.5,24631658116.4,None
2016-05-17,'600998,九州通,17.56,17.83,17.12,17.52,17.52,0.04,0.2283,0.3335,4770031,83140803.0,28921485661.0,25117997475.2,None
2016-05-16,'600998,九州通,17.52,17.59,16.81,17.07,16.94,0.58,3.4238,0.2759,3947052,68246801.0,28855605283.7,25060781080.1,None
2016-05-13,'600998,九州通,16.94,17.39,16.76,17.13,17.13,-0.19,-1.1092,0.1703,2435489,41480409.0,27900339812.0,24231143350.3,None
2016-05-12,'600998,九州通,17.13,17.27,16.53,16.91,17.15,-0.02,-0.1166,0.2564,3667004,62034874.0,28213271604.4,24502921227.3,None
2016-05-11,'600998,九州通,17.15,17.39,16.55,16.76,16.75,0.4,2.3881,0.4065,5814799,99857931.0,28246211793.1,24531529424.8,None
2016-05-10,'600998,九州通,16.75,17.16,16.5,16.58,16.54,0.21,1.2696,0.3838,5490325,92260260.0,27587408019.5,23959365473.2,None
2016-05-09,'600998,九州通,16.54,18.07,16.33,18.06,18.12,-1.58,-8.7196,0.5849,8366779,142097481.0,27241536038.4,23658979398.7,None
2016-05-06,'600998,九州通,18.12,19.09,18.1,18.35,18.4,-0.28,-1.5217,0.6147,8793433,163283321.0,29843810944.1,25919027007.5,None
2016-05-05,'600998,九州通,18.4,18.54,18.05,18.45,18.5,-0.1,-0.5405,0.3397,4859250,89271531.0,30304973585.6,26319541773.6,None
2016-05-04,'600998,九州通,18.5,18.58,17.71,17.83,18.03,0.47,2.6068,0.7521,10757399,196537362.0,30469674529.0,26462582761.5,None
2016-05-03,'600998,九州通,18.03,18.16,17.45,17.85,17.66,0.37,2.0951,0.4317,6174451,110642950.0,29695580095.0,25790290118.4,None
2016-04-29,'600998,九州通,17.66,17.83,17.26,17.49,17.5,0.16,0.9143,0.2881,4120850,72547122.0,29086186604.4,25261038463.1,None
2016-04-28,'600998,九州通,17.5,17.57,17.15,17.44,17.45,0.05,0.2865,0.2744,3924646,68264139.0,28822665095.0,25032172882.5,None
2016-04-27,'600998,九州通,17.45,17.47,17.09,17.22,17.18,0.27,1.5716,0.237,3390659,58531507.0,28740314623.3,24960652388.5,None
2016-04-26,'600998,九州通,17.18,17.22,16.91,17.1,17.21,-0.03,-0.1743,0.1225,1751603,29955410.0,28295622076.1,24574441721.2,None
2016-04-25,'600998,九州通,17.21,17.24,16.42,16.98,16.98,0.23,1.3545,0.2624,3753138,63269418.0,28345032359.1,24617354017.6,None
2016-04-22,'600998,九州通,16.98,17.05,16.7,16.92,16.92,0.06,0.3546,0.1394,1994459,33675026.0,27966220189.3,24288359745.4,None
2016-04-21,'600998,九州通,16.92,17.39,16.85,17.01,17.34,-0.42,-2.4221,0.2726,3899376,66787758.0,27867399623.3,24202535152.7,None
2016-04-20,'600998,九州通,17.34,17.85,16.45,17.66,17.79,-0.45,-2.5295,0.5072,7255171,124538066.0,28559143585.6,24803307301.9,None
2016-04-19,'600998,九州通,17.79,17.89,17.29,17.59,17.48,0.31,1.7735,0.3191,4564949,80569529.0,29300297830.9,25446991747.4,None
2016-04-18,'600998,九州通,17.48,18.0,17.29,18.0,17.96,-0.48,-2.6726,0.3736,5343448,93462519.0,28789724906.3,25003564684.9,None
2016-04-15,'600998,九州通,17.96,18.43,17.88,18.43,18.43,-0.47,-2.5502,0.3486,4986188,90285383.0,29580289434.6,25690161426.8,None
2016-04-14,'600998,九州通,18.43,18.48,18.15,18.32,18.29,0.14,0.7654,0.2427,3472007,63660208.0,30354383868.6,26362454070.0,None
2016-04-13,'600998,九州通,18.29,18.58,18.13,18.3,18.34,-0.05,-0.2726,0.4827,6905105,127064400.0,30123802547.9,26162196686.9,None
2016-04-12,'600998,九州通,18.34,18.39,17.81,18.05,18.14,0.2,1.1025,0.6036,8634486,156680227.0,30206153019.6,26233717180.9,None
2016-04-11,'600998,九州通,18.14,18.3,17.23,17.23,17.17,0.97,5.6494,0.9455,13524321,242741922.0,29876751132.8,25947635205.1,None
2016-04-08,'600998,九州通,17.17,17.32,16.8,16.87,16.94,0.23,1.3577,0.4631,6624748,113277418.0,28279151981.8,24560137622.4,None
2016-04-07,'600998,九州通,16.94,17.57,16.94,17.36,17.25,-0.31,-1.7971,0.709,10141119,175646310.0,27900339812.0,24231143350.3,None
2016-04-06,'600998,九州通,17.25,17.7,16.9,17.05,17.09,0.16,0.9362,0.8313,11891050,205469021.0,28410912736.5,24674570412.8,None
2016-04-05,'600998,九州通,17.09,17.2,16.8,16.84,16.99,0.1,0.5886,0.6846,9791966,166849690.0,28147391227.1,24445704832.1,None
2016-04-01,'600998,九州通,16.99,17.0,16.51,16.7,16.7,0.29,1.7365,0.5295,7574111,127237828.0,27982690283.7,24302663844.2,None
2016-03-31,'600998,九州通,16.7,16.91,16.53,16.65,16.67,0.03,0.18,0.4517,6460902,108147252.0,27505057547.8,23887844979.3,None
2016-03-30,'600998,九州通,16.67,16.74,16.2,16.2,16.12,0.55,3.4119,0.5847,8364281,137666764.0,27455647264.8,23844932682.9,None
2016-03-29,'600998,九州通,16.12,16.88,15.97,16.7,16.72,-0.6,-3.5885,0.6308,9023169,146488307.0,26549792076.1,23058207249.5,None
2016-03-28,'600998,九州通,16.72,16.95,16.55,16.67,16.54,0.18,1.0883,0.4986,7132132,119353988.0,27537997736.5,23916453176.9,None
2016-03-25,'600998,九州通,16.54,16.57,16.1,16.1,16.31,0.23,1.4102,0.304,4347904,71553369.0,27241536038.4,23658979398.7,None
2016-03-24,'600998,九州通,16.31,16.88,16.28,16.88,16.89,-0.58,-3.434,0.6006,8590971,142023190.0,26862723868.5,23329985126.5,None
2016-03-23,'600998,九州通,16.89,17.16,16.59,16.91,16.85,0.04,0.2374,0.4776,6831190,115135910.0,27817989340.3,24159622856.3,None
2016-03-22,'600998,九州通,16.85,17.25,16.6,16.87,16.91,-0.06,-0.3548,0.6644,9503263,159940905.0,27752108962.9,24102406461.2,None
2016-03-21,'600998,九州通,16.91,17.34,16.69,16.89,16.7,0.21,1.2575,0.758,10843144,184213907.0,27850929528.9,24188231053.9,None
2016-03-18,'600998,九州通,16.7,17.05,16.4,16.54,16.56,0.14,0.8454,0.8167,11682015,195814755.0,27505057547.8,23887844979.3,None
2016-03-17,'600998,九州通,16.56,16.62,16.07,16.28,16.3,0.26,1.5951,0.4669,6679081,109864988.0,27274476227.0,23687587596.2,None
2016-03-16,'600998,九州通,16.3,16.39,16.05,16.12,16.21,0.09,0.5552,0.4452,6367671,103561415.0,26846253774.2,23315681027.7,None
2016-03-15,'600998,九州通,16.21,16.31,15.5,15.99,16.07,0.14,0.8712,0.592,8468385,135054167.0,26698022925.1,23186944138.6,None
2016-03-14,'600998,九州通,16.07,16.25,15.64,15.71,15.54,0.53,3.4106,0.3744,5354751,85938064.0,26467441604.4,22986686755.5,None
2016-03-11,'600998,九州通,15.54,15.78,15.2,15.43,15.5,0.04,0.2581,0.1646,2354873,36517696.0,25594526604.4,22228569519.7,None
2016-03-10,'600998,九州通,15.5,15.95,15.5,15.73,15.93,-0.43,-2.6993,0.197,2817732,44237691.0,25528646227.0,22171353124.5,None
2016-03-09,'600998,九州通,15.93,15.97,15.4,15.9,16.31,-0.38,-2.3299,0.4714,6742684,105695831.0,26236860283.6,22786429372.5,None
2016-03-08,'600998,九州通,16.31,16.41,15.34,16.4,16.49,-0.18,-1.0916,0.4197,6004061,95149557.0,26862723868.5,23329985126.5,None
2016-03-07,'600998,九州通,16.49,16.7,16.3,16.47,16.47,0.02,0.1214,0.3574,5112474,84330235.0,27159185566.7,23587458904.7,None
2016-03-04,'600998,九州通,16.47,16.68,15.46,16.05,16.12,0.35,2.1712,0.8582,12276213,198754776.0,27126245378.0,23558850707.1,None
2016-03-03,'600998,九州通,16.12,16.57,16.03,16.28,16.41,-0.29,-1.7672,0.5283,7557103,123078713.0,26549792076.1,23058207249.5,None
2016-03-02,'600998,九州通,16.41,16.58,15.51,15.82,15.94,0.47,2.9486,0.7262,10387640,166862774.0,27027424811.9,23473026114.4,None
2016-03-01,'600998,九州通,15.94,16.1,14.42,14.68,14.74,1.2,8.1411,1.0088,14430419,218979113.0,26253330378.0,22800733471.3,None
2016-02-29,'600998,九州通,14.74,15.63,14.19,15.59,15.73,-0.99,-6.2937,1.263,18065785,262970670.0,24276919057.2,21084241616.5,None
2016-02-26,'600998,九州通,15.73,16.99,15.24,16.53,16.84,-1.11,-6.5914,1.9942,28524557,451375204.0,25907458396.8,22500347396.7,None
2016-02-25,'600998,九州通,16.84,18.7,16.84,18.7,18.71,-1.87,-9.9947,0.7686,10994436,190714852.0,27735638868.6,24088102362.4,None
2016-02-24,'600998,九州通,18.71,19.27,18.2,19.14,19.27,-0.56,-2.9061,0.5754,8230239,154253996.0,30815546510.1,26762968836.1,None
2016-02-23,'600998,九州通,19.27,19.55,18.75,18.78,18.78,0.49,2.6092,1.1929,17063101,326939596.0,31737871793.2,27563998368.3,None
2016-02-22,'600998,九州通,18.78,18.87,18.48,18.73,18.41,0.37,2.0098,0.8273,11833560,220800281.0,30930837170.5,26863097527.6,None
2016-02-19,'600998,九州通,18.41,18.97,18.19,18.25,18.31,0.1,0.5461,0.7695,11007655,203849292.0,30321443679.9,26333845872.4,None
2016-02-18,'600998,九州通,18.31,19.29,18.3,18.8,18.66,-0.35,-1.8757,0.9639,13788215,259670566.0,30156742736.5,26190804884.5,None
2016-02-17,'600998,九州通,18.66,19.25,18.42,19.25,19.36,-0.7,-3.6157,0.8401,12017569,225287565.0,30733196038.4,26691448342.1,None
2016-02-16,'600998,九州通,19.36,19.49,18.9,18.99,19.29,0.07,0.3629,0.7702,11016663,211909372.0,31886102642.2,27692735257.4,None
2016-02-15,'600998,九州通,19.29,19.39,17.15,17.19,17.79,1.5,8.4317,0.9427,13484579,252147191.0,31770811981.9,27592606565.9,None
2016-02-05,'600998,九州通,17.79,19.1,17.5,18.3,18.17,-0.38,-2.0914,0.7871,11259240,207200158.0,29300297830.9,25446991747.4,None
2016-02-04,'600998,九州通,18.17,18.47,17.58,17.6,17.46,0.71,4.0664,0.7521,10758699,193932388.0,29926161415.8,25990547501.4,None
2016-02-03,'600998,九州通,17.46,17.52,16.58,16.65,16.96,0.5,2.9481,0.5313,7599213,130034218.0,28756784717.6,24974956487.3,None
2016-02-02,'600998,九州通,16.96,17.24,16.46,16.6,16.6,0.36,2.1687,0.6658,9524332,161188236.0,27933280000.6,24259751547.8,None
2016-02-01,'600998,九州通,16.6,17.05,16.2,16.3,16.62,-0.02,-0.1203,0.5685,8131166,135457377.0,27340356604.4,23744803991.4,None
2016-01-29,'600998,九州通,16.62,16.68,15.35,15.5,15.3,1.32,8.6275,0.9734,13923971,225682246.0,27373296793.1,23773412189.0,None
2016-01-28,'600998,九州通,15.3,16.34,14.89,14.89,15.01,0.29,1.932,0.6231,8912290,139464146.0,25199244340.2,21885271148.7,None
2016-01-27,'600998,九州通,15.01,15.2,14.0,14.66,14.58,0.43,2.9492,0.4599,6577823,95855669.0,24721611604.3,21470452283.8,None
2016-01-26,'600998,九州通,14.58,15.77,14.5,15.53,15.57,-0.99,-6.3584,0.4573,6540797,99435254.0,24013397547.7,20855376035.8,None
2016-01-25,'600998,九州通,15.57,15.77,15.5,15.7,15.56,0.01,0.0643,0.2037,2913703,45582401.0,25643936887.4,22271481816.0,None
2016-01-22,'600998,九州通,15.56,15.9,15.25,15.67,15.6,-0.04,-0.2564,0.2237,3199882,49859201.0,25627466793.0,22257177717.2,None
2016-01-21,'600998,九州通,15.6,16.09,15.58,15.85,15.99,-0.39,-2.439,0.3149,4503835,71427024.0,25693347170.4,22314394112.4,None
2016-01-20,'600998,九州通,15.99,16.28,15.91,15.99,16.07,-0.08,-0.4978,0.3727,5331412,85732933.0,26335680849.7,22872253965.2,None
2016-01-19,'600998,九州通,16.07,16.13,15.41,15.45,15.69,0.38,2.4219,0.3584,5126963,81605833.0,26467441604.4,22986686755.5,None
2016-01-18,'600998,九州通,15.69,15.94,15.02,15.2,15.88,-0.19,-1.1965,0.4151,5937852,92784485.0,25841578019.5,22443131001.5,None
2016-01-15,'600998,九州通,15.88,16.41,14.97,16.36,16.6,-0.72,-4.3373,0.6589,9424976,148337964.0,26154509811.9,22714908878.5,None
2016-01-14,'600998,九州通,16.6,16.61,15.5,15.8,16.0,0.6,3.75,0.3986,5702036,92070688.0,27340356604.4,23744803991.4,None
2016-01-13,'600998,九州通,16.0,16.98,15.86,16.76,16.49,-0.49,-2.9715,0.4308,6162468,101858355.0,26352150944.0,22886558064.0,None
2016-01-12,'600998,九州通,16.49,16.88,16.0,16.11,16.0,0.49,3.0625,0.439,6278885,103130421.0,27159185566.7,23587458904.7,None
2016-01-11,'600998,九州通,16.0,17.2,15.52,16.86,17.11,-1.11,-6.4874,0.5211,7454565,124015694.0,26352150944.0,22886558064.0,None
2016-01-08,'600998,九州通,17.11,17.39,16.1,17.39,16.63,0.48,2.8863,0.6221,8898053,150371255.0,28180331415.7,24474313029.7,None
2016-01-07,'600998,九州通,16.63,18.35,16.58,18.35,18.41,-1.78,-9.6687,0.1119,1601301,28134330.0,27389766887.4,23787716287.8,None
2016-01-06,'600998,九州通,18.41,18.57,18.03,18.04,17.96,0.45,2.5056,0.4385,6272876,114802611.0,30321443679.9,26333845872.4,None
2016-01-05,'600998,九州通,17.96,18.36,17.21,17.58,17.97,-0.01,-0.0556,0.836,11958399,213206567.0,29580289434.6,25690161426.8,None
2016-01-04,'600998,九州通,17.97,19.68,17.78,19.55,19.6,-1.63,-8.3163,0.5297,7577162,144220682.0,29596759529.0,25704465525.6,None
