日期,股票代码,名称,收盘价,最高价,最低价,开盘价,前收盘,涨跌额,涨跌幅,换手率,成交量,成交金额,总市值,流通市值,成交笔数
2016-10-12,'601558,华锐风电,2.67,2.69,2.66,2.68,2.69,-0.02,-0.7435,0.4825,27321850,73051476.0,16101702000.0,15118074000.0,None
2016-10-11,'601558,华锐风电,2.69,2.7,2.66,2.67,2.68,0.01,0.3731,1.0057,56941975,152394977.0,16222314000.0,15231318000.0,None
2016-10-10,'601558,华锐风电,2.68,2.68,2.63,2.65,2.65,0.03,1.1321,1.5392,87155225,231110465.0,16162008000.0,15174696000.0,None
2016-09-30,'601558,华锐风电,2.65,2.66,2.63,2.65,2.65,0.0,0.0,0.8064,45661200,120726703.0,15981090000.0,15004830000.0,None
2016-09-29,'601558,华锐风电,2.65,2.69,2.65,2.68,2.68,-0.03,-1.1194,0.7974,45153027,120590200.0,15981090000.0,15004830000.0,None
2016-09-28,'601558,华锐风电,2.68,2.71,2.66,2.7,2.7,-0.02,-0.7407,0.5502,31152326,83500844.0,16162008000.0,15174696000.0,None
2016-09-27,'601558,华锐风电,2.7,2.7,2.67,2.68,2.68,0.02,0.7463,0.218,12345880,33230916.0,16282620000.0,15287940000.0,None
2016-09-26,'601558,华锐风电,2.68,2.73,2.68,2.73,2.73,-0.05,-1.8315,0.3942,22322730,60336955.0,16162008000.0,15174696000.0,None
2016-09-23,'601558,华锐风电,2.73,2.75,2.72,2.74,2.74,-0.01,-0.365,0.3375,19107500,52205291.0,16463538000.0,15457806000.0,None
2016-09-22,'601558,华锐风电,2.74,2.76,2.73,2.74,2.73,0.01,0.3663,0.3311,18749499,51490049.0,16523844000.0,15514428000.0,None
2016-09-21,'601558,华锐风电,2.73,2.74,2.72,2.73,2.73,0.0,0.0,0.5742,13633562,37242193.0,16463538000.0,6481748246.61,None
2016-09-20,'601558,华锐风电,2.73,2.74,2.72,2.73,2.74,-0.01,-0.365,0.4286,10175400,27736688.0,16463538000.0,6481748246.61,None
2016-09-19,'601558,华锐风电,2.74,2.75,2.71,2.72,2.72,0.02,0.7353,0.6796,16135490,44087372.0,16523844000.0,6505490914.18,None
2016-09-14,'601558,华锐风电,2.72,2.73,2.71,2.72,2.74,-0.02,-0.7299,0.5233,12425000,33813998.0,16403232000.0,6458005579.04,None
2016-09-13,'601558,华锐风电,2.74,2.74,2.72,2.74,2.73,0.01,0.3663,0.5293,12566000,34309264.0,16523844000.0,6505490914.18,None
2016-09-12,'601558,华锐风电,2.73,2.76,2.72,2.76,2.78,-0.05,-1.7986,1.4941,35472866,97089521.0,16463538000.0,6481748246.61,None
2016-09-09,'601558,华锐风电,2.78,2.83,2.78,2.82,2.82,-0.04,-1.4184,0.9959,23644443,66363229.0,16765068000.0,6600461584.46,None
2016-09-08,'601558,华锐风电,2.82,2.83,2.81,2.82,2.82,0.0,0.0,0.9057,21503392,60614995.0,17006292000.0,6695432254.74,None
2016-09-07,'601558,华锐风电,2.82,2.83,2.81,2.81,2.82,0.0,0.0,0.9773,23204450,65423924.0,17006292000.0,6695432254.74,None
2016-09-06,'601558,华锐风电,2.82,2.82,2.78,2.82,2.81,0.01,0.3559,1.2165,28881804,80879573.0,17006292000.0,6695432254.74,None
2016-09-05,'601558,华锐风电,2.81,2.87,2.77,2.78,2.78,0.03,1.0791,2.5876,61437588,174151615.0,16945986000.0,6671689587.17,None
2016-09-02,'601558,华锐风电,2.78,2.79,2.76,2.78,2.78,0.0,0.0,0.6592,15651207,43406274.0,16765068000.0,6600461584.46,None
2016-09-01,'601558,华锐风电,2.78,2.82,2.77,2.79,2.8,-0.02,-0.7143,0.8398,19938707,55702002.0,16765068000.0,6600461584.46,None
2016-08-31,'601558,华锐风电,2.8,2.8,2.77,2.79,2.8,0.0,0.0,0.7867,18678080,52032084.0,16885680000.0,6647946919.6,None
2016-08-30,'601558,华锐风电,2.8,2.81,2.79,2.8,2.81,-0.01,-0.3559,0.6144,14587335,40826216.0,16885680000.0,6647946919.6,None
2016-08-29,'601558,华锐风电,2.81,2.81,2.78,2.78,2.79,0.02,0.7168,0.8437,20030846,55894435.0,16945986000.0,6671689587.17,None
2016-08-26,'601558,华锐风电,2.79,2.8,2.76,2.77,2.76,0.03,1.087,0.876,20798665,57906682.0,16825374000.0,6624204252.03,None
2016-08-25,'601558,华锐风电,2.76,2.79,2.74,2.79,2.79,-0.03,-1.0753,0.8914,21165084,58457630.0,16644456000.0,6552976249.32,None
2016-08-24,'601558,华锐风电,2.79,2.8,2.78,2.79,2.79,0.0,0.0,0.6668,15832585,44152949.0,16825374000.0,6624204252.03,None
2016-08-23,'601558,华锐风电,2.79,2.8,2.77,2.78,2.78,0.01,0.3597,0.705,16738736,46612855.0,16825374000.0,6624204252.03,None
2016-08-22,'601558,华锐风电,2.78,2.82,2.78,2.81,2.82,-0.04,-1.4184,0.8256,19602737,54764961.0,16765068000.0,6600461584.46,None
2016-08-19,'601558,华锐风电,2.82,2.83,2.78,2.82,2.82,0.0,0.0,1.3282,31535204,88451475.0,17006292000.0,6695432254.74,None
2016-08-18,'601558,华锐风电,2.82,2.85,2.78,2.79,2.79,0.03,1.0753,2.0935,49706182,140221527.0,17006292000.0,6695432254.74,None
2016-08-17,'601558,华锐风电,2.79,2.8,2.77,2.8,2.8,-0.01,-0.3571,1.4339,31453983,87711546.0,16825374000.0,6120311400.0,None
2016-08-16,'601558,华锐风电,2.8,2.85,2.8,2.81,2.81,-0.01,-0.3559,2.0485,44937843,126326265.0,16885680000.0,6142248000.0,None
2016-08-15,'601558,华锐风电,2.81,2.85,2.73,2.73,2.74,0.07,2.5547,3.0068,65958762,183881410.0,16945986000.0,6164184600.0,None
2016-08-12,'601558,华锐风电,2.74,2.74,2.71,2.71,2.71,0.03,1.107,0.8758,19212842,52342053.0,16523844000.0,6010628400.0,None
2016-08-11,'601558,华锐风电,2.71,2.75,2.71,2.74,2.74,-0.03,-1.0949,0.6409,14059100,38334169.0,16342926000.0,5944818600.0,None
2016-08-10,'601558,华锐风电,2.74,2.77,2.73,2.75,2.75,-0.01,-0.3636,0.9701,21280877,58476340.0,16523844000.0,6010628400.0,None
2016-08-09,'601558,华锐风电,2.75,2.75,2.72,2.73,2.74,0.01,0.365,0.8138,17851154,48868684.0,16584150000.0,6032565000.0,None
2016-08-08,'601558,华锐风电,2.74,2.74,2.69,2.71,2.71,0.03,1.107,1.0795,23680041,64312544.0,16523844000.0,6010628400.0,None
2016-08-05,'601558,华锐风电,2.71,2.73,2.71,2.72,2.72,-0.01,-0.3676,0.6868,15066609,40970868.0,16342926000.0,5944818600.0,None
2016-08-04,'601558,华锐风电,2.72,2.74,2.7,2.73,2.73,-0.01,-0.3663,0.7143,15668751,42595624.0,16403232000.0,5966755200.0,None
2016-08-03,'601558,华锐风电,2.73,2.74,2.7,2.71,2.72,0.01,0.3676,0.8877,19472875,52993673.0,16463538000.0,5988691800.0,None
2016-08-02,'601558,华锐风电,2.72,2.73,2.67,2.68,2.68,0.04,1.4925,0.9555,20959340,56681164.0,16403232000.0,5966755200.0,None
2016-08-01,'601558,华锐风电,2.68,2.71,2.66,2.7,2.71,-0.03,-1.107,0.9753,21395641,57348476.0,16162008000.0,5879008800.0,None
2016-07-29,'601558,华锐风电,2.71,2.73,2.7,2.72,2.72,-0.01,-0.3676,0.8415,18459229,50047146.0,16342926000.0,5944818600.0,None
2016-07-28,'601558,华锐风电,2.72,2.73,2.69,2.72,2.72,0.0,0.0,1.1602,25450051,69069995.0,16403232000.0,5966755200.0,None
2016-07-27,'601558,华锐风电,2.72,2.84,2.7,2.83,2.84,-0.12,-4.2254,2.8993,63601840,175394840.0,16403232000.0,5966755200.0,None
2016-07-26,'601558,华锐风电,2.84,2.84,2.8,2.81,2.82,0.02,0.7092,1.2023,26375316,74451107.0,17126904000.0,6229994400.0,None
2016-07-25,'601558,华锐风电,2.82,2.83,2.79,2.8,2.81,0.01,0.3559,1.0445,22913002,64364992.0,17006292000.0,6186121200.0,None
2016-07-22,'601558,华锐风电,2.81,2.84,2.8,2.83,2.82,-0.01,-0.3546,1.2242,26854790,75685489.0,16945986000.0,6164184600.0,None
2016-07-21,'601558,华锐风电,2.82,2.86,2.81,2.82,2.82,0.0,0.0,1.3164,28876328,81831921.0,17006292000.0,6186121200.0,None
2016-07-20,'601558,华锐风电,2.82,2.85,2.82,2.84,2.84,-0.02,-0.7042,0.864,18953200,53639078.0,17006292000.0,6186121200.0,None
2016-07-19,'601558,华锐风电,2.84,2.86,2.81,2.83,2.83,0.01,0.3534,1.2916,28333658,80230903.0,17126904000.0,6229994400.0,None
2016-07-18,'601558,华锐风电,2.83,2.86,2.82,2.85,2.87,-0.04,-1.3937,1.4626,32085119,90925258.0,17066598000.0,6208057800.0,None
2016-07-15,'601558,华锐风电,2.87,2.91,2.84,2.86,2.86,0.01,0.3497,2.2105,48490691,139018286.0,17307822000.0,6295804200.0,None
2016-07-14,'601558,华锐风电,2.86,2.89,2.83,2.85,2.85,0.01,0.3509,2.178,47776833,136561024.0,17247516000.0,6273867600.0,None
2016-07-13,'601558,华锐风电,2.85,2.87,2.82,2.82,2.83,0.02,0.7067,2.6403,57920243,164762192.0,17187210000.0,6251931000.0,None
2016-07-12,'601558,华锐风电,2.83,2.89,2.78,2.78,2.78,0.05,1.7986,2.7964,61344543,173229981.0,17066598000.0,6208057800.0,None
2016-07-11,'601558,华锐风电,2.78,2.81,2.78,2.79,2.78,0.0,0.0,1.5858,34787356,97233816.0,16765068000.0,6098374800.0,None
2016-07-08,'601558,华锐风电,2.78,2.8,2.78,2.79,2.79,-0.01,-0.3584,1.2146,26644170,74295503.0,16765068000.0,6098374800.0,None
2016-07-07,'601558,华锐风电,2.79,2.82,2.78,2.79,2.79,0.0,0.0,1.8256,40047923,112135306.0,16825374000.0,6120311400.0,None
2016-07-06,'601558,华锐风电,2.79,2.81,2.77,2.8,2.8,-0.01,-0.3571,1.5041,32995402,92063609.0,16825374000.0,6120311400.0,None
2016-07-05,'601558,华锐风电,2.8,2.82,2.78,2.78,2.78,0.02,0.7194,2.2725,49851909,139615593.0,16885680000.0,6142248000.0,None
2016-07-04,'601558,华锐风电,2.78,2.8,2.72,2.73,2.75,0.03,1.0909,2.3003,50460247,139958375.0,16765068000.0,6098374800.0,None
2016-07-01,'601558,华锐风电,2.75,2.78,2.74,2.75,2.78,-0.03,-1.0791,2.2823,50066241,138223085.0,16584150000.0,6032565000.0,None
2016-06-30,'601558,华锐风电,2.78,2.87,2.7,2.74,2.74,0.04,1.4599,4.4782,98236562,272496438.0,16765068000.0,6098374800.0,None
2016-06-29,'601558,华锐风电,2.74,2.76,2.71,2.72,2.72,0.02,0.7353,1.8307,40160303,109969429.0,16523844000.0,6010628400.0,None
2016-06-28,'601558,华锐风电,2.72,2.75,2.68,2.7,2.7,0.02,0.7407,1.5864,34799370,94277354.0,16403232000.0,5966755200.0,None
2016-06-27,'601558,华锐风电,2.7,2.71,2.64,2.66,2.68,0.02,0.7463,1.2106,26557186,71351556.0,16282620000.0,5922882000.0,None
2016-06-24,'601558,华锐风电,2.68,2.73,2.65,2.72,2.72,-0.04,-1.4706,1.6329,35821343,96039955.0,16162008000.0,5879008800.0,None
2016-06-23,'601558,华锐风电,2.72,2.73,2.7,2.72,2.73,-0.01,-0.3663,0.7343,16107380,43702133.0,16403232000.0,5966755200.0,None
2016-06-22,'601558,华锐风电,2.73,2.73,2.69,2.71,2.71,0.02,0.738,0.8042,17641876,47878124.0,16463538000.0,5988691800.0,None
2016-06-21,'601558,华锐风电,2.71,2.76,2.7,2.74,2.73,-0.02,-0.7326,1.1143,24444672,66680298.0,16342926000.0,5944818600.0,None
2016-06-20,'601558,华锐风电,2.73,2.76,2.71,2.75,2.76,-0.03,-1.087,0.9242,20274633,55229731.0,16463538000.0,5988691800.0,None
2016-06-17,'601558,华锐风电,2.76,2.78,2.73,2.74,2.75,0.01,0.3636,1.7686,38798090,106883677.0,16644456000.0,6054501600.0,None
2016-06-16,'601558,华锐风电,2.75,2.86,2.7,2.71,2.73,0.02,0.7326,2.5305,55510124,153836523.0,16584150000.0,6032565000.0,None
2016-06-15,'601558,华锐风电,2.73,2.74,2.65,2.66,2.69,0.04,1.487,1.311,28758795,78057710.0,16463538000.0,5988691800.0,None
2016-06-14,'601558,华锐风电,2.69,2.7,2.66,2.67,2.68,0.01,0.3731,0.8772,19242050,51579926.0,16222314000.0,5900945400.0,None
2016-06-13,'601558,华锐风电,2.68,2.76,2.67,2.76,2.78,-0.1,-3.5971,1.3472,29553950,80450389.0,16162008000.0,5879008800.0,None
2016-06-08,'601558,华锐风电,2.78,2.79,2.75,2.78,2.79,-0.01,-0.3584,1.176,25798451,71466364.0,16765068000.0,6098374800.0,None
2016-06-07,'601558,华锐风电,2.79,2.81,2.78,2.8,2.81,-0.02,-0.7117,0.8846,19405086,54160988.0,16825374000.0,6120311400.0,None
2016-06-06,'601558,华锐风电,2.81,2.82,2.78,2.8,2.8,0.01,0.3571,1.4072,30868992,86438178.0,16945986000.0,6164184600.0,None
2016-06-03,'601558,华锐风电,2.8,2.82,2.78,2.8,2.81,-0.01,-0.3559,1.5702,34445596,96480571.0,16885680000.0,6142248000.0,None
2016-06-02,'601558,华锐风电,2.81,2.81,2.78,2.79,2.8,0.01,0.3571,1.4513,31837675,88951785.0,16945986000.0,6164184600.0,None
2016-06-01,'601558,华锐风电,2.8,2.83,2.78,2.79,2.8,0.0,0.0,2.0752,45521963,127331475.0,16885680000.0,6142248000.0,None
2016-05-31,'601558,华锐风电,2.8,2.81,2.7,2.71,2.71,0.09,3.321,2.4107,52882958,146576040.0,16885680000.0,6142248000.0,None
2016-05-30,'601558,华锐风电,2.71,2.75,2.69,2.71,2.72,-0.01,-0.3676,1.0323,22646039,61569793.0,16342926000.0,5944818600.0,None
2016-05-27,'601558,华锐风电,2.72,2.74,2.69,2.71,2.72,0.0,0.0,1.0269,22526810,61102017.0,16403232000.0,5966755200.0,None
2016-05-26,'601558,华锐风电,2.72,2.72,2.66,2.72,2.7,0.02,0.7407,1.2041,26414438,71089904.0,16403232000.0,5966755200.0,None
2016-05-25,'601558,华锐风电,2.7,2.74,2.7,2.73,2.71,-0.01,-0.369,0.7657,16796501,45610486.0,16282620000.0,5922882000.0,None
2016-05-24,'601558,华锐风电,2.71,2.75,2.71,2.75,2.75,-0.04,-1.4545,0.9195,20170736,54925984.0,16342926000.0,5944818600.0,None
2016-05-23,'601558,华锐风电,2.75,2.77,2.73,2.75,2.75,0.0,0.0,1.3266,29100405,79950397.0,16584150000.0,6032565000.0,None
2016-05-20,'601558,华锐风电,2.75,2.75,2.7,2.72,2.76,-0.01,-0.3623,1.2688,27834047,75764958.0,16584150000.0,6032565000.0,None
2016-05-19,'601558,华锐风电,2.76,2.81,2.7,2.76,2.81,-0.05,-1.7794,2.1521,47209681,130862825.0,16644456000.0,6054501600.0,None
2016-05-18,'601558,华锐风电,2.81,2.92,2.63,2.7,2.71,0.1,3.69,4.8471,106329094,294357943.0,16945986000.0,6164184600.0,None
2016-05-17,'601558,华锐风电,2.71,2.73,2.69,2.72,2.72,-0.01,-0.3676,0.9538,20924105,56721476.0,16342926000.0,5944818600.0,None
2016-05-16,'601558,华锐风电,2.72,2.73,2.67,2.7,2.71,0.01,0.369,0.9844,21593563,58375328.0,16403232000.0,5966755200.0,None
2016-05-13,'601558,华锐风电,2.71,2.74,2.69,2.71,2.73,-0.02,-0.7326,1.0008,21953170,59598846.0,16342926000.0,5944818600.0,None
2016-05-12,'601558,华锐风电,2.73,2.73,2.66,2.73,2.76,-0.03,-1.087,1.2985,28483739,76861551.0,16463538000.0,5988691800.0,None
2016-05-11,'601558,华锐风电,2.76,2.78,2.73,2.77,2.76,0.0,0.0,0.992,21761833,59924702.0,16644456000.0,6054501600.0,None
2016-05-10,'601558,华锐风电,2.76,2.78,2.74,2.75,2.75,0.01,0.3636,1.1903,26112099,72050310.0,16644456000.0,6054501600.0,None
2016-05-09,'601558,华锐风电,2.75,2.88,2.73,2.88,2.89,-0.14,-4.8443,2.696,59141635,164647998.0,16584150000.0,6032565000.0,None
2016-05-06,'601558,华锐风电,2.89,2.98,2.88,2.97,2.98,-0.09,-3.0201,2.3742,52082716,152239833.0,17428434000.0,6339677400.0,None
2016-05-05,'601558,华锐风电,2.98,2.98,2.95,2.97,2.97,0.01,0.3367,1.1571,25382101,75384890.0,17971188000.0,6537106800.0,None
2016-05-04,'601558,华锐风电,2.97,2.99,2.95,2.96,2.98,-0.01,-0.3356,1.5011,32929733,97884509.0,17910882000.0,6515170200.0,None
2016-05-03,'601558,华锐风电,2.98,2.98,2.91,2.92,2.92,0.06,2.0548,1.7767,38975432,115268549.0,17971188000.0,6537106800.0,None
2016-04-29,'601558,华锐风电,2.92,2.94,2.9,2.92,2.92,0.0,0.0,1.0697,23464611,68578003.0,17609352000.0,6405487200.0,None
2016-04-28,'601558,华锐风电,2.92,2.96,2.89,2.96,2.96,-0.04,-1.3514,2.1009,46086884,134784581.0,17609352000.0,6405487200.0,None
2016-04-27,'601558,华锐风电,2.96,3.02,2.95,2.97,2.97,-0.01,-0.3367,1.9047,41783230,124327288.0,17850576000.0,6493233600.0,None
2016-04-26,'601558,华锐风电,2.97,2.98,2.93,2.96,2.96,0.01,0.3378,1.3001,28520585,84301603.0,17910882000.0,6515170200.0,None
2016-04-25,'601558,华锐风电,2.96,2.98,2.93,2.98,2.99,-0.03,-1.0033,1.3397,29387707,86733906.0,17850576000.0,6493233600.0,None
2016-04-22,'601558,华锐风电,2.99,2.99,2.92,2.95,2.97,0.02,0.6734,1.6068,35248493,104306775.0,18031494000.0,6559043400.0,None
2016-04-21,'601558,华锐风电,2.97,3.03,2.95,2.99,3.01,-0.04,-1.3289,2.4662,54099850,161851998.0,17910882000.0,6515170200.0,None
2016-04-20,'601558,华锐风电,3.01,3.18,2.91,3.16,3.18,-0.17,-5.3459,6.2315,136698108,417787510.0,18152106000.0,6602916600.0,None
2016-04-19,'601558,华锐风电,3.18,3.2,3.11,3.12,3.12,0.06,1.9231,5.9692,130943010,413988961.0,19177308000.0,6975838800.0,None
2016-04-18,'601558,华锐风电,3.12,3.14,3.07,3.1,3.13,-0.01,-0.3195,2.6328,57755387,178508553.0,18815472000.0,6844219200.0,None
2016-04-15,'601558,华锐风电,3.13,3.16,3.11,3.15,3.15,-0.02,-0.6349,2.4061,52781238,165315851.0,18875778000.0,6866155800.0,None
2016-04-14,'601558,华锐风电,3.15,3.17,3.11,3.13,3.11,0.04,1.2862,3.5567,78021750,244774097.0,18996390000.0,6910029000.0,None
2016-04-13,'601558,华锐风电,3.11,3.15,3.08,3.08,3.07,0.04,1.3029,4.0895,89710728,280009144.0,18755166000.0,6822282600.0,None
2016-04-12,'601558,华锐风电,3.07,3.11,3.03,3.1,3.11,-0.04,-1.2862,2.8033,61494166,188096639.0,18513942000.0,6734536200.0,None
2016-04-11,'601558,华锐风电,3.11,3.12,3.06,3.06,3.05,0.06,1.9672,2.495,54732520,169742038.0,18755166000.0,6822282600.0,None
2016-04-08,'601558,华锐风电,3.05,3.08,3.03,3.06,3.09,-0.04,-1.2945,2.7974,61365361,187331229.0,18393330000.0,6690663000.0,None
2016-04-07,'601558,华锐风电,3.09,3.17,3.09,3.12,3.14,-0.05,-1.5924,3.5928,78813895,246458484.0,18634554000.0,6778409400.0,None
2016-04-06,'601558,华锐风电,3.14,3.16,3.1,3.15,3.18,-0.04,-1.2579,4.8643,106705705,334403313.0,18936084000.0,6888092400.0,None
2016-04-05,'601558,华锐风电,3.18,3.22,3.04,3.09,3.09,0.09,2.9126,5.3935,118315693,372204600.0,19177308000.0,6975838800.0,None
2016-04-01,'601558,华锐风电,3.09,3.1,3.03,3.1,3.11,-0.02,-0.6431,2.3346,51214151,157111799.0,18634554000.0,6778409400.0,None
2016-03-31,'601558,华锐风电,3.11,3.14,3.09,3.12,3.12,-0.01,-0.3205,2.5228,55341502,172265802.0,18755166000.0,6822282600.0,None
2016-03-30,'601558,华锐风电,3.12,3.12,3.06,3.08,3.05,0.07,2.2951,2.3874,52371679,161970744.0,18815472000.0,6844219200.0,None
2016-03-29,'601558,华锐风电,3.05,3.13,3.02,3.11,3.11,-0.06,-1.9293,2.4689,54160296,165876336.0,18393330000.0,6690663000.0,None
2016-03-28,'601558,华锐风电,3.11,3.23,3.11,3.13,3.13,-0.02,-0.639,3.1468,69029169,218279801.0,18755166000.0,6822282600.0,None
2016-03-25,'601558,华锐风电,3.13,3.14,3.08,3.09,3.12,0.01,0.3205,2.4222,53134265,165136079.0,18875778000.0,6866155800.0,None
2016-03-24,'601558,华锐风电,3.12,3.19,3.07,3.11,3.14,-0.02,-0.6369,4.2984,94292507,295766826.0,18815472000.0,6844219200.0,None
2016-03-23,'601558,华锐风电,3.14,3.14,3.08,3.1,3.15,-0.01,-0.3175,3.3337,73130065,227980665.0,18936084000.0,6888092400.0,None
2016-03-22,'601558,华锐风电,3.15,3.3,3.1,3.13,3.16,-0.01,-0.3165,5.7249,125584104,400307268.0,18996390000.0,6910029000.0,None
2016-03-21,'601558,华锐风电,3.16,3.16,3.08,3.1,3.09,0.07,2.2654,5.033,110407010,344788112.0,19056696000.0,6931965600.0,None
2016-03-18,'601558,华锐风电,3.09,3.11,3.0,3.02,3.01,0.08,2.6578,4.6891,102862858,316073845.0,18634554000.0,6778409400.0,None
2016-03-17,'601558,华锐风电,3.01,3.03,2.96,2.96,2.96,0.05,1.6892,2.3382,51292788,153797504.0,18152106000.0,6602916600.0,None
2016-03-16,'601558,华锐风电,2.96,3.01,2.95,3.0,2.99,-0.03,-1.0033,1.4348,31473600,93601617.0,17850576000.0,6493233600.0,None
2016-03-15,'601558,华锐风电,2.99,3.02,2.96,3.01,3.03,-0.04,-1.3201,1.7787,39019476,116695091.0,18031494000.0,6559043400.0,None
2016-03-14,'601558,华锐风电,3.03,3.05,2.95,2.97,2.95,0.08,2.7119,2.8981,63573416,191909298.0,18272718000.0,6646789800.0,None
2016-03-11,'601558,华锐风电,2.95,2.97,2.87,2.91,2.95,0.0,0.0,1.4458,31714936,92796543.0,17790270000.0,6471297000.0,None
2016-03-10,'601558,华锐风电,2.95,3.03,2.93,2.96,2.96,-0.01,-0.3378,2.0041,43964184,130530403.0,17790270000.0,6471297000.0,None
2016-03-09,'601558,华锐风电,2.96,3.0,2.93,2.97,3.04,-0.08,-2.6316,1.7874,39208808,116103739.0,17850576000.0,6493233600.0,None
2016-03-08,'601558,华锐风电,3.04,3.06,2.91,3.04,3.04,0.0,0.0,2.6152,57369111,170778100.0,18333024000.0,6668726400.0,None
2016-03-07,'601558,华锐风电,3.04,3.07,2.99,3.0,2.98,0.06,2.0134,2.5181,55238748,167688597.0,18333024000.0,6668726400.0,None
2016-03-04,'601558,华锐风电,2.98,3.07,2.92,3.04,3.09,-0.11,-3.5599,4.3084,94511451,284399250.0,17971188000.0,6537106800.0,None
2016-03-03,'601558,华锐风电,3.09,3.24,2.99,3.0,3.02,0.07,2.3179,6.4999,142585794,441969056.0,18634554000.0,6778409400.0,None
2016-03-02,'601558,华锐风电,3.02,3.04,2.87,2.88,2.9,0.12,4.1379,3.8092,83561419,248110533.0,18212412000.0,6624853200.0,None
2016-03-01,'601558,华锐风电,2.9,2.92,2.81,2.86,2.84,0.06,2.1127,2.2176,48645958,139316257.0,17488740000.0,6361614000.0,None
2016-02-29,'601558,华锐风电,2.84,2.98,2.7,2.98,2.98,-0.14,-4.698,3.4873,76498776,216345400.0,17126904000.0,6229994400.0,None
2016-02-26,'601558,华锐风电,2.98,3.01,2.91,2.95,2.94,0.04,1.3605,3.006,65940804,195736804.0,17971188000.0,6537106800.0,None
2016-02-25,'601558,华锐风电,2.94,3.2,2.9,3.2,3.2,-0.26,-8.125,5.51,120870819,367891853.0,17729964000.0,6449360400.0,None
2016-02-24,'601558,华锐风电,3.2,3.22,3.12,3.13,3.15,0.05,1.5873,3.3964,74505431,236186795.0,19297920000.0,7019712000.0,None
2016-02-23,'601558,华锐风电,3.15,3.22,3.1,3.21,3.22,-0.07,-2.1739,4.0339,88488987,279226500.0,18996390000.0,6910029000.0,None
2016-02-22,'601558,华锐风电,3.22,3.23,3.15,3.16,3.14,0.08,2.5478,4.3186,94736142,302751859.0,19418532000.0,7063585200.0,None
2016-02-19,'601558,华锐风电,3.14,3.15,3.08,3.11,3.16,-0.02,-0.6329,3.5601,78097112,243449942.0,18936084000.0,6888092400.0,None
2016-02-18,'601558,华锐风电,3.16,3.33,3.14,3.17,3.15,0.01,0.3175,5.8889,129183042,414906233.0,19056696000.0,6931965600.0,None
2016-02-17,'601558,华锐风电,3.15,3.16,3.07,3.09,3.12,0.03,0.9615,3.7894,83125913,258815741.0,18996390000.0,6910029000.0,None
2016-02-16,'601558,华锐风电,3.12,3.19,2.97,2.98,2.97,0.15,5.0505,4.5808,100488048,310946523.0,18815472000.0,6844219200.0,None
2016-02-15,'601558,华锐风电,2.97,2.99,2.88,2.92,3.0,-0.03,-1.0,2.0125,44146968,129805443.0,17910882000.0,6515170200.0,None
2016-02-05,'601558,华锐风电,3.0,3.08,2.99,3.07,3.06,-0.06,-1.9608,2.4579,53918217,163437081.0,18091800000.0,6580980000.0,None
2016-02-04,'601558,华锐风电,3.06,3.16,3.0,3.02,3.01,0.05,1.6611,3.6567,80216555,246025492.0,18453636000.0,6712599600.0,None
2016-02-03,'601558,华锐风电,3.01,3.04,2.96,2.98,3.04,-0.03,-0.9868,2.5097,55053650,164521643.0,18152106000.0,6602916600.0,None
2016-02-02,'601558,华锐风电,3.04,3.08,2.93,2.94,2.97,0.07,2.3569,2.938,64449132,195150644.0,18333024000.0,6668726400.0,None
2016-02-01,'601558,华锐风电,2.97,3.02,2.9,2.93,3.1,-0.13,-4.1935,4.2191,92552408,274717566.0,17910882000.0,6515170200.0,None
2016-01-29,'601558,华锐风电,3.1,3.23,2.9,2.93,2.94,0.16,5.4422,5.0968,111805588,345943326.0,18694860000.0,6800346000.0,None
2016-01-28,'601558,华锐风电,2.94,3.06,2.91,3.03,3.09,-0.15,-4.8544,3.475,76229031,228319797.0,17729964000.0,6449360400.0,None
2016-01-27,'601558,华锐风电,3.09,3.2,2.88,3.17,3.15,-0.06,-1.9048,6.4721,141975894,430063993.0,18634554000.0,6778409400.0,None
2016-01-26,'601558,华锐风电,3.15,3.41,3.1,3.28,3.28,-0.13,-3.9634,11.6184,254867373,838917162.0,18996390000.0,6910029000.0,None
2016-01-25,'601558,华锐风电,3.28,3.28,2.98,3.01,2.98,0.3,10.0671,6.6675,146261418,471995331.0,19780368000.0,7195204800.0,None
2016-01-22,'601558,华锐风电,2.98,3.01,2.9,2.99,2.96,0.02,0.6757,3.0088,66002792,195663514.0,17971188000.0,6537106800.0,None
2016-01-21,'601558,华锐风电,2.96,3.07,2.95,3.01,3.06,-0.1,-3.268,2.93,64273728,193434481.0,17850576000.0,6493233600.0,None
2016-01-20,'601558,华锐风电,3.06,3.1,3.01,3.07,3.12,-0.06,-1.9231,3.8355,84138734,257933150.0,18453636000.0,6712599600.0,None
2016-01-19,'601558,华锐风电,3.12,3.12,2.99,3.0,3.02,0.1,3.3113,4.8168,105664711,323478518.0,18815472000.0,6844219200.0,None
2016-01-18,'601558,华锐风电,3.02,3.09,2.91,2.91,3.0,0.02,0.6667,2.7453,60223400,181354142.0,18212412000.0,6624853200.0,None
2016-01-15,'601558,华锐风电,3.0,3.21,2.98,3.19,3.23,-0.23,-7.1207,4.2218,92612198,284514597.0,18091800000.0,6580980000.0,None
2016-01-14,'601558,华锐风电,3.23,3.25,3.01,3.05,3.15,0.08,2.5397,3.0909,67804027,212803810.0,19478838000.0,7085521800.0,None
2016-01-13,'601558,华锐风电,3.15,3.34,3.14,3.23,3.25,-0.1,-3.0769,3.0015,65841632,213802188.0,18996390000.0,6910029000.0,None
2016-01-12,'601558,华锐风电,3.25,3.29,3.12,3.21,3.24,0.01,0.3086,3.5237,73070380,235188366.0,19599450000.0,6739395000.0,None
2016-01-11,'601558,华锐风电,3.24,3.56,3.24,3.48,3.6,-0.36,-10.0,6.3365,131397329,446715114.0,19539144000.0,6718658400.0,None
2016-01-08,'601558,华锐风电,3.6,3.71,3.35,3.62,3.55,0.05,1.4085,7.1276,147802409,533503601.0,21710160000.0,7465176000.0,None
2016-01-07,'601558,华锐风电,3.55,3.8,3.55,3.8,3.94,-0.39,-9.8985,2.4678,51174800,186492923.0,21408630000.0,7361493000.0,None
2016-01-06,'601558,华锐风电,3.94,4.05,3.63,3.73,3.71,0.23,6.1995,11.7979,244648521,918015645.0,23760564000.0,8170220400.0,None
2016-01-05,'601558,华锐风电,3.71,3.91,3.52,3.7,3.85,-0.14,-3.6364,4.6179,95760168,355918467.0,22373526000.0,7693278600.0,None
2016-01-04,'601558,华锐风电,3.85,4.29,3.84,4.21,4.27,-0.42,-9.8361,4.2253,87618407,354670989.0,23217810000.0,7983591000.0,None
