日期,股票代码,名称,收盘价,最高价,最低价,开盘价,前收盘,涨跌额,涨跌幅,换手率,成交量,成交金额,总市值,流通市值,成交笔数
2016-10-12,'600422,昆药集团,14.26,14.45,14.2,14.27,14.3,-0.04,-0.2797,1.1533,7852849,112496711.0,11246699721.2,9709624788.04,None
2016-10-11,'600422,昆药集团,14.3,14.33,14.21,14.33,14.34,-0.04,-0.2789,0.9013,6136896,87541417.0,11278247266.0,9736860762.2,None
2016-10-10,'600422,昆药集团,14.34,14.35,13.97,13.98,13.89,0.45,3.2397,1.8353,12496624,177182604.0,11309794810.8,9764096736.36,None
2016-09-30,'600422,昆药集团,13.89,13.92,13.83,13.87,13.84,0.05,0.3613,0.7035,4789844,66514615.0,10954884931.8,9457692027.06,None
2016-09-29,'600422,昆药集团,13.84,13.95,13.8,13.86,13.88,-0.04,-0.2882,0.8127,5533947,76868314.0,10915450500.8,9423647059.36,None
2016-09-28,'600422,昆药集团,13.88,13.97,13.69,13.97,13.88,0.0,0.0,1.2912,8792070,121645577.0,10946998045.6,9450883033.52,None
2016-09-27,'600422,昆药集团,13.88,13.93,13.72,13.87,13.86,0.02,0.1443,1.0282,7000676,96759566.0,10946998045.6,9450883033.52,None
2016-09-26,'600422,昆药集团,13.86,14.17,13.85,14.06,14.06,-0.2,-1.4225,1.4538,9898689,138791675.0,10931224273.2,9437265046.44,None
2016-09-23,'600422,昆药集团,14.06,14.11,14.0,14.09,14.03,0.03,0.2138,0.745,5072993,71267859.0,11088961997.2,9573444917.24,None
2016-09-22,'600422,昆药集团,14.03,14.12,14.01,14.08,13.94,0.09,0.6456,0.9106,6200094,87174945.0,11065301338.6,9553017936.62,None
2016-09-21,'600422,昆药集团,13.94,14.08,13.92,14.08,14.01,-0.07,-0.4996,0.825,5617269,78581981.0,10994319362.8,9491736994.76,None
2016-09-20,'600422,昆药集团,14.01,14.2,13.91,14.01,14.01,0.0,0.0,0.9877,6725085,94622484.0,11049527566.2,9539399949.54,None
2016-09-19,'600422,昆药集团,14.01,14.04,13.85,13.9,13.85,0.16,1.1552,1.0628,7236736,100742257.0,11049527566.2,9539399949.54,None
2016-09-14,'600422,昆药集团,13.85,14.16,13.8,14.16,14.16,-0.31,-2.1893,1.9204,13076181,182504047.0,10923337387.0,9430456052.9,None
2016-09-13,'600422,昆药集团,14.16,14.27,14.1,14.25,14.09,0.07,0.4968,0.8343,5683324,80500945.0,11167830859.2,9646160924.64,None
2016-09-12,'600422,昆药集团,14.09,14.32,14.05,14.17,14.37,-0.28,-1.9485,1.8085,12320107,174721942.0,11112622655.8,9598475100.86,None
2016-09-09,'600422,昆药集团,14.37,14.72,14.35,14.58,14.6,-0.23,-1.5753,1.8572,12651573,184015329.0,11333455469.4,9789218395.98,None
2016-09-08,'600422,昆药集团,14.6,14.62,14.39,14.51,14.44,0.16,1.108,1.8255,12436073,180015280.0,11514853852.0,9945900388.4,None
2016-09-07,'600422,昆药集团,14.44,14.83,14.42,14.58,14.58,-0.14,-0.9602,3.0251,20607860,301863834.0,11388663672.8,9836904219.76,None
2016-09-06,'600422,昆药集团,14.58,14.65,14.15,14.2,14.12,0.46,3.2578,3.4169,23276880,336423081.0,11499080079.6,9932275867.32,None
2016-09-05,'600422,昆药集团,14.12,14.2,14.08,14.18,14.09,0.03,0.2129,1.0893,7420703,104699161.0,11136283314.4,9618911882.48,None
2016-09-02,'600422,昆药集团,14.09,14.25,14.01,14.2,14.07,0.02,0.1421,1.0079,6865900,96962629.0,11112622655.8,9598475100.86,None
2016-09-01,'600422,昆药集团,14.07,14.2,14.05,14.18,14.14,-0.07,-0.495,1.0568,7199052,101704715.0,11096848883.4,9584850579.78,None
2016-08-31,'600422,昆药集团,14.14,14.25,14.08,14.23,14.25,-0.11,-0.7719,1.7376,11836687,167226081.0,11152057086.8,9632536403.56,None
2016-08-30,'600422,昆药集团,14.25,14.4,14.16,14.4,14.35,-0.1,-0.6969,1.4112,9613282,137064278.0,11238812835.0,9707471269.5,None
2016-08-29,'600422,昆药集团,14.35,14.44,14.21,14.27,14.28,0.07,0.4902,1.5144,10316438,147407158.0,11317681697.0,9775593874.9,None
2016-08-26,'600422,昆药集团,14.28,14.45,14.18,14.25,14.18,0.1,0.7052,1.033,7037312,100922848.0,11262473493.6,9727908051.12,None
2016-08-25,'600422,昆药集团,14.18,14.49,14.1,14.43,14.54,-0.36,-2.4759,1.935,13182026,188025564.0,11183604631.6,9659785445.72,None
2016-08-24,'600422,昆药集团,14.54,14.65,14.44,14.65,14.61,-0.07,-0.4791,1.2052,8210443,119416849.0,11467532534.8,9905026825.16,None
2016-08-23,'600422,昆药集团,14.61,14.65,14.42,14.43,14.45,0.16,1.1073,1.159,7895208,115018364.0,11522740738.2,9952712648.94,None
2016-08-22,'600422,昆药集团,14.45,14.73,14.42,14.73,14.67,-0.22,-1.4997,1.2555,8552535,124589907.0,11396550559.0,9843716480.3,None
2016-08-19,'600422,昆药集团,14.67,14.72,14.51,14.54,14.53,0.14,0.9635,1.289,8781126,128429284.0,11570062055.4,9993586212.18,None
2016-08-18,'600422,昆药集团,14.53,14.74,14.5,14.68,14.76,-0.23,-1.5583,1.7637,12014565,175427070.0,11459645648.6,9898214564.62,None
2016-08-17,'600422,昆药集团,14.76,14.81,14.62,14.69,14.75,0.01,0.0678,1.1991,8168374,120123962.0,11641044031.2,10054896557.0,None
2016-08-16,'600422,昆药集团,14.75,14.87,14.55,14.65,14.6,0.15,1.0274,2.1036,14330468,210565540.0,11633157145.0,10048084296.5,None
2016-08-15,'600422,昆药集团,14.6,14.68,14.19,14.38,14.34,0.26,1.8131,2.5544,17401216,251784584.0,11514853852.0,9945900388.4,None
2016-08-12,'600422,昆药集团,14.34,14.35,14.13,14.26,14.22,0.12,0.8439,0.914,6226584,88816681.0,11309794810.8,9768781614.36,None
2016-08-11,'600422,昆药集团,14.22,14.58,14.2,14.52,14.53,-0.31,-2.1335,1.4037,9562278,137312999.0,11215152176.4,9687034487.88,None
2016-08-10,'600422,昆药集团,14.53,14.63,14.44,14.6,14.6,-0.07,-0.4795,1.3063,8898921,129188423.0,11459645648.6,9898214564.62,None
2016-08-09,'600422,昆药集团,14.6,14.67,14.32,14.37,14.37,0.23,1.6006,2.0618,14045587,204506802.0,11514853852.0,9945900388.4,None
2016-08-08,'600422,昆药集团,14.37,14.39,14.12,14.12,14.22,0.15,1.0549,1.5159,10326624,147130640.0,11333455469.4,9789218395.98,None
2016-08-05,'600422,昆药集团,14.22,14.5,14.2,14.35,14.5,-0.28,-1.931,1.4612,9953801,143151797.0,11215152176.4,9687034487.88,None
2016-08-04,'600422,昆药集团,14.5,14.68,14.3,14.43,14.18,0.32,2.2567,2.2745,15494563,224459046.0,11435984990.0,9877777783.0,None
2016-08-03,'600422,昆药集团,14.18,14.2,14.03,14.12,14.11,0.07,0.4961,0.9839,6702279,94559058.0,11183604631.6,9659785445.72,None
2016-08-02,'600422,昆药集团,14.11,14.23,13.95,14.1,14.19,-0.08,-0.5638,1.318,8978388,126176350.0,11128396428.2,9612099621.94,None
2016-08-01,'600422,昆药集团,14.19,14.64,14.0,14.5,14.68,-0.49,-3.3379,2.5448,17335681,247177842.0,11191491517.8,9666597706.26,None
2016-07-29,'600422,昆药集团,14.68,14.87,14.1,14.11,14.11,0.57,4.0397,3.8121,25969339,378186875.0,11577948941.6,10000398472.7,None
2016-07-28,'600422,昆药集团,14.11,14.32,14.01,14.01,14.09,0.02,0.1419,1.591,10838643,153230807.0,11128396428.2,9612099621.94,None
2016-07-27,'600422,昆药集团,14.09,14.6,13.93,14.4,14.4,-0.31,-2.1528,3.2397,22069537,315825191.0,11112622655.8,9598475100.86,None
2016-07-26,'600422,昆药集团,14.4,14.42,14.04,14.1,13.93,0.47,3.374,1.9129,13030948,185415778.0,11357116128.0,9809655177.6,None
2016-07-25,'600422,昆药集团,13.93,14.1,13.86,14.06,14.05,-0.12,-0.8541,1.4003,9539095,133238832.0,10986432476.6,9489478932.22,None
2016-07-22,'600422,昆药集团,14.05,14.28,14.01,14.27,14.2,-0.15,-1.0563,0.9308,6340817,89309883.0,11081075111.0,9571226058.7,None
2016-07-21,'600422,昆药集团,14.2,14.3,14.02,14.03,14.06,0.14,0.9957,1.6488,11232338,159532136.0,11199378404.0,9673409966.8,None
2016-07-20,'600422,昆药集团,14.06,14.18,13.97,14.18,14.14,-0.08,-0.5658,1.3732,9354292,131531229.0,11088961997.2,9578038319.24,None
2016-07-19,'600422,昆药集团,14.14,14.16,13.98,14.1,14.12,0.02,0.1416,1.2396,8444239,118746417.0,11152057086.8,9632536403.56,None
2016-07-18,'600422,昆药集团,14.12,14.47,14.04,14.35,14.34,-0.22,-1.5342,2.0117,13704425,194290200.0,11136283314.4,9618911882.48,None
2016-07-15,'600422,昆药集团,14.34,14.4,14.17,14.4,14.36,-0.02,-0.1393,1.3029,8888836,126926854.0,11309794810.8,9783613476.36,None
2016-07-14,'600422,昆药集团,14.36,14.54,14.25,14.54,14.47,-0.11,-0.7602,1.5874,10829901,155364412.0,11325568583.2,9797258683.44,None
2016-07-13,'600422,昆药集团,14.47,15.04,14.37,14.69,14.53,-0.06,-0.4129,3.495,23845217,350024771.0,11412324331.4,9872307322.38,None
2016-07-12,'600422,昆药集团,14.53,14.55,14.09,14.11,14.12,0.41,2.9037,3.4222,23348521,336108652.0,11459645648.6,9913242943.62,None
2016-07-11,'600422,昆药集团,14.12,14.37,14.05,14.08,14.1,0.02,0.1418,1.6188,11044147,156782559.0,11136283314.4,9633516198.48,None
2016-07-08,'600422,昆药集团,14.1,14.33,13.83,13.9,13.98,0.12,0.8584,1.9254,13136048,186279228.0,11120509542.0,9619870991.4,None
2016-07-07,'600422,昆药集团,13.98,14.37,13.8,13.8,13.71,0.27,1.9694,3.3098,22581179,317908622.0,11025866907.6,9537999748.92,None
2016-07-06,'600422,昆药集团,13.71,13.74,13.42,13.42,13.65,0.06,0.4396,1.4496,9890312,134538862.0,10812920980.2,9353789453.34,None
2016-07-05,'600422,昆药集团,13.65,13.88,13.5,13.68,13.67,-0.02,-0.1463,1.7183,11723432,160270080.0,10765599663.0,9312853832.1,None
2016-07-04,'600422,昆药集团,13.67,13.71,13.4,13.53,13.58,0.09,0.6627,1.3888,9475405,129114537.0,10781373435.4,9326499039.18,None
2016-07-01,'600422,昆药集团,13.58,13.8,13.55,13.6,13.64,-0.06,-0.4399,0.8382,5718815,78016516.0,10710391459.6,9265095607.32,None
2016-06-30,'600422,昆药集团,13.64,13.69,13.55,13.62,13.63,0.01,0.0734,0.7296,4977786,67759006.0,10757712776.8,9306031228.56,None
2016-06-29,'600422,昆药集团,13.63,13.78,13.51,13.78,13.7,-0.07,-0.5109,1.3095,8934512,121536692.0,10749825890.6,9299208625.02,None
2016-06-28,'600422,昆药集团,13.7,13.8,13.11,13.14,13.22,0.48,3.6309,2.5759,17574527,237598674.0,10805034094.0,9346966849.8,None
2016-06-27,'600422,昆药集团,13.22,13.23,12.9,12.96,13.04,0.18,1.3804,1.2022,8202299,107606672.0,10426463556.4,9019481879.88,None
2016-06-24,'600422,昆药集团,13.04,13.22,12.68,13.12,13.12,-0.08,-0.6098,1.1341,7737502,100313689.0,10284499604.8,8896675016.16,None
2016-06-23,'600422,昆药集团,13.12,13.28,13.02,13.21,13.21,-0.09,-0.6813,0.6822,4654100,61079772.0,10347594694.4,8951255844.48,None
2016-06-22,'600422,昆药集团,13.21,13.25,12.9,12.97,13.0,0.21,1.6154,1.0334,7050403,92627886.0,10418576670.2,9012659276.34,None
2016-06-21,'600422,昆药集团,13.0,13.34,12.97,13.13,13.12,-0.12,-0.9146,1.5246,10401814,137295097.0,10252952060.0,8869384602.0,None
2016-06-20,'600422,昆药集团,13.12,13.24,12.72,12.88,12.9,0.22,1.7054,1.3382,9129724,119140640.0,10347594694.4,8951255844.48,None
2016-06-17,'600422,昆药集团,12.9,12.93,12.53,12.55,12.5,0.4,3.2,1.5033,10256705,130542131.0,10174083198.0,8801158566.6,None
2016-06-16,'600422,昆药集团,12.5,12.78,12.42,12.7,12.76,-0.26,-2.0376,1.303,8890025,111948902.0,9858607750.0,8528254425.0,None
2016-06-15,'600422,昆药集团,12.76,12.83,12.34,12.35,12.43,0.33,2.6549,1.2008,8175988,103508556.0,10063666791.2,8688324245.04,None
2016-06-14,'600422,昆药集团,12.43,12.59,12.33,12.42,12.49,-0.06,-0.4804,0.8995,6124604,76223277.0,9803399546.6,8463626204.22,None
2016-06-13,'600422,昆药集团,12.49,12.93,12.45,12.83,13.0,-0.51,-3.9231,1.3049,8885344,113184893.0,9850720863.8,8504480393.46,None
2016-06-08,'600422,昆药集团,13.0,13.18,12.93,13.13,13.12,-0.12,-0.9146,0.9628,6556033,85391292.0,10252952060.0,8851741002.0,None
2016-06-07,'600422,昆药集团,13.12,13.25,13.06,13.25,13.23,-0.11,-0.8314,1.08,7353623,96415034.0,10347594694.4,8933449380.48,None
2016-06-06,'600422,昆药集团,13.23,13.32,13.08,13.29,13.22,0.01,0.0756,1.0893,7416887,97970677.0,10434350442.6,9008348727.42,None
2016-06-03,'600422,昆药集团,13.22,13.34,13.05,13.15,13.1,0.12,0.916,1.5613,10630716,140301138.0,10426463556.4,9001539695.88,None
2016-06-02,'600422,昆药集团,13.1,13.24,13.02,13.2,13.15,-0.05,-0.3802,1.1966,8147919,106777351.0,10331820922.0,8919831317.4,None
2016-06-01,'600422,昆药集团,13.15,13.5,13.1,13.15,13.11,0.04,0.3051,1.7942,12216502,162173409.0,10371255353.0,8953876475.1,None
2016-05-31,'600422,昆药集团,13.11,13.12,12.6,12.6,12.6,0.51,4.0476,1.6574,11285047,146166000.0,10339707808.2,8926640348.94,None
2016-05-30,'600422,昆药集团,12.6,12.79,12.51,12.67,12.74,-0.14,-1.0989,0.7712,5251450,66429966.0,9937476612.0,8579379740.4,None
2016-05-27,'600422,昆药集团,12.74,12.87,12.71,12.84,12.86,-0.12,-0.9331,0.6414,4366989,55828145.0,10047893018.8,8674706181.96,None
2016-05-26,'600422,昆药集团,12.86,12.93,12.5,12.85,12.81,0.05,0.3903,1.0359,7053704,89422610.0,10142535653.2,8756414560.44,None
2016-05-25,'600422,昆药集团,12.81,13.12,12.8,12.98,12.87,-0.06,-0.4662,0.8794,5987585,77607510.0,10103101222.2,8722369402.74,None
2016-05-24,'600422,昆药集团,12.87,13.12,12.84,13.06,13.06,-0.19,-1.4548,0.8062,5489299,71036618.0,10150422539.4,8763223591.98,None
2016-05-23,'600422,昆药集团,13.06,13.17,13.0,13.05,13.02,0.04,0.3072,0.8551,5822066,76033382.0,10300273377.2,8892595191.24,None
2016-05-20,'600422,昆药集团,13.02,13.05,12.73,12.86,12.89,0.13,1.0085,0.6723,4578045,59172227.0,10268725832.4,8865359065.08,None
2016-05-19,'600422,昆药集团,12.89,13.14,12.86,12.9,12.9,-0.01,-0.0775,0.8896,6057268,78636402.0,10166196311.8,8776841655.06,None
2016-05-18,'600422,昆药集团,12.9,13.25,12.8,13.09,13.2,-0.3,-2.2727,1.2623,8595014,111997523.0,10174083198.0,8783650686.6,None
2016-05-17,'600422,昆药集团,13.2,13.46,13.13,13.3,13.34,-0.14,-1.0495,0.9532,6490286,85959870.0,10410689784.0,8987921632.8,None
2016-05-16,'600422,昆药集团,13.34,13.36,12.86,13.18,13.13,0.21,1.5994,1.3547,9224268,121417453.0,10521106190.8,9083248074.36,None
2016-05-13,'600422,昆药集团,13.13,13.42,13.05,13.28,13.33,-0.2,-1.5004,1.2214,8316768,109634159.0,10355481580.6,8940258412.02,None
2016-05-12,'600422,昆药集团,13.33,13.38,12.9,13.22,13.44,-0.11,-0.8185,1.7507,11920828,156173862.0,10513219304.6,9076439042.82,None
2016-05-11,'600422,昆药集团,13.44,13.83,13.15,13.35,13.28,0.16,1.2048,2.202,14993601,203320850.0,10599975052.8,9151338389.76,None
2016-05-10,'600422,昆药集团,13.28,13.58,13.01,13.31,13.54,-0.26,-1.9202,1.929,13134621,174236168.0,10473784873.6,9042393885.12,None
2016-05-09,'600422,DR昆药集,13.54,14.49,13.5,14.21,14.36,-0.82,-5.7103,1.2248,8339721,115606347.0,10678843914.8,9219428705.16,None
2016-05-06,'600422,昆药集团,29.13,30.75,29.05,30.75,30.45,-1.32,-4.335,3.7345,12714217,378781399.0,11487249750.3,9917354438.01,None
2016-05-05,'600422,昆药集团,30.45,30.55,29.53,29.58,29.85,0.6,2.0101,2.8645,9752223,293605427.0,12007784239.5,10366750519.6,None
2016-05-04,'600422,昆药集团,29.85,30.12,29.08,29.17,29.31,0.54,1.8424,2.2504,7661533,228023626.0,11771177653.5,10162479573.5,None
2016-05-03,'600422,昆药集团,29.31,29.45,28.11,28.3,27.95,1.36,4.8658,2.8891,9836098,283660599.0,11558231726.1,9978635721.87,None
2016-04-29,'600422,昆药集团,27.95,28.18,27.71,27.92,28.5,-0.55,-1.9298,2.7485,9357344,261568749.0,11021923464.5,9515621577.15,None
2016-04-28,'600422,昆药集团,28.5,28.66,27.91,28.6,28.5,0.0,0.0,1.1161,3799761,107704958.0,11238812835.0,9702869944.5,None
2016-04-27,'600422,昆药集团,28.5,28.97,28.41,28.78,28.83,-0.33,-1.1446,1.3174,4485198,128579851.0,11238812835.0,9702869944.5,None
2016-04-26,'600422,昆药集团,28.83,28.88,28.14,28.14,28.24,0.59,2.0892,1.1701,3983498,113261100.0,11368946457.3,9815218964.91,None
2016-04-25,'600422,昆药集团,28.24,28.34,27.86,28.15,28.21,0.03,0.1063,1.0148,3455045,97216374.0,11136283314.4,9614352534.48,None
2016-04-22,'600422,昆药集团,28.21,28.38,27.68,27.8,27.94,0.27,0.9664,1.05,3574704,100497519.0,11124452985.1,9604138987.17,None
2016-04-21,'600422,昆药集团,27.94,28.51,27.9,28.2,28.2,-0.26,-0.922,1.304,4439628,125350039.0,11017980021.4,9512217061.38,None
2016-04-20,'600422,昆药集团,28.2,30.13,27.49,30.01,29.87,-1.67,-5.5909,3.442,11718320,335749328.0,11120509542.0,9600734471.4,None
2016-04-19,'600422,昆药集团,29.87,30.24,29.6,30.15,29.92,-0.05,-0.1671,1.2451,4238837,126689069.0,11779064539.7,10169288605.0,None
2016-04-18,'600422,昆药集团,29.92,30.68,29.82,30.68,30.74,-0.82,-2.6675,1.483,5049033,151873237.0,11798781755.2,10186311183.8,None
2016-04-15,'600422,昆药集团,30.74,31.05,30.59,30.88,30.82,-0.08,-0.2596,1.0369,3530298,108665908.0,12122144089.4,10465481477.0,None
2016-04-14,'600422,昆药集团,30.82,30.92,30.52,30.8,30.52,0.3,0.983,1.2796,4356546,133752661.0,12153691634.2,10492717603.1,None
2016-04-13,'600422,昆药集团,30.52,31.09,30.22,30.31,30.16,0.36,1.1936,2.129,7248059,222487671.0,12035388341.2,10390582130.0,None
2016-04-12,'600422,昆药集团,30.16,30.87,29.86,30.7,30.78,-0.62,-2.0143,1.9837,6753378,204464160.0,11893424389.6,10268019562.3,None
2016-04-11,'600422,昆药集团,30.78,31.0,30.23,30.3,30.01,0.77,2.5658,2.0229,6886942,211689842.0,12137917861.8,10479099540.1,None
2016-04-08,'600422,昆药集团,30.01,30.36,29.66,30.01,30.55,-0.54,-1.7676,2.0125,6851735,205719743.0,11834272743.1,10216951825.8,None
2016-04-07,'600422,昆药集团,30.55,31.5,30.5,31.2,31.12,-0.57,-1.8316,2.7979,9525474,294968716.0,12047218670.5,10400795677.4,None
2016-04-06,'600422,昆药集团,31.12,31.7,30.15,30.34,30.34,0.78,2.5709,3.0567,10406531,320616782.0,12271994927.2,10594853076.2,None
2016-04-05,'600422,昆药集团,30.34,30.44,29.5,29.55,29.64,0.7,2.3617,2.5734,8761048,264077307.0,11964406365.4,10329300846.2,None
2016-04-01,'600422,昆药集团,29.64,30.0,29.19,29.95,29.91,-0.27,-0.9027,2.0132,6853892,202784004.0,11688365348.4,10090984742.3,None
2016-03-31,'600422,昆药集团,29.91,30.39,29.77,30.16,30.34,-0.43,-1.4173,3.1211,10625763,319271709.0,11794838312.1,10182906668.1,None
2016-03-30,'600422,昆药集团,30.34,30.45,29.06,29.11,28.87,1.47,5.0918,2.8619,9743343,289283428.0,11964406365.4,10329300846.2,None
2016-03-29,'600422,昆药集团,28.87,29.98,28.52,29.81,29.74,-0.87,-2.9254,2.1012,7153704,208127859.0,11384720229.7,9828837027.99,None
2016-03-28,'600422,昆药集团,29.74,30.46,29.36,29.62,29.49,0.25,0.8477,2.7223,9268059,278039769.0,11727799779.4,10125029900.0,None
2016-03-25,'600422,昆药集团,29.49,29.58,29.08,29.21,29.33,0.16,0.5455,1.7038,5800735,170267091.0,11629213701.9,10039917005.7,None
2016-03-24,'600422,昆药集团,29.33,30.1,28.78,29.0,29.27,0.06,0.205,2.9342,9989643,293579696.0,11566118612.3,9985444753.41,None
2016-03-23,'600422,昆药集团,29.27,29.48,28.76,29.0,29.17,0.1,0.3428,2.0249,6893727,201121227.0,11542457953.7,9965017658.79,None
2016-03-22,'600422,昆药集团,29.17,29.44,28.75,28.89,29.07,0.1,0.344,2.3786,8098029,236272185.0,11503023522.7,9930972501.09,None
2016-03-21,'600422,昆药集团,29.07,29.33,28.56,29.3,28.7,0.37,1.2892,3.3219,11309378,326884393.0,11463589091.7,9896927343.39,None
2016-03-18,'600422,昆药集团,28.7,28.84,27.92,27.92,27.81,0.89,3.2003,2.3924,8144880,231661127.0,11317681697.0,9770960259.9,None
2016-03-17,'600422,昆药集团,27.81,27.99,27.07,27.35,27.08,0.73,2.6957,1.6695,5683970,157056450.0,10966715261.1,9467958356.37,None
2016-03-16,'600422,昆药集团,27.08,27.79,26.91,27.72,27.62,-0.54,-1.9551,1.5799,5378731,146757471.0,10678843914.8,9219428705.16,None
2016-03-15,'600422,昆药集团,27.62,27.82,27.27,27.3,27.46,0.16,0.5827,2.5013,8515557,234922549.0,10891789842.2,9403272556.74,None
2016-03-14,'600422,昆药集团,27.46,27.59,26.68,26.89,26.38,1.08,4.094,2.3233,7909570,216017448.0,10828694752.6,9348800304.42,None
2016-03-11,'600422,昆药集团,26.38,26.6,26.01,26.13,26.35,0.03,0.1139,0.9845,3351690,88330784.0,10402802897.8,8981112601.26,None
2016-03-10,'600422,昆药集团,26.35,26.97,26.2,26.62,26.45,-0.1,-0.3781,1.2545,4270834,113631055.0,10390972568.5,8970899053.95,None
2016-03-09,'600422,昆药集团,26.45,26.69,26.01,26.24,26.7,-0.25,-0.9363,1.1805,4019090,106235139.0,10430406999.5,9004944211.65,None
2016-03-08,'600422,昆药集团,26.7,26.8,25.6,26.59,26.6,0.1,0.3759,1.8082,6156149,160946030.0,10528993077.0,9090057105.9,None
2016-03-07,'600422,昆药集团,26.6,26.99,26.2,26.45,26.1,0.5,1.9157,1.7232,5866796,156005431.0,10489558646.0,9056011948.2,None
2016-03-04,'600422,昆药集团,26.1,27.05,25.9,26.98,27.12,-1.02,-3.7611,2.0496,6977837,184548191.0,10292386491.0,8885786159.7,None
2016-03-03,'600422,昆药集团,27.12,27.53,27.02,27.49,27.27,-0.15,-0.5501,2.0979,7142201,194769915.0,10694617687.2,9233046768.24,None
2016-03-02,'600422,昆药集团,27.27,27.37,25.9,26.09,26.05,1.22,4.6833,2.6264,8941587,239432799.0,10753769333.7,9284114504.79,None
2016-03-01,'600422,昆药集团,26.05,26.34,25.21,25.6,25.45,0.6,2.3576,2.0464,6966976,179218629.0,10272669275.5,8868763580.85,None
2016-02-29,'600422,昆药集团,25.45,27.1,25.11,27.1,26.99,-1.54,-5.7058,2.1239,7230766,186348291.0,10036062689.5,8664492634.65,None
2016-02-26,'600422,昆药集团,26.99,27.48,26.61,27.47,26.99,0.0,0.0,1.9174,6527736,176575312.0,10643352926.9,9188788063.23,None
2016-02-25,'600422,昆药集团,26.99,29.68,26.73,29.68,29.69,-2.7,-9.094,2.7881,9492020,266560765.0,10643352926.9,9188788063.23,None
2016-02-24,'600422,昆药集团,29.69,30.08,29.03,29.85,29.96,-0.27,-0.9012,1.9327,6579797,194562130.0,11708082563.9,10108007321.1,None
2016-02-23,'600422,昆药集团,29.96,30.54,29.62,30.48,30.48,-0.52,-1.706,1.7445,5939334,178394783.0,11814555527.6,10199929246.9,None
2016-02-22,'600422,昆药集团,30.48,30.67,30.15,30.4,29.97,0.51,1.7017,2.4766,8431780,256543480.0,12019614568.8,10376964067.0,None
2016-02-19,'600422,昆药集团,29.97,30.3,29.65,29.8,29.99,-0.02,-0.0667,1.4213,4838754,144840440.0,11818498970.7,10203333762.7,None
2016-02-18,'600422,昆药集团,29.99,30.95,29.9,30.88,30.33,-0.34,-1.121,2.1143,7198291,219028983.0,11826385856.9,10210142794.2,None
2016-02-17,'600422,昆药集团,30.33,30.48,29.5,30.01,30.31,0.02,0.066,2.2798,7761626,233250147.0,11960462922.3,10325896330.4,None
2016-02-16,'600422,昆药集团,30.31,30.66,28.61,28.61,28.54,1.77,6.2018,3.1989,10890598,323414609.0,11952576036.1,10319087298.9,None
2016-02-15,'600422,昆药集团,28.54,28.99,27.61,27.88,28.37,0.17,0.5992,1.8448,6280688,178427008.0,11254586607.4,9716488007.58,None
2016-02-05,'600422,昆药集团,28.37,28.83,28.35,28.5,28.58,-0.21,-0.7348,1.3275,4519404,128944190.0,11187548074.7,9658611239.49,None
2016-02-04,'600422,昆药集团,28.58,28.92,28.28,28.28,28.17,0.41,1.4554,2.3204,7899746,225825069.0,11270360379.8,9730106070.66,None
2016-02-03,'600422,昆药集团,28.17,28.2,27.44,27.6,27.96,0.21,0.7511,1.6083,5475651,151603012.0,11108679212.7,9590520924.09,None
2016-02-02,'600422,昆药集团,27.96,28.25,27.01,27.09,26.86,1.1,4.0953,2.3071,7854393,218501450.0,11025866907.6,9519026092.92,None
2016-02-01,'600422,昆药集团,26.86,27.66,26.41,27.3,27.59,-0.73,-2.6459,2.511,8548667,231808190.0,10592088166.6,9144529358.22,None
2016-01-29,'600422,昆药集团,27.59,27.9,26.52,27.0,26.91,0.68,2.5269,3.9527,13457116,368115838.0,10879959512.9,9393059009.43,None
2016-01-28,'600422,昆药集团,26.91,28.95,26.9,28.5,28.88,-1.97,-6.8213,2.3012,7834322,219351015.0,10611805382.1,9161551937.07,None
2016-01-27,'600422,昆药集团,28.88,30.76,27.75,30.36,30.31,-1.43,-4.7179,3.296,11221259,323447051.0,11388663672.8,9832241543.76,None
2016-01-26,'600422,昆药集团,30.31,32.6,29.88,31.91,32.4,-2.09,-6.4506,2.0809,7084302,222882185.0,11952576036.1,10319087298.9,None
2016-01-25,'600422,昆药集团,32.4,33.0,32.04,32.25,31.97,0.43,1.345,1.5007,5109072,166000484.0,12776755644.0,11030631094.8,None
2016-01-22,'600422,昆药集团,31.97,32.19,30.95,31.7,31.26,0.71,2.2713,1.731,5893068,186774119.0,12607187590.7,10884236916.7,None
2016-01-21,'600422,昆药集团,31.26,33.17,31.2,32.0,32.63,-1.37,-4.1986,2.1913,7460451,240274452.0,12327203130.6,10642516297.0,None
2016-01-20,'600422,昆药集团,32.63,33.7,32.54,32.9,33.05,-0.42,-1.2708,2.6647,9071990,300544675.0,12867454835.3,11108934957.5,None
2016-01-19,'600422,昆药集团,33.05,33.25,31.8,31.95,32.2,0.85,2.6398,2.8984,9867690,322140877.0,13033079445.5,11251924619.9,None
2016-01-18,'600422,昆药集团,32.2,32.8,30.41,30.51,31.17,1.03,3.3045,2.8623,9744821,311783971.0,12697886782.0,10962540779.4,None
2016-01-15,'600422,昆药集团,31.17,32.8,30.79,32.02,32.53,-1.36,-4.1808,2.3759,8088707,258700308.0,12291712142.7,10611875655.1,None
2016-01-14,'600422,昆药集团,32.53,32.88,29.81,29.98,31.0,1.53,4.9355,2.9689,10107649,320660924.0,12828020404.3,11074889799.8,None
2016-01-13,'600422,昆药集团,31.0,32.55,30.56,32.55,29.9,1.1,3.6789,4.1837,14243585,451396161.0,12224673610.0,10553998887.0,None
2016-01-12,'600422,昆药集团,29.9,31.33,29.6,30.86,30.86,-0.96,-3.1108,2.5338,8626241,262475446.0,11790894869.0,10179502152.3,None
2016-01-11,'600422,昆药集团,30.86,33.87,30.86,33.05,34.29,-3.43,-10.0029,2.9709,10114427,324697663.0,12169465406.6,10506335666.2,None
2016-01-08,'600422,昆药集团,34.29,35.33,32.91,33.4,33.08,1.21,3.6578,2.7334,9305844,317092270.0,13522066389.9,11674084575.3,None
2016-01-07,'600422,昆药集团,33.08,35.9,32.99,35.81,36.65,-3.57,-9.7408,0.3919,1334100,46119469.0,13044909774.8,11262138167.2,None
2016-01-06,'600422,昆药集团,36.65,36.8,35.5,36.6,36.39,0.26,0.7145,2.312,7871198,285801767.0,14452718961.5,12477550297.0,None
2016-01-05,'600422,昆药集团,36.39,37.55,34.77,35.0,36.53,-0.14,-0.3832,2.4664,8397021,303663169.0,14350189440.9,12389032887.0,None
2016-01-04,'600422,昆药集团,36.53,39.87,36.5,39.87,39.82,-3.29,-8.2622,1.5204,5176380,196535929.0,14405397644.3,12436696107.8,None
