日期,股票代码,名称,收盘价,最高价,最低价,开盘价,前收盘,涨跌额,涨跌幅,换手率,成交量,成交金额,总市值,流通市值,成交笔数
2016-10-12,'600596,新安股份,8.94,9.13,8.64,8.68,8.69,0.25,2.8769,4.284,29096142,260086877.0,6071910619.02,6071910619.02,None
2016-10-11,'600596,新安股份,8.69,8.79,8.62,8.63,8.68,0.01,0.1152,2.1649,14703520,127924274.0,5902114460.77,5902114460.77,None
2016-10-10,'600596,新安股份,8.68,8.69,8.4,8.4,8.33,0.35,4.2017,2.0596,13988546,119726500.0,5895322614.44,5895322614.44,None
2016-09-30,'600596,新安股份,8.33,8.36,8.26,8.31,8.31,0.02,0.2407,1.1118,7551505,62795410.0,5657607992.89,5657607992.89,None
2016-09-29,'600596,新安股份,8.31,8.41,8.27,8.31,8.29,0.02,0.2413,1.104,7498085,62526995.0,5644024300.23,5644024300.23,None
2016-09-28,'600596,新安股份,8.29,8.51,8.24,8.51,8.45,-0.16,-1.8935,1.3515,9179095,76808459.0,5630440607.57,5630440607.57,None
2016-09-27,'600596,新安股份,8.45,8.46,8.2,8.35,8.37,0.08,0.9558,1.579,10724011,89538515.0,5739110148.85,5739110148.85,None
2016-09-26,'600596,新安股份,8.37,8.79,8.35,8.78,8.84,-0.47,-5.3167,2.6611,18073489,154388097.0,5684775378.21,5684775378.21,None
2016-09-23,'600596,新安股份,8.84,8.97,8.82,8.97,8.94,-0.1,-1.1186,2.0207,13724360,121891846.0,6003992155.72,6003992155.72,None
2016-09-22,'600596,新安股份,8.94,8.95,8.6,8.69,8.61,0.33,3.8328,3.5951,24417610,214402397.0,6071910619.02,6071910619.02,None
2016-09-21,'600596,新安股份,8.61,8.77,8.58,8.73,8.68,-0.07,-0.8065,1.6168,10981282,95227603.0,5847779690.13,5847779690.13,None
2016-09-20,'600596,新安股份,8.68,8.92,8.65,8.83,8.93,-0.25,-2.7996,2.6869,18249195,159332478.0,5895322614.44,5895322614.44,None
2016-09-19,'600596,新安股份,8.93,9.03,8.7,8.9,8.9,0.03,0.3371,2.8406,19292594,170478041.0,6065118772.69,6065118772.69,None
2016-09-14,'600596,新安股份,8.9,9.35,8.85,9.11,9.2,-0.3,-3.2609,4.4444,30186004,274343532.0,6044743233.7,6044743233.7,None
2016-09-13,'600596,新安股份,9.2,9.58,8.99,9.05,9.08,0.12,1.3216,7.6359,51861961,482483920.0,6248498623.6,6248498623.6,None
2016-09-12,'600596,新安股份,9.08,9.16,8.6,8.75,8.91,0.17,1.908,5.5525,37711963,338737836.0,6166996467.64,6166996467.64,None
2016-09-09,'600596,新安股份,8.91,9.14,8.87,8.87,8.95,-0.04,-0.4469,2.8959,19668741,177027642.0,6051535080.03,6051535080.03,None
2016-09-08,'600596,新安股份,8.95,9.24,8.84,8.84,8.9,0.05,0.5618,3.6551,24824555,224184740.0,6078702465.35,6078702465.35,None
2016-09-07,'600596,新安股份,8.9,8.94,8.55,8.57,8.61,0.29,3.3682,4.6998,31920338,281645547.0,6044743233.7,6044743233.7,None
2016-09-06,'600596,新安股份,8.61,8.66,8.38,8.63,8.64,-0.03,-0.3472,2.3961,16274230,138654896.0,5847779690.13,5847779690.13,None
2016-09-05,'600596,新安股份,8.64,8.77,8.44,8.51,8.48,0.16,1.8868,2.6114,17736481,153523293.0,5868155229.12,5868155229.12,None
2016-09-02,'600596,新安股份,8.48,8.6,8.42,8.57,8.57,-0.09,-1.0502,2.0617,14002991,119103492.0,5759485687.84,5759485687.84,None
2016-09-01,'600596,新安股份,8.57,8.8,8.52,8.72,8.85,-0.28,-3.1638,3.9891,27093271,233685300.0,5820612304.81,5820612304.81,None
2016-08-31,'600596,新安股份,8.85,9.5,8.79,9.05,8.95,-0.1,-1.1173,6.2881,42708145,387946723.0,6010784002.05,6010784002.05,None
2016-08-30,'600596,新安股份,8.95,9.08,8.73,8.86,8.88,0.07,0.7883,4.4201,30020576,268883315.0,6078702465.35,6078702465.35,None
2016-08-29,'600596,新安股份,8.88,9.09,8.75,9.04,9.27,-0.39,-4.2071,6.3969,43446708,385936811.0,6031159541.04,6031159541.04,None
2016-08-26,'600596,新安股份,9.27,9.35,8.36,8.48,8.5,0.77,9.0588,10.9467,74348053,670919975.0,6296041547.91,6296041547.91,None
2016-08-25,'600596,新安股份,8.5,8.77,8.2,8.2,8.13,0.37,4.551,6.6294,45025918,382040266.0,5773069380.5,5773069380.5,None
2016-08-24,'600596,新安股份,8.13,8.28,8.08,8.25,8.21,-0.08,-0.9744,2.0054,13620617,110881342.0,5521771066.29,5521771066.29,None
2016-08-23,'600596,新安股份,8.21,8.27,7.91,8.01,8.09,0.12,1.4833,3.2925,22362345,182575013.0,5576105836.93,5576105836.93,None
2016-08-22,'600596,新安股份,8.09,8.16,8.0,8.06,8.06,0.03,0.3722,3.2613,22150536,179229984.0,5494603680.97,5494603680.97,None
2016-08-19,'600596,新安股份,8.06,8.12,7.85,7.85,7.89,0.17,2.1546,2.6886,18260746,146046242.0,5474228141.98,5474228141.98,None
2016-08-18,'600596,新安股份,7.89,7.99,7.88,7.89,7.92,-0.03,-0.3788,1.0479,7117108,56425592.0,5358766754.37,5358766754.37,None
2016-08-17,'600596,新安股份,7.92,8.05,7.88,7.89,7.94,-0.02,-0.2519,2.0241,13747056,109388008.0,5379142293.36,5379142293.36,None
2016-08-16,'600596,新安股份,7.94,7.98,7.73,7.78,7.79,0.15,1.9255,2.1948,14906835,117487712.0,5392725986.02,5392725986.02,None
2016-08-15,'600596,新安股份,7.79,7.82,7.58,7.63,7.68,0.11,1.4323,2.0181,13706805,106158893.0,5290848291.07,5290848291.07,None
2016-08-12,'600596,新安股份,7.68,7.7,7.5,7.5,7.54,0.14,1.8568,0.6863,4661271,35538678.0,5216137981.44,5216137981.44,None
2016-08-11,'600596,新安股份,7.54,7.79,7.5,7.7,7.72,-0.18,-2.3316,0.8604,5843918,44701195.0,5121052132.82,5121052132.82,None
2016-08-10,'600596,新安股份,7.72,7.84,7.7,7.73,7.78,-0.06,-0.7712,1.001,6798930,52826882.0,5243305366.76,5243305366.76,None
2016-08-09,'600596,新安股份,7.78,7.79,7.64,7.7,7.7,0.08,1.039,1.3365,9077022,69965642.0,5284056444.74,5284056444.74,None
2016-08-08,'600596,新安股份,7.7,7.72,7.54,7.6,7.62,0.08,1.0499,0.6532,4436476,33963109.0,5229721674.1,5229721674.1,None
2016-08-05,'600596,新安股份,7.62,7.69,7.53,7.61,7.61,0.01,0.1314,0.7665,5205805,39692354.0,5175386903.46,5175386903.46,None
2016-08-04,'600596,新安股份,7.61,7.66,7.5,7.59,7.59,0.02,0.2635,0.646,4387414,33259388.0,5168595057.13,5168595057.13,None
2016-08-03,'600596,新安股份,7.59,7.67,7.47,7.47,7.5,0.09,1.2,1.0701,7267804,55208138.0,5155011364.47,5155011364.47,None
2016-08-02,'600596,新安股份,7.5,7.51,7.32,7.36,7.36,0.14,1.9022,0.5654,3839900,28566632.0,5093884747.5,5093884747.5,None
2016-08-01,'600596,新安股份,7.36,7.44,7.21,7.44,7.46,-0.1,-1.3405,0.9292,6311154,46173110.0,4998798898.88,4998798898.88,None
2016-07-29,'600596,新安股份,7.46,7.56,7.43,7.52,7.53,-0.07,-0.9296,0.6122,4157960,31157867.0,5066717362.18,5066717362.18,None
2016-07-28,'600596,新安股份,7.53,7.68,7.37,7.6,7.63,-0.1,-1.3106,1.5523,10542914,79275378.0,5114260286.49,5114260286.49,None
2016-07-27,'600596,新安股份,7.63,8.08,7.48,7.91,7.93,-0.3,-3.7831,2.4725,16792902,130873765.0,5182178749.79,5182178749.79,None
2016-07-26,'600596,新安股份,7.93,7.93,7.78,7.81,7.81,0.12,1.5365,1.2215,8296451,65349487.0,5385934139.69,5385934139.69,None
2016-07-25,'600596,新安股份,7.81,7.89,7.72,7.76,7.76,0.05,0.6443,1.1547,7842543,61223509.0,5304431983.73,5304431983.73,None
2016-07-22,'600596,新安股份,7.76,7.8,7.68,7.74,7.74,0.02,0.2584,0.8729,5928761,45925861.0,5270472752.08,5270472752.08,None
2016-07-21,'600596,新安股份,7.74,7.81,7.7,7.72,7.74,0.0,0.0,1.1,7471161,58005802.0,5256889059.42,5256889059.42,None
2016-07-20,'600596,新安股份,7.74,7.85,7.69,7.85,7.82,-0.08,-1.023,0.9647,6552303,50889373.0,5256889059.42,5256889059.42,None
2016-07-19,'600596,新安股份,7.82,7.85,7.75,7.78,7.82,0.0,0.0,1.0636,7223874,56311922.0,5311223830.06,5311223830.06,None
2016-07-18,'600596,新安股份,7.82,7.98,7.75,7.9,7.94,-0.12,-1.5113,1.4547,9880096,77430167.0,5311223830.06,5311223830.06,None
2016-07-15,'600596,新安股份,7.94,8.2,7.92,8.0,7.97,-0.03,-0.3764,3.0839,20945361,168998916.0,5392725986.02,5392725986.02,None
2016-07-14,'600596,新安股份,7.97,8.0,7.69,7.8,7.83,0.14,1.788,1.7481,11872610,92458503.0,5413101525.01,5413101525.01,None
2016-07-13,'600596,新安股份,7.83,7.93,7.77,7.88,7.81,0.02,0.2561,1.1466,7787301,60960936.0,5318015676.39,5318015676.39,None
2016-07-12,'600596,新安股份,7.81,7.84,7.58,7.63,7.67,0.14,1.8253,1.4177,9628515,74234816.0,5304431983.73,5304431983.73,None
2016-07-11,'600596,新安股份,7.67,7.85,7.63,7.72,7.73,-0.06,-0.7762,1.2724,8641826,66938552.0,5209346135.11,5209346135.11,None
2016-07-08,'600596,新安股份,7.73,7.88,7.73,7.8,7.81,-0.08,-1.0243,1.129,7667972,59668671.0,5250097213.09,5250097213.09,None
2016-07-07,'600596,新安股份,7.81,8.05,7.63,7.73,7.74,0.07,0.9044,2.7171,18454450,145096956.0,5304431983.73,5304431983.73,None
2016-07-06,'600596,新安股份,7.74,7.78,7.61,7.66,7.76,-0.02,-0.2577,1.7045,11576766,89201597.0,5256889059.42,5256889059.42,None
2016-07-05,'600596,新安股份,7.76,7.8,7.43,7.47,7.46,0.3,4.0214,4.2628,28952362,222589265.0,5270472752.08,5270472752.08,None
2016-07-04,'600596,新安股份,7.46,7.49,7.18,7.24,7.25,0.21,2.8966,2.5116,17058576,126149048.0,5066717362.18,5066717362.18,None
2016-07-01,'600596,新安股份,7.25,7.34,7.2,7.31,7.29,-0.04,-0.5487,1.0952,7438159,54130361.0,4924088589.25,4924088589.25,None
2016-06-30,'600596,新安股份,7.29,7.34,7.22,7.28,7.26,0.03,0.4132,1.0026,6809655,49490068.0,4951255974.57,4951255974.57,None
2016-06-29,'600596,XD新安股,7.26,7.31,7.23,7.28,7.25,0.01,0.1379,1.1896,8079297,58728801.0,4930880435.58,4930880435.58,None
2016-06-28,'600596,新安股份,7.3,7.31,7.15,7.24,7.28,0.02,0.2747,1.3575,9219751,66777815.0,4958047820.9,4958047820.9,None
2016-06-27,'600596,新安股份,7.28,7.35,7.0,7.0,7.1,0.18,2.5352,1.4606,9920133,71349312.0,4944464128.24,4944464128.24,None
2016-06-24,'600596,新安股份,7.1,7.29,6.85,7.25,7.26,-0.16,-2.2039,1.8486,12555379,88986169.0,4822210894.3,4822210894.3,None
2016-06-23,'600596,新安股份,7.26,7.31,7.21,7.28,7.29,-0.03,-0.4115,1.0651,7234197,52492880.0,4930880435.58,4930880435.58,None
2016-06-22,'600596,新安股份,7.29,7.3,7.16,7.2,7.19,0.1,1.3908,0.9965,6767995,49081747.0,4951255974.57,4951255974.57,None
2016-06-21,'600596,新安股份,7.19,7.38,7.15,7.35,7.32,-0.13,-1.776,1.2994,8825498,64232231.0,4883337511.27,4883337511.27,None
2016-06-20,'600596,新安股份,7.32,7.37,7.13,7.31,7.27,0.05,0.6878,1.5268,10369689,75473323.0,4971631513.56,4971631513.56,None
2016-06-17,'600596,新安股份,7.27,7.33,7.2,7.24,7.24,0.03,0.4144,1.1203,7608701,55387514.0,4937672281.91,4937672281.91,None
2016-06-16,'600596,新安股份,7.24,7.36,7.18,7.27,7.28,-0.04,-0.5495,1.2561,8530947,62032187.0,4917296742.92,4917296742.92,None
2016-06-15,'600596,新安股份,7.28,7.34,6.88,6.88,7.06,0.22,3.1161,1.7122,11628781,83771738.0,4944464128.24,4944464128.24,None
2016-06-14,'600596,新安股份,7.06,7.13,6.95,7.0,6.95,0.11,1.5827,1.1569,7857775,55232164.0,4795043508.98,4795043508.98,None
2016-06-13,'600596,新安股份,6.95,7.33,6.91,7.25,7.34,-0.39,-5.3134,1.5138,10281752,73895910.0,4720333199.35,4720333199.35,None
2016-06-08,'600596,新安股份,7.34,7.44,7.27,7.41,7.45,-0.11,-1.4765,1.4989,10180562,74789238.0,4985215206.22,4985215206.22,None
2016-06-07,'600596,新安股份,7.45,7.58,7.42,7.58,7.56,-0.11,-1.455,1.7906,12161293,91031732.0,5059925515.85,5059925515.85,None
2016-06-06,'600596,新安股份,7.56,7.58,7.36,7.47,7.43,0.13,1.7497,2.3454,15929375,118975082.0,5134635825.48,5134635825.48,None
2016-06-03,'600596,新安股份,7.43,7.51,7.32,7.38,7.37,0.06,0.8141,2.1583,14658651,108788311.0,5046341823.19,5046341823.19,None
2016-06-02,'600596,新安股份,7.37,7.43,7.31,7.35,7.36,0.01,0.1359,1.6326,11088282,81574545.0,5005590745.21,5005590745.21,None
2016-06-01,'600596,新安股份,7.36,7.45,7.3,7.36,7.36,0.0,0.0,1.9633,13334112,98391729.0,4998798898.88,4998798898.88,None
2016-05-31,'600596,新安股份,7.36,7.5,7.1,7.15,7.11,0.25,3.5162,2.17,14738131,107864316.0,4998798898.88,4998798898.88,None
2016-05-30,'600596,新安股份,7.11,7.21,7.04,7.17,7.2,-0.09,-1.25,0.9716,6598717,47088543.0,4829002740.63,4829002740.63,None
2016-05-27,'600596,新安股份,7.2,7.3,7.09,7.28,7.32,-0.12,-1.6393,1.8617,12644333,90915999.0,4890129357.6,4890129357.6,None
2016-05-26,'600596,新安股份,7.32,7.33,7.06,7.13,7.16,0.16,2.2346,1.8074,12275525,88501699.0,4971631513.56,4971631513.56,None
2016-05-25,'600596,新安股份,7.16,7.4,7.13,7.35,7.25,-0.09,-1.2414,1.7687,12012977,87215200.0,4862961972.28,4862961972.28,None
2016-05-24,'600596,新安股份,7.25,7.47,7.18,7.37,7.52,-0.27,-3.5904,2.9026,19713816,144185890.0,4924088589.25,4924088589.25,None
2016-05-23,'600596,新安股份,7.52,7.68,7.15,7.24,7.02,0.5,7.1225,5.3767,36517572,270524800.0,5107468440.16,5107468440.16,None
2016-05-20,'600596,新安股份,7.02,7.04,6.62,6.67,6.7,0.32,4.7761,1.8099,12292337,84477097.0,4767876123.66,4767876123.66,None
2016-05-19,'600596,新安股份,6.7,6.8,6.65,6.68,6.66,0.04,0.6006,0.8952,6080091,40946333.0,4550537041.1,4550537041.1,None
2016-05-18,'600596,新安股份,6.66,6.82,6.59,6.8,6.87,-0.21,-3.0568,1.3138,8923052,59796811.0,4523369655.78,4523369655.78,None
2016-05-17,'600596,新安股份,6.87,6.98,6.85,6.91,6.93,-0.06,-0.8658,1.1721,7960419,54979348.0,4665998428.71,4665998428.71,None
2016-05-16,'600596,新安股份,6.93,6.96,6.7,6.85,6.86,0.07,1.0204,1.6917,11489595,78802610.0,4706749506.69,4706749506.69,None
2016-05-13,'600596,新安股份,6.86,6.96,6.82,6.89,6.92,-0.06,-0.8671,0.6541,4442857,30613746.0,4659206582.38,4659206582.38,None
2016-05-12,'600596,新安股份,6.92,6.93,6.65,6.81,6.89,0.03,0.4354,0.9954,6760899,46007511.0,4699957660.36,4699957660.36,None
2016-05-11,'600596,新安股份,6.89,7.05,6.87,7.01,6.96,-0.07,-1.0057,0.8907,6049562,42093183.0,4679582121.37,4679582121.37,None
2016-05-10,'600596,新安股份,6.96,7.02,6.87,6.99,6.95,0.01,0.1439,0.9256,6286703,43746801.0,4727125045.68,4727125045.68,None
2016-05-09,'600596,新安股份,6.95,7.39,6.88,7.39,7.45,-0.5,-6.7114,2.4352,16539491,116609915.0,4720333199.35,4720333199.35,None
2016-05-06,'600596,新安股份,7.45,7.91,7.44,7.88,7.89,-0.44,-5.5767,2.2796,15482702,118644834.0,5059925515.85,5059925515.85,None
2016-05-05,'600596,新安股份,7.89,7.9,7.75,7.82,7.86,0.03,0.3817,1.5006,10192177,79814002.0,5358766754.37,5358766754.37,None
2016-05-04,'600596,新安股份,7.86,8.1,7.66,7.71,7.72,0.14,1.8135,3.3666,22865387,180429096.0,5338391215.38,5338391215.38,None
2016-05-03,'600596,新安股份,7.72,7.72,7.44,7.5,7.49,0.23,3.0708,1.6242,11031249,84422120.0,5243305366.76,5243305366.76,None
2016-04-29,'600596,新安股份,7.49,7.58,7.43,7.49,7.53,-0.04,-0.5312,1.0425,7080273,53030205.0,5087092901.17,5087092901.17,None
2016-04-28,'600596,新安股份,7.53,7.64,7.36,7.63,7.62,-0.09,-1.1811,1.2585,8547456,64099963.0,5114260286.49,5114260286.49,None
2016-04-27,'600596,新安股份,7.62,7.71,7.58,7.68,7.66,-0.04,-0.5222,1.177,7994077,61169213.0,5175386903.46,5175386903.46,None
2016-04-26,'600596,新安股份,7.66,7.69,7.51,7.67,7.61,0.05,0.657,1.076,7308348,55681367.0,5202554288.78,5202554288.78,None
2016-04-25,'600596,新安股份,7.61,7.72,7.46,7.72,7.75,-0.14,-1.8065,1.3491,9162809,69448004.0,5168595057.13,5168595057.13,None
2016-04-22,'600596,新安股份,7.75,7.8,7.6,7.67,7.78,-0.03,-0.3856,1.0762,7309354,56448360.0,5263680905.75,5263680905.75,None
2016-04-21,'600596,新安股份,7.78,7.89,7.55,7.61,7.64,0.14,1.8325,1.7916,12168114,93937372.0,5284056444.74,5284056444.74,None
2016-04-20,'600596,新安股份,7.64,8.13,7.4,8.06,8.08,-0.44,-5.4455,3.1998,21732561,168355568.0,5188970596.12,5188970596.12,None
2016-04-19,'600596,新安股份,8.08,8.14,7.99,8.11,8.1,-0.02,-0.2469,1.7211,11689649,94254539.0,5487811834.64,5487811834.64,None
2016-04-18,'600596,新安股份,8.1,8.24,7.91,8.22,8.26,-0.16,-1.937,2.2213,15086469,121295665.0,5501395527.3,5501395527.3,None
2016-04-15,'600596,新安股份,8.26,8.41,8.18,8.31,8.31,-0.05,-0.6017,2.3897,16230599,134215664.0,5610065068.58,5610065068.58,None
2016-04-14,'600596,新安股份,8.31,8.37,8.08,8.1,8.05,0.26,3.2298,4.5195,30695927,253503024.0,5644024300.23,5644024300.23,None
2016-04-13,'600596,新安股份,8.05,8.18,7.93,7.96,7.9,0.15,1.8987,3.6901,25062816,202152452.0,5467436295.65,5467436295.65,None
2016-04-12,'600596,新安股份,7.9,7.97,7.79,7.92,8.01,-0.11,-1.3733,1.7177,11666202,91876230.0,5365558600.7,5365558600.7,None
2016-04-11,'600596,新安股份,8.01,8.05,7.8,7.83,7.77,0.24,3.0888,2.1458,14574235,115899609.0,5440268910.33,5440268910.33,None
2016-04-08,'600596,新安股份,7.77,7.86,7.69,7.81,7.89,-0.12,-1.5209,1.9286,13099028,101583151.0,5277264598.41,5277264598.41,None
2016-04-07,'600596,新安股份,7.89,8.11,7.86,8.1,8.12,-0.23,-2.8325,2.3271,15805508,126309420.0,5358766754.37,5358766754.37,None
2016-04-06,'600596,新安股份,8.12,8.18,7.86,7.96,7.96,0.16,2.0101,2.9882,20295358,163165888.0,5514979219.96,5514979219.96,None
2016-04-05,'600596,新安股份,7.96,8.02,7.71,7.71,7.76,0.2,2.5773,2.1601,14671217,115643932.0,5406309678.68,5406309678.68,None
2016-04-01,'600596,新安股份,7.76,7.78,7.61,7.71,7.9,-0.14,-1.7722,1.9131,12993417,100143093.0,5270472752.08,5270472752.08,None
2016-03-31,'600596,新安股份,7.9,8.01,7.81,7.83,7.81,0.09,1.1524,2.2217,15089566,119252907.0,5365558600.7,5365558600.7,None
2016-03-30,'600596,新安股份,7.81,7.82,7.58,7.58,7.55,0.26,3.4437,1.5605,10598655,81845214.0,5304431983.73,5304431983.73,None
2016-03-29,'600596,新安股份,7.55,7.78,7.48,7.76,7.77,-0.22,-2.8314,1.7086,11604485,88418937.0,5127843979.15,5127843979.15,None
2016-03-28,'600596,新安股份,7.77,8.11,7.75,7.95,7.93,-0.16,-2.0177,1.8271,12409055,98350372.0,5277264598.41,5277264598.41,None
2016-03-25,'600596,新安股份,7.93,8.02,7.84,7.88,7.9,0.03,0.3797,1.357,9216209,73038196.0,5385934139.69,5385934139.69,None
2016-03-24,'600596,新安股份,7.9,8.21,7.79,7.92,8.01,-0.11,-1.3733,2.6103,17728991,141193277.0,5365558600.7,5365558600.7,None
2016-03-23,'600596,新安股份,8.01,8.08,7.89,7.91,8.01,0.0,0.0,1.6905,11481786,91550128.0,5440268910.33,5440268910.33,None
2016-03-22,'600596,新安股份,8.01,8.15,7.8,7.88,7.95,0.06,0.7547,2.8181,19140210,152827100.0,5440268910.33,5440268910.33,None
2016-03-21,'600596,新安股份,7.95,8.02,7.81,7.88,7.82,0.13,1.6624,3.3349,22650050,178997704.0,5399517832.35,5399517832.35,None
2016-03-18,'600596,新安股份,7.82,7.85,7.49,7.6,7.53,0.29,3.8513,2.5774,17505239,134979061.0,5311223830.06,5311223830.06,None
2016-03-17,'600596,新安股份,7.53,7.64,7.36,7.4,7.34,0.19,2.5886,1.7198,11680862,87630728.0,5114260286.49,5114260286.49,None
2016-03-16,'600596,新安股份,7.34,7.63,7.28,7.62,7.57,-0.23,-3.0383,1.1962,8124596,60566897.0,4985215206.22,4985215206.22,None
2016-03-15,'600596,新安股份,7.57,7.76,7.52,7.75,7.74,-0.17,-2.1964,1.2889,8754019,66790863.0,5141427671.81,5141427671.81,None
2016-03-14,'600596,新安股份,7.74,7.89,7.63,7.65,7.59,0.15,1.9763,1.7602,11954732,92991691.0,5256889059.42,5256889059.42,None
2016-03-11,'600596,新安股份,7.59,7.64,7.3,7.45,7.57,0.02,0.2642,1.5604,10597978,79286138.0,5155011364.47,5155011364.47,None
2016-03-10,'600596,新安股份,7.57,7.88,7.5,7.75,7.89,-0.32,-4.0558,2.1435,14558025,111486851.0,5141427671.81,5141427671.81,None
2016-03-09,'600596,新安股份,7.89,8.19,7.78,8.08,8.31,-0.42,-5.0542,3.2126,21819475,174565077.0,5358766754.37,5358766754.37,None
2016-03-08,'600596,新安股份,8.31,8.32,7.46,7.8,7.74,0.57,7.3643,4.2623,28948784,228505534.0,5644024300.23,5644024300.23,None
2016-03-07,'600596,新安股份,7.74,7.97,7.64,7.68,7.53,0.21,2.7888,3.2188,21861854,170850733.0,5256889059.42,5256889059.42,None
2016-03-04,'600596,新安股份,7.53,7.98,7.3,7.73,7.77,-0.24,-3.0888,3.0356,20617624,157333907.0,5114260286.49,5114260286.49,None
2016-03-03,'600596,新安股份,7.77,7.97,7.42,7.42,7.42,0.35,4.717,4.3771,29728480,230501331.0,5277264598.41,5277264598.41,None
2016-03-02,'600596,新安股份,7.42,7.51,6.91,6.95,6.93,0.49,7.0707,2.6446,17961968,129969698.0,5039549976.86,5039549976.86,None
2016-03-01,'600596,新安股份,6.93,7.0,6.63,6.73,6.75,0.18,2.6667,1.319,8958644,61122946.0,4706749506.69,4706749506.69,None
2016-02-29,'600596,新安股份,6.75,6.99,6.51,6.95,7.04,-0.29,-4.1193,1.7643,11982545,80267569.0,4584496272.75,4584496272.75,None
2016-02-26,'600596,新安股份,7.04,7.1,6.76,6.96,6.89,0.15,2.1771,2.179,14799410,102816227.0,4781459816.32,4781459816.32,None
2016-02-25,'600596,新安股份,6.89,7.64,6.89,7.6,7.66,-0.77,-10.0522,2.5151,17082193,123904639.0,4679582121.37,4679582121.37,None
2016-02-24,'600596,新安股份,7.66,7.69,7.38,7.53,7.56,0.1,1.3228,1.8477,12549138,94447390.0,5202554288.78,5202554288.78,None
2016-02-23,'600596,新安股份,7.56,7.66,7.4,7.65,7.62,-0.06,-0.7874,1.6272,11051610,83094838.0,5134635825.48,5134635825.48,None
2016-02-22,'600596,新安股份,7.62,7.66,7.49,7.5,7.43,0.19,2.5572,1.9059,12944275,98294515.0,5175386903.46,5175386903.46,None
2016-02-19,'600596,新安股份,7.43,7.47,7.31,7.36,7.4,0.03,0.4054,1.2428,8440733,62419358.0,5046341823.19,5046341823.19,None
2016-02-18,'600596,新安股份,7.4,7.53,7.36,7.48,7.43,-0.03,-0.4038,1.5495,10524100,78175564.0,5025966284.2,5025966284.2,None
2016-02-17,'600596,新安股份,7.43,7.49,7.25,7.4,7.4,0.03,0.4054,1.9552,13279633,97963987.0,5046341823.19,5046341823.19,None
2016-02-16,'600596,新安股份,7.4,7.42,7.07,7.08,7.03,0.37,5.2632,1.7195,11678361,85228915.0,5025966284.2,5025966284.2,None
2016-02-15,'600596,新安股份,7.03,7.11,6.83,6.9,7.12,-0.09,-1.264,0.9438,6410443,44642651.0,4774667969.99,4774667969.99,None
2016-02-05,'600596,新安股份,7.12,7.3,7.11,7.22,7.19,-0.07,-0.9736,1.2245,8316602,59963277.0,4835794586.96,4835794586.96,None
2016-02-04,'600596,新安股份,7.19,7.29,7.01,7.02,7.07,0.12,1.6973,1.202,8163910,58714769.0,4883337511.27,4883337511.27,None
2016-02-03,'600596,新安股份,7.07,7.1,6.78,6.96,7.08,-0.01,-0.1412,1.2281,8341406,57956797.0,4801835355.31,4801835355.31,None
2016-02-02,'600596,新安股份,7.08,7.1,6.8,6.81,6.81,0.27,3.9648,1.3623,9252807,64717132.0,4808627201.64,4808627201.64,None
2016-02-01,'600596,新安股份,6.81,6.96,6.65,6.87,6.87,-0.06,-0.8734,1.2897,8759172,59718463.0,4625247350.73,4625247350.73,None
2016-01-29,'600596,新安股份,6.87,6.92,6.45,6.61,6.59,0.28,4.2489,1.6895,11474589,77617768.0,4665998428.71,4665998428.71,None
2016-01-28,'600596,新安股份,6.59,6.98,6.51,6.77,6.79,-0.2,-2.9455,1.7972,12206629,83127068.0,4475826731.47,4475826731.47,None
2016-01-27,'600596,新安股份,6.79,6.85,6.32,6.76,6.68,0.11,1.6467,2.0909,14200796,94561401.0,4611663658.07,4611663658.07,None
2016-01-26,'600596,新安股份,6.68,7.34,6.63,7.21,7.34,-0.66,-8.9918,2.067,14038593,98525547.0,4536953348.44,4536953348.44,None
2016-01-25,'600596,新安股份,7.34,7.42,7.23,7.3,7.22,0.12,1.662,1.1483,7798811,57130669.0,4985215206.22,4985215206.22,None
2016-01-22,'600596,新安股份,7.22,7.28,6.96,7.21,7.13,0.09,1.2623,1.4488,9840348,70405249.0,4903713050.26,4903713050.26,None
2016-01-21,'600596,新安股份,7.13,7.51,7.1,7.36,7.44,-0.31,-4.1667,1.6999,11545242,84379079.0,4842586433.29,4842586433.29,None
2016-01-20,'600596,新安股份,7.44,7.61,7.35,7.5,7.54,-0.1,-1.3263,1.5435,10483359,78357891.0,5053133669.52,5053133669.52,None
2016-01-19,'600596,新安股份,7.54,7.6,7.18,7.22,7.23,0.31,4.2877,1.9579,13297823,99020375.0,5121052132.82,5121052132.82,None
2016-01-18,'600596,新安股份,7.23,7.35,6.9,6.9,7.11,0.12,1.6878,1.2719,8638752,61933817.0,4910504896.59,4910504896.59,None
2016-01-15,'600596,新安股份,7.11,7.51,6.9,7.42,7.46,-0.35,-4.6917,1.7883,12145855,87626544.0,4829002740.63,4829002740.63,None
2016-01-14,'600596,新安股份,7.46,7.54,6.81,6.93,7.19,0.27,3.7552,1.9471,13224125,95357273.0,5066717362.18,5066717362.18,None
2016-01-13,'600596,新安股份,7.19,7.69,7.07,7.55,7.52,-0.33,-4.3883,1.7877,12141920,90667715.0,4883337511.27,4883337511.27,None
2016-01-12,'600596,新安股份,7.52,7.6,7.21,7.39,7.37,0.15,2.0353,2.0501,13923749,103687155.0,5107468440.16,5107468440.16,None
2016-01-11,'600596,新安股份,7.37,8.15,7.29,8.0,8.1,-0.73,-9.0123,2.5673,17436530,135364656.0,5005590745.21,5005590745.21,None
2016-01-08,'600596,新安股份,8.1,8.3,7.58,8.05,8.03,0.07,0.8717,3.7658,25576408,205776144.0,5501395527.3,5501395527.3,None
2016-01-07,'600596,新安股份,8.03,8.82,8.03,8.82,8.92,-0.89,-9.9776,0.8029,5453000,45189855.0,5453852602.99,5453852602.99,None
2016-01-06,'600596,新安股份,8.92,8.97,8.73,8.8,8.74,0.18,2.0595,2.0444,13885488,123177928.0,6058326926.36,6058326926.36,None
2016-01-05,'600596,新安股份,8.74,9.18,8.29,8.68,9.18,-0.44,-4.793,3.3384,22674153,199330941.0,5936073692.42,5936073692.42,None
2016-01-04,'600596,新安股份,9.18,10.22,9.18,10.2,10.2,-1.02,-10.0,1.913,12992581,124671247.0,6234914930.94,6234914930.94,None
