日期,股票代码,名称,收盘价,最高价,最低价,开盘价,前收盘,涨跌额,涨跌幅,换手率,成交量,成交金额,总市值,流通市值,成交笔数
2016-10-12,'601677,明泰铝业,15.77,16.14,15.72,16.13,16.02,-0.25,-1.5605,0.6049,2466356,39093183.0,7613062120.0,6429466848.0,None
2016-10-11,'601677,明泰铝业,16.02,16.04,15.81,15.98,15.98,0.04,0.2503,0.8491,3461829,55068088.0,7733751120.0,6531392448.0,None
2016-10-10,'601677,明泰铝业,15.98,16.25,15.69,16.25,16.06,-0.08,-0.4981,0.8121,3310931,52496037.0,7714440880.0,6515084352.0,None
2016-09-30,'601677,明泰铝业,16.06,16.22,15.99,16.16,16.18,-0.12,-0.7417,0.4969,2025677,32536252.0,7753061360.0,6547700544.0,None
2016-09-29,'601677,明泰铝业,16.18,16.31,16.0,16.15,16.23,-0.05,-0.3081,0.4745,1934562,31275648.0,7810992080.0,6596624832.0,None
2016-09-28,'601677,明泰铝业,16.23,16.69,16.2,16.45,16.46,-0.23,-1.3973,0.7773,3169014,52153311.0,7835129880.0,6617009952.0,None
2016-09-27,'601677,明泰铝业,16.46,16.49,15.88,16.0,16.14,0.32,1.9827,0.7513,3062890,49528498.0,7946163760.0,6710781504.0,None
2016-09-26,'601677,明泰铝业,16.14,16.32,15.92,16.15,16.11,0.03,0.1862,0.7775,3170073,51022293.0,7791681840.0,6580316736.0,None
2016-09-23,'601677,明泰铝业,16.11,16.61,16.1,16.45,16.53,-0.42,-2.5408,0.5935,2419688,39398666.0,7777199160.0,6568085664.0,None
2016-09-22,'601677,明泰铝业,16.53,16.77,16.36,16.68,16.62,-0.09,-0.5415,0.897,3656986,60304499.0,7979956680.0,6739320672.0,None
2016-09-21,'601677,明泰铝业,16.62,16.65,16.17,16.17,16.17,0.45,2.7829,1.0398,4239128,69996841.0,8023404720.0,6776013888.0,None
2016-09-20,'601677,明泰铝业,16.17,16.4,16.04,16.31,16.36,-0.19,-1.1614,0.4251,1733036,27992291.0,7806164520.0,6592547808.0,None
2016-09-19,'601677,明泰铝业,16.36,16.57,15.97,16.37,16.34,0.02,0.1224,1.0205,4160702,67733557.0,7897888160.0,6670011264.0,None
2016-09-14,'601677,明泰铝业,16.34,16.42,15.62,15.77,15.77,0.57,3.6145,0.9947,4055374,65680767.0,7888233040.0,6661857216.0,None
2016-09-13,'601677,明泰铝业,15.77,15.96,15.5,15.62,15.54,0.23,1.4801,0.5447,2220664,35064408.0,7613062120.0,6429466848.0,None
2016-09-12,'601677,明泰铝业,15.54,15.78,15.48,15.78,16.09,-0.55,-3.4183,0.7559,3081747,48035225.0,7502028240.0,6335695296.0,None
2016-09-09,'601677,明泰铝业,16.09,16.6,16.01,16.56,16.71,-0.62,-3.7104,0.7037,2869058,46893983.0,7767544040.0,6559931616.0,None
2016-09-08,'601677,明泰铝业,16.71,16.76,16.3,16.4,16.54,0.17,1.0278,0.7984,3254995,53646154.0,8066852760.0,6812707104.0,None
2016-09-07,'601677,明泰铝业,16.54,16.77,16.38,16.6,16.85,-0.31,-1.8398,1.5854,6463567,107022853.0,7984784240.0,6743397696.0,None
2016-09-06,'601677,明泰铝业,16.85,17.19,16.35,16.35,15.96,0.89,5.5764,2.8945,11800971,196886372.0,8134438600.0,6869785440.0,None
2016-09-05,'601677,明泰铝业,15.96,16.1,15.68,15.68,15.61,0.35,2.2422,0.8354,3405817,54192442.0,7704785760.0,6506930304.0,None
2016-09-02,'601677,明泰铝业,15.61,16.05,15.45,15.52,15.57,0.04,0.2569,0.9228,3762101,59377778.0,7535821160.0,6364234464.0,None
2016-09-01,'601677,明泰铝业,15.57,15.77,15.11,15.3,15.38,0.19,1.2354,1.1986,4886679,76141664.0,7516510920.0,6347926368.0,None
2016-08-31,'601677,明泰铝业,15.38,15.48,15.08,15.08,15.1,0.28,1.8543,0.5837,2379889,36435257.0,7424787280.0,6270462912.0,None
2016-08-30,'601677,明泰铝业,15.1,15.6,14.96,15.41,15.51,-0.41,-2.6435,1.1371,4635879,70150003.0,7289615600.0,6156306240.0,None
2016-08-29,'601677,明泰铝业,15.51,15.71,15.37,15.4,15.57,-0.06,-0.3854,0.4965,2024375,31490346.0,7487545560.0,6323464224.0,None
2016-08-26,'601677,明泰铝业,15.57,15.82,15.38,15.41,15.35,0.22,1.4332,0.702,2862217,44768269.0,7516510920.0,6347926368.0,None
2016-08-25,'601677,明泰铝业,15.35,15.37,15.0,15.36,15.4,-0.05,-0.3247,0.3529,1438901,21841098.0,7410304600.0,6258231840.0,None
2016-08-24,'601677,明泰铝业,15.4,15.49,15.25,15.26,15.27,0.13,0.8513,0.4631,1888212,29047839.0,7434442400.0,6278616960.0,None
2016-08-23,'601677,明泰铝业,15.27,15.71,15.2,15.5,15.46,-0.19,-1.229,0.6293,2565801,39756705.0,7371684120.0,6225615648.0,None
2016-08-22,'601677,明泰铝业,15.46,16.0,15.45,15.96,16.02,-0.56,-3.4956,0.6995,2851800,44681647.0,7463407760.0,6303079104.0,None
2016-08-19,'601677,明泰铝业,16.02,16.14,15.68,15.95,15.95,0.07,0.4389,0.5385,2195381,34905723.0,7733751120.0,6531392448.0,None
2016-08-18,'601677,明泰铝业,15.95,16.23,15.88,16.12,16.12,-0.17,-1.0546,0.6868,2800119,44840005.0,7699958200.0,6502853280.0,None
2016-08-17,'601677,明泰铝业,16.12,16.26,15.9,16.17,16.1,0.02,0.1242,0.661,2695002,43230993.0,7782026720.0,6572162688.0,None
2016-08-16,'601677,明泰铝业,16.1,16.5,15.99,16.25,16.18,-0.08,-0.4944,1.0647,4340808,70208648.0,7772371600.0,6564008640.0,None
2016-08-15,'601677,明泰铝业,16.18,16.49,15.51,15.73,15.57,0.61,3.9178,1.3761,5610234,90230849.0,7810992080.0,6596624832.0,None
2016-08-12,'601677,明泰铝业,15.57,15.73,15.19,15.73,15.66,-0.09,-0.5747,0.862,3514235,54217138.0,7516510920.0,6347926368.0,None
2016-08-11,'601677,明泰铝业,15.66,16.39,15.61,16.08,15.98,-0.32,-2.0025,1.5263,6222930,100040708.0,7559958960.0,6384619584.0,None
2016-08-10,'601677,明泰铝业,15.98,16.16,15.28,15.64,15.59,0.39,2.5016,1.2154,4955239,78056191.0,7714440880.0,6515084352.0,None
2016-08-09,'601677,明泰铝业,15.59,15.8,15.38,15.4,15.5,0.09,0.5806,0.5933,2419058,37715136.0,7526166040.0,6356080416.0,None
2016-08-08,'601677,明泰铝业,15.5,15.64,14.82,14.88,15.0,0.5,3.3333,0.9405,3834332,58837229.0,7482718000.0,6319387200.0,None
2016-08-05,'601677,明泰铝业,15.0,15.24,14.72,14.8,15.19,-0.19,-1.2508,0.8242,3360138,50015490.0,7241340000.0,6115536000.0,None
2016-08-04,'601677,明泰铝业,15.19,15.55,15.17,15.21,15.27,-0.08,-0.5239,0.6371,2597601,39797327.0,7333063640.0,6192999456.0,None
2016-08-03,'601677,明泰铝业,15.27,15.8,15.02,15.03,15.18,0.09,0.5929,0.6528,2661506,40874396.0,7371684120.0,6225615648.0,None
2016-08-02,'601677,明泰铝业,15.18,15.4,14.92,14.92,15.18,0.0,0.0,0.5096,2077512,31642243.0,7328236080.0,6188922432.0,None
2016-08-01,'601677,明泰铝业,15.18,15.4,14.33,14.9,14.9,0.28,1.8792,0.9987,4071755,61146873.0,7328236080.0,6188922432.0,None
2016-07-29,'601677,明泰铝业,14.9,15.06,14.7,14.99,14.99,-0.09,-0.6004,0.5316,2167379,32241970.0,7193064400.0,6074765760.0,None
2016-07-28,'601677,明泰铝业,14.99,15.17,14.51,15.0,14.93,0.06,0.4019,1.3198,5380785,79657889.0,7236512440.0,6111458976.0,None
2016-07-27,'601677,明泰铝业,14.93,16.41,14.69,16.29,16.14,-1.21,-7.4969,2.3005,9379317,144981400.0,7207547080.0,6086996832.0,None
2016-07-26,'601677,明泰铝业,16.14,16.16,15.82,15.86,15.85,0.29,1.8297,0.6543,2667486,42846767.0,7791681840.0,6580316736.0,None
2016-07-25,'601677,明泰铝业,15.85,16.07,15.5,15.76,15.78,0.07,0.4436,1.0665,4348214,68880185.0,7651682600.0,6462083040.0,None
2016-07-22,'601677,明泰铝业,15.78,16.41,15.68,16.33,16.25,-0.47,-2.8923,1.2188,4969151,79281756.0,7617889680.0,6433543872.0,None
2016-07-21,'601677,明泰铝业,16.25,16.6,16.01,16.29,16.23,0.02,0.1232,1.2844,5236594,85540140.0,7844785000.0,6625164000.0,None
2016-07-20,'601677,明泰铝业,16.23,16.57,16.08,16.19,16.15,0.08,0.4954,1.1368,4634780,75582529.0,7835129880.0,6617009952.0,None
2016-07-19,'601677,明泰铝业,16.15,16.5,15.86,16.11,16.26,-0.11,-0.6765,1.0665,4348130,69770225.0,7796509400.0,6584393760.0,None
2016-07-18,'601677,明泰铝业,16.26,17.01,16.06,17.0,17.01,-0.75,-4.4092,1.6575,6757724,110886420.0,7849612560.0,6629241024.0,None
2016-07-15,'601677,明泰铝业,17.01,17.18,16.38,16.46,16.44,0.57,3.4672,2.5241,10290789,173332221.0,8211679560.0,6935017824.0,None
2016-07-14,'601677,明泰铝业,16.44,16.6,16.27,16.55,16.46,-0.02,-0.1215,1.3103,5342253,87818927.0,7936508640.0,6702627456.0,None
2016-07-13,'601677,明泰铝业,16.46,16.85,16.21,16.71,16.79,-0.33,-1.9655,2.1203,8644667,142816066.0,7946163760.0,6710781504.0,None
2016-07-12,'601677,明泰铝业,16.79,16.89,15.88,16.5,16.6,0.19,1.1446,2.2677,9245569,151224762.0,8105473240.0,6845323296.0,None
2016-07-11,'601677,明泰铝业,16.6,17.49,16.38,17.01,17.01,-0.41,-2.4103,2.1785,8881899,150515365.0,8013749600.0,6767859840.0,None
2016-07-08,'601677,明泰铝业,17.01,17.5,17.0,17.16,17.57,-0.56,-3.1873,2.7423,11180300,192741775.0,8211679560.0,6935017824.0,None
2016-07-07,'601677,明泰铝业,17.57,17.97,15.72,16.12,16.34,1.23,7.5275,6.1276,24982433,425840544.0,8482022920.0,7163331168.0,None
2016-07-06,'601677,明泰铝业,16.34,16.99,15.5,15.74,15.86,0.48,3.0265,3.4826,14198452,229324137.0,7888233040.0,6661857216.0,None
2016-07-05,'601677,明泰铝业,15.86,16.35,15.4,16.3,14.88,0.98,6.586,5.2582,21437640,337556315.0,7656510160.0,6466160064.0,None
2016-07-04,'601677,明泰铝业,14.88,14.88,13.61,13.72,13.53,1.35,9.9778,3.3491,13654322,200102020.0,7183409280.0,6066611712.0,None
2016-07-01,'601677,明泰铝业,13.53,13.77,13.31,13.34,13.34,0.19,1.4243,0.8503,3466523,47002861.0,6531688680.0,5516213472.0,None
2016-06-30,'601677,明泰铝业,13.34,13.42,13.23,13.4,13.35,-0.01,-0.0749,0.4822,1966048,26242332.0,6439965040.0,5438750016.0,None
2016-06-29,'601677,明泰铝业,13.35,13.65,13.3,13.41,13.41,-0.06,-0.4474,0.4499,1834301,24575064.0,6444792600.0,5442827040.0,None
2016-06-28,'601677,明泰铝业,13.41,13.45,13.23,13.25,13.41,0.0,0.0,0.6084,2480449,33060085.0,6473757960.0,5467289184.0,None
2016-06-27,'601677,明泰铝业,13.41,13.45,12.92,12.92,13.12,0.29,2.2104,0.8492,3462021,46322698.0,6473757960.0,5467289184.0,None
2016-06-24,'601677,明泰铝业,13.12,13.48,12.88,13.2,13.29,-0.17,-1.2792,0.7986,3256024,42933361.0,6333758720.0,5349055488.0,None
2016-06-23,'601677,明泰铝业,13.29,13.43,13.08,13.18,13.23,0.06,0.4535,0.8131,3315055,43859057.0,6415827240.0,5418364896.0,None
2016-06-22,'601677,明泰铝业,13.23,13.26,12.82,12.85,12.92,0.31,2.3994,1.0615,4327631,56895989.0,6386861880.0,5393902752.0,None
2016-06-21,'601677,明泰铝业,12.92,13.07,12.68,12.86,12.75,0.17,1.3333,0.7128,2906026,37413068.0,6237207520.0,5267515008.0,None
2016-06-20,'601677,明泰铝业,12.75,12.82,12.5,12.61,12.68,0.07,0.5521,0.5009,2041981,25856548.0,6155139000.0,5198205600.0,None
2016-06-17,'601677,明泰铝业,12.68,12.93,12.55,12.68,12.73,-0.05,-0.3928,0.6007,2449023,31299758.0,6121346080.0,5169666432.0,None
2016-06-16,'601677,明泰铝业,12.73,12.98,12.51,12.75,12.58,0.15,1.1924,0.7912,3225713,41317677.0,6145483880.0,5190051552.0,None
2016-06-15,'601677,明泰铝业,12.58,12.7,12.12,12.2,12.22,0.36,2.946,0.4669,1903418,23851908.0,6073070480.0,5128896192.0,None
2016-06-14,'601677,明泰铝业,12.22,12.32,12.11,12.11,12.23,-0.01,-0.0818,0.2989,1218597,14892080.0,5899278320.0,4982123328.0,None
2016-06-13,'601677,明泰铝业,12.23,12.7,12.2,12.7,12.79,-0.56,-4.3784,0.6569,2678050,33549051.0,5904105880.0,4986200352.0,None
2016-06-08,'601677,明泰铝业,12.79,12.9,12.63,12.81,12.9,-0.11,-0.8527,0.4801,1957551,25027848.0,6174449240.0,5214513696.0,None
2016-06-07,'601677,明泰铝业,12.9,12.95,12.81,12.81,12.81,0.09,0.7026,0.4038,1646254,21247087.0,6227552400.0,5259360960.0,None
2016-06-06,'601677,明泰铝业,12.81,13.14,12.76,13.04,13.04,-0.23,-1.7638,0.6361,2593475,33466810.0,6184104360.0,5222667744.0,None
2016-06-03,'601677,XD明泰铝,13.04,13.18,12.92,13.15,13.14,-0.1,-0.761,0.7573,3087537,40277424.0,6295138240.0,5316439296.0,None
2016-06-02,'601677,明泰铝业,13.25,13.3,12.9,13.03,13.09,0.16,1.2223,0.993,4048375,53090549.0,6396517000.0,5402056800.0,None
2016-06-01,'601677,明泰铝业,13.09,13.3,12.98,13.15,13.13,-0.04,-0.3046,1.1081,4517831,59274020.0,6319276040.0,5336824416.0,None
2016-05-31,'601677,明泰铝业,13.13,13.25,12.7,12.7,12.72,0.41,3.2233,1.0754,4384376,56926968.0,6338586280.0,5353132512.0,None
2016-05-30,'601677,明泰铝业,12.72,13.06,12.7,12.88,12.97,-0.25,-1.9275,0.878,3579637,45985804.0,6140656320.0,5185974528.0,None
2016-05-27,'601677,明泰铝业,12.97,13.5,12.91,13.0,13.41,-0.44,-3.2811,1.7272,7041685,92498879.0,6261345320.0,5287900128.0,None
2016-05-26,'601677,明泰铝业,13.41,13.44,12.35,12.35,12.22,1.19,9.7381,2.1333,8697718,111793476.0,6473757960.0,5467289184.0,None
2016-05-25,'601677,明泰铝业,12.22,12.45,11.8,11.8,11.79,0.43,3.6472,0.9139,3725856,45521297.0,5899278320.0,4982123328.0,None
2016-05-24,'601677,明泰铝业,11.79,12.07,11.61,11.97,11.97,-0.18,-1.5038,0.3622,1476599,17368874.0,5691693240.0,4806811296.0,None
2016-05-23,'601677,明泰铝业,11.97,12.1,11.8,11.85,11.77,0.2,1.6992,0.3693,1505553,18043160.0,5778589320.0,4880197728.0,None
2016-05-20,'601677,明泰铝业,11.77,11.81,11.5,11.71,11.69,0.08,0.6843,0.265,1080464,12658756.0,5682038120.0,4798657248.0,None
2016-05-19,'601677,明泰铝业,11.69,11.9,11.64,11.7,11.69,0.0,0.0,0.3811,1553626,18315584.0,5643417640.0,4766041056.0,None
2016-05-18,'601677,明泰铝业,11.69,12.09,11.58,12.01,12.1,-0.41,-3.3884,0.4207,1715140,20185410.0,5643417640.0,4766041056.0,None
2016-05-17,'601677,明泰铝业,12.1,12.34,12.02,12.2,12.1,0.0,0.0,0.4704,1917803,23307089.0,5841347600.0,4933199040.0,None
2016-05-16,'601677,明泰铝业,12.1,12.12,11.73,11.96,11.91,0.19,1.5953,0.4425,1804071,21542173.0,5841347600.0,4933199040.0,None
2016-05-13,'601677,明泰铝业,11.91,12.24,11.72,11.92,12.08,-0.17,-1.4073,0.4672,1904716,22836228.0,5749623960.0,4855735584.0,None
2016-05-12,'601677,明泰铝业,12.08,12.18,11.6,11.91,11.98,0.1,0.8347,0.5252,2141392,25412427.0,5831692480.0,4925044992.0,None
2016-05-11,'601677,明泰铝业,11.98,12.48,11.9,12.35,12.25,-0.27,-2.2041,0.9973,4065926,49066513.0,5783416880.0,4884274752.0,None
2016-05-10,'601677,明泰铝业,12.25,12.74,12.1,12.54,12.65,-0.4,-3.1621,0.5908,2408512,29911931.0,5913761000.0,4994354400.0,None
2016-05-09,'601677,明泰铝业,12.65,13.18,12.6,13.03,13.01,-0.36,-2.7671,0.567,2311677,29843802.0,6106863400.0,5157435360.0,None
2016-05-06,'601677,明泰铝业,13.01,13.71,12.97,13.58,13.58,-0.57,-4.1973,0.7314,2981752,39547224.0,6280655560.0,5304208224.0,None
2016-05-05,'601677,明泰铝业,13.58,13.6,13.34,13.34,13.39,0.19,1.419,0.5026,2049166,27696090.0,6555826480.0,5536598592.0,None
2016-05-04,'601677,明泰铝业,13.39,13.54,13.2,13.3,13.3,0.09,0.6767,0.5757,2347325,31544627.0,6464102840.0,5459135136.0,None
2016-05-03,'601677,明泰铝业,13.3,13.42,12.9,12.98,12.96,0.34,2.6235,0.6054,2468160,32612542.0,6420654800.0,5422441920.0,None
2016-04-29,'601677,明泰铝业,12.96,13.08,12.9,13.07,12.95,0.01,0.0772,0.4212,1717355,22334868.0,6256517760.0,5283823104.0,None
2016-04-28,'601677,明泰铝业,12.95,13.09,12.71,13.08,13.0,-0.05,-0.3846,0.5182,2112512,27329173.0,6251690200.0,5279746080.0,None
2016-04-27,'601677,明泰铝业,13.0,13.3,12.95,13.22,13.19,-0.19,-1.4405,0.6404,2610804,34257351.0,6275828000.0,5300131200.0,None
2016-04-26,'601677,明泰铝业,13.19,13.21,12.7,12.75,13.06,0.13,0.9954,0.9611,3918540,51053954.0,6367551640.0,5377594656.0,None
2016-04-25,'601677,明泰铝业,13.06,13.1,12.66,12.77,12.86,0.2,1.5552,0.5776,2354898,30371937.0,6304793360.0,5324593344.0,None
2016-04-22,'601677,明泰铝业,12.86,13.0,12.51,13.0,12.95,-0.09,-0.695,0.572,2331915,29669328.0,6208242160.0,5243052864.0,None
2016-04-21,'601677,明泰铝业,12.95,13.51,12.8,12.88,12.84,0.11,0.8567,0.8431,3437408,45211828.0,6251690200.0,5279746080.0,None
2016-04-20,'601677,明泰铝业,12.84,13.73,12.54,13.68,13.53,-0.69,-5.0998,0.8461,3449421,45110674.0,6198587040.0,5234898816.0,None
2016-04-19,'601677,明泰铝业,13.53,13.8,13.4,13.71,13.61,-0.08,-0.5878,0.5151,2100172,28565603.0,6531688680.0,5516213472.0,None
2016-04-18,'601677,明泰铝业,13.61,13.82,13.52,13.68,13.81,-0.2,-1.4482,0.565,2303372,31408153.0,6570309160.0,5548829664.0,None
2016-04-15,'601677,明泰铝业,13.81,13.85,13.4,13.52,13.57,0.24,1.7686,0.921,3755017,51231681.0,6666860360.0,5630370144.0,None
2016-04-14,'601677,明泰铝业,13.57,13.82,13.41,13.59,13.54,0.03,0.2216,0.787,3208727,43473036.0,6550998920.0,5532521568.0,None
2016-04-13,'601677,明泰铝业,13.54,13.85,13.22,13.22,13.16,0.38,2.8875,1.307,5328549,72564640.0,6536516240.0,5520290496.0,None
2016-04-12,'601677,明泰铝业,13.16,13.32,12.94,13.3,13.33,-0.17,-1.2753,0.4658,1899279,24851106.0,6353068960.0,5365363584.0,None
2016-04-11,'601677,明泰铝业,13.33,13.48,13.19,13.2,13.09,0.24,1.8335,0.6319,2576456,34398407.0,6435137480.0,5434672992.0,None
2016-04-08,'601677,明泰铝业,13.09,13.25,12.93,13.13,13.25,-0.16,-1.2075,0.41,1671674,21834525.0,6319276040.0,5336824416.0,None
2016-04-07,'601677,明泰铝业,13.25,13.6,13.2,13.45,13.39,-0.14,-1.0456,0.6303,2569851,34385861.0,6396517000.0,5402056800.0,None
2016-04-06,'601677,明泰铝业,13.39,13.7,13.3,13.55,13.6,-0.21,-1.5441,0.7638,3114122,42038968.0,6464102840.0,5459135136.0,None
2016-04-05,'601677,明泰铝业,13.6,13.75,13.38,13.5,13.49,0.11,0.8154,0.9979,4068595,55233232.0,6565481600.0,5544752640.0,None
2016-04-01,'601677,明泰铝业,13.49,13.5,13.18,13.29,13.27,0.22,1.6579,0.8059,3285755,43902050.0,6512378440.0,5499905376.0,None
2016-03-31,'601677,明泰铝业,13.27,13.47,13.21,13.41,13.47,-0.2,-1.4848,0.7167,2921860,38855497.0,6406172120.0,5410210848.0,None
2016-03-30,'601677,明泰铝业,13.47,13.49,13.0,13.0,13.02,0.45,3.4562,0.9389,3828092,50834597.0,6502723320.0,5491751328.0,None
2016-03-29,'601677,明泰铝业,13.02,13.2,12.72,12.99,12.95,0.07,0.5405,0.7052,2875066,37573375.0,6285483120.0,5308285248.0,None
2016-03-28,'601677,明泰铝业,12.95,13.17,12.88,12.93,13.03,-0.08,-0.614,0.4677,1907001,24855290.0,6251690200.0,5279746080.0,None
2016-03-25,'601677,明泰铝业,13.03,13.09,12.86,12.86,12.87,0.16,1.2432,0.323,1317074,17096477.0,6290310680.0,5312362272.0,None
2016-03-24,'601677,明泰铝业,12.87,13.1,12.75,12.97,13.02,-0.15,-1.1521,0.502,2046652,26465267.0,6213069720.0,5247129888.0,None
2016-03-23,'601677,明泰铝业,13.02,13.1,12.87,12.95,12.95,0.07,0.5405,0.5175,2109917,27412829.0,6285483120.0,5308285248.0,None
2016-03-22,'601677,明泰铝业,12.95,13.19,12.87,13.19,13.2,-0.25,-1.8939,0.7053,2875530,37330737.0,6251690200.0,5279746080.0,None
2016-03-21,'601677,明泰铝业,13.2,13.22,12.75,12.8,12.79,0.41,3.2056,0.9264,3777127,49168931.0,6372379200.0,5381671680.0,None
2016-03-18,'601677,明泰铝业,12.79,12.81,12.41,12.41,12.38,0.41,3.3118,0.7991,3257941,41264388.0,6174449240.0,5214513696.0,None
2016-03-17,'601677,明泰铝业,12.38,12.44,12.13,12.37,12.14,0.24,1.9769,0.4872,1986254,24463374.0,5976519280.0,5047355712.0,None
2016-03-16,'601677,明泰铝业,12.14,12.41,12.08,12.31,12.35,-0.21,-1.7004,0.3206,1307146,15996365.0,5860657840.0,4949507136.0,None
2016-03-15,'601677,明泰铝业,12.35,12.64,12.21,12.32,12.37,-0.02,-0.1617,0.446,1818154,22602259.0,5962036600.0,5035124640.0,None
2016-03-14,'601677,明泰铝业,12.37,12.55,12.15,12.15,12.06,0.31,2.5705,0.4682,1908883,23700616.0,5971691720.0,5043278688.0,None
2016-03-11,'601677,明泰铝业,12.06,12.19,11.86,11.9,12.06,0.0,0.0,0.3313,1350819,16211449.0,5822037360.0,4916890944.0,None
2016-03-10,'601677,明泰铝业,12.06,12.47,12.0,12.41,12.39,-0.33,-2.6634,0.7224,2945063,35841433.0,5822037360.0,4916890944.0,None
2016-03-09,'601677,明泰铝业,12.39,12.69,12.22,12.6,13.1,-0.71,-5.4198,0.8981,3661526,45493341.0,5981346840.0,5051432736.0,None
2016-03-08,'601677,明泰铝业,13.1,13.38,12.6,13.38,13.25,-0.15,-1.1321,0.8391,3420851,44267341.0,6324103600.0,5340901440.0,None
2016-03-07,'601677,明泰铝业,13.25,13.41,12.98,13.13,12.94,0.31,2.3957,0.8508,3468650,45720672.0,6396517000.0,5402056800.0,None
2016-03-04,'601677,明泰铝业,12.94,13.56,12.6,13.34,13.34,-0.4,-2.9985,1.0583,4314522,56866297.0,6246862640.0,5275669056.0,None
2016-03-03,'601677,明泰铝业,13.34,14.09,13.31,13.5,13.55,-0.21,-1.5498,1.2778,5209688,71273195.0,6439965040.0,5438750016.0,None
2016-03-02,'601677,明泰铝业,13.55,14.0,12.71,12.85,12.9,0.65,5.0388,1.7437,7109026,95264246.0,6541343800.0,5524367520.0,None
2016-03-01,'601677,明泰铝业,12.9,12.94,12.16,12.51,12.63,0.27,2.1378,1.4446,5889692,73886182.0,6227552400.0,5259360960.0,None
2016-02-29,'601677,明泰铝业,12.63,13.48,12.14,12.2,12.25,0.38,3.102,1.3228,5393254,69083383.0,6097208280.0,5149281312.0,None
2016-02-26,'601677,明泰铝业,12.25,12.43,12.01,12.19,12.01,0.24,1.9983,0.3618,1475230,17981930.0,5913761000.0,4994354400.0,None
2016-02-25,'601677,明泰铝业,12.01,13.3,11.89,13.21,13.21,-1.2,-9.084,0.7031,2866723,35890465.0,5797899560.0,4896505824.0,None
2016-02-24,'601677,明泰铝业,13.21,13.35,13.0,13.22,13.31,-0.1,-0.7513,0.4129,1683297,22183528.0,6377206760.0,5385748704.0,None
2016-02-23,'601677,明泰铝业,13.31,13.55,13.12,13.3,13.35,-0.04,-0.2996,0.6546,2669011,35487709.0,6425482360.0,5426518944.0,None
2016-02-22,'601677,明泰铝业,13.35,13.39,13.1,13.15,13.11,0.24,1.8307,0.7154,2916799,38656930.0,6444792600.0,5442827040.0,None
2016-02-19,'601677,明泰铝业,13.11,13.28,13.0,13.28,13.08,0.03,0.2294,0.6673,2720743,35624614.0,6328931160.0,5344978464.0,None
2016-02-18,'601677,明泰铝业,13.08,13.46,12.97,13.06,13.08,0.0,0.0,0.7663,3124075,41240599.0,6314448480.0,5332747392.0,None
2016-02-17,'601677,明泰铝业,13.08,13.2,12.77,13.02,13.16,-0.08,-0.6079,0.5289,2156247,27970377.0,6314448480.0,5332747392.0,None
2016-02-16,'601677,明泰铝业,13.16,13.2,12.68,12.68,12.83,0.33,2.5721,0.5804,2366180,30860158.0,6353068960.0,5365363584.0,None
2016-02-15,'601677,明泰铝业,12.83,13.09,12.12,12.38,12.66,0.17,1.3428,0.4079,1662824,21014928.0,6193759480.0,5230821792.0,None
2016-02-05,'601677,明泰铝业,12.66,13.25,12.56,12.95,12.9,-0.24,-1.8605,0.4839,1972896,25472697.0,6111690960.0,5161512384.0,None
2016-02-04,'601677,明泰铝业,12.9,13.27,12.4,12.48,12.37,0.53,4.2846,0.6085,2480916,32153824.0,6227552400.0,5259360960.0,None
2016-02-03,'601677,明泰铝业,12.37,12.43,12.12,12.19,12.34,0.03,0.2431,0.2462,1003610,12341056.0,5971691720.0,5043278688.0,None
2016-02-02,'601677,明泰铝业,12.34,12.42,11.9,11.9,11.91,0.43,3.6104,0.3253,1326124,16254301.0,5957209040.0,5031047616.0,None
2016-02-01,'601677,明泰铝业,11.91,12.5,11.75,11.96,11.96,-0.05,-0.4181,0.3947,1609283,19473745.0,5749623960.0,4855735584.0,None
2016-01-29,'601677,明泰铝业,11.96,12.1,11.55,11.98,11.54,0.42,3.6395,0.3069,1251130,14913115.0,5773761760.0,4876120704.0,None
2016-01-28,'601677,明泰铝业,11.54,12.27,11.5,12.08,12.14,-0.6,-4.9423,0.3885,1583722,18958475.0,5571004240.0,4704885696.0,None
2016-01-27,'601677,明泰铝业,12.14,12.35,11.5,11.94,11.79,0.35,2.9686,0.4212,1717197,20365835.0,5860657840.0,4949507136.0,None
2016-01-26,'601677,明泰铝业,11.79,12.82,11.76,12.6,12.89,-1.1,-8.5337,0.5124,2088893,25727850.0,5691693240.0,4806811296.0,None
2016-01-25,'601677,明泰铝业,12.89,13.09,12.78,12.9,12.77,0.12,0.9397,0.3254,1326661,17181738.0,6222724840.0,5255283936.0,None
2016-01-22,'601677,明泰铝业,12.77,12.8,12.2,12.5,12.4,0.37,2.9839,0.4238,1727713,21734384.0,6164794120.0,5206359648.0,None
2016-01-21,'601677,明泰铝业,12.4,12.83,12.4,12.6,12.79,-0.39,-3.0493,0.4822,1965971,24765952.0,5986174400.0,5055509760.0,None
2016-01-20,'601677,明泰铝业,12.79,12.99,12.51,12.7,12.74,0.05,0.3925,0.4914,2003618,25615504.0,6174449240.0,5214513696.0,None
2016-01-19,'601677,明泰铝业,12.74,12.78,12.09,12.1,12.16,0.58,4.7697,0.5363,2186452,27404394.0,6150311440.0,5194128576.0,None
2016-01-18,'601677,明泰铝业,12.16,12.44,11.7,12.0,12.11,0.05,0.4129,0.4652,1896783,23129339.0,5870312960.0,4957661184.0,None
2016-01-15,'601677,明泰铝业,12.11,13.0,12.01,12.73,12.85,-0.74,-5.7588,0.6095,2485082,30964735.0,5846175160.0,4937276064.0,None
2016-01-14,'601677,明泰铝业,12.85,12.89,12.0,12.3,12.61,0.24,1.9033,0.7795,3177878,39380141.0,6203414600.0,5238975840.0,None
2016-01-13,'601677,明泰铝业,12.61,14.1,12.56,13.86,13.88,-1.27,-9.1499,0.6968,2840771,38389490.0,6087553160.0,5141127264.0,None
2016-01-12,'601677,明泰铝业,13.88,14.67,13.3,14.31,14.4,-0.52,-3.6111,1.4686,5987414,82504018.0,6700653280.0,5658909312.0,None
2016-01-11,'601677,明泰铝业,14.4,15.38,14.22,14.79,15.02,-0.62,-4.1278,2.0782,8472741,126388626.0,6951686400.0,5870914560.0,None
2016-01-08,'601677,明泰铝业,15.02,15.25,13.53,14.55,14.0,1.02,7.2857,1.5993,6520485,95693442.0,7250995120.0,6123690048.0,None
2016-01-07,'601677,明泰铝业,14.0,15.3,13.98,15.3,15.51,-1.51,-9.7357,0.291,1186584,17376373.0,6758584000.0,5707833600.0,None
2016-01-06,'601677,明泰铝业,15.51,15.53,14.41,14.78,14.67,0.84,5.726,1.4133,5761887,86941828.0,7487545560.0,6323464224.0,None
2016-01-05,'601677,明泰铝业,14.67,14.78,13.73,14.0,14.45,0.22,1.5225,1.1325,4617100,66238321.0,7082030520.0,5980994208.0,None
2016-01-04,'601677,明泰铝业,14.45,15.97,14.42,15.97,16.0,-1.55,-9.6875,0.7988,3256925,49577883.0,6975824200.0,5891299680.0,None
