日期,股票代码,名称,收盘价,最高价,最低价,开盘价,前收盘,涨跌额,涨跌幅,换手率,成交量,成交金额,总市值,流通市值,成交笔数
2016-10-12,'600070,浙江富润,14.44,14.46,13.72,13.74,13.82,0.62,4.4863,4.0244,14351517,203645209.0,5149492470.88,5149492470.88,None
2016-10-11,'600070,浙江富润,13.82,14.0,13.72,13.72,13.74,0.08,0.5822,2.3552,8398829,116344172.0,4928392378.64,4928392378.64,None
2016-10-10,'600070,浙江富润,13.74,13.76,13.33,13.4,13.28,0.46,3.4639,2.5919,9243036,125596404.0,4899863334.48,4899863334.48,None
2016-09-30,'600070,浙江富润,13.28,13.3,13.1,13.16,13.23,0.05,0.3779,0.9286,3311536,43739196.0,4735821330.56,4735821330.56,None
2016-09-29,'600070,浙江富润,13.23,13.49,13.19,13.3,13.3,-0.07,-0.5263,1.0739,3829656,51031074.0,4717990677.96,4717990677.96,None
2016-09-28,'600070,浙江富润,13.3,13.45,13.18,13.2,13.17,0.13,0.9871,1.6781,5984409,79678127.0,4742953591.6,4742953591.6,None
2016-09-27,'600070,浙江富润,13.17,13.18,12.93,12.98,12.98,0.19,1.4638,0.6954,2479817,32322355.0,4696593894.84,4696593894.84,None
2016-09-26,'600070,浙江富润,12.98,13.29,12.92,13.1,13.13,-0.15,-1.1424,1.3599,4849482,63502453.0,4628837414.96,4628837414.96,None
2016-09-23,'600070,浙江富润,13.13,13.3,12.95,12.96,12.98,0.15,1.1556,1.8659,6654207,87729399.0,4682329372.76,4682329372.76,None
2016-09-22,'600070,浙江富润,12.98,13.08,12.92,13.06,12.93,0.05,0.3867,0.8448,3012500,39086123.0,4628837414.96,4628837414.96,None
2016-09-21,'600070,浙江富润,12.93,13.04,12.9,12.98,12.9,0.03,0.2326,0.398,1419400,18409939.0,4611006762.36,4611006762.36,None
2016-09-20,'600070,浙江富润,12.9,13.06,12.86,13.0,12.95,-0.05,-0.3861,0.5993,2137300,27672687.0,4600308370.8,4600308370.8,None
2016-09-19,'600070,浙江富润,12.95,13.03,12.73,12.73,12.73,0.22,1.7282,0.9596,3422121,44097599.0,4618139023.4,4618139023.4,None
2016-09-14,'600070,浙江富润,12.73,12.91,12.69,12.75,12.84,-0.11,-0.8567,0.566,2018441,25810740.0,4539684151.96,4539684151.96,None
2016-09-13,'600070,浙江富润,12.84,12.88,12.6,12.68,12.62,0.22,1.7433,0.8195,2922495,37278835.0,4578911587.68,4578911587.68,None
2016-09-12,'600070,浙江富润,12.62,13.1,12.59,13.08,13.25,-0.63,-4.7547,1.7396,6203482,79787111.0,4500456716.24,4500456716.24,None
2016-09-09,'600070,浙江富润,13.25,13.35,13.22,13.29,13.26,-0.01,-0.0754,1.0546,3760913,50002194.0,4725122939.0,4725122939.0,None
2016-09-08,'600070,浙江富润,13.26,13.33,13.18,13.31,13.29,-0.03,-0.2257,0.9085,3239775,42966539.0,4728689069.52,4728689069.52,None
2016-09-07,'600070,浙江富润,13.29,13.47,13.21,13.36,13.37,-0.08,-0.5984,1.2065,4302619,57478005.0,4739387461.08,4739387461.08,None
2016-09-06,'600070,浙江富润,13.37,13.42,13.06,13.18,13.07,0.3,2.2953,1.6533,5895789,78292953.0,4767916505.24,4767916505.24,None
2016-09-05,'600070,浙江富润,13.07,13.33,13.02,13.1,13.07,0.0,0.0,1.2899,4600119,60768486.0,4660932589.64,4660932589.64,None
2016-09-02,'600070,浙江富润,13.07,13.29,12.99,13.28,13.32,-0.25,-1.8769,1.3676,4877006,63954749.0,4660932589.64,4660932589.64,None
2016-09-01,'600070,浙江富润,13.32,13.75,13.04,13.12,13.1,0.22,1.6794,2.326,8294715,110966450.0,4750085852.64,4750085852.64,None
2016-08-31,'600070,浙江富润,13.1,13.33,12.94,13.27,13.28,-0.18,-1.3554,1.3886,4951975,64806146.0,4671630981.2,4671630981.2,None
2016-08-30,'600070,浙江富润,13.28,13.45,13.26,13.43,13.35,-0.07,-0.5243,1.1379,4057862,54138059.0,4735821330.56,4735821330.56,None
2016-08-29,'600070,浙江富润,13.35,13.52,13.27,13.4,13.44,-0.09,-0.6696,1.1566,4124507,55191120.0,4760784244.2,4760784244.2,None
2016-08-26,'600070,浙江富润,13.44,13.58,13.14,13.23,13.28,0.16,1.2048,2.3771,8476931,113572609.0,4792879418.88,4792879418.88,None
2016-08-25,'600070,浙江富润,13.28,13.41,12.91,13.24,13.27,0.01,0.0754,1.5676,5590311,73551785.0,4735821330.56,4735821330.56,None
2016-08-24,'600070,浙江富润,13.27,13.28,13.02,13.04,13.02,0.25,1.9201,1.3928,4966751,65441731.0,4732255200.04,4732255200.04,None
2016-08-23,'600070,浙江富润,13.02,13.22,12.9,13.15,13.22,-0.2,-1.5129,1.5783,5628333,73353479.0,4643101937.04,4643101937.04,None
2016-08-22,'600070,浙江富润,13.22,13.52,13.2,13.32,13.16,0.06,0.4559,1.7348,6186415,82537882.0,4714424547.44,4714424547.44,None
2016-08-19,'600070,浙江富润,13.16,13.5,13.08,13.4,13.33,-0.17,-1.2753,1.773,6322859,83608008.0,4693027764.32,4693027764.32,None
2016-08-18,'600070,浙江富润,13.33,13.34,13.13,13.24,13.26,0.07,0.5279,1.6779,5983611,79271090.0,4753651983.16,4753651983.16,None
2016-08-17,'600070,浙江富润,13.26,13.35,13.0,13.24,13.24,0.02,0.1511,1.4168,5052409,66681099.0,4728689069.52,4728689069.52,None
2016-08-16,'600070,浙江富润,13.24,13.32,13.11,13.15,13.17,0.07,0.5315,1.3984,4986817,65951359.0,4721556808.48,4721556808.48,None
2016-08-15,'600070,浙江富润,13.17,13.49,12.87,12.9,12.95,0.22,1.6988,2.0943,7468539,97993882.0,4696593894.84,4696593894.84,None
2016-08-12,'600070,浙江富润,12.95,13.08,12.52,12.7,12.69,0.26,2.0489,1.1374,4056113,51991884.0,4618139023.4,4618139023.4,None
2016-08-11,'600070,浙江富润,12.69,13.12,12.68,13.09,13.09,-0.4,-3.0558,1.1797,4207068,54226400.0,4525419629.88,4525419629.88,None
2016-08-10,'600070,浙江富润,13.09,13.3,12.87,13.07,13.14,-0.05,-0.3805,1.3102,4672201,61201172.0,4668064850.68,4668064850.68,None
2016-08-09,'600070,浙江富润,13.14,13.16,13.03,13.11,13.09,0.05,0.382,0.7155,2551558,33475712.0,4685895503.28,4685895503.28,None
2016-08-08,'600070,浙江富润,13.09,13.13,12.82,13.0,13.06,0.03,0.2297,1.1175,3985092,51701252.0,4668064850.68,4668064850.68,None
2016-08-05,'600070,浙江富润,13.06,13.2,12.73,13.02,13.02,0.04,0.3072,1.3903,4958112,64349813.0,4657366459.12,4657366459.12,None
2016-08-04,'600070,浙江富润,13.02,13.23,12.93,13.11,13.18,-0.16,-1.214,1.3446,4795146,62548079.0,4643101937.04,4643101937.04,None
2016-08-03,'600070,浙江富润,13.18,13.3,12.51,12.68,12.69,0.49,3.8613,2.298,8194910,105108514.0,4700160025.36,4700160025.36,None
2016-08-02,'600070,浙江富润,12.69,13.3,12.37,13.2,13.2,-0.51,-3.8636,3.2462,11576488,147065806.0,4525419629.88,4525419629.88,None
2016-08-01,'600070,浙江富润,13.2,14.08,13.1,14.05,14.09,-0.89,-6.3165,2.3267,8297419,111161786.0,4707292286.4,4707292286.4,None
2016-07-29,'600070,浙江富润,14.09,14.29,14.03,14.19,14.19,-0.1,-0.7047,0.9406,3354187,47449299.0,5024677902.68,5024677902.68,None
2016-07-28,'600070,浙江富润,14.19,14.22,13.8,13.9,13.93,0.26,1.8665,1.7328,6179335,86809978.0,5060339207.88,5060339207.88,None
2016-07-27,'600070,浙江富润,13.93,14.99,13.5,14.88,14.77,-0.84,-5.6872,3.1511,11237065,161010467.0,4967619814.36,4967619814.36,None
2016-07-26,'600070,浙江富润,14.77,14.78,14.18,14.25,14.21,0.56,3.9409,2.6746,9538060,139631169.0,5267174778.04,5267174778.04,None
2016-07-25,'600070,浙江富润,14.21,14.31,14.01,14.02,14.07,0.14,0.995,1.2367,4410072,62553624.0,5067471468.92,5067471468.92,None
2016-07-22,'600070,浙江富润,14.07,14.15,14.0,14.11,14.11,-0.04,-0.2835,1.0853,3870167,54403611.0,5017545641.64,5017545641.64,None
2016-07-21,'600070,浙江富润,14.11,14.32,14.08,14.27,14.23,-0.12,-0.8433,1.6107,5744016,81351633.0,5031810163.72,5031810163.72,None
2016-07-20,'600070,浙江富润,14.23,14.29,14.13,14.13,14.22,0.01,0.0703,1.4257,5084367,72221820.0,5074603729.96,5074603729.96,None
2016-07-19,'600070,浙江富润,14.22,14.23,14.03,14.15,14.13,0.09,0.6369,1.1726,4181779,59126425.0,5071037599.44,5071037599.44,None
2016-07-18,'600070,浙江富润,14.13,14.59,14.04,14.5,14.59,-0.46,-3.1528,1.8298,6525190,92713813.0,5038942424.76,5038942424.76,None
2016-07-15,'600070,浙江富润,14.59,14.8,14.47,14.54,14.6,-0.01,-0.0685,1.5422,5499599,80418259.0,5202984428.68,5202984428.68,None
2016-07-14,'600070,浙江富润,14.6,14.69,14.48,14.53,14.62,-0.02,-0.1368,1.5995,5704045,83145697.0,5206550559.2,5206550559.2,None
2016-07-13,'600070,浙江富润,14.62,14.89,14.33,14.48,14.42,0.2,1.387,3.177,11329441,165407058.0,5213682820.24,5213682820.24,None
2016-07-12,'600070,浙江富润,14.42,14.63,13.99,14.58,14.51,-0.09,-0.6203,2.7674,9868843,140737352.0,5142360209.84,5142360209.84,None
2016-07-11,'600070,浙江富润,14.51,15.15,14.5,15.1,15.12,-0.61,-4.0344,3.65,13016377,192311961.0,5174455384.52,5174455384.52,None
2016-07-08,'600070,浙江富润,15.12,15.76,14.92,15.51,15.56,-0.44,-2.8278,4.2066,15001254,230274247.0,5391989346.24,5391989346.24,None
2016-07-07,'600070,浙江富润,15.56,16.07,15.51,15.78,15.83,-0.27,-1.7056,3.0868,11007769,173256049.0,5548899089.12,5548899089.12,None
2016-07-06,'600070,浙江富润,15.83,16.13,15.63,15.85,15.99,-0.16,-1.0006,3.1068,11079364,176157361.0,5645184613.16,5645184613.16,None
2016-07-05,'600070,浙江富润,15.99,16.18,15.15,15.15,15.03,0.96,6.3872,6.973,24866625,392776495.0,5702242701.48,5702242701.48,None
2016-07-04,'600070,浙江富润,15.03,15.05,14.45,14.5,14.54,0.49,3.37,3.0968,11043465,164434811.0,5359894171.56,5359894171.56,None
2016-07-01,'600070,浙江富润,14.54,15.06,14.53,14.87,14.87,-0.33,-2.2192,1.8136,6467501,95514183.0,5185153776.08,5185153776.08,None
2016-06-30,'600070,浙江富润,14.87,14.95,14.3,14.45,14.41,0.46,3.1922,3.3496,11945120,175375455.0,5302836083.24,5302836083.24,None
2016-06-29,'600070,浙江富润,14.41,14.49,14.15,14.4,14.35,0.06,0.4181,1.9671,7015022,100463867.0,5138794079.32,5138794079.32,None
2016-06-28,'600070,浙江富润,14.35,14.38,13.56,13.81,13.81,0.54,3.9102,2.4978,8907412,124701971.0,5117397296.2,5117397296.2,None
2016-06-27,'600070,浙江富润,13.81,14.0,13.55,13.75,13.75,0.06,0.4364,1.5,5349275,73899542.0,4924826248.12,4924826248.12,None
2016-06-24,'600070,浙江富润,13.75,14.28,13.2,14.28,14.22,-0.47,-3.3052,2.1483,7661112,105485074.0,4903429465.0,4903429465.0,None
2016-06-23,'600070,浙江富润,14.22,14.44,14.1,14.24,14.21,0.01,0.0704,1.0518,3750850,53587231.0,5071037599.44,5071037599.44,None
2016-06-22,'600070,浙江富润,14.21,14.27,13.71,14.15,14.18,0.03,0.2116,1.6366,5836263,81731332.0,5067471468.92,5067471468.92,None
2016-06-21,'600070,浙江富润,14.18,14.85,14.0,14.6,14.58,-0.4,-2.7435,1.3605,4851552,70051405.0,5056773077.36,5056773077.36,None
2016-06-20,'600070,浙江富润,14.58,14.64,14.19,14.19,14.38,0.2,1.3908,1.895,6757759,97983544.0,5199418298.16,5199418298.16,None
2016-06-17,'600070,浙江富润,14.38,14.75,14.01,14.43,14.55,-0.17,-1.1684,1.5052,5367709,77234955.0,5128095687.76,5128095687.76,None
2016-06-16,'600070,浙江富润,14.55,15.0,14.26,14.55,14.42,0.13,0.9015,1.92,6846879,100173808.0,5188719906.6,5188719906.6,None
2016-06-15,'600070,浙江富润,14.42,14.72,13.82,13.88,14.14,0.28,1.9802,1.5404,5493378,79457859.0,5142360209.84,5142360209.84,None
2016-06-14,'600070,浙江富润,14.14,14.34,13.8,13.88,14.01,0.13,0.9279,1.6455,5867934,82750506.0,5042508555.28,5042508555.28,None
2016-06-13,'600070,浙江富润,14.01,15.22,13.95,15.16,15.43,-1.42,-9.2029,2.4717,8814460,131078160.0,4996148858.52,4996148858.52,None
2016-06-08,'600070,浙江富润,15.43,15.68,15.33,15.62,15.62,-0.19,-1.2164,1.8511,6601343,102107074.0,5502539392.36,5502539392.36,None
2016-06-07,'600070,浙江富润,15.62,15.8,15.5,15.8,15.76,-0.14,-0.8883,1.9125,6820305,106428905.0,5570295872.24,5570295872.24,None
2016-06-06,'600070,浙江富润,15.76,16.1,15.62,15.97,15.8,-0.04,-0.2532,2.5874,9227017,146039986.0,5620221699.52,5620221699.52,None
2016-06-03,'600070,浙江富润,15.8,15.85,14.82,15.12,15.26,0.54,3.5387,4.0652,14497145,221043919.0,5634486221.6,5634486221.6,None
2016-06-02,'600070,浙江富润,15.26,15.45,14.87,15.45,15.39,-0.13,-0.8447,3.0226,10778880,162641061.0,5441915173.52,5441915173.52,None
2016-06-01,'600070,浙江富润,15.39,15.99,15.37,15.6,15.48,-0.09,-0.5814,2.7544,9822416,154175249.0,5488274870.28,5488274870.28,None
2016-05-31,'600070,浙江富润,15.48,15.65,14.73,14.89,14.89,0.59,3.9624,3.2792,11694023,178459053.0,5520370044.96,5520370044.96,None
2016-05-30,'600070,浙江富润,14.89,15.28,14.6,14.91,14.85,0.04,0.2694,2.7553,9825814,147722318.0,5309968344.28,5309968344.28,None
2016-05-27,'600070,浙江富润,14.85,15.09,14.32,14.36,14.45,0.4,2.7682,3.0815,10988869,163264074.0,5295703822.2,5295703822.2,None
2016-05-26,'600070,浙江富润,14.45,14.59,13.55,13.86,13.83,0.62,4.483,2.4873,8869881,124722249.0,5153058601.4,5153058601.4,None
2016-05-25,'600070,浙江富润,13.83,14.3,13.66,14.05,13.94,-0.11,-0.7891,1.7035,6074845,85151321.0,4931958509.16,4931958509.16,None
2016-05-24,'600070,浙江富润,13.94,14.12,13.6,14.12,14.12,-0.18,-1.2748,2.2325,7961271,110123044.0,4971185944.88,4971185944.88,None
2016-05-23,'600070,浙江富润,14.12,14.14,13.51,13.52,13.54,0.58,4.2836,3.0241,10784492,149620409.0,5035376294.24,5035376294.24,None
2016-05-20,'600070,浙江富润,13.54,13.77,12.81,13.57,13.54,0.0,0.0,3.3676,12009379,160205120.0,4828540724.08,4828540724.08,None
2016-05-19,'600070,XD浙江富,13.54,14.28,13.4,13.47,13.52,0.02,0.1479,3.2238,11496442,158651878.0,4828540724.08,4828540724.08,None
2016-05-18,'600070,浙江富润,13.54,14.79,13.35,14.5,14.83,-1.29,-8.6986,3.8218,13628905,190289648.0,4828540724.08,4828540724.08,None
2016-05-17,'600070,浙江富润,14.83,15.29,14.8,14.86,14.86,-0.03,-0.2019,2.5313,9026783,135361523.0,5288571561.16,5288571561.16,None
2016-05-16,'600070,浙江富润,14.86,14.89,14.29,14.42,14.4,0.46,3.1944,1.7566,6264182,91148286.0,5299269952.72,5299269952.72,None
2016-05-13,'600070,浙江富润,14.4,14.78,14.3,14.5,14.54,-0.14,-0.9629,2.4852,8862472,128556985.0,5135227948.8,5135227948.8,None
2016-05-12,'600070,浙江富润,14.54,14.68,13.95,14.46,14.82,-0.28,-1.8893,3.9565,14109252,202075647.0,5185153776.08,5185153776.08,None
2016-05-11,'600070,浙江富润,14.82,15.97,14.45,15.9,15.6,-0.78,-5.0,4.9138,17523213,263135526.0,5285005430.64,5285005430.64,None
2016-05-10,'600070,浙江富润,15.6,15.97,15.34,15.7,15.89,-0.29,-1.825,2.6588,9481631,147844055.0,5563163611.2,5563163611.2,None
2016-05-09,'600070,浙江富润,15.89,16.8,15.25,16.45,16.81,-0.92,-5.4729,4.2855,15282747,248536062.0,5666581396.28,5666581396.28,None
2016-05-06,'600070,浙江富润,16.81,17.47,16.67,17.33,17.27,-0.46,-2.6636,3.1965,11399203,192513675.0,5994665404.12,5994665404.12,None
2016-05-05,'600070,浙江富润,17.27,17.55,16.95,17.15,17.31,-0.04,-0.2311,2.438,8694079,149578304.0,6158707408.04,6158707408.04,None
2016-05-04,'600070,浙江富润,17.31,17.64,17.1,17.64,17.49,-0.18,-1.0292,2.686,9578703,166036203.0,6172971930.12,6172971930.12,None
2016-05-03,'600070,浙江富润,17.49,17.79,16.55,16.59,16.66,0.83,4.982,4.2839,15277110,264995444.0,6237162279.48,6237162279.48,None
2016-04-29,'600070,浙江富润,16.66,16.84,15.97,16.03,16.09,0.57,3.5426,3.4663,12361165,204329505.0,5941173446.32,5941173446.32,None
2016-04-28,'600070,浙江富润,16.09,16.25,15.35,16.1,16.17,-0.08,-0.4947,2.4322,8673679,137777310.0,5737904006.68,5737904006.68,None
2016-04-27,'600070,浙江富润,16.17,16.49,15.9,16.25,16.12,0.05,0.3102,2.6469,9439078,152547245.0,5766433050.84,5766433050.84,None
2016-04-26,'600070,浙江富润,16.12,16.29,15.42,15.49,15.54,0.58,3.7323,2.6529,9460672,151341772.0,5748602398.24,5748602398.24,None
2016-04-25,'600070,浙江富润,15.54,15.68,14.85,15.15,15.05,0.49,3.2558,3.0311,10809290,165951663.0,5541766828.08,5541766828.08,None
2016-04-22,'600070,浙江富润,15.05,15.15,14.32,14.7,14.75,0.3,2.0339,3.4691,12371351,182688123.0,5367026432.6,5367026432.6,None
2016-04-21,'600070,浙江富润,14.75,15.81,14.68,15.45,15.65,-0.9,-5.7508,3.5649,12712943,195178667.0,5260042517.0,5260042517.0,None
2016-04-20,'600070,浙江富润,15.65,16.53,14.63,16.41,16.25,-0.6,-3.6923,5.3741,19164652,295868614.0,5580994263.8,5580994263.8,None
2016-04-19,'600070,浙江富润,16.25,16.3,15.66,16.0,15.83,0.42,2.6532,3.3332,11886551,190568688.0,5794962095.0,5794962095.0,None
2016-04-18,'600070,浙江富润,15.83,16.65,15.66,16.16,16.23,-0.4,-2.4646,6.2279,22209480,357251149.0,5645184613.16,5645184613.16,None
2016-04-15,'600070,浙江富润,16.23,16.56,16.12,16.25,16.34,-0.11,-0.6732,3.4223,12204409,199214821.0,5787829833.96,5787829833.96,None
2016-04-14,'600070,浙江富润,16.34,16.91,15.68,16.12,16.2,0.14,0.8642,5.2482,18715744,305247024.0,5827057269.68,5827057269.68,None
2016-04-13,'600070,浙江富润,16.2,16.44,15.81,16.08,16.37,-0.17,-1.0385,6.8336,24369581,395287896.0,5777131442.4,5777131442.4,None
2016-04-12,'600070,浙江富润,16.37,16.39,15.06,15.06,14.9,1.47,9.8658,12.9107,46041116,744521830.0,5837755661.24,5837755661.24,None
2016-04-11,'600070,浙江富润,14.9,15.0,14.0,14.0,13.85,1.05,7.5812,5.6656,20204110,294111831.0,5313534474.8,5313534474.8,None
2016-04-08,'600070,浙江富润,13.85,13.99,13.48,13.68,13.91,-0.06,-0.4313,4.3245,15421641,211547497.0,4939090770.2,4939090770.2,None
2016-04-07,'600070,浙江富润,13.91,14.45,13.78,14.2,14.15,-0.24,-1.6961,4.817,17177972,241265188.0,4960487553.32,4960487553.32,None
2016-04-06,'600070,浙江富润,14.15,14.37,13.9,13.99,14.23,-0.08,-0.5622,4.2035,14990360,211713435.0,5046074685.8,5046074685.8,None
2016-04-05,'600070,浙江富润,14.23,14.69,13.75,13.75,13.64,0.59,4.3255,7.0089,24994591,357108585.0,5074603729.96,5074603729.96,None
2016-04-01,'600070,浙江富润,13.64,13.7,12.92,13.23,13.27,0.37,2.7882,5.1461,18351499,245170832.0,4864202029.28,4864202029.28,None
2016-03-31,'600070,浙江富润,13.27,13.38,12.61,12.7,12.66,0.61,4.8183,5.1273,18284458,238764784.0,4732255200.04,4732255200.04,None
2016-03-30,'600070,浙江富润,12.66,12.68,12.33,12.41,12.25,0.41,3.3469,3.2182,11476417,143466750.0,4514721238.32,4514721238.32,None
2016-03-29,'600070,浙江富润,12.25,12.43,12.0,12.25,12.22,0.03,0.2455,3.4075,12151422,148344294.0,4368509887.0,4368509887.0,None
2016-03-28,'600070,浙江富润,12.22,12.55,12.1,12.5,12.45,-0.23,-1.8474,4.9229,17555533,215736123.0,4357811495.44,4357811495.44,None
2016-03-25,'600070,浙江富润,12.45,12.65,12.15,12.44,12.4,0.05,0.4032,3.3952,12107762,149570415.0,4439832497.4,4439832497.4,None
2016-03-24,'600070,浙江富润,12.4,13.3,12.38,12.93,13.13,-0.73,-5.5598,6.4301,22930466,295094358.0,4422001844.8,4422001844.8,None
2016-03-23,'600070,浙江富润,13.13,13.36,12.65,13.06,13.06,0.07,0.536,5.5974,19960936,260056916.0,4682329372.76,4682329372.76,None
2016-03-22,'600070,浙江富润,13.06,13.67,12.36,12.5,12.67,0.39,3.0781,7.3331,26150824,342865971.0,4657366459.12,4657366459.12,None
2016-03-21,'600070,浙江富润,12.67,12.73,12.07,12.07,11.77,0.9,7.6466,7.7346,27582731,338548864.0,4518287368.84,4518287368.84,None
2016-03-18,'600070,浙江富润,11.77,11.97,11.38,11.41,11.31,0.46,4.0672,6.3664,22703301,264243602.0,4197335622.04,4197335622.04,None
2016-03-17,'600070,浙江富润,11.31,11.37,10.73,10.8,10.69,0.62,5.7998,5.3822,19193512,213871422.0,4033293618.12,4033293618.12,None
2016-03-16,'600070,浙江富润,10.69,11.25,10.51,10.92,10.88,-0.19,-1.7463,3.2875,11723724,127694598.0,3812193525.88,3812193525.88,None
2016-03-15,'600070,浙江富润,10.88,11.3,10.75,10.82,10.84,0.04,0.369,3.6236,12922359,142320164.0,3879950005.76,3879950005.76,None
2016-03-14,'600070,浙江富润,10.84,11.08,10.48,10.58,10.37,0.47,4.5323,3.7538,13386490,145364641.0,3865685483.68,3865685483.68,None
2016-03-11,'600070,浙江富润,10.37,10.54,10.11,10.49,10.55,-0.18,-1.7062,2.3131,8248737,84969411.0,3698077349.24,3698077349.24,None
2016-03-10,'600070,浙江富润,10.55,10.93,10.38,10.77,10.57,-0.02,-0.1892,2.791,9953218,106470483.0,3762267698.6,3762267698.6,None
2016-03-09,'600070,浙江富润,10.57,11.15,10.52,10.9,11.21,-0.64,-5.7092,3.6523,13024430,141069251.0,3769399959.64,3769399959.64,None
2016-03-08,'600070,浙江富润,11.21,11.3,10.06,10.6,10.68,0.53,4.9625,5.6173,20032147,216849902.0,3997632312.92,3997632312.92,None
2016-03-07,'600070,浙江富润,10.68,11.0,10.34,10.34,10.4,0.28,2.6923,4.5777,16324562,175552476.0,3808627395.36,3808627395.36,None
2016-03-04,'600070,浙江富润,10.4,11.42,10.29,11.22,11.43,-1.03,-9.0114,6.07,21646520,230187723.0,3708775740.8,3708775740.8,None
2016-03-03,'600070,浙江富润,11.43,12.4,11.21,11.28,11.44,-0.01,-0.0874,6.3671,22705743,266013731.0,4076087184.36,4076087184.36,None
2016-03-02,'600070,浙江富润,11.44,11.62,10.71,10.88,11.04,0.4,3.6232,5.9405,21184641,237353210.0,4079653314.88,4079653314.88,None
2016-03-01,'600070,浙江富润,11.04,11.38,9.98,10.35,10.62,0.42,3.9548,5.5058,19634493,208452947.0,3937008094.08,3937008094.08,None
2016-02-29,'600070,浙江富润,10.62,11.8,10.62,11.76,11.8,-1.18,-10.0,4.0652,14496860,156051592.0,3787230612.24,3787230612.24,None
2016-02-26,'600070,浙江富润,11.8,12.38,11.5,12.1,12.63,-0.83,-6.5717,6.9559,24805817,296591662.0,4208034013.6,4208034013.6,None
2016-02-25,'600070,浙江富润,12.63,13.53,12.63,13.5,14.03,-1.4,-9.9786,12.247,43674485,560897039.0,4504022846.76,4504022846.76,None
2016-02-24,'600070,浙江富润,14.03,14.03,12.55,12.55,12.75,1.28,10.0392,18.2142,64954245,879949709.0,5003281119.56,5003281119.56,None
2016-02-23,'600070,浙江富润,12.75,13.6,12.21,13.6,12.65,0.1,0.7905,16.5816,59132010,766407954.0,4546816413.0,4546816413.0,None
2016-02-22,'600070,浙江富润,12.65,12.65,12.65,12.65,11.5,1.15,10.0,0.2726,972180,12298077.0,4511155107.8,4511155107.8,None
2016-02-19,'600070,浙江富润,11.5,11.5,11.5,11.5,10.45,1.05,10.0478,0.0454,162018,1863207.0,4101050098.0,4101050098.0,None
2016-02-18,'600070,浙江富润,10.45,10.45,10.45,10.45,9.5,0.95,10.0,0.05,178357,1863831.0,3726606393.4,3726606393.4,None
2016-02-17,'600070,浙江富润,0.0,0.0,0.0,0.0,9.5,None,None,0.0,0,0.0,3387823994.0,3387823994.0,None
2016-02-16,'600070,浙江富润,0.0,0.0,0.0,0.0,9.5,None,None,0.0,0,0.0,3387823994.0,3387823994.0,None
2016-02-15,'600070,浙江富润,0.0,0.0,0.0,0.0,9.5,None,None,0.0,0,0.0,3387823994.0,3387823994.0,None
2016-02-05,'600070,浙江富润,0.0,0.0,0.0,0.0,9.5,None,None,0.0,0,0.0,3387823994.0,3387823994.0,None
2016-02-04,'600070,浙江富润,0.0,0.0,0.0,0.0,9.5,None,None,0.0,0,0.0,3387823994.0,3387823994.0,None
2016-02-03,'600070,浙江富润,0.0,0.0,0.0,0.0,9.5,None,None,0.0,0,0.0,3387823994.0,3387823994.0,None
2016-02-02,'600070,浙江富润,0.0,0.0,0.0,0.0,9.5,None,None,0.0,0,0.0,3387823994.0,3387823994.0,None
2016-02-01,'600070,浙江富润,0.0,0.0,0.0,0.0,9.5,None,None,0.0,0,0.0,3387823994.0,3387823994.0,None
2016-01-29,'600070,浙江富润,0.0,0.0,0.0,0.0,9.5,None,None,0.0,0,0.0,3387823994.0,3387823994.0,None
2016-01-28,'600070,浙江富润,0.0,0.0,0.0,0.0,9.5,None,None,0.0,0,0.0,3387823994.0,3387823994.0,None
2016-01-27,'600070,浙江富润,0.0,0.0,0.0,0.0,9.5,None,None,0.0,0,0.0,3387823994.0,3387823994.0,None
2016-01-26,'600070,浙江富润,0.0,0.0,0.0,0.0,9.5,None,None,0.0,0,0.0,3387823994.0,3387823994.0,None
2016-01-25,'600070,浙江富润,0.0,0.0,0.0,0.0,9.5,None,None,0.0,0,0.0,3387823994.0,3387823994.0,None
2016-01-22,'600070,浙江富润,0.0,0.0,0.0,0.0,9.5,None,None,0.0,0,0.0,3387823994.0,3387823994.0,None
2016-01-21,'600070,浙江富润,0.0,0.0,0.0,0.0,9.5,None,None,0.0,0,0.0,3387823994.0,3387823994.0,None
2016-01-20,'600070,浙江富润,0.0,0.0,0.0,0.0,9.5,None,None,0.0,0,0.0,3387823994.0,3387823994.0,None
2016-01-19,'600070,浙江富润,0.0,0.0,0.0,0.0,9.5,None,None,0.0,0,0.0,3387823994.0,3387823994.0,None
2016-01-18,'600070,浙江富润,0.0,0.0,0.0,0.0,9.5,None,None,0.0,0,0.0,3387823994.0,3387823994.0,None
2016-01-15,'600070,浙江富润,0.0,0.0,0.0,0.0,9.5,None,None,0.0,0,0.0,3387823994.0,3387823994.0,None
2016-01-14,'600070,浙江富润,0.0,0.0,0.0,0.0,9.5,None,None,0.0,0,0.0,3387823994.0,3387823994.0,None
2016-01-13,'600070,浙江富润,0.0,0.0,0.0,0.0,9.5,None,None,0.0,0,0.0,3387823994.0,3387823994.0,None
2016-01-12,'600070,浙江富润,0.0,0.0,0.0,0.0,9.5,None,None,0.0,0,0.0,3387823994.0,3387823994.0,None
2016-01-11,'600070,浙江富润,0.0,0.0,0.0,0.0,9.5,None,None,0.0,0,0.0,3387823994.0,3387823994.0,None
2016-01-08,'600070,浙江富润,0.0,0.0,0.0,0.0,9.5,None,None,0.0,0,0.0,3387823994.0,3387823994.0,None
2016-01-07,'600070,浙江富润,0.0,0.0,0.0,0.0,9.5,None,None,0.0,0,0.0,3387823994.0,3387823994.0,None
2016-01-06,'600070,浙江富润,0.0,0.0,0.0,0.0,9.5,None,None,0.0,0,0.0,3387823994.0,3387823994.0,None
2016-01-05,'600070,浙江富润,0.0,0.0,0.0,0.0,9.5,None,None,0.0,0,0.0,3387823994.0,3387823994.0,None
2016-01-04,'600070,浙江富润,0.0,0.0,0.0,0.0,9.5,None,None,0.0,0,0.0,3387823994.0,3387823994.0,None
