日期,股票代码,名称,收盘价,最高价,最低价,开盘价,前收盘,涨跌额,涨跌幅,换手率,成交量,成交金额,总市值,流通市值,成交笔数
2016-10-12,'603021,山东华鹏,49.03,49.13,47.5,47.5,47.99,1.04,2.1671,3.0555,1954266,95487313.0,6033482258.5,3135958800.0,None
2016-10-11,'603021,山东华鹏,47.99,48.63,47.0,48.0,47.99,0.0,0.0,2.9217,1868738,89437198.0,5905503030.5,3069440400.0,None
2016-10-10,'603021,山东华鹏,47.99,48.05,44.91,45.15,44.63,3.36,7.5286,4.1631,2662726,124080146.0,5905503030.5,3069440400.0,None
2016-09-30,'603021,山东华鹏,44.63,44.86,44.0,44.0,44.38,0.25,0.5633,0.702,448985,20047229.0,5492031678.5,2854534800.0,None
2016-09-29,'603021,山东华鹏,44.38,45.45,44.3,44.84,44.84,-0.46,-1.0259,0.8879,567896,25444729.0,5461267441.0,2838544800.0,None
2016-09-28,'603021,山东华鹏,44.84,45.65,44.7,45.45,45.45,-0.61,-1.3421,0.9939,635669,28615094.0,5517873638.0,2867966400.0,None
2016-09-27,'603021,山东华鹏,45.45,45.89,44.7,45.19,45.99,-0.54,-1.1742,0.9986,638686,28874621.0,5592938377.5,2906982000.0,None
2016-09-26,'603021,山东华鹏,45.99,46.8,45.97,46.5,46.45,-0.46,-0.9903,0.8992,575110,26633359.0,5659389130.5,2941520400.0,None
2016-09-23,'603021,山东华鹏,46.45,47.0,46.0,46.0,46.82,-0.37,-0.7903,0.7859,502645,23358078.0,5715995327.5,2970942000.0,None
2016-09-22,'603021,山东华鹏,46.82,47.2,46.17,46.17,46.09,0.73,1.5839,2.8434,1818633,85259425.0,5761526399.0,2994607200.0,None
2016-09-21,'603021,山东华鹏,46.09,47.0,46.02,47.0,46.48,-0.39,-0.8391,0.8604,550281,25552552.0,5671694825.5,2947916400.0,None
2016-09-20,'603021,山东华鹏,46.48,46.59,45.5,46.59,46.0,0.48,1.0435,2.091,1337434,61840386.0,5719687036.0,2972860800.0,None
2016-09-19,'603021,山东华鹏,46.0,46.0,44.8,45.0,45.16,0.84,1.8601,1.8733,1198155,54435676.0,5660619700.0,2942160000.0,None
2016-09-14,'603021,山东华鹏,45.16,45.98,44.39,44.8,44.36,0.8,1.8034,2.4131,1543395,70266336.0,5557251862.0,2888433600.0,None
2016-09-13,'603021,山东华鹏,44.36,44.43,43.0,43.69,43.5,0.86,1.977,1.3039,833956,36382208.0,5458806302.0,2837265600.0,None
2016-09-12,'603021,山东华鹏,43.5,44.44,42.5,44.44,44.71,-1.21,-2.7063,1.8998,1215089,52978572.0,5352977325.0,2782260000.0,None
2016-09-09,'603021,山东华鹏,44.71,45.5,44.5,45.49,45.5,-0.79,-1.7363,2.5416,1625608,72821548.0,5501876234.5,2859651600.0,None
2016-09-08,'603021,山东华鹏,45.5,45.52,45.0,45.48,44.91,0.59,1.3137,1.4016,896479,40651966.0,5599091225.0,2910180000.0,None
2016-09-07,'603021,山东华鹏,44.91,45.5,44.52,45.17,45.16,-0.25,-0.5536,1.0872,695401,31244223.0,5526487624.5,2872443600.0,None
2016-09-06,'603021,山东华鹏,45.16,45.48,44.32,45.28,44.67,0.49,1.0969,1.013,647887,28981611.0,5557251862.0,2888433600.0,None
2016-09-05,'603021,山东华鹏,44.67,45.5,44.55,45.17,45.16,-0.49,-1.085,1.7654,1129146,50744517.0,5496953956.5,2857093200.0,None
2016-09-02,'603021,山东华鹏,45.16,45.62,44.66,45.62,45.36,-0.2,-0.4409,1.0823,692241,31256439.0,5557251862.0,2888433600.0,None
2016-09-01,'603021,山东华鹏,45.36,45.8,45.1,45.8,45.6,-0.24,-0.5263,0.8961,573120,26022789.0,5581863252.0,2901225600.0,None
2016-08-31,'603021,山东华鹏,45.6,46.0,45.4,45.59,45.59,0.01,0.0219,1.7327,1108221,50582389.0,5611396920.0,2916576000.0,None
2016-08-30,'603021,山东华鹏,45.59,45.95,45.46,45.5,45.5,0.09,0.1978,1.3232,846312,38739954.0,5610166350.5,2915936400.0,None
2016-08-29,'603021,山东华鹏,45.5,45.79,45.2,45.2,45.58,-0.08,-0.1755,1.2903,825300,37567545.0,5599091225.0,2910180000.0,None
2016-08-26,'603021,山东华鹏,45.58,46.6,45.2,45.95,46.17,-0.59,-1.2779,2.562,1638640,74869426.0,5608935781.0,2915296800.0,None
2016-08-25,'603021,山东华鹏,46.17,47.59,45.0,45.5,49.12,-2.95,-6.0057,5.4379,3478066,159474232.0,5681539381.5,2953033200.0,None
2016-08-24,'603021,山东华鹏,49.12,49.18,46.77,48.4,48.49,0.63,1.2992,5.1771,3311303,158380657.0,6044557384.0,3141715200.0,None
2016-08-23,'603021,山东华鹏,48.49,50.99,47.0,47.0,46.42,2.07,4.4593,4.0747,2606189,127416769.0,5967031505.5,3101420400.0,None
2016-08-22,'603021,山东华鹏,46.42,46.89,46.05,46.5,46.54,-0.12,-0.2578,1.9905,1273135,59210411.0,5712303619.0,2969023200.0,None
2016-08-19,'603021,山东华鹏,46.54,46.59,45.2,45.25,45.05,1.49,3.3074,2.3221,1485197,68268636.0,5727070453.0,2976698400.0,None
2016-08-18,'603021,山东华鹏,45.05,45.98,45.02,45.98,46.1,-1.05,-2.2777,1.9264,1232124,55823859.0,5543715597.5,2881398000.0,None
2016-08-17,'603021,山东华鹏,46.1,46.65,45.25,46.65,46.62,-0.52,-1.1154,2.3526,1504746,68796848.0,5672925395.0,2948556000.0,None
2016-08-16,'603021,山东华鹏,46.62,46.89,46.39,46.89,46.39,0.23,0.4958,1.4567,931724,43475392.0,5736915009.0,2981815200.0,None
2016-08-15,'603021,山东华鹏,46.39,46.74,45.31,45.77,45.76,0.63,1.3767,1.3305,850996,39409065.0,5708611910.5,2967104400.0,None
2016-08-12,'603021,山东华鹏,45.76,46.18,45.0,45.69,45.47,0.29,0.6378,0.6869,439370,20008354.0,5631086032.0,2926809600.0,None
2016-08-11,'603021,山东华鹏,45.47,45.99,45.29,45.71,45.61,-0.14,-0.307,0.6589,421416,19200255.0,5595399516.5,2908261200.0,None
2016-08-10,'603021,山东华鹏,45.61,47.4,45.55,47.4,46.7,-1.09,-2.334,1.5488,990639,45772534.0,5612627489.5,2917215600.0,None
2016-08-09,'603021,山东华鹏,46.7,47.48,46.05,46.05,46.59,0.11,0.2361,1.2142,776609,36337780.0,5746759565.0,2986932000.0,None
2016-08-08,'603021,山东华鹏,46.59,46.99,46.0,46.45,46.51,0.08,0.172,1.0717,685442,31890976.0,5733223300.5,2979896400.0,None
2016-08-05,'603021,山东华鹏,46.51,46.6,44.2,44.5,44.49,2.02,4.5403,2.3413,1497513,68400608.0,5723378744.5,2974779600.0,None
2016-08-04,'603021,山东华鹏,44.49,44.85,43.8,44.8,44.54,-0.05,-0.1123,1.1953,764500,33796720.0,5474803705.5,2845580400.0,None
2016-08-03,'603021,山东华鹏,44.54,45.1,44.2,44.95,44.54,0.0,0.0,0.9738,622836,27791959.0,5480956553.0,2848778400.0,None
2016-08-02,'603021,山东华鹏,44.54,44.8,44.15,44.8,44.5,0.04,0.0899,1.0946,700089,31157030.0,5480956553.0,2848778400.0,None
2016-08-01,'603021,山东华鹏,44.5,46.22,43.89,46.22,45.88,-1.38,-3.0078,1.7805,1138791,50659570.0,5476034275.0,2846220000.0,None
2016-07-29,'603021,山东华鹏,45.88,47.47,45.21,47.16,47.03,-1.15,-2.4452,2.329,1489650,68577487.0,5645852866.0,2934484800.0,None
2016-07-28,'603021,山东华鹏,47.03,48.1,46.04,47.0,47.63,-0.6,-1.2597,2.3882,1527465,71561227.0,5787368358.5,3008038800.0,None
2016-07-27,'603021,山东华鹏,47.63,48.42,45.12,47.5,48.42,-0.79,-1.6316,4.0157,2568438,121287700.0,5861202528.5,3046414800.0,None
2016-07-26,'603021,山东华鹏,48.42,48.46,47.68,47.68,47.68,0.74,1.552,2.5941,1659211,80148332.0,5958417519.0,3096943200.0,None
2016-07-25,'603021,山东华鹏,47.68,48.75,46.52,46.52,47.2,0.48,1.0169,4.0164,2568878,122796030.0,5867355376.0,3049612800.0,None
2016-07-22,'603021,山东华鹏,47.2,47.8,46.95,47.8,47.33,-0.13,-0.2747,1.1405,729453,34457497.0,5808288040.0,3018912000.0,None
2016-07-21,'603021,山东华鹏,47.33,47.97,47.2,47.55,47.61,-0.28,-0.5881,1.3641,872493,41489223.0,5824285443.5,3027226800.0,None
2016-07-20,'603021,山东华鹏,47.61,47.92,46.2,47.14,46.2,1.41,3.0519,3.0938,1978785,93942573.0,5858741389.5,3045135600.0,None
2016-07-19,'603021,山东华鹏,46.2,47.08,45.75,47.0,46.4,-0.2,-0.431,2.1295,1362027,62827671.0,5685231090.0,2954952000.0,None
2016-07-18,'603021,山东华鹏,46.4,48.6,45.67,48.38,47.89,-1.49,-3.1113,3.976,2543077,118042236.0,5709842480.0,2967744000.0,None
2016-07-15,'603021,山东华鹏,47.89,48.9,47.2,47.77,47.65,0.24,0.5037,3.2252,2062867,99130206.0,5893197335.5,3063044400.0,None
2016-07-14,'603021,山东华鹏,47.65,48.25,47.2,48.0,47.98,-0.33,-0.6878,1.9578,1252180,59702170.0,5863663667.5,3047694000.0,None
2016-07-13,'603021,山东华鹏,47.98,49.2,47.68,48.8,49.21,-1.23,-2.4995,3.5226,2253080,108404693.0,5904272461.0,3068800800.0,None
2016-07-12,'603021,山东华鹏,49.21,49.97,46.11,49.97,49.15,0.06,0.1221,6.0641,3878611,185553628.0,6055632509.5,3147471600.0,None
2016-07-11,'603021,山东华鹏,49.15,51.5,48.6,49.6,49.53,-0.38,-0.7672,6.6387,4246119,213650142.0,6048249092.5,3143634000.0,None
2016-07-08,'603021,山东华鹏,49.53,50.98,47.2,47.5,47.34,2.19,4.6261,7.0823,4529839,222756416.0,6095010733.5,3167938800.0,None
2016-07-07,'603021,山东华鹏,47.34,47.48,44.4,44.7,44.89,2.45,5.4578,5.8879,3765924,173019844.0,5825516013.0,3027866400.0,None
2016-07-06,'603021,山东华鹏,44.89,45.5,44.2,44.52,44.13,0.76,1.7222,3.2851,2101118,94736077.0,5524026485.5,2871164400.0,None
2016-07-05,'603021,山东华鹏,44.13,45.07,43.82,43.94,44.29,-0.16,-0.3613,4.0259,2574954,114505293.0,5430503203.5,2822554800.0,None
2016-07-04,'603021,山东华鹏,44.29,44.9,42.69,43.66,44.63,-0.34,-0.7618,7.151,4573798,200743840.0,5450192315.5,2832788400.0,None
2016-07-01,'603021,山东华鹏,44.63,47.0,44.5,45.2,45.3,-0.67,-1.479,4.2368,2709877,123060823.0,4704002000.0,2854534800.0,None
2016-06-30,'603021,山东华鹏,45.3,45.77,44.38,44.9,44.49,0.81,1.8206,6.4705,4138502,186273820.0,4774620000.0,2897388000.0,None
2016-06-29,'603021,山东华鹏,44.49,45.94,43.99,45.0,45.28,-0.79,-1.7447,5.4956,3514958,157560376.0,4689246000.0,2845580400.0,None
2016-06-28,'603021,山东华鹏,45.28,46.0,42.24,42.41,42.23,3.05,7.2224,13.1563,8414772,373211848.0,4772512000.0,2896108800.0,None
2016-06-27,'603021,山东华鹏,42.23,42.85,39.51,39.65,39.92,2.31,5.7866,7.1303,4560548,189394610.0,4451042000.0,2701030800.0,None
2016-06-24,'603021,山东华鹏,39.92,40.8,38.05,38.6,38.76,1.16,2.9928,7.7836,4978399,197921553.0,4207568000.0,2553283200.0,None
2016-06-23,'603021,山东华鹏,38.76,40.04,38.75,39.96,40.04,-1.28,-3.1968,6.0495,3869240,151574761.0,4085304000.0,2479089600.0,None
2016-06-22,'603021,山东华鹏,40.04,40.49,38.17,39.31,39.37,0.67,1.7018,5.0049,3201150,127562790.0,4220216000.0,2560958400.0,None
2016-06-21,'603021,山东华鹏,39.37,40.6,38.86,40.58,40.63,-1.26,-3.1012,8.9397,5717844,225957650.0,4149598000.0,2518105200.0,None
2016-06-20,'603021,山东华鹏,40.63,41.1,37.25,37.25,37.4,3.23,8.6364,9.0775,5805994,228906001.0,4282402000.0,2598694800.0,None
2016-06-17,'603021,山东华鹏,37.4,38.33,36.82,37.0,36.7,0.7,1.9074,5.1041,3264571,122852022.0,3941960000.0,2392104000.0,None
2016-06-16,'603021,山东华鹏,36.7,38.25,36.62,37.21,37.21,-0.51,-1.3706,7.1425,4568367,170891095.0,3868180000.0,2347332000.0,None
2016-06-15,'603021,山东华鹏,37.21,37.58,35.71,35.99,36.59,0.62,1.6945,7.5171,4807958,177786978.0,3921934000.0,2379951600.0,None
2016-06-14,'603021,山东华鹏,36.59,36.7,33.44,33.44,33.63,2.96,8.8017,5.2246,3341632,118699023.0,3856586000.0,2340296400.0,None
2016-06-13,'603021,山东华鹏,33.63,35.34,33.21,35.34,35.55,-1.92,-5.4008,2.8894,1848078,63828900.0,3544602000.0,2150974800.0,None
2016-06-08,'603021,山东华鹏,35.55,36.04,35.31,36.02,36.05,-0.5,-1.387,3.3611,2149753,76852232.0,3746970000.0,2273778000.0,None
2016-06-07,'603021,山东华鹏,36.05,36.1,35.0,35.88,35.51,0.54,1.5207,3.7801,2417721,86192679.0,3799670000.0,2305758000.0,None
2016-06-06,'603021,山东华鹏,35.51,35.75,34.65,35.15,34.91,0.6,1.7187,3.5104,2245223,79085653.0,3742754000.0,2271219600.0,None
2016-06-03,'603021,山东华鹏,34.91,35.28,34.4,34.76,34.71,0.2,0.5762,3.0656,1960783,68316768.0,3679514000.0,2232843600.0,None
2016-06-02,'603021,山东华鹏,34.71,34.75,34.13,34.32,34.4,0.31,0.9012,2.4515,1568007,54044124.0,3658434000.0,2220051600.0,None
2016-06-01,'603021,山东华鹏,34.4,34.7,34.11,34.11,34.4,0.0,0.0,2.2271,1424447,49097351.0,3625760000.0,2200224000.0,None
2016-05-31,'603021,山东华鹏,34.4,34.53,33.0,33.0,33.01,1.39,4.2108,2.4915,1593579,54087464.0,3625760000.0,2200224000.0,None
2016-05-30,'603021,山东华鹏,33.01,33.29,32.2,32.8,32.91,0.1,0.3039,1.6839,1077000,35570721.0,3479254000.0,2111319600.0,None
2016-05-27,'603021,山东华鹏,32.91,33.13,32.5,32.52,32.87,0.04,0.1217,1.3054,834902,27446841.0,3468714000.0,2104923600.0,None
2016-05-26,'603021,山东华鹏,32.87,33.0,31.72,32.62,32.82,0.05,0.1523,1.5602,997931,32192301.0,3464498000.0,2102365200.0,None
2016-05-25,'603021,山东华鹏,32.82,33.4,32.79,33.2,33.02,-0.2,-0.6057,1.8648,1192701,39354587.0,3459228000.0,2099167200.0,None
2016-05-24,'603021,山东华鹏,33.02,33.4,32.7,33.4,33.38,-0.36,-1.0785,1.3833,884750,29202208.0,3480308000.0,2111959200.0,None
2016-05-23,'603021,山东华鹏,33.38,33.41,32.6,32.88,32.67,0.71,2.1732,2.0426,1306432,43342450.0,3518252000.0,2134984800.0,None
2016-05-20,'603021,山东华鹏,32.67,32.7,31.99,31.99,32.47,0.2,0.616,1.1793,754300,24391246.0,3443418000.0,2089573200.0,None
2016-05-19,'603021,山东华鹏,32.47,32.91,32.36,32.39,32.22,0.25,0.7759,1.322,845531,27572340.0,3422338000.0,2076781200.0,None
2016-05-18,'603021,XD山东华,32.22,33.13,32.0,32.3,32.82,-0.6,-1.8282,2.303,1472990,47947418.0,3395988000.0,2060791200.0,None
2016-05-17,'603021,山东华鹏,33.02,33.44,32.5,33.3,33.39,-0.37,-1.1081,2.3974,1533372,50634741.0,3480308000.0,2111959200.0,None
2016-05-16,'603021,山东华鹏,33.39,33.4,32.25,32.75,32.81,0.58,1.7678,2.9201,1867701,61511445.0,3519306000.0,2135624400.0,None
2016-05-13,'603021,山东华鹏,32.81,33.59,32.51,33.01,33.35,-0.54,-1.6192,2.4571,1571549,51992811.0,3458174000.0,2098527600.0,None
2016-05-12,'603021,山东华鹏,33.35,34.31,32.93,34.0,34.84,-1.49,-4.2767,3.3913,2169056,72354506.0,3515090000.0,2133066000.0,None
2016-05-11,'603021,山东华鹏,34.84,36.15,34.8,36.0,35.73,-0.89,-2.4909,2.7932,1786520,63219605.0,3672136000.0,2228366400.0,None
2016-05-10,'603021,山东华鹏,35.73,35.91,35.32,35.34,35.64,0.09,0.2525,3.599,2301897,82162188.0,3765942000.0,2285290800.0,None
2016-05-09,'603021,山东华鹏,35.64,36.84,35.01,36.84,37.07,-1.43,-3.8576,3.6214,2316220,83049894.0,3756456000.0,2279534400.0,None
2016-05-06,'603021,山东华鹏,37.07,37.98,36.0,37.7,37.71,-0.64,-1.6972,7.7019,4926138,182325424.0,3907178000.0,2370997200.0,None
2016-05-05,'603021,山东华鹏,37.71,37.9,36.91,37.47,37.52,0.19,0.5064,6.2351,3987944,149493053.0,3974634000.0,2411931600.0,None
2016-05-04,'603021,山东华鹏,37.52,38.0,36.73,36.73,37.02,0.5,1.3506,4.5075,2882990,107543676.0,3954608000.0,2399779200.0,None
2016-05-03,'603021,山东华鹏,37.02,37.08,35.8,35.86,35.92,1.1,3.0624,2.9557,1890452,69330973.0,3901908000.0,2367799200.0,None
2016-04-29,'603021,山东华鹏,35.92,36.3,35.45,35.63,35.95,-0.03,-0.0834,3.5619,2278165,81581249.0,3785968000.0,2297443200.0,None
2016-04-28,'603021,山东华鹏,35.95,36.18,34.8,35.98,35.86,0.09,0.251,3.1714,2028399,71964760.0,3789130000.0,2299362000.0,None
2016-04-27,'603021,山东华鹏,35.86,37.3,35.8,37.12,37.02,-1.16,-3.1334,4.4772,2863595,105137057.0,3779644000.0,2293605600.0,None
2016-04-26,'603021,山东华鹏,37.02,37.48,36.8,36.95,37.36,-0.34,-0.9101,2.7784,1777071,66102271.0,3901908000.0,2367799200.0,None
2016-04-25,'603021,山东华鹏,37.36,37.64,35.61,35.61,38.31,-0.95,-2.4798,5.4631,3494230,129347470.0,3937744000.0,2389545600.0,None
2016-04-22,'603021,山东华鹏,38.31,39.7,38.0,38.5,39.57,-1.26,-3.1842,10.2912,2716876,105621768.0,4037874000.0,1011384000.0,None
2016-04-21,'603021,山东华鹏,39.57,40.34,37.7,38.59,39.44,0.13,0.3296,17.572,4639006,182198737.0,4170678000.0,1044648000.0,None
2016-04-20,'603021,山东华鹏,39.44,41.8,37.38,41.08,41.53,-2.09,-5.0325,18.4952,4882743,191539482.0,4156976000.0,1041216000.0,None
2016-04-19,'603021,山东华鹏,41.53,42.31,39.98,41.27,41.61,-0.08,-0.1923,14.9144,3937389,161764781.0,4377262000.0,1096392000.0,None
2016-04-18,'603021,山东华鹏,41.61,42.5,39.4,40.28,40.56,1.05,2.5888,13.7885,3640161,148623064.0,4385694000.0,1098504000.0,None
2016-04-15,'603021,山东华鹏,40.56,41.0,39.04,39.3,39.97,0.59,1.4761,16.8134,4438726,177173006.0,4275024000.0,1070784000.0,None
2016-04-14,'603021,山东华鹏,39.97,39.99,38.29,38.72,38.48,1.49,3.8721,16.5163,4360292,170929443.0,4212838000.0,1055208000.0,None
2016-04-13,'603021,山东华鹏,38.48,38.6,37.33,37.43,37.44,1.04,2.7778,11.1704,2948979,112774960.0,4055792000.0,1015872000.0,None
2016-04-12,'603021,山东华鹏,37.44,37.6,36.87,37.29,36.99,0.45,1.2165,8.405,2218923,82606852.0,3946176000.0,988416000.0,None
2016-04-11,'603021,山东华鹏,36.99,37.5,36.62,36.67,36.56,0.43,1.1761,10.0186,2644899,98033781.0,3898746000.0,976536000.0,None
2016-04-08,'603021,山东华鹏,36.56,37.98,35.9,37.3,39.87,-3.31,-8.302,15.0655,3977284,146997520.0,3853424000.0,965184000.0,None
2016-04-07,'603021,山东华鹏,39.87,41.0,39.1,39.71,39.52,0.35,0.8856,13.1612,3474562,139403414.0,4202298000.0,1052568000.0,None
2016-04-06,'603021,山东华鹏,39.52,39.8,38.7,39.3,39.66,-0.14,-0.353,7.8812,2080638,81701344.0,4165408000.0,1043328000.0,None
2016-04-05,'603021,山东华鹏,39.66,39.7,38.0,38.98,39.43,0.23,0.5833,11.1295,2938195,114856809.0,4180164000.0,1047024000.0,None
2016-04-01,'603021,山东华鹏,39.43,40.38,37.33,38.62,38.55,0.88,2.2827,12.1315,3202706,124108633.0,4155922000.0,1040952000.0,None
2016-03-31,'603021,山东华鹏,38.55,39.2,37.03,37.03,36.88,1.67,4.5282,13.0033,3432869,131921926.0,4063170000.0,1017720000.0,None
2016-03-30,'603021,山东华鹏,36.88,37.68,34.9,35.17,34.79,2.09,6.0075,6.0471,1596426,57889504.0,3887152000.0,973632000.0,None
2016-03-29,'603021,山东华鹏,34.79,36.02,34.75,35.72,35.6,-0.81,-2.2753,4.4823,1183334,41753638.0,3666866000.0,918456000.0,None
2016-03-28,'603021,山东华鹏,35.6,37.58,35.54,37.1,36.91,-1.31,-3.5492,5.8105,1533972,56147382.0,3752240000.0,939840000.0,None
2016-03-25,'603021,山东华鹏,36.91,37.08,36.36,36.6,36.53,0.38,1.0402,5.2771,1393162,51155125.0,3890314000.0,974424000.0,None
2016-03-24,'603021,山东华鹏,36.53,37.8,36.0,36.75,37.29,-0.76,-2.0381,9.3291,2462882,90777675.0,3850262000.0,964392000.0,None
2016-03-23,'603021,山东华鹏,37.29,38.5,35.02,35.13,35.42,1.87,5.2795,10.1278,2673727,99070326.0,3930366000.0,984456000.0,None
2016-03-22,'603021,山东华鹏,35.42,35.93,34.65,34.91,35.31,0.11,0.3115,7.5372,1989829,70186044.0,3733268000.0,935088000.0,None
2016-03-21,'603021,山东华鹏,35.31,35.5,34.33,34.95,34.35,0.96,2.7948,8.4063,2219253,77495678.0,3721674000.0,932184000.0,None
2016-03-18,'603021,山东华鹏,34.35,34.5,32.9,32.95,32.9,1.45,4.4073,8.3606,2207199,74901405.0,3620490000.0,906840000.0,None
2016-03-17,'603021,山东华鹏,32.9,32.98,31.83,32.5,31.83,1.07,3.3616,4.6703,1232965,40098946.0,3467660000.0,868560000.0,None
2016-03-16,'603021,山东华鹏,31.83,33.1,31.45,32.84,32.53,-0.7,-2.1519,3.6609,966472,31062869.0,3354882000.0,840312000.0,None
2016-03-15,'603021,山东华鹏,32.53,33.69,32.34,33.69,33.71,-1.18,-3.5004,5.0939,1344800,44219465.0,3428662000.0,858792000.0,None
2016-03-14,'603021,山东华鹏,33.71,34.26,32.38,32.38,32.36,1.35,4.1718,8.167,2156088,72484413.0,3553034000.0,889944000.0,None
2016-03-11,'603021,山东华鹏,32.36,33.6,30.51,31.16,31.16,1.2,3.8511,5.7343,1513860,48916211.0,3410744000.0,854304000.0,None
2016-03-10,'603021,山东华鹏,31.16,31.66,30.8,31.0,31.27,-0.11,-0.3518,2.1852,576893,18076442.0,3284264000.0,822624000.0,None
2016-03-09,'603021,山东华鹏,31.27,31.67,30.2,31.0,32.0,-0.73,-2.2813,2.1985,580414,18154078.0,3295858000.0,825528000.0,None
2016-03-08,'603021,山东华鹏,32.0,32.2,30.04,31.99,31.86,0.14,0.4394,3.7314,985078,30601289.0,3372800000.0,844800000.0,None
2016-03-07,'603021,山东华鹏,31.86,32.5,31.39,31.39,31.08,0.78,2.5097,2.6365,696036,22268787.0,3358044000.0,841104000.0,None
2016-03-04,'603021,山东华鹏,31.08,33.19,30.72,32.79,33.01,-1.93,-5.8467,4.4771,1181967,37571274.0,3275832000.0,820512000.0,None
2016-03-03,'603021,山东华鹏,33.01,34.27,32.78,33.0,32.95,0.06,0.1821,5.0427,1331260,44660764.0,3479254000.0,871464000.0,None
2016-03-02,'603021,山东华鹏,32.95,33.09,31.0,31.0,31.47,1.48,4.7029,4.7172,1245334,40160767.0,3472930000.0,869880000.0,None
2016-03-01,'603021,山东华鹏,31.47,31.91,30.01,30.38,30.27,1.2,3.9643,3.4739,917112,28314018.0,3316938000.0,830808000.0,None
2016-02-29,'603021,山东华鹏,30.27,33.4,29.95,32.7,33.23,-2.96,-8.9076,4.3192,1140273,35244131.0,3190458000.0,799128000.0,None
2016-02-26,'603021,山东华鹏,33.23,33.59,32.29,33.02,32.99,0.24,0.7275,4.3308,1143331,37825206.0,3502442000.0,877272000.0,None
2016-02-25,'603021,山东华鹏,32.99,36.64,32.99,36.64,36.66,-3.67,-10.0109,7.4331,1962344,67012871.0,3477146000.0,870936000.0,None
2016-02-24,'603021,山东华鹏,36.66,36.8,35.77,36.3,36.49,0.17,0.4659,4.33,1143111,41523977.0,3863964000.0,967824000.0,None
2016-02-23,'603021,山东华鹏,36.49,37.64,35.9,37.19,37.3,-0.81,-2.1716,6.2036,1637740,60129672.0,3846046000.0,963336000.0,None
2016-02-22,'603021,山东华鹏,37.3,37.88,36.44,36.44,36.33,0.97,2.67,7.0457,1860058,69154254.0,3931420000.0,984720000.0,None
2016-02-19,'603021,山东华鹏,36.33,37.08,35.1,35.1,35.64,0.69,1.936,7.0865,1870844,68064665.0,3829182000.0,959112000.0,None
2016-02-18,'603021,山东华鹏,35.64,36.8,35.41,36.3,35.99,-0.35,-0.9725,6.3392,1673553,60211122.0,3756456000.0,940896000.0,None
2016-02-17,'603021,山东华鹏,35.99,36.3,34.67,34.7,34.98,1.01,2.8874,7.2811,1922222,68927130.0,3793346000.0,950136000.0,None
2016-02-16,'603021,山东华鹏,34.98,35.29,33.6,33.65,33.3,1.68,5.045,5.9571,1572667,54627806.0,3686892000.0,923472000.0,None
2016-02-15,'603021,山东华鹏,33.3,33.69,32.6,32.6,34.24,-0.94,-2.7453,3.0529,805970,26680440.0,3509820000.0,879120000.0,None
2016-02-05,'603021,山东华鹏,34.24,35.4,34.01,35.0,35.08,-0.84,-2.3945,4.7395,1251220,43174319.0,3608896000.0,903936000.0,None
2016-02-04,'603021,山东华鹏,35.08,37.0,34.0,34.1,34.1,0.98,2.8739,7.939,2095900,73999574.0,3697432000.0,926112000.0,None
2016-02-03,'603021,山东华鹏,34.1,34.2,32.6,33.1,33.37,0.73,2.1876,3.7724,995923,33060318.0,3594140000.0,900240000.0,None
2016-02-02,'603021,山东华鹏,33.37,33.75,32.48,32.6,32.32,1.05,3.2488,3.5873,947058,31556964.0,3517198000.0,880968000.0,None
2016-02-01,'603021,山东华鹏,32.32,33.27,31.82,32.4,33.27,-0.95,-2.8554,3.6077,952423,31158535.0,3406528000.0,853248000.0,None
2016-01-29,'603021,山东华鹏,33.27,33.98,31.5,31.6,32.38,0.89,2.7486,5.3704,1417794,46735480.0,3506658000.0,878328000.0,None
2016-01-28,'603021,山东华鹏,32.38,32.99,30.81,32.0,32.74,-0.36,-1.0996,4.2368,1118503,35749904.0,3412852000.0,854832000.0,None
2016-01-27,'603021,山东华鹏,32.74,34.48,30.83,33.96,33.96,-1.22,-3.5925,5.701,1505066,48734737.0,3450796000.0,864336000.0,None
2016-01-26,'603021,山东华鹏,33.96,37.2,33.96,37.2,37.73,-3.77,-9.992,7.6139,2010079,71104386.0,3579384000.0,896544000.0,None
2016-01-25,'603021,山东华鹏,37.73,37.9,36.67,37.08,37.08,0.65,1.753,6.2812,1658249,61930889.0,3976742000.0,996072000.0,None
2016-01-22,'603021,山东华鹏,37.08,38.28,35.5,37.9,36.92,0.16,0.4334,8.7854,2319355,85742804.0,3908232000.0,978912000.0,None
2016-01-21,'603021,山东华鹏,36.92,39.39,35.0,36.0,36.7,0.22,0.5995,13.7272,3623982,137534931.0,3891368000.0,974688000.0,None
2016-01-20,'603021,山东华鹏,36.7,37.92,36.5,36.95,36.87,-0.17,-0.4611,6.6683,1760421,65297753.0,3868180000.0,968880000.0,None
2016-01-19,'603021,山东华鹏,36.87,37.2,35.17,35.4,35.83,1.04,2.9026,6.1384,1620549,59073265.0,3886098000.0,973368000.0,None
2016-01-18,'603021,山东华鹏,35.83,36.55,34.0,34.0,35.49,0.34,0.958,5.3786,1419961,50585274.0,3776482000.0,945912000.0,None
2016-01-15,'603021,山东华鹏,35.49,37.7,34.8,37.01,38.17,-2.68,-7.0212,7.8438,2070770,75750947.0,3740646000.0,936936000.0,None
2016-01-14,'603021,山东华鹏,38.17,38.5,34.6,35.5,35.68,2.49,6.9787,9.4538,2495811,91329338.0,4023118000.0,1007688000.0,None
2016-01-13,'603021,山东华鹏,35.68,36.88,35.0,36.75,35.77,-0.09,-0.2516,7.1671,1892126,67914246.0,3760672000.0,941952000.0,None
2016-01-12,'603021,山东华鹏,35.77,35.8,33.25,34.36,34.25,1.52,4.438,7.5531,1994007,69431343.0,3770158000.0,944328000.0,None
2016-01-11,'603021,山东华鹏,34.25,37.5,34.25,36.6,38.06,-3.81,-10.0105,6.3973,1688884,60736752.0,3609950000.0,904200000.0,None
2016-01-08,'603021,山东华鹏,38.06,40.1,34.61,38.9,38.1,-0.04,-0.105,7.424,1959925,74577292.0,4011524000.0,1004784000.0,None
2016-01-07,'603021,山东华鹏,38.1,41.2,38.07,41.19,42.3,-4.2,-9.9291,1.6364,432000,17133930.0,4015740000.0,1005840000.0,None
2016-01-06,'603021,山东华鹏,42.3,42.42,40.8,41.0,40.62,1.68,4.1359,7.0496,1861107,77550879.0,4458420000.0,1116720000.0,None
2016-01-05,'603021,山东华鹏,40.62,43.2,39.26,39.26,43.48,-2.86,-6.5777,8.4222,2223464,91138697.0,4281348000.0,1072368000.0,None
2016-01-04,'603021,山东华鹏,43.48,48.24,43.48,48.1,48.31,-4.83,-9.9979,6.7035,1769727,80694687.0,4582792000.0,1147872000.0,None
