日期,股票代码,名称,收盘价,最高价,最低价,开盘价,前收盘,涨跌额,涨跌幅,换手率,成交量,成交金额,总市值,流通市值,成交笔数
2016-10-12,'600219,南山铝业,2.93,2.94,2.92,2.92,2.94,-0.01,-0.3401,0.52,36856287,107862025.0,20767725442.9,20767725442.9,None
2016-10-11,'600219,南山铝业,2.94,2.96,2.91,2.93,2.93,0.01,0.3413,0.7517,53282744,156582801.0,20838605051.9,20838605051.9,None
2016-10-10,'600219,南山铝业,2.93,2.93,2.89,2.89,2.88,0.05,1.7361,0.7927,56188282,163735018.0,20767725442.9,20767725442.9,None
2016-09-30,'600219,南山铝业,2.88,2.9,2.88,2.88,2.89,-0.01,-0.346,0.55,38983605,112633434.0,20413327397.8,20413327397.8,None
2016-09-29,'600219,南山铝业,2.89,2.91,2.87,2.87,2.87,0.02,0.6969,0.768,54438670,157327783.0,20484207006.8,20484207006.8,None
2016-09-28,'600219,南山铝业,2.87,2.9,2.86,2.9,2.9,-0.03,-1.0345,0.7084,50213805,144611114.0,20342447788.7,20342447788.7,None
2016-09-27,'600219,南山铝业,2.9,2.92,2.85,2.9,2.91,-0.01,-0.3436,1.0749,76189941,219716471.0,20555086615.8,20555086615.8,None
2016-09-26,'600219,南山铝业,2.91,3.0,2.89,3.0,3.01,-0.1,-3.3223,1.415,100293500,295787051.0,20625966224.8,20625966224.8,None
2016-09-23,'600219,南山铝业,3.01,3.05,3.0,3.04,3.03,-0.02,-0.6601,1.0319,73140337,220407700.0,21334762315.0,21334762315.0,None
2016-09-22,'600219,南山铝业,3.03,3.06,3.01,3.05,3.03,0.0,0.0,0.8413,59630203,181344858.0,21476521533.1,21476521533.1,None
2016-09-21,'600219,南山铝业,3.03,3.07,3.02,3.04,3.04,-0.01,-0.3289,0.6534,46309681,141002928.0,21476521533.1,21476521533.1,None
2016-09-20,'600219,南山铝业,3.04,3.09,3.03,3.08,3.07,-0.03,-0.9772,0.73,51740201,157551901.0,21547401142.1,21547401142.1,None
2016-09-19,'600219,南山铝业,3.07,3.11,3.03,3.05,3.05,0.02,0.6557,1.2092,85708384,263038225.0,21760039969.1,21760039969.1,None
2016-09-14,'600219,南山铝业,0.0,0.0,0.0,0.0,3.05,None,None,0.0,0,0.0,21618280751.1,21618280751.1,None
2016-09-13,'600219,南山铝业,0.0,0.0,0.0,0.0,3.05,None,None,0.0,0,0.0,21618280751.1,21618280751.1,None
2016-09-12,'600219,南山铝业,0.0,0.0,0.0,0.0,3.05,None,None,0.0,0,0.0,21618280751.1,21618280751.1,None
2016-09-09,'600219,南山铝业,0.0,0.0,0.0,0.0,3.05,None,None,0.0,0,0.0,21618280751.1,21618280751.1,None
2016-09-08,'600219,南山铝业,0.0,0.0,0.0,0.0,3.05,None,None,0.0,0,0.0,21618280751.1,21618280751.1,None
2016-09-07,'600219,南山铝业,3.05,3.1,3.04,3.09,3.09,-0.04,-1.2945,1.0965,77718043,238719648.0,21618280751.1,21618280751.1,None
2016-09-06,'600219,南山铝业,3.09,3.1,3.05,3.06,3.07,0.02,0.6515,1.1231,79607315,244973290.0,21901799187.2,21901799187.2,None
2016-09-05,'600219,南山铝业,3.07,3.1,3.03,3.05,3.05,0.02,0.6557,1.1921,84492193,259088057.0,21760039969.1,21760039969.1,None
2016-09-02,'600219,南山铝业,3.05,3.06,3.01,3.02,3.02,0.03,0.9934,1.1039,78241125,237115665.0,21618280751.1,21618280751.1,None
2016-09-01,'600219,南山铝业,3.02,3.06,3.02,3.04,3.05,-0.03,-0.9836,1.0903,77279764,234516112.0,21405641924.0,21405641924.0,None
2016-08-31,'600219,南山铝业,3.05,3.09,3.0,3.09,3.12,-0.07,-2.2436,2.2426,158954889,482525024.0,21618280751.1,21618280751.1,None
2016-08-30,'600219,DR南山铝,3.12,3.22,3.09,3.2,3.16,-0.04,-1.2658,1.1176,79214921,250049867.0,22114438014.2,22114438014.2,None
2016-08-29,'600219,南山铝业,7.99,8.11,7.93,8.06,8.07,-0.08,-0.9913,1.9906,56437430,451706330.0,22653123044.4,22653123044.4,None
2016-08-26,'600219,南山铝业,8.07,8.3,8.02,8.21,8.19,-0.12,-1.4652,3.5352,100228091,815912444.0,22879937793.3,22879937793.3,None
2016-08-25,'600219,南山铝业,8.19,8.23,8.01,8.12,8.21,-0.02,-0.2436,1.9778,56074233,454244621.0,23220159916.6,23220159916.6,None
2016-08-24,'600219,南山铝业,8.21,8.35,8.18,8.25,8.24,-0.03,-0.3641,2.4223,68676122,567165659.0,23276863603.8,23276863603.8,None
2016-08-23,'600219,南山铝业,8.24,8.61,8.16,8.61,8.66,-0.42,-4.8499,6.1948,175633574,1461954825.0,23361919134.6,23361919134.6,None
2016-08-22,'600219,南山铝业,8.66,8.95,8.62,8.68,8.73,-0.07,-0.8018,3.8489,109124655,953811374.0,24552696566.3,24552696566.3,None
2016-08-19,'600219,南山铝业,8.73,8.88,8.27,8.37,8.32,0.41,4.9279,5.5116,156264985,1340849985.0,24751159471.5,24751159471.5,None
2016-08-18,'600219,南山铝业,8.32,8.41,8.22,8.33,8.42,-0.1,-1.1876,2.9815,84530070,701769123.0,23588733883.5,23588733883.5,None
2016-08-17,'600219,南山铝业,8.42,8.48,7.96,7.96,7.96,0.46,5.7789,5.606,158941684,1308207158.0,23872252319.6,23872252319.6,None
2016-08-16,'600219,南山铝业,7.96,8.3,7.92,8.2,8.23,-0.27,-3.2807,5.9058,167441085,1347376431.0,22568067513.6,22568067513.6,None
2016-08-15,'600219,南山铝业,8.23,8.31,8.02,8.02,8.04,0.19,2.3632,3.0793,87303479,711414263.0,23333567291.0,23333567291.0,None
2016-08-12,'600219,南山铝业,8.04,8.1,7.87,7.88,7.87,0.17,2.1601,1.5742,44630942,356241767.0,22794882262.4,22794882262.4,None
2016-08-11,'600219,南山铝业,7.87,8.02,7.86,7.98,8.02,-0.15,-1.8703,1.3326,37781412,300158025.0,22312900921.1,22312900921.1,None
2016-08-10,'600219,南山铝业,8.02,8.11,7.94,7.95,7.97,0.05,0.6274,1.5771,44713395,358813297.0,22738178575.2,22738178575.2,None
2016-08-09,'600219,南山铝业,7.97,7.98,7.84,7.88,7.89,0.08,1.0139,1.1597,32880471,260530273.0,22596419357.2,22596419357.2,None
2016-08-08,'600219,南山铝业,7.89,7.89,7.78,7.81,7.82,0.07,0.8951,0.8254,23401775,183351459.0,22369604608.3,22369604608.3,None
2016-08-05,'600219,南山铝业,7.82,7.85,7.77,7.8,7.83,-0.01,-0.1277,0.6189,17545555,137066633.0,22171141703.0,22171141703.0,None
2016-08-04,'600219,南山铝业,7.83,7.85,7.6,7.66,7.65,0.18,2.3529,1.024,29032235,224629586.0,22199493546.6,22199493546.6,None
2016-08-03,'600219,南山铝业,7.65,7.69,7.55,7.63,7.67,-0.02,-0.2608,0.8039,22792641,173833628.0,21689160361.7,21689160361.7,None
2016-08-02,'600219,南山铝业,7.67,7.67,7.53,7.56,7.56,0.11,1.455,0.5116,14504158,110350148.0,21745864048.9,21745864048.9,None
2016-08-01,'600219,南山铝业,7.56,7.73,7.49,7.69,7.69,-0.13,-1.6905,1.0525,29840941,226161305.0,21433993769.2,21433993769.2,None
2016-07-29,'600219,南山铝业,7.69,7.77,7.67,7.76,7.78,-0.09,-1.1568,0.7879,22339033,172475306.0,21802567736.1,21802567736.1,None
2016-07-28,'600219,南山铝业,7.78,7.79,7.64,7.71,7.75,0.03,0.3871,1.0803,30627103,236628260.0,22057734328.6,22057734328.6,None
2016-07-27,'600219,南山铝业,7.75,8.04,7.59,8.01,8.01,-0.26,-3.2459,2.3287,66024033,515419935.0,21972678797.8,21972678797.8,None
2016-07-26,'600219,南山铝业,8.01,8.01,7.82,7.84,7.82,0.19,2.4297,1.2646,35853980,284584503.0,22709826731.6,22709826731.6,None
2016-07-25,'600219,南山铝业,7.82,7.89,7.79,7.81,7.82,0.0,0.0,0.9063,25695423,201269146.0,22171141703.0,22171141703.0,None
2016-07-22,'600219,南山铝业,7.82,7.93,7.8,7.88,7.9,-0.08,-1.0127,1.2237,34693482,272373516.0,22171141703.0,22171141703.0,None
2016-07-21,'600219,南山铝业,7.9,7.95,7.87,7.92,7.92,-0.02,-0.2525,1.0951,31049110,245573498.0,22397956451.9,22397956451.9,None
2016-07-20,'600219,南山铝业,7.92,8.02,7.92,8.0,8.04,-0.12,-1.4925,1.1049,31326350,249328911.0,22454660139.1,22454660139.1,None
2016-07-19,'600219,南山铝业,8.04,8.05,7.85,7.94,7.92,0.12,1.5152,1.2496,35429482,281106840.0,22794882262.4,22794882262.4,None
2016-07-18,'600219,南山铝业,7.92,8.06,7.88,8.02,8.07,-0.15,-1.8587,1.3985,39649308,315051042.0,22454660139.1,22454660139.1,None
2016-07-15,'600219,南山铝业,8.07,8.11,8.03,8.08,8.07,0.0,0.0,0.9077,25735928,207804443.0,22879937793.3,22879937793.3,None
2016-07-14,'600219,南山铝业,8.07,8.17,8.02,8.16,8.19,-0.12,-1.4652,1.6589,47032395,379882832.0,22879937793.3,22879937793.3,None
2016-07-13,'600219,南山铝业,8.19,8.2,8.03,8.11,8.01,0.18,2.2472,2.4353,69045695,561008452.0,23220159916.6,23220159916.6,None
2016-07-12,'600219,南山铝业,8.01,8.08,7.86,7.94,7.84,0.17,2.1684,1.8653,52884384,421573594.0,22709826731.6,22709826731.6,None
2016-07-11,'600219,南山铝业,7.84,8.13,7.83,7.94,7.93,-0.09,-1.1349,2.1201,60109462,481978426.0,22227845390.2,22227845390.2,None
2016-07-08,'600219,南山铝业,7.93,8.12,7.91,8.11,8.12,-0.19,-2.3399,2.1864,61988512,494937798.0,22483011982.7,22483011982.7,None
2016-07-07,'600219,南山铝业,8.12,8.18,7.88,7.91,7.94,0.18,2.267,2.9711,84236089,680874125.0,23021697011.3,23021697011.3,None
2016-07-06,'600219,南山铝业,7.94,8.05,7.73,7.77,7.8,0.14,1.7949,2.5534,72394328,572165238.0,22511363826.3,22511363826.3,None
2016-07-05,'600219,南山铝业,7.8,7.96,7.72,7.82,7.84,-0.04,-0.5102,2.2838,64750585,505868055.0,22114438015.8,22114438015.8,None
2016-07-04,'600219,南山铝业,7.84,7.9,7.49,7.5,7.52,0.32,4.2553,3.007,85253965,663412618.0,22227845390.2,22227845390.2,None
2016-07-01,'600219,南山铝业,7.52,7.53,7.39,7.41,7.4,0.12,1.6216,1.5637,44335154,330794625.0,21320586394.7,21320586394.7,None
2016-06-30,'600219,南山铝业,7.4,7.42,7.29,7.36,7.32,0.08,1.0929,1.3603,38565973,283225474.0,20980364271.4,20980364271.4,None
2016-06-29,'600219,南山铝业,7.32,7.38,7.22,7.22,7.22,0.1,1.385,1.659,47034604,343539532.0,20753549522.5,20753549522.5,None
2016-06-28,'600219,南山铝业,7.22,7.25,7.04,7.22,7.28,-0.06,-0.8242,2.9757,84365478,601377720.0,20470031086.4,20470031086.4,None
2016-06-27,'600219,南山铝业,0.0,0.0,0.0,0.0,7.28,None,None,0.0,0,0.0,20640142148.1,20640142148.1,None
2016-06-24,'600219,南山铝业,7.28,7.52,7.08,7.46,7.48,-0.2,-2.6738,1.9595,55554438,405486697.0,20640142148.1,20640142148.1,None
2016-06-23,'600219,南山铝业,7.48,7.55,7.43,7.45,7.5,-0.02,-0.2667,0.9749,27638890,206865079.0,21207179020.3,21207179020.3,None
2016-06-22,'600219,南山铝业,7.5,7.54,7.38,7.41,7.42,0.08,1.0782,1.4366,40730596,303696909.0,21263882707.5,21263882707.5,None
2016-06-21,'600219,南山铝业,7.42,7.66,7.38,7.61,7.55,-0.13,-1.7219,1.6779,47571005,357716722.0,21037067958.6,21037067958.6,None
2016-06-20,'600219,南山铝业,7.55,7.72,7.49,7.69,7.71,-0.16,-2.0752,1.7756,50341138,380655233.0,21405641925.5,21405641925.5,None
2016-06-17,'600219,南山铝业,7.71,7.8,7.66,7.78,7.76,-0.05,-0.6443,2.0033,56797596,438535715.0,21859271423.3,21859271423.3,None
2016-06-16,'600219,南山铝业,7.76,7.97,7.66,7.79,7.8,-0.04,-0.5128,3.0138,85446294,667968973.0,22001030641.4,22001030641.4,None
2016-06-15,'600219,南山铝业,7.8,7.99,7.52,7.59,7.36,0.44,5.9783,4.7737,135341995,1049605555.0,22114438015.8,22114438015.8,None
2016-06-14,'600219,南山铝业,0.0,0.0,0.0,0.0,7.36,None,None,0.0,0,0.0,20866956897.0,20866956897.0,None
2016-06-13,'600219,南山铝业,0.0,0.0,0.0,0.0,7.36,None,None,0.0,0,0.0,20866956897.0,20866956897.0,None
2016-06-08,'600219,南山铝业,7.36,7.4,7.2,7.23,7.24,0.12,1.6575,1.9563,55463736,404761527.0,20866956897.0,20866956897.0,None
2016-06-07,'600219,南山铝业,7.24,7.33,7.09,7.17,7.19,0.05,0.6954,1.2865,36475351,262413420.0,20526734773.6,20526734773.6,None
2016-06-06,'600219,南山铝业,7.19,7.23,7.07,7.13,7.06,0.13,1.8414,1.0927,30978852,221763420.0,20384975555.6,20384975555.6,None
2016-06-03,'600219,南山铝业,7.06,7.22,7.05,7.1,7.12,-0.06,-0.8427,1.2135,34405937,245695414.0,20016401588.7,20016401588.7,None
2016-06-02,'600219,南山铝业,7.12,7.17,7.03,7.14,7.16,-0.04,-0.5587,1.1522,32666033,231988328.0,20186512650.3,20186512650.3,None
2016-06-01,'600219,南山铝业,7.16,7.25,6.88,6.91,6.91,0.25,3.6179,2.2497,63784232,452783459.0,20299920024.8,20299920024.8,None
2016-05-31,'600219,南山铝业,6.91,6.92,6.63,6.69,6.64,0.27,4.0663,1.3644,38684058,264399422.0,19591123934.5,19591123934.5,None
2016-05-30,'600219,南山铝业,6.64,6.73,6.57,6.69,6.73,-0.09,-1.3373,0.6872,19482754,129680440.0,18825624157.0,18825624157.0,None
2016-05-27,'600219,南山铝业,6.73,6.8,6.7,6.78,6.81,-0.08,-1.1747,0.6441,18261791,123283749.0,19080790749.5,19080790749.5,None
2016-05-26,'600219,南山铝业,6.81,6.83,6.54,6.69,6.71,0.1,1.4903,1.1121,31530609,210723235.0,19307605498.4,19307605498.4,None
2016-05-25,'600219,南山铝业,6.71,6.91,6.69,6.73,6.71,0.0,0.0,1.2533,35533884,241560976.0,19024087062.3,19024087062.3,None
2016-05-24,'600219,南山铝业,6.71,6.8,6.57,6.76,6.76,-0.05,-0.7396,0.8895,25218192,168257279.0,19024087062.3,19024087062.3,None
2016-05-23,'600219,南山铝业,6.76,7.05,6.7,6.7,6.5,0.26,4.0,1.6965,48098439,328143288.0,19165846280.4,19165846280.4,None
2016-05-20,'600219,南山铝业,6.5,6.54,6.4,6.43,6.51,-0.01,-0.1536,0.5405,15324940,99154590.0,18428698346.5,18428698346.5,None
2016-05-19,'600219,南山铝业,6.51,6.61,6.46,6.5,6.56,-0.05,-0.7622,0.9157,25960783,169870043.0,18457050190.1,18457050190.1,None
2016-05-18,'600219,南山铝业,6.56,6.71,6.45,6.7,6.79,-0.23,-3.3873,1.0358,29367255,193055533.0,18598809408.2,18598809408.2,None
2016-05-17,'600219,南山铝业,6.79,7.01,6.76,6.92,6.9,-0.11,-1.5942,0.9985,28310688,195178904.0,19250901811.2,19250901811.2,None
2016-05-16,'600219,南山铝业,6.9,6.92,6.71,6.76,6.76,0.14,2.071,0.9881,28013911,192193669.0,19562772090.9,19562772090.9,None
2016-05-13,'600219,南山铝业,6.76,6.78,6.61,6.64,6.71,0.05,0.7452,0.5912,16760699,112119309.0,19165846280.4,19165846280.4,None
2016-05-12,'600219,南山铝业,6.71,6.73,6.47,6.66,6.75,-0.04,-0.5926,0.8983,25469476,168129105.0,19024087062.3,19024087062.3,None
2016-05-11,'600219,南山铝业,6.75,6.88,6.73,6.78,6.74,0.01,0.1484,0.9293,26346004,179331648.0,19137494436.8,19137494436.8,None
2016-05-10,'600219,南山铝业,6.74,6.82,6.5,6.53,6.58,0.16,2.4316,1.5941,45195811,301772191.0,19109142593.1,19109142593.1,None
2016-05-09,'600219,南山铝业,6.58,7.1,6.53,7.1,7.21,-0.63,-8.7379,1.9596,55559626,377199039.0,18655513095.4,18655513095.4,None
2016-05-06,'600219,南山铝业,7.21,7.76,7.0,7.6,7.46,-0.25,-3.3512,3.3882,96062422,716135155.0,20441679242.8,20441679242.8,None
2016-05-05,'600219,南山铝业,0.0,0.0,0.0,0.0,7.46,None,None,0.0,0,0.0,21150475333.1,21150475333.1,None
2016-05-04,'600219,南山铝业,0.0,0.0,0.0,0.0,7.46,None,None,0.0,0,0.0,21150475333.1,21150475333.1,None
2016-05-03,'600219,南山铝业,0.0,0.0,0.0,0.0,7.46,None,None,0.0,0,0.0,21150475333.1,21150475333.1,None
2016-04-29,'600219,南山铝业,0.0,0.0,0.0,0.0,7.46,None,None,0.0,0,0.0,21150475333.1,21150475333.1,None
2016-04-28,'600219,南山铝业,0.0,0.0,0.0,0.0,7.46,None,None,0.0,0,0.0,21150475333.1,21150475333.1,None
2016-04-27,'600219,南山铝业,0.0,0.0,0.0,0.0,7.46,None,None,0.0,0,0.0,21150475333.1,21150475333.1,None
2016-04-26,'600219,南山铝业,0.0,0.0,0.0,0.0,7.46,None,None,0.0,0,0.0,21150475333.1,21150475333.1,None
2016-04-25,'600219,南山铝业,0.0,0.0,0.0,0.0,7.46,None,None,0.0,0,0.0,21150475333.1,21150475333.1,None
2016-04-22,'600219,南山铝业,0.0,0.0,0.0,0.0,7.46,None,None,0.0,0,0.0,21150475333.1,21150475333.1,None
2016-04-21,'600219,南山铝业,0.0,0.0,0.0,0.0,7.46,None,None,0.0,0,0.0,21150475333.1,21150475333.1,None
2016-04-20,'600219,南山铝业,0.0,0.0,0.0,0.0,7.46,None,None,0.0,0,0.0,21150475333.1,21150475333.1,None
2016-04-19,'600219,南山铝业,0.0,0.0,0.0,0.0,7.46,None,None,0.0,0,0.0,21150475333.1,21150475333.1,None
2016-04-18,'600219,南山铝业,0.0,0.0,0.0,0.0,7.46,None,None,0.0,0,0.0,21150475333.1,21150475333.1,None
2016-04-15,'600219,南山铝业,7.46,7.59,7.4,7.55,7.55,-0.09,-1.1921,1.4171,40176556,301385348.0,21150475333.1,21150475333.1,None
2016-04-14,'600219,南山铝业,7.55,7.61,7.48,7.55,7.5,0.05,0.6667,1.8869,53497887,403488594.0,21405641925.5,21405641925.5,None
2016-04-13,'600219,南山铝业,7.5,7.75,7.42,7.44,7.3,0.2,2.7397,4.9569,140536347,1064585129.0,21263882707.5,21263882707.5,None
2016-04-12,'600219,南山铝业,7.3,7.41,7.19,7.31,7.35,-0.05,-0.6803,2.0467,58028538,424486144.0,20696845835.3,20696845835.3,None
2016-04-11,'600219,南山铝业,7.35,7.37,7.2,7.2,7.13,0.22,3.0856,3.0256,85781850,627132162.0,20838605053.3,20838605053.3,None
2016-04-08,'600219,南山铝业,7.13,7.15,7.0,7.04,7.09,0.04,0.5642,1.4995,42513652,301233916.0,20214864493.9,20214864493.9,None
2016-04-07,'600219,南山铝业,7.09,7.32,7.07,7.31,7.31,-0.22,-3.0096,2.2242,63059461,451904320.0,20101457119.5,20101457119.5,None
2016-04-06,'600219,南山铝业,7.31,7.36,7.19,7.3,7.37,-0.06,-0.8141,3.0633,86849091,631472806.0,20725197678.9,20725197678.9,None
2016-04-05,'600219,南山铝业,7.37,7.39,7.12,7.28,7.48,-0.11,-1.4706,6.0749,172233800,1249091696.0,20895308740.6,20895308740.6,None
2016-04-01,'600219,南山铝业,7.48,7.54,6.9,6.99,6.94,0.54,7.781,6.2494,177181094,1279329791.0,21207179020.3,21207179020.3,None
2016-03-31,'600219,南山铝业,6.94,7.04,6.83,6.85,6.84,0.1,1.462,2.2373,63430651,440463914.0,19676179465.3,19676179465.3,None
2016-03-30,'600219,南山铝业,6.84,6.87,6.69,6.72,6.67,0.17,2.5487,1.6113,45682498,310216614.0,19392661029.2,19392661029.2,None
2016-03-29,'600219,南山铝业,6.67,6.77,6.61,6.66,6.63,0.04,0.6033,1.4789,41928729,280380639.0,18910679687.9,18910679687.9,None
2016-03-28,'600219,南山铝业,6.63,6.83,6.61,6.73,6.74,-0.11,-1.632,1.2175,34518247,232188214.0,18797272313.4,18797272313.4,None
2016-03-25,'600219,南山铝业,6.74,6.76,6.62,6.66,6.67,0.07,1.0495,0.9454,26802574,179435440.0,19109142593.1,19109142593.1,None
2016-03-24,'600219,南山铝业,6.67,6.86,6.66,6.83,6.91,-0.24,-3.4732,2.0105,57001611,384328986.0,18910679687.9,18910679687.9,None
2016-03-23,'600219,南山铝业,6.91,6.97,6.84,6.92,6.94,-0.03,-0.4323,1.4155,40133362,276909555.0,19591123934.5,19591123934.5,None
2016-03-22,'600219,南山铝业,6.94,7.03,6.92,7.01,7.06,-0.12,-1.6997,1.935,54860193,383154036.0,19676179465.3,19676179465.3,None
2016-03-21,'600219,南山铝业,7.06,7.09,6.96,7.03,7.0,0.06,0.8571,3.2868,93185640,654067759.0,20016401588.7,20016401588.7,None
2016-03-18,'600219,南山铝业,7.0,7.11,6.82,6.88,6.82,0.18,2.6393,2.749,77939561,545120245.0,19846290527.0,19846290527.0,None
2016-03-17,'600219,南山铝业,6.82,6.86,6.69,6.74,6.69,0.13,1.9432,1.5751,44657239,303316093.0,19335957342.0,19335957342.0,None
2016-03-16,'600219,南山铝业,6.69,6.73,6.59,6.63,6.67,0.02,0.2999,1.3789,39094762,261033713.0,18967383375.1,18967383375.1,None
2016-03-15,'600219,南山铝业,6.67,6.83,6.59,6.77,6.8,-0.13,-1.9118,1.1897,33731542,225845091.0,18910679687.9,18910679687.9,None
2016-03-14,'600219,南山铝业,6.8,6.96,6.73,6.74,6.7,0.1,1.4925,1.879,53272233,365612742.0,19279253654.8,19279253654.8,None
2016-03-11,'600219,南山铝业,6.7,6.87,6.47,6.5,6.6,0.1,1.5152,1.475,41817914,278445188.0,18995735218.7,18995735218.7,None
2016-03-10,'600219,南山铝业,6.6,6.91,6.57,6.87,6.85,-0.25,-3.6496,1.4938,42350775,285601295.0,18712216782.6,18712216782.6,None
2016-03-09,'600219,南山铝业,6.85,7.01,6.72,7.0,7.28,-0.43,-5.9066,3.0215,85664910,588540567.0,19421012872.8,19421012872.8,None
2016-03-08,'600219,南山铝业,7.28,7.35,6.95,7.29,7.21,0.07,0.9709,3.5078,99451870,714202275.0,20640142148.1,20640142148.1,None
2016-03-07,'600219,南山铝业,7.21,7.47,7.07,7.19,7.11,0.1,1.4065,2.8916,81982559,594273081.0,20441679242.8,20441679242.8,None
2016-03-04,'600219,南山铝业,7.11,7.34,6.94,7.22,7.19,-0.08,-1.1127,3.9929,113205788,810030951.0,20158160806.7,20158160806.7,None
2016-03-03,'600219,南山铝业,7.19,7.74,7.13,7.4,7.41,-0.22,-2.969,4.8843,138480090,1024388300.0,20384975555.6,20384975555.6,None
2016-03-02,'600219,南山铝业,7.41,7.48,6.9,6.95,7.04,0.37,5.2557,4.7988,136055153,983837740.0,21008716115.0,21008716115.0,None
2016-03-01,'600219,南山铝业,7.04,7.15,6.62,6.71,6.71,0.33,4.918,3.4732,98471291,679946344.0,19959697901.4,19959697901.4,None
2016-02-29,'600219,南山铝业,6.71,6.83,6.31,6.73,6.81,-0.1,-1.4684,2.9388,83321562,551183473.0,19024087062.3,19024087062.3,None
2016-02-26,'600219,南山铝业,6.81,6.96,6.43,6.53,6.43,0.38,5.9098,2.7853,78968979,527011182.0,19307605498.4,19307605498.4,None
2016-02-25,'600219,南山铝业,6.43,7.07,6.35,6.94,6.96,-0.53,-7.6149,3.146,89194433,603194957.0,18230235441.2,18230235441.2,None
2016-02-24,'600219,南山铝业,6.96,6.99,6.72,6.82,6.91,0.05,0.7236,2.2798,64635515,443250991.0,19732883152.6,19732883152.6,None
2016-02-23,'600219,南山铝业,6.91,7.03,6.73,6.79,6.73,0.18,2.6746,4.7363,134284202,928462010.0,19591123934.5,19591123934.5,None
2016-02-22,'600219,南山铝业,6.73,6.81,6.39,6.46,6.33,0.4,6.3191,3.5844,101625194,673036998.0,19080790749.5,19080790749.5,None
2016-02-19,'600219,南山铝业,6.33,6.37,6.25,6.31,6.35,-0.02,-0.315,1.6276,46145339,291111191.0,17946717005.1,17946717005.1,None
2016-02-18,'600219,南山铝业,6.35,6.54,6.24,6.31,6.27,0.08,1.2759,3.2037,90830568,578788923.0,18003420692.3,18003420692.3,None
2016-02-17,'600219,南山铝业,6.27,6.33,6.18,6.24,6.29,-0.02,-0.318,2.0543,58242802,364786825.0,17776605943.5,17776605943.5,None
2016-02-16,'600219,南山铝业,6.29,6.35,6.11,6.14,6.15,0.14,2.2764,2.844,80632852,503208367.0,17833309630.7,17833309630.7,None
2016-02-15,'600219,南山铝业,6.15,6.24,5.75,5.8,6.02,0.13,2.1595,2.1117,59871965,362793019.0,17436383820.2,17436383820.2,None
2016-02-05,'600219,南山铝业,6.02,6.24,6.0,6.09,6.04,-0.02,-0.3311,2.0307,57575165,351584271.0,17067809853.2,17067809853.2,None
2016-02-04,'600219,南山铝业,6.04,6.18,5.83,5.87,5.78,0.26,4.4983,2.8073,79593197,479969966.0,17124513540.4,17124513540.4,None
2016-02-03,'600219,南山铝业,5.78,5.82,5.67,5.72,5.82,-0.04,-0.6873,1.6273,46136426,264549276.0,16387365606.6,16387365606.6,None
2016-02-02,'600219,南山铝业,5.82,5.87,5.6,5.63,5.59,0.23,4.1145,1.5502,43951320,252715728.0,16500772981.0,16500772981.0,None
2016-02-01,'600219,南山铝业,5.59,5.74,5.53,5.7,5.72,-0.13,-2.2727,1.363,38642551,217907076.0,15848680578.0,15848680578.0,None
2016-01-29,'600219,南山铝业,5.72,5.78,5.52,5.52,5.52,0.2,3.6232,1.6821,47690309,269733651.0,16217254544.9,16217254544.9,None
2016-01-28,'600219,南山铝业,5.52,5.87,5.5,5.7,5.76,-0.24,-4.1667,2.0056,56862136,324469700.0,15650217672.7,15650217672.7,None
2016-01-27,'600219,南山铝业,5.76,6.05,5.51,6.02,6.06,-0.3,-4.9505,2.7966,79289320,456554957.0,16330661919.4,16330661919.4,None
2016-01-26,'600219,南山铝业,6.06,6.62,6.06,6.6,6.73,-0.67,-9.9554,3.0946,87736853,551503539.0,17181217227.7,17181217227.7,None
2016-01-25,'600219,南山铝业,6.73,7.0,6.56,7.0,6.58,0.15,2.2796,4.3232,122569604,833508437.0,19080790749.5,19080790749.5,None
2016-01-22,'600219,南山铝业,0.0,0.0,0.0,0.0,6.58,None,None,0.0,0,0.0,18655513095.4,18655513095.4,None
2016-01-21,'600219,南山铝业,0.0,0.0,0.0,0.0,6.58,None,None,0.0,0,0.0,18655513095.4,18655513095.4,None
2016-01-20,'600219,南山铝业,0.0,0.0,0.0,0.0,6.58,None,None,0.0,0,0.0,18655513095.4,18655513095.4,None
2016-01-19,'600219,南山铝业,0.0,0.0,0.0,0.0,6.58,None,None,0.0,0,0.0,18655513095.4,18655513095.4,None
2016-01-18,'600219,南山铝业,0.0,0.0,0.0,0.0,6.58,None,None,0.0,0,0.0,18655513095.4,18655513095.4,None
2016-01-15,'600219,南山铝业,0.0,0.0,0.0,0.0,6.58,None,None,0.0,0,0.0,18655513095.4,18655513095.4,None
2016-01-14,'600219,南山铝业,0.0,0.0,0.0,0.0,6.58,None,None,0.0,0,0.0,18655513095.4,18655513095.4,None
2016-01-13,'600219,南山铝业,0.0,0.0,0.0,0.0,6.58,None,None,0.0,0,0.0,18655513095.4,18655513095.4,None
2016-01-12,'600219,南山铝业,0.0,0.0,0.0,0.0,6.58,None,None,0.0,0,0.0,18655513095.4,18655513095.4,None
2016-01-11,'600219,南山铝业,0.0,0.0,0.0,0.0,6.58,None,None,0.0,0,0.0,18655513095.4,18655513095.4,None
2016-01-08,'600219,南山铝业,0.0,0.0,0.0,0.0,6.58,None,None,0.0,0,0.0,18655513095.4,18655513095.4,None
2016-01-07,'600219,南山铝业,0.0,0.0,0.0,0.0,6.58,None,None,0.0,0,0.0,18655513095.4,18655513095.4,None
2016-01-06,'600219,南山铝业,0.0,0.0,0.0,0.0,6.58,None,None,0.0,0,0.0,18655513095.4,18655513095.4,None
2016-01-05,'600219,南山铝业,0.0,0.0,0.0,0.0,6.58,None,None,0.0,0,0.0,18655513095.4,18655513095.4,None
2016-01-04,'600219,南山铝业,0.0,0.0,0.0,0.0,6.58,None,None,0.0,0,0.0,18655513095.4,18655513095.4,None
