日期,股票代码,名称,收盘价,最高价,最低价,开盘价,前收盘,涨跌额,涨跌幅,换手率,成交量,成交金额,总市值,流通市值,成交笔数
2016-10-12,'603808,歌力思,31.2,32.01,31.18,32.0,32.11,-0.91,-2.834,6.2376,5179613,162629554.0,7752359160.0,2590804476.0,None
2016-10-11,'603808,歌力思,32.11,32.25,29.88,30.2,30.25,1.86,6.1488,5.2244,4338247,136464483.0,7978469635.5,2666369606.55,None
2016-10-10,'603808,歌力思,30.25,30.3,29.71,30.0,29.85,0.4,1.34,1.7735,1472676,44183228.0,7516309762.5,2511917801.25,None
2016-09-30,'603808,歌力思,29.85,30.07,29.64,30.0,30.04,-0.19,-0.6325,1.1164,927044,27744887.0,7416920542.5,2478702359.25,None
2016-09-29,'603808,歌力思,30.04,30.1,29.6,29.84,29.84,0.2,0.6702,1.3751,1141858,34198420.0,7464130422.0,2494479694.2,None
2016-09-28,'603808,歌力思,29.84,30.31,29.8,29.96,30.31,-0.47,-1.5506,1.0439,866827,26021944.0,7414435812.0,2477871973.2,None
2016-09-27,'603808,歌力思,30.31,30.48,28.65,28.68,31.09,-0.78,-2.5088,3.7375,3103597,92784820.0,7531218145.5,2516900117.55,None
2016-09-26,'603808,歌力思,31.09,31.75,30.69,30.7,31.02,0.07,0.2257,3.395,2675357,83589763.0,7725027124.5,2449956667.2,None
2016-09-23,'603808,歌力思,31.02,31.8,30.69,30.69,30.64,0.38,1.2402,4.6161,3637621,114217570.0,7707634011.0,2444440521.6,None
2016-09-22,'603808,歌力思,30.64,30.91,30.3,30.6,30.52,0.12,0.3932,2.9903,2356457,72280089.0,7613214252.0,2414495731.2,None
2016-09-21,'603808,歌力思,30.52,30.9,30.22,30.85,30.67,-0.15,-0.4891,3.0602,2411470,73881401.0,7583397486.0,2405039481.6,None
2016-09-20,'603808,歌力思,30.67,30.98,28.98,29.07,28.84,1.83,6.3454,3.7724,2972763,89350116.0,7620668443.5,2416859793.6,None
2016-09-19,'603808,歌力思,28.84,29.3,28.62,28.79,28.77,0.07,0.2433,0.7391,582398,16818205.0,7165962762.0,2272651987.2,None
2016-09-14,'603808,歌力思,28.77,29.56,28.75,29.56,29.8,-1.03,-3.4564,1.6875,1329816,38525765.0,7148569648.5,2267135841.6,None
2016-09-13,'603808,歌力思,29.8,30.46,29.7,30.01,30.16,-0.36,-1.1936,1.8407,1450493,43399268.0,7404496890.0,2348301984.0,None
2016-09-12,'603808,歌力思,30.16,30.99,29.48,29.98,30.3,-0.14,-0.462,2.8466,2243150,67902965.0,7493947188.0,2376670732.8,None
2016-09-09,'603808,歌力思,30.3,30.32,29.28,29.66,29.37,0.93,3.1665,3.4484,2717429,81249328.0,7528733415.0,2387703024.0,None
2016-09-08,'603808,歌力思,29.37,29.79,29.29,29.51,29.56,-0.19,-0.6428,1.2473,982877,28944668.0,7297653478.5,2314417089.6,None
2016-09-07,'603808,歌力思,29.56,30.19,29.52,29.99,29.98,-0.42,-1.4009,1.549,1220665,36302492.0,7344863358.0,2329389484.8,None
2016-09-06,'603808,歌力思,29.98,29.99,29.42,29.42,29.42,0.56,1.9035,2.8342,2233446,66470624.0,7449222039.0,2362486358.4,None
2016-09-05,'603808,歌力思,29.42,29.48,28.93,29.1,29.02,0.4,1.3784,1.7619,1388400,40686204.0,7310077131.0,2318357193.6,None
2016-09-02,'603808,歌力思,29.02,29.29,28.93,29.12,29.11,-0.09,-0.3092,1.0673,841023,24445401.0,7210687911.0,2286836361.6,None
2016-09-01,'603808,歌力思,29.11,29.41,29.06,29.2,29.2,-0.09,-0.3082,1.2958,1021132,29853283.0,7233050485.5,2293928548.8,None
2016-08-31,'603808,歌力思,29.2,29.45,28.87,29.41,29.32,-0.12,-0.4093,2.0207,1592375,46276039.0,7255413060.0,2301020736.0,None
2016-08-30,'603808,歌力思,29.32,29.46,29.13,29.28,29.09,0.23,0.7906,1.0107,796429,23338008.0,7285229826.0,2310476985.6,None
2016-08-29,'603808,歌力思,29.09,29.59,29.07,29.45,29.45,-0.36,-1.2224,1.4958,1178686,34543789.0,7228081024.5,2292352507.2,None
2016-08-26,'603808,歌力思,29.45,29.89,29.24,29.6,29.64,-0.19,-0.641,1.8799,1481380,43739277.0,7317531322.5,2320721256.0,None
2016-08-25,'603808,歌力思,29.64,30.0,29.1,30.0,30.01,-0.37,-1.2329,1.9283,1519578,44796400.0,7364741202.0,2335693651.2,None
2016-08-24,'603808,歌力思,30.01,30.38,29.8,30.04,30.04,-0.03,-0.0999,1.8465,1455092,43695072.0,7456676230.5,2364850420.8,None
2016-08-23,'603808,歌力思,30.04,30.4,29.8,30.4,30.52,-0.48,-1.5727,2.8952,2281463,68388954.0,7464130422.0,2367214483.2,None
2016-08-22,'603808,歌力思,30.52,30.89,29.6,29.7,29.75,0.77,2.5882,3.9342,3100239,94491034.0,7583397486.0,2405039481.6,None
2016-08-19,'603808,歌力思,29.75,30.37,29.7,30.37,30.39,-0.64,-2.106,3.243,2555514,76410126.0,7392073237.5,2344361880.0,None
2016-08-18,'603808,歌力思,30.39,30.75,29.88,30.66,30.64,-0.25,-0.8159,3.3178,2614502,79026910.0,7551095989.5,2394795211.2,None
2016-08-17,'603808,歌力思,30.64,31.47,30.6,31.47,31.47,-0.83,-2.6374,3.9459,3109436,95953880.0,7613214252.0,2414495731.2,None
2016-08-16,'603808,歌力思,31.47,31.79,30.85,31.05,31.25,0.22,0.704,4.5089,3553078,110911554.0,7819446883.5,2479901457.6,None
2016-08-15,'603808,歌力思,31.25,31.49,30.51,30.97,31.0,0.25,0.8065,4.7852,3770824,117454126.0,7764782812.5,2462565000.0,None
2016-08-12,'603808,歌力思,31.0,31.56,30.57,30.81,31.14,-0.14,-0.4496,4.3304,3412461,105264439.0,7702664550.0,2442864480.0,None
2016-08-11,'603808,歌力思,31.14,31.9,31.08,31.19,31.47,-0.33,-1.0486,4.4552,3510752,110554315.0,7737450777.0,2453896771.2,None
2016-08-10,'603808,歌力思,31.47,31.86,30.86,31.57,32.02,-0.55,-1.7177,7.2163,5686606,178216883.0,7819446883.5,2479901457.6,None
2016-08-09,'603808,歌力思,32.02,32.4,31.56,32.4,32.45,-0.43,-1.3251,8.3279,6562531,209080184.0,7956107061.0,2523242601.6,None
2016-08-08,'603808,歌力思,32.45,34.15,31.51,34.15,33.02,-0.57,-1.7262,10.5645,8325044,268970226.0,8062950472.5,2557127496.0,None
2016-08-05,'603808,歌力思,33.02,33.02,31.37,31.37,30.02,3.0,9.9933,2.5435,2004367,65651740.0,8204580111.0,2602044681.6,None
2016-08-04,'603808,歌力思,30.02,30.36,29.53,30.36,29.93,0.09,0.3007,1.0325,813659,24324253.0,7459160961.0,2365638441.6,None
2016-08-03,'603808,歌力思,29.93,30.4,29.68,29.68,29.68,0.25,0.8423,1.1043,870190,26127965.0,7436798386.5,2358546254.4,None
2016-08-02,'603808,歌力思,29.68,29.99,29.3,29.9,29.67,0.01,0.0337,0.7722,608509,18049376.0,7374680124.0,2338845734.4,None
2016-08-01,'603808,歌力思,29.67,29.88,28.6,29.11,29.96,-0.29,-0.968,2.0734,1633881,48007192.0,7372195393.5,2338057713.6,None
2016-07-29,'603808,歌力思,29.96,30.95,29.81,30.95,30.77,-0.81,-2.6324,2.2608,1781591,53902857.0,7444252578.0,2360910316.8,None
2016-07-28,'603808,歌力思,30.77,31.13,29.79,30.49,30.43,0.34,1.1173,2.1101,1662796,50798549.0,7645515748.5,2424740001.6,None
2016-07-27,'603808,歌力思,30.43,31.7,29.45,31.69,31.81,-1.38,-4.3383,4.8984,3860038,118853298.0,7561034911.5,2397947294.4,None
2016-07-26,'603808,歌力思,31.81,32.0,31.02,31.7,31.74,0.07,0.2205,5.265,4148948,130995094.0,7903927720.5,2506694164.8,None
2016-07-25,'603808,歌力思,31.74,31.86,29.49,29.76,30.1,1.64,5.4485,7.5156,5922488,184154183.0,7886534607.0,2501178019.2,None
2016-07-22,'603808,歌力思,30.1,30.67,29.76,29.97,30.45,-0.35,-1.1494,5.7883,4561324,137614289.0,7479038805.0,2371942608.0,None
2016-07-21,'603808,歌力思,30.45,30.8,28.09,28.61,29.24,1.21,4.1382,9.4715,7463760,222543081.0,7566004372.5,2399523336.0,None
2016-07-20,'603808,歌力思,29.24,31.7,29.22,31.5,29.13,0.11,0.3776,9.8856,7790022,235411911.0,7265351982.0,2304172819.2,None
2016-07-19,'603808,歌力思,0.0,0.0,0.0,0.0,29.13,None,None,0.0,0,0.0,7238019946.5,2295504590.4,None
2016-07-18,'603808,歌力思,0.0,0.0,0.0,0.0,29.13,None,None,0.0,0,0.0,7238019946.5,2295504590.4,None
2016-07-15,'603808,歌力思,0.0,0.0,0.0,0.0,29.13,None,None,0.0,0,0.0,7238019946.5,2295504590.4,None
2016-07-14,'603808,歌力思,0.0,0.0,0.0,0.0,29.13,None,None,0.0,0,0.0,7238019946.5,2295504590.4,None
2016-07-13,'603808,歌力思,0.0,0.0,0.0,0.0,29.13,None,None,0.0,0,0.0,7238019946.5,2295504590.4,None
2016-07-12,'603808,歌力思,0.0,0.0,0.0,0.0,29.13,None,None,0.0,0,0.0,7238019946.5,2295504590.4,None
2016-07-11,'603808,歌力思,0.0,0.0,0.0,0.0,29.13,None,None,0.0,0,0.0,7238019946.5,2295504590.4,None
2016-07-08,'603808,歌力思,0.0,0.0,0.0,0.0,29.13,None,None,0.0,0,0.0,7238019946.5,2295504590.4,None
2016-07-07,'603808,歌力思,0.0,0.0,0.0,0.0,29.13,None,None,0.0,0,0.0,7238019946.5,2295504590.4,None
2016-07-06,'603808,歌力思,0.0,0.0,0.0,0.0,29.13,None,None,0.0,0,0.0,7238019946.5,2295504590.4,None
2016-07-05,'603808,歌力思,0.0,0.0,0.0,0.0,29.13,None,None,0.0,0,0.0,7238019946.5,2295504590.4,None
2016-07-04,'603808,歌力思,0.0,0.0,0.0,0.0,29.13,None,None,0.0,0,0.0,7238019946.5,2295504590.4,None
2016-07-01,'603808,歌力思,0.0,0.0,0.0,0.0,29.13,None,None,0.0,0,0.0,7238019946.5,2295504590.4,None
2016-06-30,'603808,歌力思,0.0,0.0,0.0,0.0,29.13,None,None,0.0,0,0.0,7238019946.5,2295504590.4,None
2016-06-29,'603808,歌力思,0.0,0.0,0.0,0.0,29.13,None,None,0.0,0,0.0,7238019946.5,2295504590.4,None
2016-06-28,'603808,歌力思,0.0,0.0,0.0,0.0,29.13,None,None,0.0,0,0.0,7238019946.5,2295504590.4,None
2016-06-27,'603808,歌力思,0.0,0.0,0.0,0.0,29.13,None,None,0.0,0,0.0,7238019946.5,2295504590.4,None
2016-06-24,'603808,歌力思,0.0,0.0,0.0,0.0,29.13,None,None,0.0,0,0.0,7238019946.5,2295504590.4,None
2016-06-23,'603808,DR歌力思,0.0,0.0,0.0,0.0,29.13,None,None,0.0,0,0.0,7238019946.5,2295504590.4,None
2016-06-22,'603808,歌力思,0.0,0.0,0.0,0.0,43.96,None,None,0.0,0,0.0,7281916852.0,2309426291.2,None
2016-06-21,'603808,歌力思,0.0,0.0,0.0,0.0,43.96,None,None,0.0,0,0.0,7281916852.0,2309426291.2,None
2016-06-20,'603808,歌力思,0.0,0.0,0.0,0.0,43.96,None,None,0.0,0,0.0,7281916852.0,2309426291.2,None
2016-06-17,'603808,歌力思,0.0,0.0,0.0,0.0,43.96,None,None,0.0,0,0.0,7281916852.0,2309426291.2,None
2016-06-16,'603808,歌力思,0.0,0.0,0.0,0.0,43.96,None,None,0.0,0,0.0,7281916852.0,2309426291.2,None
2016-06-15,'603808,歌力思,0.0,0.0,0.0,0.0,43.96,None,None,0.0,0,0.0,7281916852.0,2309426291.2,None
2016-06-14,'603808,歌力思,0.0,0.0,0.0,0.0,43.96,None,None,0.0,0,0.0,7281916852.0,2309426291.2,None
2016-06-13,'603808,歌力思,0.0,0.0,0.0,0.0,43.96,None,None,0.0,0,0.0,7281916852.0,2309426291.2,None
2016-06-08,'603808,歌力思,0.0,0.0,0.0,0.0,43.96,None,None,0.0,0,0.0,7281916852.0,2309426291.2,None
2016-06-07,'603808,歌力思,0.0,0.0,0.0,0.0,43.96,None,None,0.0,0,0.0,7281916852.0,2309426291.2,None
2016-06-06,'603808,歌力思,0.0,0.0,0.0,0.0,43.96,None,None,0.0,0,0.0,7281916852.0,2309426291.2,None
2016-06-03,'603808,歌力思,0.0,0.0,0.0,0.0,43.96,None,None,0.0,0,0.0,7281916852.0,2309426291.2,None
2016-06-02,'603808,歌力思,0.0,0.0,0.0,0.0,43.96,None,None,0.0,0,0.0,7281916852.0,2309426291.2,None
2016-06-01,'603808,歌力思,0.0,0.0,0.0,0.0,43.96,None,None,0.0,0,0.0,7281916852.0,2309426291.2,None
2016-05-31,'603808,歌力思,0.0,0.0,0.0,0.0,43.96,None,None,0.0,0,0.0,7281916852.0,2309426291.2,None
2016-05-30,'603808,歌力思,0.0,0.0,0.0,0.0,43.96,None,None,0.0,0,0.0,7281916852.0,2309426291.2,None
2016-05-27,'603808,歌力思,0.0,0.0,0.0,0.0,43.96,None,None,0.0,0,0.0,7281916852.0,2309426291.2,None
2016-05-26,'603808,歌力思,0.0,0.0,0.0,0.0,43.96,None,None,0.0,0,0.0,7281916852.0,2309426291.2,None
2016-05-25,'603808,歌力思,0.0,0.0,0.0,0.0,43.96,None,None,0.0,0,0.0,7281916852.0,2309426291.2,None
2016-05-24,'603808,歌力思,0.0,0.0,0.0,0.0,43.96,None,None,0.0,0,0.0,7281916852.0,2309426291.2,None
2016-05-23,'603808,歌力思,0.0,0.0,0.0,0.0,43.96,None,None,0.0,0,0.0,7281916852.0,2309426291.2,None
2016-05-20,'603808,歌力思,0.0,0.0,0.0,0.0,43.96,None,None,0.0,0,0.0,7281916852.0,2309426291.2,None
2016-05-19,'603808,歌力思,0.0,0.0,0.0,0.0,43.96,None,None,0.0,0,0.0,7281916852.0,2309426291.2,None
2016-05-18,'603808,歌力思,0.0,0.0,0.0,0.0,43.96,None,None,0.0,0,0.0,7281916852.0,2309426291.2,None
2016-05-17,'603808,歌力思,0.0,0.0,0.0,0.0,43.96,None,None,0.0,0,0.0,7281916852.0,2309426291.2,None
2016-05-16,'603808,歌力思,0.0,0.0,0.0,0.0,43.96,None,None,0.0,0,0.0,7281916852.0,2309426291.2,None
2016-05-13,'603808,歌力思,0.0,0.0,0.0,0.0,43.96,None,None,0.0,0,0.0,7281916852.0,2309426291.2,None
2016-05-12,'603808,歌力思,0.0,0.0,0.0,0.0,43.96,None,None,0.0,0,0.0,7281916852.0,2309426291.2,None
2016-05-11,'603808,歌力思,0.0,0.0,0.0,0.0,43.96,None,None,0.0,0,0.0,7281916852.0,2309426291.2,None
2016-05-10,'603808,歌力思,0.0,0.0,0.0,0.0,43.96,None,None,0.0,0,0.0,7281916852.0,2309426291.2,None
2016-05-09,'603808,歌力思,0.0,0.0,0.0,0.0,43.96,None,None,0.0,0,0.0,7281916852.0,2309426291.2,None
2016-05-06,'603808,歌力思,0.0,0.0,0.0,0.0,43.96,None,None,0.0,0,0.0,7281916852.0,2309426291.2,None
2016-05-05,'603808,歌力思,0.0,0.0,0.0,0.0,43.96,None,None,0.0,0,0.0,7281916852.0,2309426291.2,None
2016-05-04,'603808,歌力思,0.0,0.0,0.0,0.0,43.96,None,None,0.0,0,0.0,7281916852.0,2309426291.2,None
2016-05-03,'603808,歌力思,0.0,0.0,0.0,0.0,43.96,None,None,0.0,0,0.0,7281916852.0,2309426291.2,None
2016-04-29,'603808,歌力思,0.0,0.0,0.0,0.0,43.96,None,None,0.0,0,0.0,7281916852.0,2309426291.2,None
2016-04-28,'603808,歌力思,0.0,0.0,0.0,0.0,43.96,None,None,0.0,0,0.0,7281916852.0,2309426291.2,None
2016-04-27,'603808,歌力思,0.0,0.0,0.0,0.0,43.96,None,None,0.0,0,0.0,7281916852.0,2309426291.2,None
2016-04-26,'603808,歌力思,0.0,0.0,0.0,0.0,43.96,None,None,0.0,0,0.0,7281916852.0,2309426291.2,None
2016-04-25,'603808,歌力思,0.0,0.0,0.0,0.0,43.96,None,None,0.0,0,0.0,7281916852.0,2309426291.2,None
2016-04-22,'603808,歌力思,0.0,0.0,0.0,0.0,43.96,None,None,0.0,0,0.0,7281916852.0,2309426291.2,None
2016-04-21,'603808,歌力思,0.0,0.0,0.0,0.0,43.96,None,None,0.0,0,0.0,7281916852.0,1758400000.0,None
2016-04-20,'603808,歌力思,0.0,0.0,0.0,0.0,43.96,None,None,0.0,0,0.0,7281916852.0,1758400000.0,None
2016-04-19,'603808,歌力思,43.96,44.45,41.62,42.6,42.15,1.81,4.2942,9.8334,3933343,170183720.0,7281916852.0,1758400000.0,None
2016-04-18,'603808,歌力思,42.15,43.28,41.6,43.28,43.78,-1.63,-3.7232,6.7705,2708195,114282527.0,6982092705.0,1686000000.0,None
2016-04-15,'603808,歌力思,43.78,44.44,43.06,44.37,45.96,-2.18,-4.7433,14.6059,5842360,254891104.0,7252100086.0,1751200000.0,None
2016-04-14,'603808,歌力思,45.96,47.88,43.16,47.01,46.84,-0.88,-1.8787,12.8066,5122647,235443497.0,7613214252.0,1838400000.0,None
2016-04-13,'603808,歌力思,46.84,47.59,44.1,44.1,44.68,2.16,4.8344,9.5691,3827640,177543085.0,7758985108.0,1873600000.0,None
2016-04-12,'603808,歌力思,44.68,45.93,44.51,45.48,46.36,-1.68,-3.6238,7.5081,3003224,135730350.0,7401183916.0,1787200000.0,None
2016-04-11,'603808,歌力思,46.36,47.5,43.27,44.7,43.27,3.09,7.1412,12.8712,5148494,234317641.0,7679473732.0,1854400000.0,None
2016-04-08,'603808,歌力思,43.27,43.45,40.01,40.55,40.91,2.36,5.7688,11.3591,4543653,191787334.0,7167619249.0,1730800000.0,None
2016-04-07,'603808,歌力思,40.91,41.15,40.04,40.31,40.31,0.6,1.4885,5.4761,2190454,89167914.0,6776688317.0,1636400000.0,None
2016-04-06,'603808,歌力思,40.31,41.39,39.45,39.97,39.98,0.33,0.8254,4.6754,1870142,75717363.0,6677299097.0,1612400000.0,None
2016-04-05,'603808,歌力思,39.98,40.0,38.6,39.2,39.06,0.92,2.3554,4.2208,1688310,66712052.0,6622635026.0,1599200000.0,None
2016-04-01,'603808,歌力思,39.06,39.7,38.0,39.1,39.46,-0.4,-1.0137,3.4589,1383568,53716850.0,6470238222.0,1562400000.0,None
2016-03-31,'603808,歌力思,39.46,40.2,39.29,40.2,39.74,-0.28,-0.7046,3.5988,1439536,57359279.0,6536497702.0,1578400000.0,None
2016-03-30,'603808,歌力思,39.74,39.9,38.35,38.86,38.33,1.41,3.6786,3.8723,1548930,60779165.0,6582879338.0,1589600000.0,None
2016-03-29,'603808,歌力思,38.33,38.4,37.45,37.95,37.93,0.4,1.0546,3.3363,1334522,50538721.0,6349314671.0,1533200000.0,None
2016-03-28,'603808,歌力思,37.93,39.58,37.89,39.13,38.75,-0.82,-2.1161,3.6921,1476844,57444660.0,6283055191.0,1517200000.0,None
2016-03-25,'603808,歌力思,38.75,38.93,38.15,38.27,38.65,0.1,0.2587,3.581,1432403,55323098.0,6418887125.0,1550000000.0,None
2016-03-24,'603808,歌力思,38.65,39.95,38.09,38.51,38.99,-0.34,-0.872,6.5943,2637733,103199440.0,6402322255.0,1546000000.0,None
2016-03-23,'603808,歌力思,38.99,40.0,37.73,37.85,38.12,0.87,2.2823,6.1384,2455347,95824190.0,6458642813.0,1559600000.0,None
2016-03-22,'603808,歌力思,38.12,38.35,37.11,37.6,37.8,0.32,0.8466,4.6035,1841392,69793416.0,6314528444.0,1524800000.0,None
2016-03-21,'603808,歌力思,37.8,37.98,37.0,37.67,37.24,0.56,1.5038,5.0471,2018832,75807476.0,6261520860.0,1512000000.0,None
2016-03-18,'603808,歌力思,37.24,37.45,35.26,35.26,35.78,1.46,4.0805,6.0164,2406541,88562131.0,6168757588.0,1489600000.0,None
2016-03-17,'603808,歌力思,35.78,35.97,34.81,34.81,34.9,0.88,2.5215,2.762,1104805,39266831.0,5926910486.0,1431200000.0,None
2016-03-16,'603808,歌力思,34.9,35.76,34.2,35.22,35.19,-0.29,-0.8241,2.3478,939104,32849372.0,5781139630.0,1396000000.0,None
2016-03-15,'603808,歌力思,35.19,35.97,35.01,35.95,35.95,-0.76,-2.114,2.5123,1004918,35611346.0,5829177753.0,1407600000.0,None
2016-03-14,'603808,歌力思,35.95,36.48,35.12,35.47,34.94,1.01,2.8907,3.4596,1383822,49843799.0,5955070765.0,1438000000.0,None
2016-03-11,'603808,歌力思,34.94,35.03,33.9,34.18,34.42,0.52,1.5107,2.2456,898220,30964215.0,5787765578.0,1397600000.0,None
2016-03-10,'603808,歌力思,34.42,35.5,34.31,34.76,34.81,-0.39,-1.1204,2.148,859200,30030861.0,5701628254.0,1376800000.0,None
2016-03-09,'603808,歌力思,34.81,35.35,34.19,34.21,35.5,-0.69,-1.9437,2.373,949201,33096672.0,5766231247.0,1392400000.0,None
2016-03-08,'603808,歌力思,35.5,35.86,33.52,35.86,35.96,-0.46,-1.2792,3.3393,1335733,46310047.0,5880528850.0,1420000000.0,None
2016-03-07,'603808,歌力思,35.96,36.6,35.53,36.5,35.5,0.46,1.2958,3.0059,1202340,43395909.0,5956727252.0,1438400000.0,None
2016-03-04,'603808,歌力思,35.5,38.29,35.46,38.0,38.81,-3.31,-8.5287,6.4477,2579085,94524292.0,5880528850.0,1420000000.0,None
2016-03-03,'603808,歌力思,38.81,40.4,38.5,39.58,38.72,0.09,0.2324,10.2095,4083787,159478618.0,6428826047.0,1552400000.0,None
2016-03-02,'603808,歌力思,38.72,38.98,35.08,35.57,35.58,3.14,8.8252,6.1048,2441925,90793820.0,6413917664.0,1548800000.0,None
2016-03-01,'603808,歌力思,35.58,35.83,33.2,33.68,33.55,2.03,6.0507,3.8266,1530630,52359855.0,5893780746.0,1423200000.0,None
2016-02-29,'603808,歌力思,33.55,36.85,33.0,36.32,36.32,-2.77,-7.6267,3.0753,1230119,41868214.0,5557513885.0,1342000000.0,None
2016-02-26,'603808,歌力思,36.32,37.38,35.5,36.23,36.11,0.21,0.5816,2.9245,1169790,42657542.0,6016360784.0,1452800000.0,None
2016-02-25,'603808,歌力思,36.11,39.8,35.89,39.8,39.88,-3.77,-9.4534,4.9129,1965171,73838558.0,5981574557.0,1444400000.0,None
2016-02-24,'603808,歌力思,39.88,40.49,38.86,40.2,40.34,-0.46,-1.1403,3.646,1458419,57817545.0,6606070156.0,1595200000.0,None
2016-02-23,'603808,歌力思,40.34,41.36,39.81,41.08,41.07,-0.73,-1.7775,3.8054,1522140,61535907.0,6682268558.0,1613600000.0,None
2016-02-22,'603808,歌力思,41.07,41.36,40.22,40.39,40.19,0.88,2.1896,6.7438,2697511,109837750.0,6803192109.0,1642800000.0,None
2016-02-19,'603808,歌力思,40.19,40.51,39.68,40.51,40.31,-0.12,-0.2977,3.2826,1313030,52690343.0,6657421253.0,1607600000.0,None
2016-02-18,'603808,歌力思,40.31,41.25,40.01,41.25,40.51,-0.2,-0.4937,5.1037,2041480,82765811.0,6677299097.0,1612400000.0,None
2016-02-17,'603808,歌力思,40.51,40.65,39.18,39.84,40.39,0.12,0.2971,4.8345,1933790,77283009.0,6710428837.0,1620400000.0,None
2016-02-16,'603808,歌力思,40.39,41.12,39.24,39.5,38.98,1.41,3.6172,4.4868,1794721,72221133.0,6690550993.0,1615600000.0,None
2016-02-15,'603808,歌力思,38.98,39.6,36.66,39.15,40.55,-1.57,-3.8718,4.3529,1741172,67321724.0,6456986326.0,1559200000.0,None
2016-02-05,'603808,歌力思,40.55,41.39,39.3,39.39,38.7,1.85,4.7804,8.6848,3473920,140552588.0,6717054785.0,1622000000.0,None
2016-02-04,'603808,歌力思,38.7,38.7,38.0,38.0,35.18,3.52,10.0057,4.5367,1814682,70034538.0,6410604690.0,1548000000.0,None
2016-02-03,'603808,歌力思,0.0,0.0,0.0,0.0,35.18,None,None,0.0,0,0.0,5827521266.0,1407200000.0,None
2016-02-02,'603808,歌力思,0.0,0.0,0.0,0.0,35.18,None,None,0.0,0,0.0,5827521266.0,1407200000.0,None
2016-02-01,'603808,歌力思,0.0,0.0,0.0,0.0,35.18,None,None,0.0,0,0.0,5827521266.0,1407200000.0,None
2016-01-29,'603808,歌力思,0.0,0.0,0.0,0.0,35.18,None,None,0.0,0,0.0,5827521266.0,1407200000.0,None
2016-01-28,'603808,歌力思,0.0,0.0,0.0,0.0,35.18,None,None,0.0,0,0.0,5827521266.0,1407200000.0,None
2016-01-27,'603808,歌力思,0.0,0.0,0.0,0.0,35.18,None,None,0.0,0,0.0,5827521266.0,1407200000.0,None
2016-01-26,'603808,歌力思,35.18,39.2,35.18,38.82,39.09,-3.91,-10.0026,4.1963,1678500,62650081.0,5827521266.0,1407200000.0,None
2016-01-25,'603808,歌力思,39.09,39.38,38.5,39.01,38.56,0.53,1.3745,2.4825,992997,38698817.0,6475207683.0,1563600000.0,None
2016-01-22,'603808,歌力思,38.56,39.0,37.46,37.68,37.22,1.34,3.6002,4.3041,1721651,65833901.0,6387413872.0,1542400000.0,None
2016-01-21,'603808,歌力思,37.22,39.6,37.01,38.56,39.36,-2.14,-5.437,4.2064,1682550,65129282.0,6165444614.0,1488800000.0,None
2016-01-20,'603808,歌力思,39.36,40.56,39.11,40.03,40.49,-1.13,-2.7908,4.6116,1844626,73438379.0,6519932832.0,1574400000.0,None
2016-01-19,'603808,歌力思,40.49,40.65,39.01,39.3,39.46,1.03,2.6102,5.0818,2032733,81269115.0,6707115863.0,1619600000.0,None
2016-01-18,'603808,歌力思,39.46,40.15,37.8,37.88,38.92,0.54,1.3875,3.3378,1335125,52485719.0,6536497702.0,1578400000.0,None
2016-01-15,'603808,歌力思,38.92,40.64,38.5,40.1,40.46,-1.54,-3.8062,3.5443,1417733,55947131.0,6447047404.0,1556800000.0,None
2016-01-14,'603808,歌力思,40.46,40.99,37.3,37.82,38.56,1.9,4.9274,4.0175,1607015,63104215.0,6702146402.0,1618400000.0,None
2016-01-13,'603808,歌力思,38.56,40.7,38.5,39.55,39.36,-0.8,-2.0325,4.1406,1656250,65552206.0,6387413872.0,1542400000.0,None
2016-01-12,'603808,歌力思,39.36,40.4,38.52,38.8,38.79,0.57,1.4695,4.4357,1774282,69883721.0,6519932832.0,1574400000.0,None
2016-01-11,'603808,歌力思,38.79,41.95,38.61,40.0,41.66,-2.87,-6.8891,5.5547,2221878,89113522.0,6425513073.0,1551600000.0,None
2016-01-08,'603808,歌力思,41.66,42.96,38.8,41.99,40.67,0.99,2.4342,6.8598,2743912,113954002.0,6900924842.0,1666400000.0,None
2016-01-07,'603808,歌力思,40.67,43.9,40.67,43.9,45.19,-4.52,-10.0022,1.7123,684900,28944256.0,6736932629.0,1626800000.0,None
2016-01-06,'603808,歌力思,45.19,45.3,42.58,43.0,41.98,3.21,7.6465,6.9756,2790229,121510982.0,7485664753.0,1807600000.0,None
2016-01-05,'603808,歌力思,41.98,43.58,40.0,41.79,44.11,-2.13,-4.8288,6.4374,2574942,108212597.0,6953932426.0,1679200000.0,None
2016-01-04,'603808,歌力思,44.11,49.05,44.11,49.05,49.01,-4.9,-9.998,4.4226,1769044,82085247.0,7306764157.0,1764400000.0,None
