日期,股票代码,名称,收盘价,最高价,最低价,开盘价,前收盘,涨跌额,涨跌幅,换手率,成交量,成交金额,总市值,流通市值,成交笔数
2016-10-12,'600844,丹化科技,8.56,8.69,8.5,8.68,8.73,-0.17,-1.9473,1.982,11591262,99096427.0,8701447494.4,5006119222.72,None
2016-10-11,'600844,丹化科技,8.73,8.79,8.31,8.38,8.38,0.35,4.1766,3.2513,19014694,161713623.0,8874256615.2,5105539814.76,None
2016-10-10,'600844,丹化科技,8.38,8.43,7.9,8.1,8.07,0.31,3.8414,2.6655,15588430,128043957.0,8518473131.2,4900850360.56,None
2016-09-30,'600844,丹化科技,8.07,8.1,7.99,8.01,8.04,0.03,0.3731,0.6331,3702632,29809112.0,8203350616.8,4719553986.84,None
2016-09-29,'600844,丹化科技,8.04,8.11,7.93,7.95,7.98,0.06,0.7519,1.1521,6737702,54130126.0,8172854889.6,4702009176.48,None
2016-09-28,'600844,丹化科技,7.98,8.0,7.83,8.0,7.97,0.01,0.1255,0.8794,5143037,40741689.0,8111863435.2,4666919555.76,None
2016-09-27,'600844,丹化科技,7.97,8.05,7.84,7.99,8.0,-0.03,-0.375,0.9699,5672012,44966387.0,8101698192.8,4661071285.64,None
2016-09-26,'600844,丹化科技,8.0,8.2,7.86,8.16,8.24,-0.24,-2.9126,1.7976,10512932,84121923.0,8132193920.0,4678616096.0,None
2016-09-23,'600844,丹化科技,8.24,8.31,8.12,8.2,8.19,0.05,0.6105,1.5753,9212978,75775812.0,8376159737.6,4818974578.88,None
2016-09-22,'600844,丹化科技,8.19,8.27,7.96,8.02,7.98,0.21,2.6316,2.0305,11874714,96924186.0,8325333525.6,4789733228.28,None
2016-09-21,'600844,丹化科技,7.98,8.17,7.93,7.99,7.98,0.0,0.0,1.1417,6676859,53861998.0,8111863435.2,4666919555.76,None
2016-09-20,'600844,丹化科技,7.98,7.99,7.7,7.79,7.79,0.19,2.439,1.1151,6521369,51340981.0,8111863435.2,4666919555.76,None
2016-09-19,'600844,丹化科技,7.79,7.8,7.6,7.66,7.64,0.15,1.9634,1.0385,6073539,46716826.0,7918723829.6,4555802423.48,None
2016-09-14,'600844,丹化科技,7.64,7.8,7.57,7.77,7.78,-0.14,-1.7995,0.8664,5067088,38883804.0,7766245193.6,4468078371.68,None
2016-09-13,'600844,丹化科技,7.78,7.79,7.62,7.65,7.61,0.17,2.2339,0.589,3444542,26497442.0,7908558587.2,4549954153.36,None
2016-09-12,'600844,丹化科技,7.61,7.8,7.57,7.8,7.81,-0.2,-2.5608,1.1489,6718996,51580818.0,7735749466.4,4450533561.32,None
2016-09-09,'600844,丹化科技,7.81,8.06,7.81,8.06,8.03,-0.22,-2.7397,1.161,6789673,53674800.0,7939054314.4,4567498963.72,None
2016-09-08,'600844,丹化科技,8.03,8.06,7.92,8.03,8.02,0.01,0.1247,0.8334,4874105,38989783.0,8162689647.2,4696160906.36,None
2016-09-07,'600844,丹化科技,8.02,8.1,7.92,7.92,7.92,0.1,1.2626,1.3046,7629897,61271966.0,8152524404.8,4690312636.24,None
2016-09-06,'600844,丹化科技,7.92,7.95,7.78,7.85,7.84,0.08,1.0204,1.0264,6002617,47246688.0,8050871980.8,4631829935.04,None
2016-09-05,'600844,丹化科技,7.84,8.05,7.8,7.87,7.81,0.03,0.3841,1.7299,10117008,79870710.0,7969550041.6,4585043774.08,None
2016-09-02,'600844,丹化科技,7.81,7.93,7.8,7.87,7.87,-0.06,-0.7624,0.8356,4887100,38394841.0,6081027026.58,4567498963.72,None
2016-09-01,'600844,丹化科技,7.87,7.95,7.81,7.87,7.82,0.05,0.6394,0.9974,5832901,45894408.0,6127744263.66,4602588584.44,None
2016-08-31,'600844,丹化科技,7.82,8.2,7.79,7.98,8.02,-0.2,-2.4938,2.3149,13538227,107924856.0,6088813232.76,4573347233.84,None
2016-08-30,'600844,丹化科技,8.02,8.24,7.94,7.94,8.01,0.01,0.1248,1.7438,10198050,82784257.0,6244537356.36,4690312636.24,None
2016-08-29,'600844,丹化科技,8.01,8.06,7.8,7.83,7.87,0.14,1.7789,1.5162,8867114,70774732.0,6236751150.18,4684464366.12,None
2016-08-26,'600844,丹化科技,7.87,8.02,7.74,7.75,7.74,0.13,1.6796,2.2143,12949970,102585306.0,6127744263.66,4602588584.44,None
2016-08-25,'600844,丹化科技,7.74,7.74,7.5,7.68,7.68,0.06,0.7813,1.0427,6097918,46499721.0,6026523583.32,4526561072.88,None
2016-08-24,'600844,丹化科技,7.68,7.78,7.61,7.61,7.62,0.06,0.7874,0.744,4351200,33491208.0,5979806346.24,4491471452.16,None
2016-08-23,'600844,丹化科技,7.62,7.79,7.57,7.67,7.69,-0.07,-0.9103,0.8817,5156501,39538646.0,5933089109.16,4456381831.44,None
2016-08-22,'600844,丹化科技,7.69,7.85,7.6,7.7,7.7,-0.01,-0.1299,1.0891,6369530,49429544.0,5987592552.42,4497319722.28,None
2016-08-19,'600844,丹化科技,7.7,7.83,7.61,7.82,7.77,-0.07,-0.9009,1.246,7287123,56258625.0,5995378758.6,4503167992.4,None
2016-08-18,'600844,丹化科技,7.77,7.88,7.67,7.73,7.73,0.04,0.5175,1.395,8158481,63476685.0,6049882201.86,4544105883.24,None
2016-08-17,'600844,丹化科技,7.73,7.91,7.63,7.68,7.78,-0.05,-0.6427,2.0523,12002262,93051209.0,6018737377.14,4520712802.76,None
2016-08-16,'600844,丹化科技,7.78,7.88,7.38,7.43,7.42,0.36,4.8518,3.3241,19440053,149236531.0,6057668408.04,4549954153.36,None
2016-08-15,'600844,丹化科技,7.42,7.46,7.23,7.39,7.35,0.07,0.9524,1.2755,7459458,54923763.0,5777364985.56,4339416429.04,None
2016-08-12,'600844,丹化科技,7.35,7.35,7.24,7.28,7.31,0.04,0.5472,0.901,5269289,38447596.0,5722861542.3,4298478538.2,None
2016-08-11,'600844,丹化科技,7.31,7.49,7.27,7.49,7.53,-0.22,-2.9216,1.5687,9174018,67416235.0,5691716717.58,4275085457.72,None
2016-08-10,'600844,丹化科技,7.53,7.65,7.49,7.58,7.51,0.02,0.2663,1.6816,9834300,74396194.0,5863013253.54,4403747400.36,None
2016-08-09,'600844,丹化科技,7.51,7.66,7.41,7.56,7.6,-0.09,-1.1842,2.0532,12007519,90025873.0,5847440841.18,4392050860.12,None
2016-08-08,'600844,丹化科技,7.6,7.62,7.4,7.5,7.62,-0.02,-0.2625,2.7256,15940268,119639064.0,5917516696.8,4444685291.2,None
2016-08-05,'600844,丹化科技,7.62,7.76,7.15,7.15,7.07,0.55,7.7793,4.7394,27717490,208433042.0,5933089109.16,4456381831.44,None
2016-08-04,'600844,丹化科技,7.07,7.09,6.9,6.95,6.94,0.13,1.8732,0.7091,4147096,29104596.0,5504847769.26,4134726974.84,None
2016-08-03,'600844,丹化科技,6.94,7.01,6.88,7.0,7.01,-0.07,-0.9986,0.7854,4593042,31812660.0,5403627088.92,4058699463.28,None
2016-08-02,'600844,丹化科技,7.01,7.06,6.92,7.0,6.99,0.02,0.2861,0.6134,3587417,25081933.0,5458130532.18,4099637354.12,None
2016-08-01,'600844,丹化科技,6.99,6.99,6.78,6.81,6.86,0.13,1.895,1.0648,6227362,42823318.0,5442558119.82,4087940813.88,None
2016-07-29,'600844,丹化科技,6.86,7.03,6.83,6.95,6.93,-0.07,-1.0101,0.8017,4688800,32592068.0,5341337439.48,4011913302.32,None
2016-07-28,'600844,丹化科技,6.93,7.07,6.85,7.0,7.0,-0.07,-1.0,1.0758,6291372,43816843.0,5395840882.74,4052851193.16,None
2016-07-27,'600844,丹化科技,7.0,7.35,6.78,7.26,7.24,-0.24,-3.3149,1.7498,10233422,72174795.0,5450344326.0,4093789084.0,None
2016-07-26,'600844,丹化科技,7.24,7.3,7.05,7.05,7.04,0.2,2.8409,0.923,5397900,38841667.0,5637213274.32,4234147566.88,None
2016-07-25,'600844,丹化科技,7.04,7.25,7.03,7.15,7.21,-0.17,-2.3578,1.2265,7172916,51015976.0,5481489150.72,4117182164.48,None
2016-07-22,'600844,丹化科技,7.21,7.38,7.21,7.31,7.37,-0.16,-2.171,1.1458,6701076,48713780.0,5613854655.78,4216602756.52,None
2016-07-21,'600844,丹化科技,7.37,7.38,7.17,7.24,7.26,0.11,1.5152,1.583,9257883,67368609.0,5738433954.66,4310175078.44,None
2016-07-20,'600844,丹化科技,7.26,7.36,7.24,7.35,7.25,0.01,0.1379,0.8243,4820946,35096051.0,5652785686.68,4245844107.12,None
2016-07-19,'600844,丹化科技,7.25,7.31,7.12,7.15,7.18,0.07,0.9749,1.0201,5966010,43035436.0,5644999480.5,4239995837.0,None
2016-07-18,'600844,丹化科技,7.18,7.37,6.98,7.09,7.14,0.04,0.5602,2.4918,14572916,104865963.0,5590496037.24,4199057946.16,None
2016-07-15,'600844,丹化科技,7.14,7.25,7.09,7.22,7.22,-0.08,-1.108,1.0847,6343833,45297531.0,5559351212.52,4175664865.68,None
2016-07-14,'600844,丹化科技,7.22,7.22,7.08,7.1,7.13,0.09,1.2623,1.0877,6361422,45468428.0,5621640861.96,4222451026.64,None
2016-07-13,'600844,丹化科技,7.13,7.18,7.04,7.1,7.09,0.04,0.5642,1.2955,7576246,53871339.0,5551565006.34,4169816595.56,None
2016-07-12,'600844,丹化科技,7.09,7.23,6.93,6.97,6.96,0.13,1.8678,2.6677,15601682,110889038.0,5520420181.62,4146423515.08,None
2016-07-11,'600844,丹化科技,6.96,7.13,6.85,6.85,6.92,0.04,0.578,2.5636,14992789,105154499.0,5419199501.28,4070396003.52,None
2016-07-08,'600844,丹化科技,6.92,6.98,6.73,6.74,6.74,0.18,2.6706,2.2228,12999282,89770016.0,5388054676.56,4047002923.04,None
2016-07-07,'600844,丹化科技,6.74,6.76,6.5,6.75,6.73,0.01,0.1486,1.0906,6377976,42655561.0,5247902965.32,3941734060.88,None
2016-07-06,'600844,丹化科技,6.73,6.8,6.63,6.68,6.69,0.04,0.5979,1.1827,6916676,46502998.0,5240116759.14,3935885790.76,None
2016-07-05,'600844,丹化科技,6.69,6.88,6.56,6.6,6.59,0.1,1.5175,2.3075,13495033,90870326.0,5208971934.42,3912492710.28,None
2016-07-04,'600844,丹化科技,6.59,6.64,6.4,6.4,6.43,0.16,2.4883,1.2152,7106991,46592999.0,5131109872.62,3854010009.08,None
2016-07-01,'600844,丹化科技,6.43,6.47,6.35,6.47,6.46,-0.03,-0.4644,0.9374,5482396,35175405.0,5006530573.74,3760437687.16,None
2016-06-30,'600844,丹化科技,6.46,6.53,6.41,6.44,6.47,-0.01,-0.1546,0.9833,5750851,37102275.0,5029889192.28,3777982497.52,None
2016-06-29,'600844,丹化科技,6.47,6.6,6.42,6.6,6.5,-0.03,-0.4615,1.1114,6499517,42073914.0,5037675398.46,3783830767.64,None
2016-06-28,'600844,丹化科技,6.5,6.58,6.39,6.39,6.44,0.06,0.9317,1.1139,6514559,42375999.0,5061034017.0,3801375578.0,None
2016-06-27,'600844,丹化科技,6.44,6.45,6.26,6.26,6.3,0.14,2.2222,1.1681,6831298,43646104.0,5014316779.92,3766285957.28,None
2016-06-24,'600844,丹化科技,6.3,6.44,5.98,6.35,6.38,-0.08,-1.2539,1.7841,10433888,65438791.0,4905309893.4,3684410175.6,None
2016-06-23,'600844,丹化科技,6.38,6.41,6.27,6.33,6.3,0.08,1.2698,1.2104,7078869,44987074.0,4967599542.84,3731196336.56,None
2016-06-22,'600844,丹化科技,6.3,6.31,6.13,6.21,6.19,0.11,1.7771,0.776,4537987,28280601.0,4905309893.4,3684410175.6,None
2016-06-21,'600844,丹化科技,6.19,6.42,6.16,6.32,6.26,-0.07,-1.1182,1.4694,8593446,54436071.0,4819661625.42,3620079204.28,None
2016-06-20,'600844,丹化科技,6.26,6.41,6.23,6.28,6.29,-0.03,-0.4769,1.1234,6569970,41562018.0,4874165068.68,3661017095.12,None
2016-06-17,'600844,丹化科技,6.29,6.34,6.16,6.23,6.28,0.01,0.1592,1.3217,7729379,48399482.0,4897523687.22,3678561905.48,None
2016-06-16,'600844,丹化科技,6.28,6.46,5.97,5.98,5.97,0.31,5.1926,2.7299,15965451,99982473.0,4889737481.04,3672713635.36,None
2016-06-15,'600844,丹化科技,5.97,6.0,5.77,5.79,5.84,0.13,2.226,0.6775,3961963,23451356.0,4648365089.46,3491417261.64,None
2016-06-14,'600844,丹化科技,5.84,5.9,5.8,5.8,5.81,0.03,0.5164,0.5852,3422328,19962611.0,4547144409.12,3415389750.08,None
2016-06-13,'600844,丹化科技,5.81,6.09,5.8,6.09,6.14,-0.33,-5.3746,1.1219,6561029,39218722.0,4523785790.58,3397844939.72,None
2016-06-08,'600844,丹化科技,6.14,6.18,6.1,6.15,6.13,0.01,0.1631,0.9258,5414315,33237870.0,4780730594.52,3590837853.68,None
2016-06-07,'600844,丹化科技,6.13,6.14,6.05,6.11,6.11,0.02,0.3273,0.7575,4429910,26993841.0,4772944388.34,3584989583.56,None
2016-06-06,'600844,丹化科技,6.11,6.16,6.04,6.12,6.11,0.0,0.0,0.8018,4688956,28600886.0,4757371975.98,3573293043.32,None
2016-06-03,'600844,丹化科技,6.11,6.21,6.1,6.12,6.12,-0.01,-0.1634,1.1814,6909317,42412534.0,4757371975.98,3573293043.32,None
2016-06-02,'600844,丹化科技,6.12,6.12,6.0,6.0,6.02,0.1,1.6611,1.0917,6384312,38714382.0,4765158182.16,3579141313.44,None
2016-06-01,'600844,丹化科技,6.02,6.14,5.97,5.99,6.0,0.02,0.3333,1.3091,7655806,46429370.0,4687296120.36,3520658612.24,None
2016-05-31,'600844,丹化科技,6.0,6.0,5.8,5.82,5.8,0.2,3.4483,1.324,7743266,46000999.0,4671723708.0,3508962072.0,None
2016-05-30,'600844,丹化科技,5.8,5.86,5.68,5.8,5.8,0.0,0.0,0.5109,2987621,17276889.0,4515999584.4,3391996669.6,None
2016-05-27,'600844,丹化科技,5.8,5.84,5.73,5.76,5.77,0.03,0.5199,0.6929,4052304,23468336.0,4515999584.4,3391996669.6,None
2016-05-26,'600844,丹化科技,5.77,5.79,5.61,5.77,5.75,0.02,0.3478,0.7694,4499924,25588040.0,4492640965.86,3374451859.24,None
2016-05-25,'600844,丹化科技,5.75,5.83,5.72,5.77,5.72,0.03,0.5245,0.6583,3850139,22249705.0,4477068553.5,3362755319.0,None
2016-05-24,'600844,丹化科技,5.72,5.84,5.7,5.79,5.8,-0.08,-1.3793,0.652,3813201,21910140.0,4453709934.96,3345210508.64,None
2016-05-23,'600844,丹化科技,5.8,5.85,5.73,5.75,5.75,0.05,0.8696,0.9156,5354530,31063760.0,4515999584.4,3391996669.6,None
2016-05-20,'600844,丹化科技,5.75,5.75,5.64,5.7,5.72,0.03,0.5245,0.7209,4216041,24006500.0,4477068553.5,3362755319.0,None
2016-05-19,'600844,丹化科技,5.72,5.79,5.69,5.7,5.7,0.02,0.3509,0.4955,2897892,16657741.0,4453709934.96,3345210508.64,None
2016-05-18,'600844,丹化科技,5.7,5.88,5.64,5.86,5.89,-0.19,-3.2258,0.8325,4868499,27891357.0,4438137522.6,3333513968.4,None
2016-05-17,'600844,丹化科技,5.89,5.98,5.86,5.89,5.88,0.01,0.1701,0.7495,4383204,25920596.0,4586075440.02,3444631100.68,None
2016-05-16,'600844,丹化科技,5.88,5.89,5.72,5.8,5.76,0.12,2.0833,0.5187,3033393,17655026.0,4578289233.84,3438782830.56,None
2016-05-13,'600844,丹化科技,5.76,5.89,5.72,5.81,5.81,-0.05,-0.8606,0.6813,3984212,23147449.0,4484854759.68,3368603589.12,None
2016-05-12,'600844,丹化科技,5.81,5.87,5.74,5.85,5.95,-0.14,-2.3529,1.1837,6922887,40195512.0,4523785790.58,3397844939.72,None
2016-05-11,'600844,丹化科技,5.95,6.11,5.94,6.1,5.99,-0.04,-0.6678,0.7115,4160862,24970326.0,4632792677.1,3479720721.4,None
2016-05-10,'600844,丹化科技,5.99,6.04,5.93,5.99,5.98,0.01,0.1672,0.8191,4790465,28687430.0,4663937501.82,3503113801.88,None
2016-05-09,'600844,丹化科技,5.98,6.33,5.91,6.33,6.33,-0.35,-5.5292,1.2193,7130593,43357476.0,4656151295.64,3497265531.76,None
2016-05-06,'600844,丹化科技,6.33,6.71,6.32,6.67,6.67,-0.34,-5.0975,1.8404,10763256,70138537.0,4928668511.94,3701954985.96,None
2016-05-05,'600844,丹化科技,6.67,6.7,6.6,6.63,6.61,0.06,0.9077,1.0369,6064062,40342205.0,5193399522.06,3900796170.04,None
2016-05-04,'600844,丹化科技,6.61,6.68,6.58,6.65,6.68,-0.07,-1.0479,1.3056,7635672,50678434.0,5146682284.98,3865706549.32,None
2016-05-03,'600844,丹化科技,6.68,6.7,6.46,6.46,6.54,0.14,2.1407,1.8465,10798673,71582889.0,5201185728.24,3906644440.16,None
2016-04-29,'600844,丹化科技,6.54,6.56,6.48,6.51,6.51,0.03,0.4608,0.84,4912572,32093064.0,5092178841.72,3824768658.48,None
2016-04-28,'600844,丹化科技,6.51,6.57,6.41,6.53,6.51,0.0,0.0,0.794,4643772,30123797.0,5068820223.18,3807223848.12,None
2016-04-27,'600844,丹化科技,6.51,6.64,6.45,6.53,6.54,-0.03,-0.4587,1.1346,6635253,43505287.0,5068820223.18,3807223848.12,None
2016-04-26,'600844,丹化科技,6.54,6.55,6.4,6.43,6.42,0.12,1.8692,0.9206,5383766,34874884.0,5092178841.72,3824768658.48,None
2016-04-25,'600844,丹化科技,6.42,6.55,6.32,6.55,6.56,-0.14,-2.1341,1.1294,6604879,42476658.0,4998744367.56,3754589417.04,None
2016-04-22,'600844,丹化科技,6.56,6.6,6.45,6.54,6.56,0.0,0.0,0.9213,5387939,35231599.0,5107751254.08,3836465198.72,None
2016-04-21,'600844,丹化科技,6.56,6.69,6.5,6.57,6.59,-0.03,-0.4552,1.4178,8291658,54802038.0,5107751254.08,3836465198.72,None
2016-04-20,'600844,丹化科技,6.59,7.03,6.34,6.97,6.99,-0.4,-5.7225,3.5278,20631304,138345493.0,5131109872.62,3854010009.08,None
2016-04-19,'600844,丹化科技,6.99,7.08,6.76,6.8,6.77,0.22,3.2496,3.9538,23122900,159664082.0,5442558119.82,4087940813.88,None
2016-04-18,'600844,丹化科技,6.77,6.82,6.65,6.81,6.88,-0.11,-1.5988,1.8055,10559237,70990836.0,5271261583.86,3959278871.24,None
2016-04-15,'600844,丹化科技,6.88,6.96,6.82,6.88,6.92,-0.04,-0.578,1.4833,8674749,59772853.0,5356909851.84,4023609842.56,None
2016-04-14,'600844,丹化科技,6.92,6.96,6.79,6.8,6.8,0.12,1.7647,1.8349,10730755,73837993.0,5388054676.56,4047002923.04,None
2016-04-13,'600844,丹化科技,6.8,6.94,6.72,6.81,6.7,0.1,1.4925,2.4796,14501182,99439067.0,5294620202.4,3976823681.6,None
2016-04-12,'600844,丹化科技,6.7,6.81,6.63,6.78,6.79,-0.09,-1.3255,1.3927,8145005,54473879.0,5216758140.6,3918340980.4,None
2016-04-11,'600844,丹化科技,6.79,6.8,6.54,6.54,6.51,0.28,4.3011,2.5112,14686012,98450100.0,5286833996.22,3970975411.48,None
2016-04-08,'600844,丹化科技,6.51,6.65,6.45,6.58,6.59,-0.08,-1.214,1.871,10941854,71663264.0,5068820223.18,3807223848.12,None
2016-04-07,'600844,丹化科技,6.59,6.91,6.56,6.76,6.76,-0.17,-2.5148,2.3552,13773845,92854779.0,5131109872.62,3854010009.08,None
2016-04-06,'600844,丹化科技,6.76,6.84,6.63,6.65,6.68,0.08,1.1976,2.9172,17060295,115371290.0,5263475377.68,3953430601.12,None
2016-04-05,'600844,丹化科技,6.68,6.72,6.53,6.55,6.55,0.13,1.9847,1.8019,10537730,69981818.0,5201185728.24,3906644440.16,None
2016-04-01,'600844,丹化科技,6.55,6.6,6.41,6.6,6.61,-0.06,-0.9077,1.5558,9098583,59203493.0,5099965047.9,3830616928.6,None
2016-03-31,'600844,丹化科技,6.61,6.76,6.58,6.68,6.67,-0.06,-0.8996,2.716,15884164,105218887.0,5146682284.98,3865706549.32,None
2016-03-30,'600844,丹化科技,6.67,6.75,6.42,6.42,6.42,0.25,3.8941,2.937,17176264,113289553.0,5193399522.06,3900796170.04,None
2016-03-29,'600844,丹化科技,6.42,6.55,6.33,6.48,6.58,-0.16,-2.4316,1.5926,9313840,59822096.0,4998744367.56,3754589417.04,None
2016-03-28,'600844,丹化科技,6.58,6.68,6.44,6.47,6.46,0.12,1.8576,3.2294,18886289,123634556.0,5123323666.44,3848161738.96,None
2016-03-25,'600844,丹化科技,6.46,6.47,6.34,6.39,6.35,0.11,1.7323,1.2557,7343899,47018536.0,5029889192.28,3777982497.52,None
2016-03-24,'600844,丹化科技,6.35,6.5,6.33,6.5,6.58,-0.23,-3.4954,1.7891,10463426,67413195.0,4944240924.3,3713651526.2,None
2016-03-23,'600844,丹化科技,6.58,6.6,6.42,6.45,6.5,0.08,1.2308,2.0655,12079356,78556161.0,5123323666.44,3848161738.96,None
2016-03-22,'600844,丹化科技,6.5,6.58,6.42,6.57,6.61,-0.11,-1.6641,3.1101,18188974,118177372.0,5061034017.0,3801375578.0,None
2016-03-21,'600844,丹化科技,6.61,6.65,6.49,6.5,6.47,0.14,2.1638,2.3498,13742461,90275293.0,5146682284.98,3865706549.32,None
2016-03-18,'600844,丹化科技,6.47,6.59,6.32,6.41,6.27,0.2,3.1898,2.5648,14999675,97281358.0,5037675398.46,3783830767.64,None
2016-03-17,'600844,丹化科技,6.27,6.33,6.08,6.15,6.08,0.19,3.125,1.6965,9921469,61761142.0,4881951274.86,3666865365.24,None
2016-03-16,'600844,丹化科技,6.08,6.24,6.03,6.16,6.12,-0.04,-0.6536,1.1047,6460591,39549561.0,4734013357.44,3555748232.96,None
2016-03-15,'600844,丹化科技,6.12,6.34,6.11,6.34,6.31,-0.19,-3.0111,1.6793,9820752,60893102.0,4765158182.16,3579141313.44,None
2016-03-14,'600844,丹化科技,6.31,6.39,6.12,6.16,6.12,0.19,3.1046,1.5286,8939908,56189523.0,4913096099.58,3690258445.72,None
2016-03-11,'600844,丹化科技,6.12,6.2,5.93,6.16,6.26,-0.14,-2.2364,1.5864,9277775,56315252.0,4765158182.16,3579141313.44,None
2016-03-10,'600844,丹化科技,6.26,6.47,6.23,6.36,6.3,-0.04,-0.6349,1.0985,6424603,40783449.0,4874165068.68,3661017095.12,None
2016-03-09,'600844,丹化科技,6.3,6.53,6.28,6.45,6.82,-0.52,-7.6246,2.7858,16291971,104178352.0,4905309893.4,3684410175.6,None
2016-03-08,'600844,丹化科技,6.82,7.01,6.72,6.92,6.69,0.13,1.9432,5.7183,33441992,228949097.0,5310192614.76,3988520221.84,None
2016-03-07,'600844,丹化科技,6.69,6.75,6.41,6.41,6.34,0.35,5.5205,3.3824,19781401,130824854.0,5208971934.42,3912492710.28,None
2016-03-04,'600844,丹化科技,6.34,6.51,6.01,6.39,6.34,0.0,0.0,2.9481,17241071,108465423.0,4936454718.12,3707803256.08,None
2016-03-03,'600844,丹化科技,6.34,6.66,6.31,6.41,6.35,-0.01,-0.1575,4.3861,25651358,165558795.0,4936454718.12,3707803256.08,None
2016-03-02,'600844,丹化科技,6.35,6.35,5.8,5.8,5.77,0.58,10.052,4.7485,27770610,171345361.0,4944240924.3,3713651526.2,None
2016-03-01,'600844,丹化科技,5.77,5.85,5.5,5.51,5.51,0.26,4.7187,3.1887,18648140,105749076.0,4492640965.86,3374451859.24,None
2016-02-29,'600844,丹化科技,5.51,6.04,5.44,5.99,6.04,-0.53,-8.7748,3.1144,18213730,101066805.0,4290199605.18,3222396836.12,None
2016-02-26,'600844,丹化科技,6.04,6.15,5.85,6.08,5.99,0.05,0.8347,2.1824,12763013,76773298.0,4702868532.72,3532355152.48,None
2016-02-25,'600844,丹化科技,5.99,6.57,5.99,6.57,6.65,-0.66,-9.9248,3.3932,19844384,123273830.0,4663937501.82,3503113801.88,None
2016-02-24,'600844,丹化科技,6.65,6.75,6.45,6.73,6.87,-0.22,-3.2023,4.5077,26362414,174158747.0,5177827109.7,3889099629.8,None
2016-02-23,'600844,丹化科技,6.87,7.23,6.76,7.23,6.57,0.3,4.5662,7.5792,44324966,313193407.0,5349123645.66,4017761572.44,None
2016-02-22,'600844,丹化科技,6.57,6.63,6.28,6.35,6.28,0.29,4.6178,2.5805,15091497,97397876.0,5115537460.26,3842313468.84,None
2016-02-19,'600844,丹化科技,6.28,6.35,6.19,6.32,6.41,-0.13,-2.0281,1.345,7865891,49382826.0,4889737481.04,3672713635.36,None
2016-02-18,'600844,丹化科技,6.41,6.5,6.14,6.17,6.14,0.27,4.3974,2.2141,12948885,81044822.0,4990958161.38,3748741146.92,None
2016-02-17,'600844,丹化科技,6.14,6.28,6.04,6.12,6.07,0.07,1.1532,1.5574,9108280,56058615.0,4780730594.52,3590837853.68,None
2016-02-16,'600844,丹化科技,6.07,6.18,5.86,5.87,5.85,0.22,3.7607,1.4652,8569125,51911692.0,4726227151.26,3549899962.84,None
2016-02-15,'600844,丹化科技,5.85,5.89,5.6,5.6,5.89,-0.04,-0.6791,1.0021,5860772,33545659.0,4554930615.3,3421238020.2,None
2016-02-05,'600844,丹化科技,5.89,6.03,5.88,5.97,5.98,-0.09,-1.505,0.8226,4810998,28599649.0,4586075440.02,3444631100.68,None
2016-02-04,'600844,丹化科技,5.98,6.06,5.82,5.85,5.84,0.14,2.3973,1.2573,7353271,43881680.0,4656151295.64,3497265531.76,None
2016-02-03,'600844,丹化科技,5.84,5.89,5.7,5.83,5.89,-0.05,-0.8489,1.0567,6179588,35762247.0,4547144409.12,3415389750.08,None
2016-02-02,'600844,丹化科技,5.89,5.89,5.6,5.61,5.6,0.29,5.1786,1.8281,10691215,61631501.0,4586075440.02,3444631100.68,None
2016-02-01,'600844,丹化科技,5.6,5.77,5.48,5.77,5.81,-0.21,-3.6145,1.3015,7611380,42796716.0,4360275460.8,3275031267.2,None
2016-01-29,'600844,丹化科技,5.81,5.84,5.47,5.5,5.56,0.25,4.4964,1.2746,7453976,42536518.0,4523785790.58,3397844939.72,None
2016-01-28,'600844,丹化科技,5.56,5.85,5.44,5.78,5.82,-0.26,-4.4674,1.2003,7019390,39774602.0,4329130636.08,3251638186.72,None
2016-01-27,'600844,丹化科技,5.82,5.98,5.47,5.86,5.89,-0.07,-1.1885,1.639,9585322,54645691.0,4531571996.76,3403693209.84,None
2016-01-26,'600844,丹化科技,5.89,6.5,5.87,6.48,6.52,-0.63,-9.6626,1.6413,9598852,59237717.0,4586075440.02,3444631100.68,None
2016-01-25,'600844,丹化科技,6.52,6.55,6.45,6.47,6.42,0.1,1.5576,0.846,4947430,32165576.0,5076606429.36,3813072118.24,None
2016-01-22,'600844,丹化科技,6.42,6.48,6.13,6.43,6.33,0.09,1.4218,1.1362,6645091,42292467.0,4998744367.56,3754589417.04,None
2016-01-21,'600844,丹化科技,6.33,6.75,6.32,6.52,6.64,-0.31,-4.6687,1.5912,9305829,60803037.0,4928668511.94,3701954985.96,None
2016-01-20,'600844,丹化科技,6.64,6.88,6.53,6.6,6.58,0.06,0.9119,2.2123,12938399,86640872.0,5170040903.52,3883251359.68,None
2016-01-19,'600844,丹化科技,6.58,6.63,6.31,6.31,6.36,0.22,3.4591,1.7854,10441652,67912551.0,5123323666.44,3848161738.96,None
2016-01-18,'600844,丹化科技,6.36,6.5,6.11,6.19,6.33,0.03,0.4739,1.3637,7975309,50515470.0,4952027130.48,3719499796.32,None
2016-01-15,'600844,丹化科技,6.33,6.73,6.21,6.73,6.75,-0.42,-6.2222,2.0789,12157991,78738608.0,4928668511.94,3701954985.96,None
2016-01-14,'600844,丹化科技,6.75,6.78,6.21,6.39,6.37,0.38,5.9655,2.2482,13148138,85558755.0,5255689171.5,3947582331.0,None
2016-01-13,'600844,丹化科技,6.37,6.52,6.18,6.45,6.37,0.0,0.0,1.4939,8736730,55597995.0,4959813336.66,3725348066.44,None
2016-01-12,'600844,丹化科技,6.37,6.49,6.18,6.34,6.35,0.02,0.315,1.6024,9371347,59523008.0,4959813336.66,3725348066.44,None
2016-01-11,'600844,丹化科技,6.35,6.93,6.35,6.76,7.05,-0.7,-9.9291,2.5961,15182442,99941982.0,4944240924.3,3713651526.2,None
2016-01-08,'600844,丹化科技,7.05,7.34,6.5,7.0,6.9,0.15,2.1739,2.4203,14154806,98755769.0,5489275356.9,4123030434.6,None
2016-01-07,'600844,丹化科技,6.9,7.5,6.9,7.5,7.67,-0.77,-10.0391,0.5695,3330800,23754244.0,5372482264.2,4035306382.8,None
2016-01-06,'600844,丹化科技,7.67,7.68,7.43,7.53,7.47,0.2,2.6774,2.1664,12669465,95962129.0,5972020140.06,4485623182.04,None
2016-01-05,'600844,丹化科技,7.47,7.8,7.09,7.36,7.88,-0.41,-5.203,3.3578,19637536,147141844.0,5816296016.46,4368657779.64,None
2016-01-04,'600844,丹化科技,7.88,8.84,7.88,8.79,8.75,-0.87,-9.9429,2.356,13778501,113673676.0,6135530469.84,4608436854.56,None
