日期,股票代码,名称,收盘价,最高价,最低价,开盘价,前收盘,涨跌额,涨跌幅,换手率,成交量,成交金额,总市值,流通市值,成交笔数
2016-10-12,'601788,光大证券,16.46,16.53,16.43,16.44,16.52,-0.06,-0.3632,0.2209,8629064,142099509.0,75893564537.9,64304262889.9,None
2016-10-11,'601788,光大证券,16.52,16.62,16.47,16.51,16.5,0.02,0.1212,0.3487,13621675,225145611.0,76170211796.3,64538664820.3,None
2016-10-10,'601788,光大证券,16.5,16.56,16.31,16.38,16.24,0.26,1.601,0.364,14220073,233936021.0,76077996043.5,64460530843.5,None
2016-09-30,'601788,光大证券,16.24,16.29,16.1,16.12,16.21,0.03,0.1851,0.201,7851107,127306544.0,74879191257.4,63444789145.4,None
2016-09-29,'601788,光大证券,16.21,16.38,16.01,16.09,16.04,0.17,1.0599,0.3248,12687149,206006945.0,74740867628.2,63327588180.2,None
2016-09-28,'601788,光大证券,16.04,16.14,16.0,16.11,16.11,-0.07,-0.4345,0.1454,5680623,91239260.0,73957033729.6,62663449377.6,None
2016-09-27,'601788,光大证券,16.11,16.13,15.84,15.88,15.93,0.18,1.1299,0.2513,9815622,157200997.0,74279788864.3,62936918296.3,None
2016-09-26,'601788,光大证券,15.93,16.28,15.91,16.21,16.27,-0.34,-2.0897,0.368,14375515,231255477.0,73449847089.3,62233712505.3,None
2016-09-23,'601788,光大证券,16.27,16.45,16.26,16.43,16.38,-0.11,-0.6716,0.2186,8538101,139575888.0,75017514886.5,63561990110.5,None
2016-09-22,'601788,光大证券,16.38,16.58,16.36,16.53,16.44,-0.06,-0.365,0.3179,12418212,204801942.0,75524701526.8,63991726982.8,None
2016-09-21,'601788,光大证券,16.44,16.55,16.29,16.33,16.33,0.11,0.6736,0.2999,11715419,192399422.0,75801348785.2,64226128913.2,None
2016-09-20,'601788,光大证券,16.33,16.35,16.25,16.3,16.31,0.02,0.1226,0.1899,7418197,120920348.0,75294162144.9,63796392040.9,None
2016-09-19,'601788,光大证券,16.31,16.35,16.2,16.2,16.24,0.07,0.431,0.2046,7993918,130229860.0,75201946392.1,63718258064.1,None
2016-09-14,'601788,光大证券,16.24,16.35,16.15,16.3,16.39,-0.15,-0.9152,0.2905,11350478,184567440.0,74487989145.4,63444789145.4,None
2016-09-13,'601788,光大证券,16.39,16.49,16.29,16.44,16.46,-0.07,-0.4253,0.3442,13445307,219863987.0,75175993971.2,64030793971.2,None
2016-09-12,'601788,光大证券,16.46,16.55,16.15,16.55,16.82,-0.36,-2.1403,0.8619,33671112,551272979.0,75497062889.9,64304262889.9,None
2016-09-09,'601788,光大证券,16.82,17.02,16.81,16.9,16.92,-0.1,-0.591,0.3938,15386429,260477567.0,77148274472.0,65710674472.0,None
2016-09-08,'601788,光大证券,16.92,17.02,16.85,16.96,17.0,-0.08,-0.4706,0.324,12658769,214164708.0,77606944355.9,66101344355.9,None
2016-09-07,'601788,光大证券,17.0,17.15,16.96,17.0,17.02,-0.02,-0.1175,0.4337,16943239,288900979.0,77973880263.0,66413880263.0,None
2016-09-06,'601788,光大证券,17.02,17.1,16.66,16.88,16.9,0.12,0.7101,0.4642,18134852,306179502.0,78065614239.8,66492014239.8,None
2016-09-05,'601788,光大证券,16.9,17.14,16.85,16.98,16.89,0.01,0.0592,0.3729,14566350,247007159.0,77515210379.1,66023210379.1,None
2016-09-02,'601788,光大证券,16.89,17.04,16.74,16.75,16.86,0.03,0.1779,0.5125,20021401,337965807.0,77469343390.7,65984143390.7,None
2016-09-01,'601788,光大证券,16.86,17.39,16.76,17.37,17.36,-0.5,-2.8802,1.3839,54063430,918439933.0,77331742425.5,65866942425.5,None
2016-08-31,'601788,光大证券,17.36,17.52,17.18,17.29,17.28,0.08,0.463,0.569,19449528,337627849.0,79625091845.0,59336480000.0,None
2016-08-30,'601788,光大证券,17.28,17.39,17.18,17.23,17.2,0.08,0.4651,0.4841,16546459,285950702.0,79258155937.9,59063040000.0,None
2016-08-29,'601788,光大证券,17.2,17.31,17.13,17.29,17.32,-0.12,-0.6928,0.5008,17115723,294330233.0,78891220030.8,58789600000.0,None
2016-08-26,'601788,光大证券,17.32,17.48,17.28,17.4,17.38,-0.06,-0.3452,0.4859,16606612,288910123.0,79441623891.5,59199760000.0,None
2016-08-25,'601788,光大证券,17.38,17.47,17.2,17.25,17.32,0.06,0.3464,0.6781,23178220,402054282.0,79716825821.8,59404840000.0,None
2016-08-24,'601788,光大证券,17.32,17.49,17.25,17.47,17.44,-0.12,-0.6881,0.5443,18603284,322635453.0,79441623891.5,59199760000.0,None
2016-08-23,'601788,光大证券,17.44,17.59,17.31,17.43,17.42,0.02,0.1148,0.4769,16299125,284408001.0,79992027752.2,59609920000.0,None
2016-08-22,'601788,光大证券,17.42,17.88,17.38,17.8,17.8,-0.38,-2.1348,0.6606,22580868,397288876.0,79900293775.4,59541560000.0,None
2016-08-19,'601788,光大证券,17.8,17.88,17.7,17.77,17.77,0.03,0.1688,0.5346,18272407,325142061.0,81643239334.2,60840400000.0,None
2016-08-18,'601788,光大证券,17.77,17.98,17.67,17.8,17.91,-0.14,-0.7817,0.8724,29818590,531027134.0,69422038369.0,60737860000.0,None
2016-08-17,'601788,光大证券,17.91,18.32,17.72,18.15,18.09,-0.18,-0.995,1.2375,42297610,761687962.0,69968976206.5,61216380000.0,None
2016-08-16,'601788,光大证券,18.09,18.48,18.04,18.37,18.43,-0.34,-1.8448,1.4491,49531043,901081339.0,70672181997.5,61831620000.0,None
2016-08-15,'601788,光大证券,18.43,18.98,17.45,17.54,17.47,0.96,5.4951,2.6767,91489937,1667940220.0,72000459602.8,62993740000.0,None
2016-08-12,'601788,光大证券,17.47,17.54,16.88,16.97,17.01,0.46,2.7043,0.9858,33695137,579366220.0,68250028717.3,59712460000.0,None
2016-08-11,'601788,光大证券,17.01,17.29,16.9,17.02,16.99,0.02,0.1177,0.8082,27624679,473452022.0,66452947251.4,58140180000.0,None
2016-08-10,'601788,光大证券,16.99,17.23,16.98,17.13,17.13,-0.14,-0.8173,0.5121,17505041,299050865.0,66374813274.6,58071820000.0,None
2016-08-09,'601788,光大证券,17.13,17.17,16.92,17.0,17.01,0.12,0.7055,0.4073,13923134,237387554.0,66921751112.1,58550340000.0,None
2016-08-08,'601788,光大证券,17.01,17.02,16.64,16.81,16.81,0.2,1.1898,0.366,12510123,210950965.0,66452947251.4,58140180000.0,None
2016-08-05,'601788,光大证券,16.81,17.09,16.76,16.83,16.84,-0.03,-0.1781,0.449,15347862,259265223.0,65671607483.6,57456580000.0,None
2016-08-04,'601788,光大证券,16.84,16.86,16.6,16.71,16.71,0.13,0.778,0.4015,13722195,229823487.0,65788808448.8,57559120000.0,None
2016-08-03,'601788,光大证券,16.71,16.77,16.58,16.69,16.72,-0.01,-0.0598,0.3229,11037339,184191648.0,65280937599.7,57114780000.0,None
2016-08-02,'601788,光大证券,16.72,16.76,16.55,16.7,16.64,0.08,0.4808,0.382,13056892,217559036.0,65320004588.1,57148960000.0,None
2016-08-01,'601788,光大证券,16.64,16.87,16.45,16.81,16.88,-0.24,-1.4218,0.6458,22074601,367256123.0,65007468681.0,56875520000.0,None
2016-07-29,'601788,光大证券,16.88,17.11,16.71,16.88,16.9,-0.02,-0.1183,0.6419,21940175,371071565.0,65945076402.3,57695840000.0,None
2016-07-28,'601788,光大证券,16.9,17.15,16.61,17.08,17.13,-0.23,-1.3427,0.9017,30818845,519773401.0,66023210379.1,57764200000.0,None
2016-07-27,'601788,光大证券,17.13,17.86,16.82,17.82,17.85,-0.72,-4.0336,1.6277,55635734,960287187.0,66921751112.1,58550340000.0,None
2016-07-26,'601788,光大证券,17.85,17.86,17.52,17.57,17.55,0.3,1.7094,0.6083,20790831,369365502.0,69734574276.1,61011300000.0,None
2016-07-25,'601788,光大证券,17.55,17.71,17.49,17.54,17.6,-0.05,-0.2841,0.4229,14454221,254127931.0,68562564624.4,59985900000.0,None
2016-07-22,'601788,光大证券,17.6,17.77,17.53,17.66,17.75,-0.15,-0.8451,0.5896,20152170,355421765.0,68757899566.4,60156800000.0,None
2016-07-21,'601788,光大证券,17.75,17.97,17.7,17.71,17.63,0.12,0.6807,0.7904,27016371,482087476.0,69343904392.2,60669500000.0,None
2016-07-20,'601788,光大证券,17.63,17.83,17.61,17.8,17.8,-0.17,-0.9551,0.4822,16482545,291821362.0,68875100531.6,60259340000.0,None
2016-07-19,'601788,光大证券,17.8,17.86,17.49,17.68,17.61,0.19,1.0789,0.7393,25269176,446936663.0,69539239334.2,60840400000.0,None
2016-07-18,'601788,光大证券,17.61,17.96,17.59,17.9,18.0,-0.39,-2.1667,0.9929,33936096,601113371.0,68796966554.8,60190980000.0,None
2016-07-15,'601788,光大证券,18.0,18.4,17.87,18.31,18.29,-0.29,-1.5856,1.1046,37753542,680618085.0,70320579102.0,61524000000.0,None
2016-07-14,'601788,光大证券,18.29,18.43,18.05,18.11,18.16,0.13,0.7159,0.8446,28868301,526348463.0,71453521765.3,62515220000.0,None
2016-07-13,'601788,光大证券,18.16,18.88,18.1,18.44,18.29,-0.13,-0.7108,1.8251,62381011,1151848952.0,70945650916.2,62070880000.0,None
2016-07-12,'601788,光大证券,18.29,18.39,17.59,17.63,17.66,0.63,3.5674,1.8616,63629585,1149226505.0,71453521765.3,62515220000.0,None
2016-07-11,'601788,光大证券,17.66,18.24,17.45,17.51,17.56,0.1,0.5695,1.3983,47794700,850846033.0,68992301496.7,60361880000.0,None
2016-07-08,'601788,光大证券,17.56,17.76,17.34,17.51,17.56,0.0,0.0,0.9881,33773656,593428291.0,68601631612.8,60020080000.0,None
2016-07-07,'601788,光大证券,17.56,17.7,17.21,17.56,17.59,-0.03,-0.1706,0.9721,33226608,579573581.0,68601631612.8,60020080000.0,None
2016-07-06,'601788,光大证券,17.59,17.8,17.39,17.53,17.63,-0.04,-0.2269,0.7653,26158141,458711480.0,68718832578.0,60122620000.0,None
2016-07-05,'601788,光大证券,17.63,17.79,17.49,17.63,17.73,-0.1,-0.564,0.9689,33117259,583747392.0,68875100531.6,60259340000.0,None
2016-07-04,'601788,光大证券,17.73,18.0,16.6,16.65,16.83,0.9,5.3476,1.9157,65479975,1144579156.0,69265770415.5,60601140000.0,None
2016-07-01,'601788,光大证券,16.83,17.15,16.75,17.01,16.94,-0.11,-0.6494,0.8005,27360158,463140235.0,65749741460.4,57524940000.0,None
2016-06-30,'601788,光大证券,16.94,17.18,16.85,16.88,16.79,0.15,0.8934,1.1168,38173382,650696129.0,66179478332.7,57900920000.0,None
2016-06-29,'601788,光大证券,16.79,17.09,16.74,16.96,16.89,-0.1,-0.5921,1.2528,42819639,725206182.0,65593473506.8,57388220000.0,None
2016-06-28,'601788,光大证券,16.89,17.0,16.27,16.45,16.52,0.37,2.2397,1.3294,45440349,756347195.0,65984143390.7,57730020000.0,None
2016-06-27,'601788,光大证券,16.52,16.55,16.12,16.12,16.22,0.3,1.8496,1.0109,34551771,567940878.0,64538664820.3,56465360000.0,None
2016-06-24,'601788,光大证券,16.22,16.72,15.81,16.48,16.56,-0.34,-2.0531,1.2318,42102712,685925170.0,63366655168.6,55439960000.0,None
2016-06-23,'601788,光大证券,16.56,16.6,16.21,16.47,16.48,0.08,0.4854,0.7338,25079703,412756902.0,64694932773.8,56602080000.0,None
2016-06-22,'601788,光大证券,16.48,16.58,16.02,16.1,16.14,0.34,2.1066,0.8545,29208465,478933980.0,64382396866.7,56328640000.0,None
2016-06-21,'601788,光大证券,16.14,16.97,16.07,16.07,15.96,0.18,1.1278,1.5097,51602506,849862586.0,63054119261.5,55166520000.0,None
2016-06-20,'601788,光大证券,15.96,15.99,15.67,15.88,15.99,-0.03,-0.1876,0.6426,21964427,347370358.0,62350913470.4,54551280000.0,None
2016-06-17,'601788,光大证券,15.99,16.25,15.87,15.87,15.84,0.15,0.947,0.6325,21617910,347453955.0,62468114435.6,54653820000.0,None
2016-06-16,'601788,光大证券,15.84,16.14,15.75,16.02,16.13,-0.29,-1.7979,0.6055,20696896,330380742.0,61882109609.8,54141120000.0,None
2016-06-15,'601788,光大证券,16.13,16.39,15.4,15.5,15.75,0.38,2.4127,0.9374,32041317,511682720.0,63015052273.1,55132340000.0,None
2016-06-14,'601788,光大证券,15.75,15.83,15.53,15.6,15.63,0.12,0.7678,0.5226,17863578,280527066.0,61530506714.2,53833500000.0,None
2016-06-13,'601788,光大证券,15.63,16.42,15.61,16.35,16.59,-0.96,-5.7866,0.7711,26357153,425719509.0,61061702853.6,53423340000.0,None
2016-06-08,'601788,光大证券,16.59,16.72,16.4,16.59,16.67,-0.08,-0.4799,0.6815,23295069,386076665.0,64812133739.0,56704620000.0,None
2016-06-07,'601788,光大证券,16.67,16.76,16.57,16.65,16.6,0.07,0.4217,0.6564,22436103,374018311.0,65124669646.1,56978060000.0,None
2016-06-06,'601788,光大证券,16.6,16.82,16.51,16.74,16.72,-0.12,-0.7177,0.7803,26669953,443544993.0,64851200727.4,56738800000.0,None
2016-06-03,'601788,光大证券,16.72,17.06,16.51,16.75,16.8,-0.08,-0.4762,1.1965,40895231,684907453.0,65320004588.1,57148960000.0,None
2016-06-02,'601788,光大证券,16.8,16.83,16.49,16.59,16.67,0.13,0.7798,1.0747,36732134,612875963.0,65632540495.2,57422400000.0,None
2016-06-01,'601788,光大证券,16.67,17.05,16.57,16.87,16.96,-0.29,-1.7099,1.8168,62099832,1041245530.0,65124669646.1,56978060000.0,None
2016-05-31,'601788,光大证券,16.96,16.97,15.48,15.49,15.44,1.52,9.8446,2.5935,88646527,1466712823.0,66257612309.4,57969280000.0,None
2016-05-30,'601788,光大证券,15.44,15.57,15.2,15.42,15.44,0.0,0.0,0.4078,13939114,214929930.0,60319430074.2,52773920000.0,None
2016-05-27,'601788,光大证券,15.44,15.6,15.35,15.41,15.52,-0.08,-0.5155,0.4063,13887741,214897704.0,60319430074.2,52773920000.0,None
2016-05-26,'601788,光大证券,15.52,15.54,15.1,15.4,15.38,0.14,0.9103,0.6401,21877588,335420719.0,60631965981.3,53047360000.0,None
2016-05-25,'601788,光大证券,15.38,15.68,15.34,15.51,15.36,0.02,0.1302,0.5802,19830177,307910344.0,60085028143.8,52568840000.0,None
2016-05-24,'601788,光大证券,15.36,15.64,15.32,15.61,15.68,-0.32,-2.0408,0.544,18594221,287139430.0,60006894167.0,52500480000.0,None
2016-05-23,'601788,光大证券,15.68,15.88,15.54,15.69,15.72,-0.04,-0.2545,0.7223,24687327,387965210.0,61257037795.5,53594240000.0,None
2016-05-20,'601788,光大证券,15.72,15.73,15.31,15.41,15.53,0.19,1.2234,0.626,21398279,332969912.0,61413305749.1,53730960000.0,None
2016-05-19,'601788,光大证券,15.53,15.75,15.46,15.59,15.63,-0.1,-0.6398,0.5664,19360758,302390924.0,60671032969.7,53081540000.0,None
2016-05-18,'601788,XD光大证,15.63,15.89,15.39,15.68,15.91,-0.28,-1.7599,0.9024,30844585,481026841.0,61061702853.6,53423340000.0,None
2016-05-17,'601788,光大证券,16.51,16.68,16.19,16.37,16.29,0.22,1.3505,0.9622,32886348,539829931.0,64499597831.9,56431180000.0,None
2016-05-16,'601788,光大证券,16.29,16.29,15.92,15.92,16.05,0.24,1.4953,0.6212,21232935,343733551.0,63640124087.3,55679220000.0,None
2016-05-13,'601788,光大证券,16.05,16.29,15.87,16.16,16.16,-0.11,-0.6807,0.5967,20393837,328352233.0,62702516365.9,54858900000.0,None
2016-05-12,'601788,光大证券,16.16,16.22,15.65,15.87,16.02,0.14,0.8739,0.915,31274732,500251813.0,63132253238.2,55234880000.0,None
2016-05-11,'601788,光大证券,16.02,16.33,15.99,16.27,16.14,-0.12,-0.7435,0.6931,23691735,383050642.0,62585315400.8,54756360000.0,None
2016-05-10,'601788,光大证券,16.14,16.22,16.02,16.08,16.08,0.06,0.3731,0.6036,20630338,332903713.0,63054119261.5,55166520000.0,None
2016-05-09,'601788,光大证券,16.08,16.6,16.02,16.54,16.75,-0.67,-4.0,0.9313,31833340,517225759.0,62819717331.1,54961440000.0,None
2016-05-06,'601788,光大证券,16.75,17.81,16.72,17.72,17.7,-0.95,-5.3672,1.4661,50110205,860988973.0,65437205553.2,57251500000.0,None
2016-05-05,'601788,光大证券,17.7,17.79,17.53,17.66,17.73,-0.03,-0.1692,0.6424,21958488,388255628.0,69148569450.3,60498600000.0,None
2016-05-04,'601788,光大证券,17.73,17.86,17.61,17.69,17.86,-0.13,-0.7279,0.8652,29570912,524822119.0,69265770415.5,60601140000.0,None
2016-05-03,'601788,光大证券,17.86,17.99,17.26,17.4,17.36,0.5,2.8802,1.3377,45721800,811533194.0,69773641264.5,61045480000.0,None
2016-04-29,'601788,光大证券,17.36,17.65,17.33,17.5,17.64,-0.28,-1.5873,0.8545,29206510,509811998.0,67820291845.0,59336480000.0,None
2016-04-28,'601788,光大证券,17.64,17.86,17.37,17.83,17.74,-0.1,-0.5637,1.0284,35149470,617335592.0,68914167520.0,60293520000.0,None
2016-04-27,'601788,光大证券,17.74,18.19,17.71,18.19,18.18,-0.44,-2.4202,0.9584,32757810,587312891.0,69304837403.9,60635320000.0,None
2016-04-26,'601788,光大证券,18.18,18.28,17.86,17.97,18.05,0.13,0.7202,0.7194,24590697,444412228.0,71023784893.0,62139240000.0,None
2016-04-25,'601788,光大证券,18.05,18.17,17.76,18.11,18.29,-0.24,-1.3122,0.6416,21930022,392941410.0,70515914043.9,61694900000.0,None
2016-04-22,'601788,光大证券,18.29,18.34,17.83,17.95,18.05,0.24,1.3296,0.8881,30356510,552624881.0,71453521765.3,62515220000.0,None
2016-04-21,'601788,光大证券,18.05,18.35,17.9,18.13,18.41,-0.36,-1.9555,0.9746,33310710,605239750.0,70515914043.9,61694900000.0,None
2016-04-20,'601788,光大证券,18.41,18.98,17.75,18.93,18.91,-0.5,-2.6441,2.1024,71861064,1311179752.0,71922325626.0,62925380000.0,None
2016-04-19,'601788,光大证券,18.91,19.05,18.6,18.99,18.8,0.11,0.5851,0.8985,30710966,578072016.0,73875675045.5,64634380000.0,None
2016-04-18,'601788,光大证券,18.8,19.34,18.69,19.33,19.58,-0.78,-3.9837,1.6279,55640871,1050642609.0,73445938173.2,64258400000.0,None
2016-04-15,'601788,光大证券,19.58,19.86,19.42,19.65,19.76,-0.18,-0.9109,1.1174,38191431,747348689.0,76493163267.6,66924440000.0,None
2016-04-14,'601788,光大证券,19.76,19.89,19.49,19.8,19.56,0.2,1.0225,1.6536,56519897,1112626633.0,77196369058.6,67539680000.0,None
2016-04-13,'601788,光大证券,19.56,20.07,19.11,19.11,18.91,0.65,3.4373,3.0439,104039760,2051230601.0,76415029290.8,66856080000.0,None
2016-04-12,'601788,光大证券,18.91,19.09,18.61,18.91,19.11,-0.2,-1.0466,1.3026,44523155,837434041.0,73875675045.5,64634380000.0,None
2016-04-11,'601788,光大证券,19.11,19.8,19.09,19.6,18.59,0.52,2.7972,2.6749,91429667,1777953951.0,74657014813.3,65317980000.0,None
2016-04-08,'601788,光大证券,18.59,18.91,18.19,18.91,19.08,-0.49,-2.5681,1.6535,56517375,1047730705.0,72625531417.0,63540620000.0,None
2016-04-07,'601788,光大证券,19.08,19.93,19.02,19.86,19.7,-0.62,-3.1472,1.431,48909975,948222158.0,74539813848.1,65215440000.0,None
2016-04-06,'601788,光大证券,19.7,19.99,19.37,19.7,19.97,-0.27,-1.352,1.7362,59344793,1167928494.0,76961967128.3,67334600000.0,None
2016-04-05,'601788,光大证券,19.97,20.38,19.2,19.7,19.68,0.29,1.4736,3.1142,106444911,2111476210.0,78016775814.8,68257460000.0,None
2016-04-01,'601788,光大证券,19.68,19.7,18.87,19.11,19.1,0.58,3.0366,2.8825,98524758,1903545954.0,76883833151.5,67266240000.0,None
2016-03-31,'601788,光大证券,19.1,19.89,18.69,19.0,18.69,0.41,2.1937,3.1358,107181570,2061212673.0,74617947824.9,65283800000.0,None
2016-03-30,'601788,光大证券,18.69,18.74,18.3,18.34,18.04,0.65,3.6031,1.7756,60688840,1125574300.0,73016201300.9,63882420000.0,None
2016-03-29,'601788,光大证券,18.04,18.38,17.68,18.16,18.11,-0.07,-0.3865,1.5904,54359568,980486295.0,70476847055.6,61660720000.0,None
2016-03-28,'601788,光大证券,18.11,18.87,17.98,18.67,18.67,-0.56,-2.9995,1.7417,59532063,1097836599.0,70750315974.3,61899980000.0,None
2016-03-25,'601788,光大证券,18.67,18.73,18.38,18.43,18.46,0.21,1.1376,1.4664,50120532,929788701.0,72938067324.1,63814060000.0,None
2016-03-24,'601788,光大证券,18.46,19.03,18.43,18.99,19.4,-0.94,-4.8454,2.0607,70435428,1324030450.0,72117660567.9,63096280000.0,None
2016-03-23,'601788,光大证券,19.4,19.53,18.68,18.98,19.17,0.23,1.1998,2.82,96386151,1841175192.0,75789957476.6,66309200000.0,None
2016-03-22,'601788,光大证券,19.17,19.66,18.85,19.39,19.55,-0.38,-1.9437,3.4544,118072033,2276633972.0,74891416743.6,65523060000.0,None
2016-03-21,'601788,光大证券,19.55,19.55,18.5,18.6,17.77,1.78,10.0169,5.4126,185001606,3592610569.0,76375962302.4,66821900000.0,None
2016-03-18,'601788,光大证券,17.77,18.01,17.0,17.07,16.91,0.86,5.0857,2.5199,86131081,1516115989.0,69422038369.0,60737860000.0,None
2016-03-17,'601788,光大证券,16.91,17.15,16.38,16.42,16.29,0.62,3.806,1.8399,62887686,1057547376.0,66062277367.5,57798380000.0,None
2016-03-16,'601788,光大证券,16.29,16.53,16.18,16.36,16.3,-0.01,-0.0613,1.0198,34855471,568958175.0,63640124087.3,55679220000.0,None
2016-03-15,'601788,光大证券,16.3,16.48,16.04,16.41,16.48,-0.18,-1.0922,0.9179,31375083,509960436.0,63679191075.7,55713400000.0,None
2016-03-14,'601788,光大证券,16.48,16.97,16.06,16.25,16.05,0.43,2.6791,1.5135,51730494,858794766.0,64382396866.7,56328640000.0,None
2016-03-11,'601788,光大证券,16.05,16.19,15.5,15.56,15.77,0.28,1.7755,0.7668,26209409,416469079.0,62702516365.9,54858900000.0,None
2016-03-10,'601788,光大证券,15.77,16.58,15.71,16.38,16.46,-0.69,-4.192,0.8385,28658945,463594202.0,61608640691.0,53901860000.0,None
2016-03-09,'601788,光大证券,16.46,16.79,16.12,16.49,16.97,-0.51,-3.0053,1.0464,35766021,586922511.0,64304262889.9,56260280000.0,None
2016-03-08,'601788,光大证券,16.97,17.0,15.89,16.71,16.77,0.2,1.1926,1.3314,45508145,743015716.0,66296679297.8,58003460000.0,None
2016-03-07,'601788,光大证券,16.77,17.27,16.6,16.76,16.57,0.2,1.207,1.3688,46784469,792141856.0,65515339530.0,57319860000.0,None
2016-03-04,'601788,光大证券,16.57,16.76,16.19,16.53,16.52,0.05,0.3027,1.5852,54180559,894417864.0,64733999762.2,56636260000.0,None
2016-03-03,'601788,光大证券,16.52,16.9,16.41,16.51,16.7,-0.18,-1.0778,1.4453,49400245,822292511.0,64538664820.3,56465360000.0,None
2016-03-02,'601788,光大证券,16.7,16.87,15.4,15.46,15.5,1.2,7.7419,2.0534,70184117,1129282491.0,65241870611.3,57080600000.0,None
2016-03-01,'601788,光大证券,15.5,15.95,14.67,15.08,14.97,0.53,3.5404,1.537,52536037,799574363.0,60553832004.5,52979000000.0,None
2016-02-29,'601788,光大证券,14.97,15.78,14.48,15.68,15.91,-0.94,-5.9082,1.5738,53791290,801210173.0,58483281619.8,51167460000.0,None
2016-02-26,'601788,光大证券,15.91,16.19,15.53,16.02,15.81,0.1,0.6325,0.9432,32238157,513449814.0,62155578528.5,54380380000.0,None
2016-02-25,'601788,光大证券,15.81,17.42,15.75,17.42,17.5,-1.69,-9.6571,1.4723,50324873,827575163.0,61764908644.6,54038580000.0,None
2016-02-24,'601788,光大证券,17.5,17.56,16.75,16.95,17.03,0.47,2.7598,1.0345,35359652,606447984.0,68367229682.5,59815000000.0,None
2016-02-23,'601788,光大证券,17.03,17.38,16.86,17.38,17.4,-0.37,-2.1264,0.9032,30871694,527435789.0,66531081228.2,58208540000.0,None
2016-02-22,'601788,光大证券,17.4,17.69,16.88,16.95,16.64,0.76,4.5673,1.6818,57485280,993129907.0,67976559798.6,59473200000.0,None
2016-02-19,'601788,光大证券,16.64,16.79,16.32,16.53,16.61,0.03,0.1806,0.783,26762288,443225574.0,65007468681.0,56875520000.0,None
2016-02-18,'601788,光大证券,16.61,17.2,16.55,16.9,16.6,0.01,0.0602,1.3758,47026516,795770015.0,64890267715.8,56772980000.0,None
2016-02-17,'601788,光大证券,16.6,16.67,16.31,16.42,16.5,0.1,0.6061,0.9277,31709071,523903696.0,64851200727.4,56738800000.0,None
2016-02-16,'601788,光大证券,16.5,16.6,15.85,15.85,15.7,0.8,5.0955,1.117,38180646,624748270.0,64460530843.5,56397000000.0,None
2016-02-15,'601788,光大证券,15.7,15.81,15.26,15.4,16.07,-0.37,-2.3024,0.7279,24878256,386904420.0,61335171772.3,53662600000.0,None
2016-02-05,'601788,光大证券,16.07,16.6,16.03,16.45,16.86,-0.79,-4.6856,1.1199,38276579,622735868.0,62780650342.7,54927260000.0,None
2016-02-04,'601788,光大证券,16.86,17.15,16.76,16.8,16.72,0.14,0.8373,0.87,29736812,503968883.0,65866942425.5,57627480000.0,None
2016-02-03,'601788,光大证券,16.72,16.82,16.3,16.5,16.9,-0.18,-1.0651,0.7504,25648957,424550551.0,65320004588.1,57148960000.0,None
2016-02-02,'601788,光大证券,16.9,17.1,16.39,16.56,16.44,0.46,2.7981,1.0915,37308717,626951223.0,66023210379.1,57764200000.0,None
2016-02-01,'601788,光大证券,16.44,16.5,16.02,16.2,16.31,0.13,0.7971,1.3123,44853154,729886555.0,64226128913.2,56191920000.0,None
2016-01-29,'601788,光大证券,16.31,16.7,15.22,15.23,15.23,1.08,7.0913,1.8447,63053154,1019150382.0,63718258064.1,55747580000.0,None
2016-01-28,'601788,光大证券,15.23,16.3,15.1,15.51,15.82,-0.59,-3.7295,1.2478,42648665,672034881.0,59499023318.0,52056140000.0,None
2016-01-27,'601788,光大证券,15.82,16.5,15.13,16.33,16.33,-0.51,-3.1231,1.5367,52525827,828287477.0,61803975633.0,54072760000.0,None
2016-01-26,'601788,光大证券,16.33,17.98,16.33,17.89,18.14,-1.81,-9.9779,1.528,52228652,890922639.0,63796392040.9,55815940000.0,None
2016-01-25,'601788,光大证券,18.14,18.4,17.94,18.27,18.09,0.05,0.2764,0.8452,28888194,524563393.0,70867516939.5,62002520000.0,None
2016-01-22,'601788,光大证券,18.09,18.34,17.5,17.87,17.56,0.53,3.0182,1.159,39613516,710023648.0,70672181997.5,61831620000.0,None
2016-01-21,'601788,光大证券,17.56,18.81,17.47,18.02,18.4,-0.84,-4.5652,1.5622,53395191,976042165.0,68601631612.8,60020080000.0,None
2016-01-20,'601788,光大证券,18.4,19.07,17.95,18.08,17.95,0.45,2.507,2.0246,69200047,1273077449.0,71883258637.6,62891200000.0,None
2016-01-19,'601788,光大证券,17.95,18.17,17.11,17.2,17.23,0.72,4.1788,1.3575,46399977,822609041.0,70125244160.1,61353100000.0,None
2016-01-18,'601788,光大证券,17.23,17.62,16.72,16.8,17.22,0.01,0.0581,1.0259,35065654,604921322.0,67312420996.0,58892140000.0,None
2016-01-15,'601788,光大证券,17.22,18.09,17.0,17.91,18.15,-0.93,-5.124,1.2277,41962691,735788695.0,67273354007.6,58857960000.0,None
2016-01-14,'601788,光大证券,18.15,18.2,16.8,17.0,17.63,0.52,2.9495,1.2961,44300887,786426499.0,70906583927.9,62036700000.0,None
2016-01-13,'601788,光大证券,17.63,18.3,17.55,17.93,17.81,-0.18,-1.0107,1.2143,41504104,746224674.0,68875100531.6,60259340000.0,None
2016-01-12,'601788,光大证券,17.81,18.39,17.6,17.8,17.54,0.27,1.5393,1.1853,40511944,726837735.0,69578306322.6,60874580000.0,None
2016-01-11,'601788,光大证券,17.54,19.15,17.54,18.85,19.49,-1.95,-10.0051,1.4579,49832672,913742752.0,68523497636.1,59951720000.0,None
2016-01-08,'601788,光大证券,19.49,20.51,18.3,19.56,19.06,0.43,2.256,1.7094,58428945,1141507418.0,76141560372.1,66616820000.0,None
2016-01-07,'601788,光大证券,19.06,20.69,19.04,20.5,21.16,-2.1,-9.9244,0.3884,13276331,260997553.0,74461679871.3,65147080000.0,None
2016-01-06,'601788,光大证券,21.16,21.34,20.21,20.85,20.88,0.28,1.341,1.1311,38659424,806355558.0,82665747433.2,72324880000.0,None
2016-01-05,'601788,光大证券,20.88,21.2,19.5,19.78,20.66,0.22,1.0649,1.8292,62523231,1278427137.0,81571871758.3,71367840000.0,None
2016-01-04,'601788,光大证券,20.66,23.06,20.65,22.72,22.94,-2.28,-9.939,1.0899,37253611,817194099.0,80712398013.7,70615880000.0,None
