日期,股票代码,名称,收盘价,最高价,最低价,开盘价,前收盘,涨跌额,涨跌幅,换手率,成交量,成交金额,总市值,流通市值,成交笔数
2016-10-12,'603128,华贸物流,11.0,11.06,10.75,10.9,10.87,0.13,1.196,3.0223,24430900,267757590.0,10991032283.0,8891839000.0,None
2016-10-11,'603128,华贸物流,10.87,11.0,10.44,10.48,10.5,0.37,3.5238,2.6203,21181264,227860590.0,10861138265.1,8786753630.0,None
2016-10-10,'603128,华贸物流,10.5,10.67,10.21,10.22,10.19,0.31,3.0422,1.4179,11461809,119909020.0,10491439906.5,8487664500.0,None
2016-09-30,'603128,华贸物流,10.19,10.34,10.13,10.15,10.15,0.04,0.3941,0.7616,6156620,62862844.0,10181692633.1,8237076310.0,None
2016-09-29,'603128,华贸物流,10.15,10.32,10.12,10.2,10.24,-0.09,-0.8789,0.6456,5218798,53430651.0,10141725243.0,8204742350.0,None
2016-09-28,'603128,华贸物流,10.24,10.29,10.02,10.2,10.2,0.04,0.3922,0.5276,4264496,43241706.0,10231651870.7,8277493760.0,None
2016-09-27,'603128,华贸物流,10.2,10.38,9.99,10.25,10.27,-0.07,-0.6816,0.9602,7761670,78746459.0,10191684480.6,8245159800.0,None
2016-09-26,'603128,华贸物流,10.27,10.64,10.26,10.52,10.55,-0.28,-2.654,1.0564,8539692,89418252.0,10261627413.3,8301744230.0,None
2016-09-23,'603128,华贸物流,10.55,10.69,10.42,10.64,10.64,-0.09,-0.8459,0.889,7186460,75879621.0,10541399144.1,8528081950.0,None
2016-09-22,'603128,华贸物流,10.64,10.77,10.51,10.77,10.71,-0.07,-0.6536,1.2462,10073321,107042671.0,10631325771.9,8600833360.0,None
2016-09-21,'603128,华贸物流,10.71,10.73,10.38,10.4,10.43,0.28,2.6846,2.6362,21309746,226683393.0,10701268704.6,8657417790.0,None
2016-09-20,'603128,华贸物流,10.43,10.51,10.2,10.25,10.29,0.14,1.3605,1.3156,10634679,110462005.0,10421496973.8,8431080070.0,None
2016-09-19,'603128,华贸物流,10.29,10.35,9.75,9.75,9.82,0.47,4.7862,1.6502,13339282,135176366.0,10281611108.4,8317911210.0,None
2016-09-14,'603128,华贸物流,9.82,9.87,9.75,9.82,9.81,0.01,0.1019,0.5932,4795177,46957559.0,9811994274.46,7937987180.0,None
2016-09-13,'603128,华贸物流,9.81,9.93,9.73,9.88,9.87,-0.06,-0.6079,0.4885,3948713,38803791.0,9802002426.93,7929903690.0,None
2016-09-12,'603128,华贸物流,9.87,10.1,9.81,9.95,10.2,-0.33,-3.2353,0.9252,7478569,74270470.0,9861953512.11,7978404630.0,None
2016-09-09,'603128,华贸物流,10.2,10.33,10.12,10.33,10.33,-0.13,-1.2585,0.5974,4829406,49282242.0,10191684480.6,8245159800.0,None
2016-09-08,'603128,华贸物流,10.33,10.36,10.26,10.33,10.33,0.0,0.0,0.484,3912434,40314730.0,10321578498.5,8350245170.0,None
2016-09-07,'603128,华贸物流,10.33,10.44,10.25,10.38,10.35,-0.02,-0.1932,0.8199,6627962,68592076.0,10321578498.5,8350245170.0,None
2016-09-06,'603128,华贸物流,10.35,10.35,9.98,10.28,10.28,0.07,0.6809,0.8989,7265973,73914941.0,10341562193.5,8366412150.0,None
2016-09-05,'603128,华贸物流,10.28,10.38,10.22,10.22,10.23,0.05,0.4888,0.4712,3808574,39158994.0,10271619260.8,8309827720.0,None
2016-09-02,'603128,华贸物流,10.23,10.49,10.19,10.49,10.4,-0.17,-1.6346,0.7301,5901719,60746251.0,10221660023.2,8269410270.0,None
2016-09-01,'603128,华贸物流,10.4,10.55,10.36,10.48,10.38,0.02,0.1927,0.7316,5914220,61946588.0,10391521431.2,8406829600.0,None
2016-08-31,'603128,华贸物流,10.38,10.5,10.33,10.5,10.47,-0.09,-0.8596,0.6471,5230771,54334835.0,10371537736.1,8390662620.0,None
2016-08-30,'603128,华贸物流,10.47,10.55,10.33,10.33,10.41,0.06,0.5764,1.0039,8115165,84741634.0,10461464363.9,8463414030.0,None
2016-08-29,'603128,华贸物流,10.41,10.57,10.32,10.51,10.57,-0.16,-1.5137,0.9926,8023512,83342380.0,10401513278.7,8414913090.0,None
2016-08-26,'603128,华贸物流,10.57,10.71,10.53,10.62,10.67,-0.1,-0.9372,0.8959,7242290,76991389.0,10561382839.2,8544248930.0,None
2016-08-25,'603128,华贸物流,10.67,10.76,10.51,10.75,10.85,-0.18,-1.659,1.303,10532440,111982324.0,10661301314.5,8625083830.0,None
2016-08-24,'603128,华贸物流,10.85,10.88,10.43,10.43,10.56,0.29,2.7462,2.2212,17955221,192635612.0,10841154570.0,8770586650.0,None
2016-08-23,'603128,华贸物流,10.56,10.8,10.42,10.7,10.68,-0.12,-1.1236,1.2333,9969085,105204994.0,10551390991.7,8536165440.0,None
2016-08-22,'603128,华贸物流,10.68,10.85,10.5,10.52,10.6,0.08,0.7547,1.7543,14180512,151890706.0,10671293162.0,8633167320.0,None
2016-08-19,'603128,华贸物流,10.6,10.64,10.27,10.28,10.22,0.38,3.7182,1.6819,13595742,142622174.0,10591358381.8,8568499400.0,None
2016-08-18,'603128,华贸物流,10.22,10.33,10.2,10.33,10.34,-0.12,-1.1605,0.7171,5796278,59439789.0,10211668175.7,8261326780.0,None
2016-08-17,'603128,华贸物流,10.34,10.43,10.2,10.33,10.28,0.06,0.5837,1.2064,9752222,100486148.0,10331570346.0,8358328660.0,None
2016-08-16,'603128,华贸物流,10.28,10.32,10.11,10.18,10.12,0.16,1.581,1.5161,12255523,124994211.0,10271619260.8,8309827720.0,None
2016-08-15,'603128,华贸物流,10.12,10.16,9.88,9.89,9.9,0.22,2.2222,0.9688,7831444,78872059.0,10111749700.4,8180491880.0,None
2016-08-12,'603128,华贸物流,9.9,9.97,9.82,9.88,9.86,0.04,0.4057,0.4376,3537676,34928075.0,9891929054.7,8002655100.0,None
2016-08-11,'603128,华贸物流,9.86,10.02,9.86,9.96,9.97,-0.11,-1.1033,0.4293,3470308,34391577.0,9851961664.58,7970321140.0,None
2016-08-10,'603128,华贸物流,9.97,10.11,9.96,10.09,10.09,-0.12,-1.1893,0.688,5561512,55761432.0,9961871987.41,8059239530.0,None
2016-08-09,'603128,华贸物流,10.09,10.14,10.02,10.14,10.05,0.04,0.398,0.6376,5154352,51908955.0,10081774157.8,8156241410.0,None
2016-08-08,'603128,华贸物流,10.05,10.13,9.8,9.98,10.03,0.02,0.1994,0.894,7226424,72022184.0,10041806767.6,8123907450.0,None
2016-08-05,'603128,华贸物流,10.03,10.16,9.73,9.81,9.8,0.23,2.3469,1.1911,9627872,95975997.0,10021823072.6,8107740470.0,None
2016-08-04,'603128,华贸物流,9.8,9.9,9.66,9.82,9.79,0.01,0.1021,0.7289,5892391,57646978.0,9792010579.4,7921820200.0,None
2016-08-03,'603128,华贸物流,9.79,9.83,9.62,9.75,9.73,0.06,0.6166,0.6986,5646978,55017356.0,9782018731.87,7913736710.0,None
2016-08-02,'603128,华贸物流,9.73,9.83,9.65,9.78,9.72,0.01,0.1029,0.6416,5186384,50424542.0,9722067646.69,7865235770.0,None
2016-08-01,'603128,华贸物流,9.72,10.02,9.6,10.02,10.04,-0.32,-3.1873,0.8374,6769490,65824360.0,9712075799.16,7857152280.0,None
2016-07-29,'603128,华贸物流,10.04,10.29,10.01,10.29,10.19,-0.15,-1.472,0.5157,4168748,42097974.0,10031814920.1,8115823960.0,None
2016-07-28,'603128,华贸物流,10.19,10.34,9.89,9.89,9.97,0.22,2.2066,1.0402,8408323,84677342.0,10181692633.1,8237076310.0,None
2016-07-27,'603128,华贸物流,9.97,10.73,9.9,10.67,10.67,-0.7,-6.5604,1.5708,12697266,129743189.0,9961871987.41,8059239530.0,None
2016-07-26,'603128,华贸物流,10.67,10.7,10.45,10.45,10.51,0.16,1.5224,1.0879,8793698,93455778.0,10661301314.5,8625083830.0,None
2016-07-25,'603128,华贸物流,10.51,10.71,10.39,10.51,10.5,0.01,0.0952,0.9235,7465048,78495456.0,10501431754.0,8495747990.0,None
2016-07-22,'603128,华贸物流,10.5,10.79,10.46,10.75,10.83,-0.33,-3.0471,1.3987,11306291,119552353.0,10491439906.5,8487664500.0,None
2016-07-21,'603128,华贸物流,10.83,11.0,10.65,10.9,10.97,-0.14,-1.2762,2.5487,20602150,222443418.0,10821170875.0,8754419670.0,None
2016-07-20,'603128,华贸物流,10.97,11.11,10.76,11.0,10.9,0.07,0.6422,2.4473,19782574,216780276.0,10961056740.4,8867588530.0,None
2016-07-19,'603128,华贸物流,10.9,10.92,10.5,10.63,10.66,0.24,2.2514,1.6536,13367000,143535757.0,10891113807.7,8811004100.0,None
2016-07-18,'603128,华贸物流,10.66,10.81,10.38,10.45,10.42,0.24,2.3033,1.6207,13101129,139486383.0,9322960566.92,8617000340.0,None
2016-07-15,'603128,华贸物流,10.42,10.65,10.28,10.58,10.59,-0.17,-1.6053,1.3161,10638510,111029959.0,9113062768.04,8422996580.0,None
2016-07-14,'603128,华贸物流,10.59,10.75,10.54,10.62,10.77,-0.18,-1.6713,1.4626,11823299,125801625.0,9261740375.58,8560415910.0,None
2016-07-13,'603128,华贸物流,10.77,10.86,10.5,10.58,10.58,0.19,1.7958,2.4254,19605824,209075165.0,9419163724.74,8705918730.0,None
2016-07-12,'603128,华贸物流,10.58,10.91,10.32,10.9,10.54,0.04,0.3795,3.0119,24346561,258802939.0,9252994633.96,8552332420.0,None
2016-07-11,'603128,华贸物流,10.54,10.87,10.52,10.7,10.7,-0.16,-1.4953,2.629,21251203,227964790.0,9218011667.48,8519998460.0,None
2016-07-08,'603128,华贸物流,10.7,10.95,10.55,10.95,10.96,-0.26,-2.3723,3.6354,29386689,314579777.0,9357943533.4,8649334300.0,None
2016-07-07,'603128,华贸物流,10.96,11.4,10.85,11.19,11.48,-0.52,-4.5296,5.5902,45188476,500020263.0,9585332815.52,8859505040.0,None
2016-07-06,'603128,华贸物流,11.48,11.48,10.46,10.55,10.44,1.04,9.9617,6.5973,53329398,583092602.0,10040111379.8,9279846520.0,None
2016-07-05,'603128,华贸物流,10.44,10.93,10.25,10.25,10.22,0.22,2.1526,4.4053,35609841,375425635.0,9130554251.28,8439163560.0,None
2016-07-04,'603128,华贸物流,10.22,10.32,10.02,10.1,10.14,0.08,0.789,2.1716,17553998,179111992.0,8938147935.64,8261326780.0,None
2016-07-01,'603128,华贸物流,10.14,10.25,9.75,9.79,9.81,0.33,3.3639,2.634,21291861,212738425.0,8868182002.68,8196658860.0,None
2016-06-30,'603128,华贸物流,9.81,9.91,9.68,9.69,9.68,0.13,1.343,1.2659,10233098,100547945.0,8579572529.22,7929903690.0,None
2016-06-29,'603128,华贸物流,9.68,9.85,9.6,9.84,9.6,0.08,0.8333,1.8289,14784176,143779158.0,8465877888.16,7824818320.0,None
2016-06-28,'603128,华贸物流,9.6,9.75,9.41,9.42,9.47,0.13,1.3728,1.9912,16096029,155094469.0,8395911955.2,7760150400.0,None
2016-06-27,'603128,华贸物流,9.47,9.55,9.22,9.3,9.37,0.1,1.0672,1.6335,13204281,124403836.0,8282217314.14,7655065030.0,None
2016-06-24,'603128,华贸物流,9.37,9.55,9.09,9.52,9.43,-0.06,-0.6363,1.9527,15784891,147479978.0,8194759897.94,7574230130.0,None
2016-06-23,'603128,华贸物流,9.43,9.74,9.24,9.31,9.31,0.12,1.2889,2.8566,23091478,219927236.0,8247234347.66,7622731070.0,None
2016-06-22,'603128,华贸物流,9.31,9.33,9.08,9.15,9.19,0.12,1.3058,1.1704,9460962,87380188.0,8142285448.22,7525729190.0,None
2016-06-21,'603128,华贸物流,9.19,9.32,9.07,9.23,9.2,-0.01,-0.1087,1.2679,10248780,94230745.0,8037336548.78,7428727310.0,None
2016-06-20,'603128,华贸物流,9.2,9.25,9.02,9.17,9.17,0.03,0.3272,1.417,11454625,104860643.0,8046082290.4,7436810800.0,None
2016-06-17,'603128,华贸物流,9.17,9.31,9.05,9.23,9.12,0.05,0.5482,1.7052,13784249,126351275.0,8019845065.54,7412560330.0,None
2016-06-16,'603128,华贸物流,9.12,9.24,8.93,9.02,8.98,0.14,1.559,1.6631,13443669,122171282.0,7976116357.44,7372142880.0,None
2016-06-15,'603128,华贸物流,8.98,9.11,8.46,8.51,8.68,0.3,3.4562,2.1827,17643782,157847574.0,7853675974.76,7258974020.0,None
2016-06-14,'603128,华贸物流,8.68,8.7,8.37,8.66,8.66,0.02,0.2309,1.0241,8277899,70808151.0,7591303726.16,7016469320.0,None
2016-06-13,'603128,华贸物流,8.66,9.08,8.59,8.69,8.78,-0.12,-1.3667,2.2526,18208856,160431670.0,7573812242.92,7000302340.0,None
2016-06-08,'603128,华贸物流,8.78,8.86,8.49,8.66,8.71,0.07,0.8037,1.2414,10034786,87356661.0,7678761142.36,7097304220.0,None
2016-06-07,'603128,华贸物流,8.71,8.76,8.59,8.7,8.75,-0.04,-0.4571,1.0418,8421582,73027957.0,7617540951.02,7040719790.0,None
2016-06-06,'603128,华贸物流,8.75,8.8,8.65,8.65,8.73,0.02,0.2291,1.1056,8937314,78052440.0,7652523917.5,7073053750.0,None
2016-06-03,'603128,华贸物流,8.73,8.79,8.44,8.5,8.47,0.26,3.0697,1.9873,16064191,138847131.0,7635032434.26,7056886770.0,None
2016-06-02,'603128,华贸物流,8.47,8.56,8.29,8.36,8.36,0.11,1.3158,1.1277,9116053,77001825.0,7407643152.14,6846716030.0,None
2016-06-01,'603128,华贸物流,8.36,8.45,8.3,8.45,8.36,0.0,0.0,1.2067,9754436,81592180.0,7311439994.32,6757797640.0,None
2016-05-31,'603128,华贸物流,8.36,8.48,8.02,8.02,8.0,0.36,4.5,1.5237,12317109,101969864.0,7311439994.32,6757797640.0,None
2016-05-30,'603128,华贸物流,8.0,8.09,7.85,8.0,8.03,-0.03,-0.3736,0.5755,4652301,37204540.0,6996593296.0,6466792000.0,None
2016-05-27,'603128,华贸物流,8.03,8.19,7.82,7.96,7.97,0.06,0.7528,0.8201,6629463,53416245.0,7022830520.86,6491042470.0,None
2016-05-26,'603128,华贸物流,7.97,8.02,7.78,7.92,7.99,-0.02,-0.2503,0.6989,5649408,44571127.0,6970356071.14,6442541530.0,None
2016-05-25,'603128,华贸物流,7.99,8.39,7.97,8.18,8.1,-0.11,-1.358,1.1894,9614784,78594510.0,6987847554.38,6458708510.0,None
2016-05-24,'603128,华贸物流,8.1,8.15,7.8,7.87,7.87,0.23,2.9225,1.351,10920738,87423886.0,7084050712.2,6547626900.0,None
2016-05-23,'603128,华贸物流,7.87,7.9,7.76,7.76,7.76,0.11,1.4175,0.5549,4485354,35234353.0,6882898654.94,6361706630.0,None
2016-05-20,'603128,XD华贸物,7.76,7.79,7.59,7.7,7.7,0.06,0.7792,0.5081,4106952,31625996.0,6786695497.12,6272788240.0,None
2016-05-19,'603128,华贸物流,7.77,7.94,7.7,7.79,7.84,-0.07,-0.8929,0.7031,5683214,44552559.0,6795441238.74,6280871730.0,None
2016-05-18,'603128,华贸物流,7.84,8.1,7.78,8.1,8.12,-0.28,-3.4483,0.6558,5301211,41927843.0,6856661430.08,6337456160.0,None
2016-05-17,'603128,华贸物流,8.12,8.27,8.02,8.06,8.06,0.06,0.7444,0.8475,6850737,55636467.0,7101542195.44,6563793880.0,None
2016-05-16,'603128,华贸物流,8.06,8.1,7.9,8.08,8.05,0.01,0.1242,0.6727,5437891,43605075.0,7049067745.72,6515292940.0,None
2016-05-13,'603128,华贸物流,8.05,8.17,7.89,7.96,7.96,0.09,1.1307,0.833,6733596,54429538.0,7040322004.1,6507209450.0,None
2016-05-12,'603128,华贸物流,7.96,8.01,7.62,7.96,8.01,-0.05,-0.6242,0.7378,5964304,46953329.0,6961610329.52,6434458040.0,None
2016-05-11,'603128,华贸物流,8.01,8.13,8.0,8.01,8.03,-0.02,-0.2491,0.5779,4671802,37646463.0,7005339037.62,6474875490.0,None
2016-05-10,'603128,华贸物流,8.03,8.2,7.96,8.09,8.08,-0.05,-0.6188,0.7878,6367826,51221275.0,7022830520.86,6491042470.0,None
2016-05-09,'603128,华贸物流,8.08,8.46,8.01,8.45,8.47,-0.39,-4.6045,1.4036,11345983,92863133.0,7066559228.96,6531459920.0,None
2016-05-06,'603128,华贸物流,8.47,8.96,8.45,8.96,8.92,-0.45,-5.0448,1.3738,11104731,96220835.0,7407643152.14,6846716030.0,None
2016-05-05,'603128,华贸物流,8.92,8.92,8.71,8.8,8.8,0.12,1.3636,0.9282,7502842,66230675.0,7801201525.04,7210473080.0,None
2016-05-04,'603128,华贸物流,8.8,8.89,8.69,8.7,8.75,0.05,0.5714,1.1695,9453522,83395070.0,7696252625.6,7113471200.0,None
2016-05-03,'603128,华贸物流,8.75,8.78,8.46,8.5,8.51,0.24,2.8202,0.9419,7613821,66118145.0,7652523917.5,7073053750.0,None
2016-04-29,'603128,华贸物流,8.51,8.54,8.38,8.52,8.58,-0.07,-0.8159,0.5782,4674101,39643043.0,7442626118.62,6879049990.0,None
2016-04-28,'603128,华贸物流,8.58,8.68,8.42,8.6,8.65,-0.07,-0.8092,0.8105,6551591,55911356.0,7503846309.96,6935634420.0,None
2016-04-27,'603128,华贸物流,8.65,8.8,8.63,8.76,8.75,-0.1,-1.1429,0.8866,7166844,62634677.0,7565066501.3,6992218850.0,None
2016-04-26,'603128,华贸物流,8.75,8.78,8.6,8.6,8.6,0.15,1.7442,0.7539,6094068,52992467.0,7652523917.5,7073053750.0,None
2016-04-25,'603128,华贸物流,8.6,8.62,8.41,8.5,8.59,0.01,0.1164,0.7581,6128245,52237967.0,7521337793.2,6951801400.0,None
2016-04-22,'603128,华贸物流,8.59,8.65,8.4,8.51,8.55,0.04,0.4678,1.1605,9380606,79939915.0,7512592051.58,6943717910.0,None
2016-04-21,'603128,华贸物流,8.55,8.87,8.5,8.72,8.71,-0.16,-1.837,1.6217,13108592,113910647.0,7477609085.1,6911383950.0,None
2016-04-20,'603128,华贸物流,8.71,9.49,8.55,9.42,9.45,-0.74,-7.8307,2.3467,18969397,170210073.0,7617540951.02,7040719790.0,None
2016-04-19,'603128,华贸物流,9.45,9.65,9.3,9.55,9.52,-0.07,-0.7353,1.5876,12832994,120981490.0,8264725830.9,7638898050.0,None
2016-04-18,'603128,华贸物流,9.52,9.73,9.52,9.73,9.84,-0.32,-3.252,1.3402,10833369,103773682.0,8325946022.24,7695482480.0,None
2016-04-15,'603128,华贸物流,9.84,9.92,9.76,9.91,9.89,-0.05,-0.5056,1.2092,9774846,96110580.0,8605809754.08,7954154160.0,None
2016-04-14,'603128,华贸物流,9.89,9.92,9.7,9.88,9.79,0.1,1.0215,1.5076,12186722,119753177.0,8649538462.18,7994571610.0,None
2016-04-13,'603128,华贸物流,9.79,9.92,9.7,9.72,9.68,0.11,1.1364,2.0792,16807058,165072093.0,8562081045.98,7913736710.0,None
2016-04-12,'603128,华贸物流,9.68,9.8,9.55,9.7,9.77,-0.09,-0.9212,1.2662,10235359,98576477.0,8465877888.16,7824818320.0,None
2016-04-11,'603128,华贸物流,9.77,9.89,9.7,9.78,9.7,0.07,0.7216,1.5027,12146709,119039476.0,8544589562.74,7897569730.0,None
2016-04-08,'603128,华贸物流,9.7,9.75,9.5,9.71,9.86,-0.16,-1.6227,1.7042,13775516,132503290.0,8483369371.4,7840985300.0,None
2016-04-07,'603128,华贸物流,9.86,10.24,9.81,10.14,10.3,-0.44,-4.2718,3.0652,24777310,247180541.0,8623301237.32,7970321140.0,None
2016-04-06,'603128,华贸物流,10.3,10.5,9.87,9.97,9.96,0.34,3.4137,4.2412,34284087,348578180.0,9008113868.6,8325994700.0,None
2016-04-05,'603128,华贸物流,9.96,10.08,9.57,9.57,9.55,0.41,4.2932,2.9038,23472497,232774670.0,8051156040.0,8051156040.0,None
2016-04-01,'603128,华贸物流,9.55,9.73,9.33,9.7,9.73,-0.18,-1.8499,1.7838,14419022,137232923.0,7719732950.0,7719732950.0,None
2016-03-31,'603128,华贸物流,9.73,9.98,9.65,9.94,9.86,-0.13,-1.3185,2.173,17565124,171748037.0,7865235770.0,7865235770.0,None
2016-03-30,'603128,华贸物流,9.86,9.9,9.55,9.64,9.49,0.37,3.8988,1.9539,15794177,153716586.0,7970321140.0,7970321140.0,None
2016-03-29,'603128,华贸物流,9.49,9.97,9.31,9.85,9.87,-0.38,-3.8501,2.2931,18535877,177810704.0,7671232010.0,7671232010.0,None
2016-03-28,'603128,华贸物流,9.87,10.33,9.7,10.25,10.22,-0.35,-3.4247,3.65,29504837,297468507.0,7978404630.0,7978404630.0,None
2016-03-25,'603128,华贸物流,10.22,10.45,9.67,10.02,10.02,0.2,1.996,5.0539,40853069,412609081.0,8261326780.0,8261326780.0,None
2016-03-24,'603128,华贸物流,10.02,10.59,9.96,10.26,10.03,-0.01,-0.0997,7.8213,63223766,648773526.0,8099656980.0,8099656980.0,None
2016-03-23,'603128,华贸物流,10.03,10.03,9.12,9.13,9.12,0.91,9.9781,4.1635,33655231,325473065.0,8107740470.0,8107740470.0,None
2016-03-22,'603128,华贸物流,9.12,9.25,9.05,9.21,9.33,-0.21,-2.2508,2.9704,24011264,219315181.0,7372142880.0,7372142880.0,None
2016-03-21,'603128,华贸物流,9.33,9.35,8.81,8.92,8.81,0.52,5.9024,4.0063,32385059,293734129.0,7541896170.0,7541896170.0,None
2016-03-18,'603128,华贸物流,8.81,8.87,8.33,8.44,8.4,0.41,4.881,3.3343,26952964,233279185.0,7121554690.0,7121554690.0,None
2016-03-17,'603128,华贸物流,8.4,8.46,8.15,8.15,8.2,0.2,2.439,2.0885,16882138,140701879.0,6790131600.0,6790131600.0,None
2016-03-16,'603128,华贸物流,8.2,8.65,8.14,8.61,8.62,-0.42,-4.8724,2.2552,18230094,151849331.0,6628461800.0,6628461800.0,None
2016-03-15,'603128,华贸物流,8.62,8.9,8.4,8.9,8.89,-0.27,-3.0371,2.8133,22741341,195546689.0,6967968380.0,6967968380.0,None
2016-03-14,'603128,华贸物流,8.89,9.05,8.65,8.65,8.7,0.19,2.1839,3.1048,25097283,223032187.0,7186222610.0,7186222610.0,None
2016-03-11,'603128,华贸物流,8.7,8.99,8.45,8.45,9.38,-0.68,-7.2495,3.5115,28385355,247719255.0,7032636300.0,7032636300.0,None
2016-03-10,'603128,华贸物流,0.0,0.0,0.0,0.0,9.38,None,None,0.0,0,0.0,7582313620.0,7582313620.0,None
2016-03-09,'603128,华贸物流,0.0,0.0,0.0,0.0,9.38,None,None,0.0,0,0.0,7582313620.0,7582313620.0,None
2016-03-08,'603128,华贸物流,0.0,0.0,0.0,0.0,9.38,None,None,0.0,0,0.0,7582313620.0,7582313620.0,None
2016-03-07,'603128,华贸物流,0.0,0.0,0.0,0.0,9.38,None,None,0.0,0,0.0,7582313620.0,7582313620.0,None
2016-03-04,'603128,华贸物流,0.0,0.0,0.0,0.0,9.38,None,None,0.0,0,0.0,7582313620.0,7582313620.0,None
2016-03-03,'603128,华贸物流,0.0,0.0,0.0,0.0,9.38,None,None,0.0,0,0.0,7582313620.0,7582313620.0,None
2016-03-02,'603128,华贸物流,9.38,9.66,8.33,8.4,8.78,0.6,6.8337,6.4921,52478705,468533529.0,7582313620.0,7582313620.0,None
2016-03-01,'603128,华贸物流,8.78,8.96,8.35,8.35,9.28,-0.5,-5.3879,7.3513,59424240,506174038.0,7097304220.0,7097304220.0,None
2016-02-29,'603128,华贸物流,9.28,9.65,9.28,9.65,10.31,-1.03,-9.9903,1.8376,14854200,138798004.0,7501478720.0,7501478720.0,None
2016-02-26,'603128,华贸物流,10.31,10.31,9.78,10.31,9.37,0.94,10.032,10.1711,82217699,840128320.0,8334078190.0,8334078190.0,None
2016-02-25,'603128,华贸物流,9.37,10.57,9.33,10.57,9.77,-0.4,-4.0942,8.2957,67058084,676500646.0,7574230130.0,7574230130.0,None
2016-02-24,'603128,华贸物流,9.77,9.77,9.15,9.29,8.88,0.89,10.0225,1.9896,16082600,154607986.0,7897569730.0,7897569730.0,None
2016-02-23,'603128,华贸物流,8.88,8.96,8.36,8.49,8.46,0.42,4.9645,2.6471,21398055,184985189.0,7178139120.0,7178139120.0,None
2016-02-22,'603128,华贸物流,8.46,8.6,8.35,8.58,8.37,0.09,1.0753,1.8299,14791686,124973148.0,6838632540.0,6838632540.0,None
2016-02-19,'603128,华贸物流,8.37,8.46,8.19,8.2,8.29,0.08,0.965,1.4945,12080707,100188344.0,6765881130.0,6765881130.0,None
2016-02-18,'603128,华贸物流,8.29,8.34,8.17,8.33,8.27,0.02,0.2418,1.8921,15294843,126199757.0,6701213210.0,6701213210.0,None
2016-02-17,'603128,华贸物流,8.27,8.34,7.87,8.0,7.95,0.32,4.0252,2.7264,22038892,180052727.0,6685046230.0,6685046230.0,None
2016-02-16,'603128,华贸物流,7.95,7.99,7.58,7.61,7.54,0.41,5.4377,1.5787,12761184,99887365.0,6426374550.0,6426374550.0,None
2016-02-15,'603128,华贸物流,7.54,7.69,7.36,7.45,7.77,-0.23,-2.9601,0.9082,7341110,55101160.0,6094951460.0,6094951460.0,None
2016-02-05,'603128,华贸物流,7.77,7.96,7.72,7.87,7.84,-0.07,-0.8929,1.105,8932146,69974289.0,6280871730.0,6280871730.0,None
2016-02-04,'603128,华贸物流,7.84,7.86,7.51,7.52,7.5,0.34,4.5333,1.5578,12592784,97311479.0,6337456160.0,6337456160.0,None
2016-02-03,'603128,华贸物流,7.5,7.54,7.3,7.44,7.57,-0.07,-0.9247,1.0275,8305552,61365822.0,6062617500.0,6062617500.0,None
2016-02-02,'603128,华贸物流,7.57,7.58,7.26,7.3,7.27,0.3,4.1265,1.1045,8928005,66656065.0,6119201930.0,6119201930.0,None
2016-02-01,'603128,华贸物流,7.27,7.55,7.07,7.4,7.4,-0.13,-1.7568,0.919,7428804,54421105.0,5876697230.0,5876697230.0,None
2016-01-29,'603128,华贸物流,7.4,7.48,7.1,7.18,7.15,0.25,3.4965,1.2273,9921241,72846170.0,5981782600.0,5981782600.0,None
2016-01-28,'603128,华贸物流,7.15,7.69,7.08,7.5,7.53,-0.38,-5.0465,1.1123,8991078,66666189.0,5779695350.0,5779695350.0,None
2016-01-27,'603128,华贸物流,7.53,7.87,7.08,7.66,7.7,-0.17,-2.2078,1.2246,9899426,74389258.0,6086867970.0,6086867970.0,None
2016-01-26,'603128,华贸物流,7.7,8.35,7.66,8.33,8.46,-0.76,-8.9835,1.5782,12757142,102237161.0,6224287300.0,6224287300.0,None
2016-01-25,'603128,华贸物流,8.46,8.56,8.3,8.39,8.27,0.19,2.2975,1.3056,10554059,88920698.0,6838632540.0,6838632540.0,None
2016-01-22,'603128,华贸物流,8.27,8.39,7.98,8.18,8.02,0.25,3.1172,1.2441,10056762,82254967.0,6685046230.0,6685046230.0,None
2016-01-21,'603128,华贸物流,8.02,8.71,7.99,8.58,8.73,-0.71,-8.1329,2.0261,16378265,137876749.0,6482958980.0,6482958980.0,None
2016-01-20,'603128,华贸物流,8.73,9.18,8.27,8.34,8.4,0.33,3.9286,2.9218,23618426,206600128.0,7056886770.0,7056886770.0,None
2016-01-19,'603128,华贸物流,8.4,8.45,7.88,7.88,7.98,0.42,5.2632,1.871,15123870,124027995.0,6790131600.0,6790131600.0,None
2016-01-18,'603128,华贸物流,7.98,8.15,7.5,7.52,7.68,0.3,3.9063,1.6088,13004378,102928791.0,6450625020.0,6450625020.0,None
2016-01-15,'603128,华贸物流,7.68,8.29,7.47,8.25,8.3,-0.62,-7.4699,1.8544,14990426,118432900.0,6208120320.0,6208120320.0,None
2016-01-14,'603128,华贸物流,8.3,8.36,7.51,7.7,7.99,0.31,3.8798,1.7929,14492738,115575530.0,6709296700.0,6709296700.0,None
2016-01-13,'603128,华贸物流,7.99,8.3,7.85,8.14,8.03,-0.04,-0.4981,1.8788,15187296,122932142.0,6458708510.0,6458708510.0,None
2016-01-12,'603128,华贸物流,8.03,8.45,7.83,8.22,8.3,-0.27,-3.253,2.0945,16930580,136365815.0,6491042470.0,6491042470.0,None
2016-01-11,'603128,华贸物流,8.3,9.22,8.3,9.22,9.22,-0.92,-9.9783,2.0774,16792606,145386263.0,6709296700.0,6709296700.0,None
2016-01-08,'603128,华贸物流,9.22,9.71,8.51,9.33,9.21,0.01,0.1086,2.1357,17263983,160125652.0,7452977780.0,7452977780.0,None
2016-01-07,'603128,华贸物流,9.21,10.2,9.2,10.2,10.22,-1.01,-9.8826,0.8494,6866400,65846288.0,7444894290.0,7444894290.0,None
2016-01-06,'603128,华贸物流,10.22,10.27,9.82,10.03,10.1,0.12,1.1881,2.3728,19180597,193125619.0,8261326780.0,8261326780.0,None
2016-01-05,'603128,华贸物流,10.1,10.35,9.32,9.68,10.35,-0.25,-2.4155,3.5963,29070647,285772080.0,8164324900.0,8164324900.0,None
2016-01-04,'603128,华贸物流,10.35,11.4,10.35,11.4,11.5,-1.15,-10.0,2.2644,18304071,195501527.0,8366412150.0,8366412150.0,None
