日期,股票代码,名称,收盘价,最高价,最低价,开盘价,前收盘,涨跌额,涨跌幅,换手率,成交量,成交金额,总市值,流通市值,成交笔数
2016-10-12,'603028,赛福天,25.68,25.76,24.67,24.89,24.95,0.73,2.9259,8.5431,4715782,119696929.0,5670144000.0,1417536000.0,None
2016-10-11,'603028,赛福天,24.95,24.98,24.58,24.77,24.71,0.24,0.9713,3.2343,1785325,44159641.0,5508960000.0,1377240000.0,None
2016-10-10,'603028,赛福天,24.71,24.76,24.0,24.0,23.96,0.75,3.1302,3.4656,1913031,46887904.0,5455968000.0,1363992000.0,None
2016-09-30,'603028,赛福天,23.96,24.38,23.9,24.26,24.18,-0.22,-0.9098,2.7671,1527450,36670184.0,5290368000.0,1322592000.0,None
2016-09-29,'603028,赛福天,24.18,24.44,24.15,24.34,24.27,-0.09,-0.3708,2.0228,1116607,27133321.0,5338944000.0,1334736000.0,None
2016-09-28,'603028,赛福天,24.27,24.56,24.22,24.56,24.47,-0.2,-0.8173,2.0741,1144911,27879780.0,5358816000.0,1339704000.0,None
2016-09-27,'603028,赛福天,24.47,24.59,24.0,24.05,24.05,0.42,1.7464,3.869,2135686,51983424.0,5402976000.0,1350744000.0,None
2016-09-26,'603028,赛福天,24.05,25.74,24.01,25.33,25.47,-1.42,-5.5752,6.7272,3713401,91300412.0,5310240000.0,1327560000.0,None
2016-09-23,'603028,赛福天,25.47,26.1,25.4,26.1,25.94,-0.47,-1.8119,4.2002,2318501,59519248.0,5623776000.0,1405944000.0,None
2016-09-22,'603028,赛福天,25.94,26.18,25.83,25.96,25.85,0.09,0.3482,4.659,2571793,66898674.0,5727552000.0,1431888000.0,None
2016-09-21,'603028,赛福天,25.85,26.02,25.71,25.89,25.87,-0.02,-0.0773,2.8351,1565001,40529126.0,5707680000.0,1426920000.0,None
2016-09-20,'603028,赛福天,25.87,26.2,25.58,26.05,26.21,-0.34,-1.2972,4.3431,2397401,62101991.0,5712096000.0,1428024000.0,None
2016-09-19,'603028,赛福天,26.21,26.35,25.85,25.88,26.11,0.1,0.383,3.6009,1987671,52019314.0,5787168000.0,1446792000.0,None
2016-09-14,'603028,赛福天,26.11,26.98,26.09,26.81,27.28,-1.17,-4.2889,7.7038,4252477,112185606.0,5765088000.0,1441272000.0,None
2016-09-13,'603028,赛福天,27.28,27.98,26.8,27.7,28.07,-0.79,-2.8144,8.7806,4846883,132406034.0,6023424000.0,1505856000.0,None
2016-09-12,'603028,赛福天,28.07,28.65,27.2,27.91,27.9,0.17,0.6093,15.1098,8340583,234574417.0,6197856000.0,1549464000.0,None
2016-09-09,'603028,赛福天,27.9,28.06,27.31,27.53,27.45,0.45,1.6393,7.9501,4388436,121858177.0,6160320000.0,1540080000.0,None
2016-09-08,'603028,赛福天,27.45,27.68,27.21,27.21,27.32,0.13,0.4758,3.952,2181504,59902390.0,6060960000.0,1515240000.0,None
2016-09-07,'603028,赛福天,27.32,27.76,27.15,27.38,27.27,0.05,0.1834,5.5201,3047110,83666413.0,6032256000.0,1508064000.0,None
2016-09-06,'603028,赛福天,27.27,27.34,26.52,26.83,27.0,0.27,1.0,5.0746,2801195,75608435.0,6021216000.0,1505304000.0,None
2016-09-05,'603028,赛福天,27.0,27.58,26.96,27.21,27.18,-0.18,-0.6623,3.8375,2118318,57718565.0,5961600000.0,1490400000.0,None
2016-09-02,'603028,赛福天,27.18,27.65,27.0,27.3,27.6,-0.42,-1.5217,5.7458,3171684,86529179.0,6001344000.0,1500336000.0,None
2016-09-01,'603028,赛福天,27.6,28.45,27.54,28.31,28.32,-0.72,-2.5424,6.2134,3429770,96250054.0,6094080000.0,1523520000.0,None
2016-08-31,'603028,赛福天,28.32,28.5,27.56,28.33,28.25,0.07,0.2478,6.1087,3371991,94777119.0,6253056000.0,1563264000.0,None
2016-08-30,'603028,赛福天,28.25,28.69,28.13,28.4,28.52,-0.27,-0.9467,5.6384,3112370,88023348.0,6237600000.0,1559400000.0,None
2016-08-29,'603028,赛福天,28.52,28.65,27.32,27.48,27.92,0.6,2.149,8.1091,4476207,125938367.0,6297216000.0,1574304000.0,None
2016-08-26,'603028,赛福天,27.92,28.77,27.81,28.05,27.94,-0.02,-0.0716,7.5901,4189725,118611658.0,6164736000.0,1541184000.0,None
2016-08-25,'603028,赛福天,27.94,28.0,27.28,28.0,28.49,-0.55,-1.9305,9.3041,5135874,142336501.0,6169152000.0,1542288000.0,None
2016-08-24,'603028,赛福天,28.49,29.18,28.32,29.0,29.05,-0.56,-1.9277,8.8474,4883752,139864110.0,6290592000.0,1572648000.0,None
2016-08-23,'603028,赛福天,29.05,29.25,28.62,28.72,28.62,0.43,1.5024,10.647,5877148,170206451.0,6414240000.0,1603560000.0,None
2016-08-22,'603028,赛福天,28.62,29.67,28.3,29.59,29.81,-1.19,-3.9919,12.9736,7161439,206589928.0,6319296000.0,1579824000.0,None
2016-08-19,'603028,赛福天,29.81,30.74,29.61,30.3,30.96,-1.15,-3.7145,16.8554,9304159,279603186.0,6582048000.0,1645512000.0,None
2016-08-18,'603028,赛福天,30.96,32.28,30.36,31.6,30.83,0.13,0.4217,32.9207,18172207,568969804.0,6835968000.0,1708992000.0,None
2016-08-17,'603028,赛福天,30.83,30.83,28.29,28.3,28.03,2.8,9.9893,13.1449,7255983,219839322.0,6807264000.0,1701816000.0,None
2016-08-16,'603028,赛福天,28.03,28.43,27.8,27.8,27.69,0.34,1.2279,10.9751,6058272,170423141.0,6189024000.0,1547256000.0,None
2016-08-15,'603028,赛福天,27.69,27.89,26.91,27.13,26.9,0.79,2.9368,11.32,6248633,171889905.0,6113952000.0,1528488000.0,None
2016-08-12,'603028,赛福天,26.9,26.91,26.13,26.4,26.61,0.29,1.0898,7.2445,3998990,106598606.0,5939520000.0,1484880000.0,None
2016-08-11,'603028,赛福天,26.61,27.35,26.48,26.7,26.88,-0.27,-1.0045,8.8553,4888108,131892506.0,5875488000.0,1468872000.0,None
2016-08-10,'603028,赛福天,26.88,27.18,26.38,26.65,26.63,0.25,0.9388,8.386,4629060,124082615.0,5935104000.0,1483776000.0,None
2016-08-09,'603028,赛福天,26.63,26.79,26.3,26.55,26.51,0.12,0.4527,6.0569,3343433,88817649.0,5879904000.0,1469976000.0,None
2016-08-08,'603028,赛福天,26.51,26.56,25.4,25.99,26.33,0.18,0.6836,6.0422,3335298,86730936.0,5853408000.0,1463352000.0,None
2016-08-05,'603028,赛福天,26.33,27.0,26.17,26.9,27.31,-0.98,-3.5884,7.964,4396145,117097690.0,5813664000.0,1453416000.0,None
2016-08-04,'603028,赛福天,27.31,28.36,27.2,27.48,27.43,-0.12,-0.4375,12.8253,7079590,195587249.0,6030048000.0,1507512000.0,None
2016-08-03,'603028,赛福天,27.43,27.46,26.0,26.33,26.35,1.08,4.0987,14.1094,7788394,210870380.0,6056544000.0,1514136000.0,None
2016-08-02,'603028,赛福天,26.35,26.58,26.09,26.17,26.17,0.18,0.6878,4.893,2700920,71043675.0,5818080000.0,1454520000.0,None
2016-08-01,'603028,赛福天,26.17,27.44,25.0,27.4,27.68,-1.51,-5.4552,7.303,4031271,105978132.0,5778336000.0,1444584000.0,None
2016-07-29,'603028,赛福天,27.68,27.88,26.43,26.88,27.09,0.59,2.1779,13.2802,7330664,202704208.0,6111744000.0,1527936000.0,None
2016-07-28,'603028,赛福天,27.09,27.35,26.0,27.18,27.17,-0.08,-0.2944,9.0124,4974866,133582812.0,5981472000.0,1495368000.0,None
2016-07-27,'603028,赛福天,27.17,29.67,26.6,29.56,29.5,-2.33,-7.8983,14.6553,8089720,225734456.0,5999136000.0,1499784000.0,None
2016-07-26,'603028,赛福天,29.5,29.77,29.2,29.2,29.39,0.11,0.3743,6.6017,3644157,107597234.0,6513600000.0,1628400000.0,None
2016-07-25,'603028,赛福天,29.39,30.3,28.8,29.44,29.24,0.15,0.513,10.3346,5704695,169047310.0,6489312000.0,1622328000.0,None
2016-07-22,'603028,赛福天,29.24,30.0,28.51,29.83,29.81,-0.57,-1.9121,11.6568,6434552,187758173.0,6456192000.0,1614048000.0,None
2016-07-21,'603028,赛福天,29.81,30.79,29.74,30.6,30.85,-1.04,-3.3712,14.365,7929480,238758668.0,6582048000.0,1645512000.0,None
2016-07-20,'603028,赛福天,30.85,32.07,30.81,31.78,31.74,-0.89,-2.804,12.1118,6685718,209387792.0,6811680000.0,1702920000.0,None
2016-07-19,'603028,赛福天,31.74,32.4,30.76,31.36,31.36,0.38,1.2117,13.6382,7528269,238467664.0,7008192000.0,1752048000.0,None
2016-07-18,'603028,赛福天,31.36,32.15,31.05,31.73,32.23,-0.87,-2.6993,12.4659,6881170,216860673.0,6924288000.0,1731072000.0,None
2016-07-15,'603028,赛福天,32.23,32.9,31.3,31.48,31.49,0.74,2.35,20.9203,11547983,372248988.0,7116384000.0,1779096000.0,None
2016-07-14,'603028,赛福天,31.49,31.66,30.81,30.9,31.05,0.44,1.4171,11.7496,6485785,202535280.0,6952992000.0,1738248000.0,None
2016-07-13,'603028,赛福天,31.05,32.0,30.8,31.55,31.55,-0.5,-1.5848,16.1912,8937559,281359138.0,6855840000.0,1713960000.0,None
2016-07-12,'603028,赛福天,31.55,31.8,29.41,30.19,30.16,1.39,4.6088,18.4011,10157384,309961068.0,6966240000.0,1741560000.0,None
2016-07-11,'603028,赛福天,30.16,32.48,29.7,31.5,32.24,-2.08,-6.4516,23.0385,12717246,391050561.0,6659328000.0,1664832000.0,None
2016-07-08,'603028,赛福天,32.24,34.2,32.09,33.82,34.1,-1.86,-5.4545,25.1305,13872030,461243869.0,7118592000.0,1779648000.0,None
2016-07-07,'603028,赛福天,34.1,34.46,32.26,32.55,32.89,1.21,3.6789,35.3456,19510773,654727593.0,7529280000.0,1882320000.0,None
2016-07-06,'603028,赛福天,32.89,33.79,31.8,33.2,33.07,-0.18,-0.5443,32.4615,17918742,588662830.0,7262112000.0,1815528000.0,None
2016-07-05,'603028,赛福天,33.07,33.18,31.0,32.0,31.48,1.59,5.0508,38.5271,21266955,685059476.0,7301856000.0,1825464000.0,None
2016-07-04,'603028,赛福天,31.48,31.74,29.51,29.51,29.96,1.52,5.0734,25.3721,14005373,435986156.0,6950784000.0,1737696000.0,None
2016-07-01,'603028,赛福天,29.96,30.3,29.4,29.46,29.41,0.55,1.8701,16.5503,9135757,273901421.0,6615168000.0,1653792000.0,None
2016-06-30,'603028,赛福天,29.41,31.19,29.26,30.9,32.08,-2.67,-8.3229,28.0869,15503970,470272025.0,6493728000.0,1623432000.0,None
2016-06-29,'603028,赛福天,32.08,32.97,29.7,30.61,30.59,1.49,4.8709,41.315,22805855,711503232.0,7083264000.0,1770816000.0,None
2016-06-28,'603028,赛福天,30.59,31.65,30.25,30.79,31.37,-0.78,-2.4865,30.3161,16734492,515794919.0,6754272000.0,1688568000.0,None
2016-06-27,'603028,赛福天,31.37,31.97,29.5,29.98,30.73,0.64,2.0827,40.3819,22290825,691766971.0,6926496000.0,1731624000.0,None
2016-06-24,'603028,赛福天,30.73,31.9,28.12,29.8,30.46,0.27,0.8864,50.9322,28114557,843700384.0,6785184000.0,1696296000.0,None
2016-06-23,'603028,赛福天,30.46,30.46,27.08,27.45,27.69,2.77,10.0036,51.4089,28377691,830657862.0,6725568000.0,1681392000.0,None
2016-06-22,'603028,赛福天,27.69,28.23,26.7,27.0,27.25,0.44,1.6147,24.7511,13662612,376894524.0,6113952000.0,1528488000.0,None
2016-06-21,'603028,赛福天,27.25,27.8,26.3,26.5,26.67,0.58,2.1747,27.3561,15100569,407754513.0,6016800000.0,1504200000.0,None
2016-06-20,'603028,赛福天,26.67,27.38,25.03,25.63,25.82,0.85,3.292,24.1565,13334404,351706835.0,5888736000.0,1472184000.0,None
2016-06-17,'603028,赛福天,25.82,26.25,24.8,24.88,24.88,0.94,3.7781,17.7718,9810025,249800333.0,5701056000.0,1425264000.0,None
2016-06-16,'603028,赛福天,24.88,25.7,24.76,25.05,24.83,0.05,0.2014,12.686,7002689,176123490.0,5493504000.0,1373376000.0,None
2016-06-15,'603028,赛福天,24.83,25.37,23.25,23.5,24.03,0.8,3.3292,15.6082,8615749,213234525.0,5482464000.0,1370616000.0,None
2016-06-14,'603028,赛福天,24.03,24.2,22.88,23.86,24.4,-0.37,-1.5164,13.1319,7248799,172062400.0,5305824000.0,1326456000.0,None
2016-06-13,'603028,赛福天,24.4,26.26,24.4,26.02,27.11,-2.71,-9.9963,21.6695,11961548,301443865.0,5387520000.0,1346880000.0,None
2016-06-08,'603028,赛福天,27.11,28.3,27.0,27.82,28.55,-1.44,-5.0438,28.0707,15495052,427475903.0,5985888000.0,1496472000.0,None
2016-06-07,'603028,赛福天,28.55,28.89,26.18,26.24,26.37,2.18,8.267,38.8797,21461608,594350487.0,6303840000.0,1575960000.0,None
2016-06-06,'603028,赛福天,26.37,26.7,25.57,26.25,26.56,-0.19,-0.7154,17.4027,9606309,250906495.0,5822496000.0,1455624000.0,None
2016-06-03,'603028,赛福天,26.56,27.4,26.52,27.4,27.47,-0.91,-3.3127,25.6849,14178068,381899784.0,5864448000.0,1466112000.0,None
2016-06-02,'603028,赛福天,27.47,27.5,26.6,26.87,27.01,0.46,1.7031,30.0319,16577607,449956054.0,6065376000.0,1516344000.0,None
2016-06-01,'603028,赛福天,27.01,27.49,25.6,25.98,26.2,0.81,3.0916,36.8437,20337721,544700904.0,5963808000.0,1490952000.0,None
2016-05-31,'603028,赛福天,26.2,26.5,24.5,24.65,24.98,1.22,4.8839,34.9224,19277165,495684990.0,5784960000.0,1446240000.0,None
2016-05-30,'603028,赛福天,24.98,25.7,23.75,23.94,24.99,-0.01,-0.04,38.5388,21273428,529068944.0,5515584000.0,1378896000.0,None
2016-05-27,'603028,赛福天,24.99,24.99,22.72,22.72,22.72,2.27,9.9912,44.4262,24523246,599320511.0,5517792000.0,1379448000.0,None
2016-05-26,'603028,赛福天,22.72,22.75,21.28,22.4,22.62,0.1,0.4421,17.9339,9899499,219324935.0,5016576000.0,1254144000.0,None
2016-05-25,'603028,赛福天,22.62,22.9,21.81,22.01,21.82,0.8,3.6664,17.5239,9673194,215779271.0,4994496000.0,1248624000.0,None
2016-05-24,'603028,赛福天,21.82,22.5,21.66,22.5,22.7,-0.88,-3.8767,14.2241,7851689,172580715.0,4817856000.0,1204464000.0,None
2016-05-23,'603028,赛福天,22.7,22.81,21.3,21.34,21.46,1.24,5.7782,22.92,12651834,281998966.0,5012160000.0,1253040000.0,None
2016-05-20,'603028,赛福天,21.46,21.5,20.23,20.27,20.98,0.48,2.2879,14.3545,7923695,166398040.0,4738368000.0,1184592000.0,None
2016-05-19,'603028,赛福天,20.98,21.78,20.76,20.76,20.94,0.04,0.191,13.3799,7385701,156899576.0,4632384000.0,1158096000.0,None
2016-05-18,'603028,赛福天,20.94,22.45,20.78,22.3,22.97,-2.03,-8.8376,20.134,11113962,238395098.0,4623552000.0,1155888000.0,None
2016-05-17,'603028,赛福天,22.97,23.56,22.59,22.98,23.02,-0.05,-0.2172,19.9052,10987666,255640071.0,5071776000.0,1267944000.0,None
2016-05-16,'603028,赛福天,23.02,23.1,22.03,22.6,22.86,0.16,0.6999,14.2684,7876155,177561324.0,5082816000.0,1270704000.0,None
2016-05-13,'603028,赛福天,22.86,23.5,22.2,22.4,22.74,0.12,0.5277,19.1244,10556660,242418418.0,5047488000.0,1261872000.0,None
2016-05-12,'603028,赛福天,22.74,23.02,21.7,23.01,23.91,-1.17,-4.8934,18.823,10390285,232532460.0,5020992000.0,1255248000.0,None
2016-05-11,'603028,赛福天,23.91,25.34,23.8,25.13,25.21,-1.3,-5.1567,15.19,8384891,206769509.0,5279328000.0,1319832000.0,None
2016-05-10,'603028,赛福天,25.21,25.26,24.15,24.15,24.95,0.26,1.0421,19.8538,10959282,271405477.0,5566368000.0,1391592000.0,None
2016-05-09,'603028,赛福天,24.95,27.0,24.95,27.0,27.72,-2.77,-9.9928,23.3449,12886396,330171794.0,5508960000.0,1377240000.0,None
2016-05-06,'603028,赛福天,27.72,29.57,27.68,28.92,28.87,-1.15,-3.9834,28.4815,15721761,451871495.0,6120576000.0,1530144000.0,None
2016-05-05,'603028,赛福天,28.87,29.59,28.25,28.46,29.13,-0.26,-0.8926,25.5398,14097988,405710704.0,6374496000.0,1593624000.0,None
2016-05-04,'603028,赛福天,29.13,29.88,28.66,28.99,29.15,-0.02,-0.0686,34.82,19220657,560704148.0,6431904000.0,1607976000.0,None
2016-05-03,'603028,赛福天,29.15,29.19,27.66,28.43,28.88,0.27,0.9349,37.3921,20640464,591701458.0,6436320000.0,1609080000.0,None
2016-04-29,'603028,赛福天,28.88,30.38,28.5,30.22,30.81,-1.93,-6.2642,41.2563,22773459,668834390.0,6376704000.0,1594176000.0,None
2016-04-28,'603028,赛福天,30.81,31.96,29.61,30.34,31.37,-0.56,-1.7851,54.2819,29963610,916598798.0,6802848000.0,1700712000.0,None
2016-04-27,'603028,赛福天,31.37,34.12,31.3,31.99,31.02,0.35,1.1283,59.5243,32857400,1074688446.0,6926496000.0,1731624000.0,None
2016-04-26,'603028,赛福天,31.02,31.02,27.3,27.43,28.2,2.82,10.0,58.8884,32506385,951141321.0,6849216000.0,1712304000.0,None
2016-04-25,'603028,赛福天,28.2,28.2,27.3,28.2,25.64,2.56,9.9844,73.6486,40654026,1139610673.0,6226560000.0,1556640000.0,None
2016-04-22,'603028,赛福天,25.64,25.64,25.64,25.64,23.31,2.33,9.9957,2.9701,1639491,42036549.0,5661312000.0,1415328000.0,None
2016-04-21,'603028,赛福天,23.31,23.31,23.31,23.31,21.19,2.12,10.0047,1.8175,1003276,23386364.0,5146848000.0,1286712000.0,None
2016-04-20,'603028,赛福天,21.19,21.19,21.19,21.19,19.26,1.93,10.0208,1.5585,860278,18229291.0,4678752000.0,1169688000.0,None
2016-04-19,'603028,赛福天,19.26,19.26,19.26,19.26,17.51,1.75,9.9943,0.4075,224921,4331978.0,4252608000.0,1063152000.0,None
2016-04-18,'603028,赛福天,17.51,17.51,17.51,17.51,15.92,1.59,9.9874,0.6257,345368,6047394.0,3866208000.0,966552000.0,None
2016-04-15,'603028,赛福天,15.92,15.92,15.92,15.92,14.47,1.45,10.0207,0.6442,355609,5661295.0,3515136000.0,878784000.0,None
2016-04-14,'603028,赛福天,14.47,14.47,14.47,14.47,13.15,1.32,10.038,0.4776,263646,3814958.0,3194976000.0,798744000.0,None
2016-04-13,'603028,赛福天,13.15,13.15,13.15,13.15,11.95,1.2,10.0418,0.1879,103725,1363984.0,2903520000.0,725880000.0,None
2016-04-12,'603028,赛福天,11.95,11.95,11.95,11.95,10.86,1.09,10.0368,0.1989,109796,1312062.0,2638560000.0,659640000.0,None
2016-04-11,'603028,赛福天,10.86,10.86,10.86,10.86,9.87,0.99,10.0304,0.0736,40649,441448.0,2397888000.0,599472000.0,None
2016-04-08,'603028,赛福天,9.87,9.87,9.87,9.87,8.97,0.9,10.0334,0.0843,46525,459202.0,2179296000.0,544824000.0,None
2016-04-07,'603028,赛福天,8.97,8.97,8.97,8.97,8.15,0.82,10.0613,0.0469,25863,231991.0,1980576000.0,495144000.0,None
2016-04-06,'603028,赛福天,8.15,8.15,8.15,8.15,7.41,0.74,9.9865,0.0369,20373,166040.0,1799520000.0,449880000.0,None
2016-04-05,'603028,赛福天,7.41,7.41,7.41,7.41,6.74,0.67,9.9407,0.0217,12000,88920.0,1636128000.0,409032000.0,None
2016-04-01,'603028,赛福天,6.74,6.74,6.74,6.74,6.13,0.61,9.9511,0.027,14900,100426.0,1488192000.0,372048000.0,None
2016-03-31,'603028,N赛福天,6.13,6.13,6.13,6.13,4.26,1.87,43.8967,0.0622,34309,210314.0,1353504000.0,338376000.0,None
