日期,股票代码,名称,收盘价,最高价,最低价,开盘价,前收盘,涨跌额,涨跌幅,换手率,成交量,成交金额,总市值,流通市值,成交笔数
2016-10-12,'600612,老凤祥,41.02,41.37,40.89,41.22,41.2,-0.18,-0.4369,0.1255,398126,16324594.0,21458290679.3,13007837022.6,None
2016-10-11,'600612,老凤祥,41.2,41.22,40.8,41.14,41.04,0.16,0.3899,0.1775,562830,23087862.0,21552451876.8,13064916756.0,None
2016-10-10,'600612,老凤祥,41.04,41.09,40.25,40.68,41.01,0.03,0.0732,0.1971,625068,25535598.0,21468753034.6,13014179215.2,None
2016-09-30,'600612,老凤祥,41.01,41.03,40.44,40.59,40.67,0.34,0.836,0.1488,471965,19262961.0,21453059501.6,13004665926.3,None
2016-09-29,'600612,老凤祥,40.67,40.84,40.33,40.56,40.58,0.09,0.2218,0.3008,953991,38775232.0,21275199461.9,12896848652.1,None
2016-09-28,'600612,老凤祥,40.58,40.62,40.01,40.37,40.36,0.22,0.5451,0.2444,775131,31279474.0,21228118863.1,12868308785.4,None
2016-09-27,'600612,老凤祥,40.36,40.66,40.0,40.21,40.21,0.15,0.373,0.1087,344798,13886760.0,21113032955.0,12798544666.8,None
2016-09-26,'600612,老凤祥,40.21,40.5,40.13,40.4,40.35,-0.14,-0.347,0.2863,907835,36545221.0,21034565290.4,12750978222.3,None
2016-09-23,'600612,老凤祥,40.35,41.13,40.09,41.02,41.13,-0.78,-1.8964,0.2618,830200,33618930.0,21107801777.4,12795373570.5,None
2016-09-22,'600612,老凤祥,41.13,41.83,40.92,41.43,41.12,0.01,0.0243,0.2376,753513,31072666.0,21515833633.3,13042719081.9,None
2016-09-21,'600612,老凤祥,41.12,41.38,40.65,40.7,40.7,0.42,1.0319,0.1594,505320,20791958.0,21510602455.7,13039547985.6,None
2016-09-20,'600612,老凤祥,40.7,41.49,40.5,41.42,41.16,-0.46,-1.1176,0.2425,769033,31427061.0,21290892994.8,12906361941.0,None
2016-09-19,'600612,老凤祥,41.16,41.3,40.99,41.01,41.16,0.0,0.0,0.0796,252576,10392718.0,21531527166.2,13052232370.8,None
2016-09-14,'600612,老凤祥,41.16,41.35,40.48,40.48,41.11,0.05,0.1216,0.1454,460984,18893006.0,21531527166.2,13052232370.8,None
2016-09-13,'600612,老凤祥,41.11,42.11,40.9,42.04,41.65,-0.54,-1.2965,0.1988,630526,25999775.0,21505371278.0,13036376889.3,None
2016-09-12,'600612,老凤祥,41.65,42.43,41.6,42.43,43.02,-1.37,-3.1846,0.1785,565999,23745336.0,21787854870.6,13207616089.5,None
2016-09-09,'600612,老凤祥,43.02,43.48,41.7,41.91,42.14,0.88,2.0883,0.4571,1449491,61929280.0,22504526207.3,13642056282.6,None
2016-09-08,'600612,老凤祥,42.14,42.49,41.87,42.04,42.36,-0.22,-0.5194,0.3234,1025407,43111412.0,22044182575.0,13362999808.2,None
2016-09-07,'600612,老凤祥,42.36,42.7,41.7,41.7,41.4,0.96,2.3188,0.4794,1520136,64273464.0,22159268483.0,13432763926.8,None
2016-09-06,'600612,老凤祥,41.4,41.55,41.06,41.55,41.46,-0.06,-0.1447,0.2567,813975,33554104.0,21657075429.6,13128338682.0,None
2016-09-05,'600612,老凤祥,41.46,41.97,41.39,41.9,41.57,-0.11,-0.2646,0.4005,1269977,52745601.0,21688462495.4,13147365259.8,None
2016-09-02,'600612,老凤祥,41.57,41.75,41.45,41.6,41.57,0.0,0.0,0.1465,464661,19347508.0,21746005449.5,13182247319.1,None
2016-09-01,'600612,老凤祥,41.57,41.96,41.53,41.65,41.53,0.04,0.0963,0.226,716688,29918322.0,21746005449.5,13182247319.1,None
2016-08-31,'600612,老凤祥,41.53,41.96,41.38,41.6,41.62,-0.09,-0.2162,0.2748,871352,36257662.0,21725080738.9,13169562933.9,None
2016-08-30,'600612,老凤祥,41.62,42.39,41.53,42.0,41.96,-0.34,-0.8103,0.194,615143,25800186.0,21772161337.7,13198102800.6,None
2016-08-29,'600612,老凤祥,41.96,42.18,41.05,41.48,41.75,0.21,0.503,0.1953,619260,25904557.0,21950021377.4,13305920074.8,None
2016-08-26,'600612,老凤祥,41.75,41.9,40.9,41.24,41.28,0.47,1.1386,0.27,856078,35539911.0,21840166647.0,13239327052.5,None
2016-08-25,'600612,老凤祥,41.28,42.2,41.0,42.06,42.41,-1.13,-2.6645,0.4593,1456570,60262135.0,21594301297.9,13090285526.4,None
2016-08-24,'600612,老凤祥,42.41,42.78,42.33,42.64,42.69,-0.28,-0.6559,0.2871,910312,38648876.0,22185424371.2,13448619408.3,None
2016-08-23,'600612,老凤祥,42.69,42.85,42.1,42.51,42.56,0.13,0.3055,0.1849,586332,24922508.0,22331897345.2,13537410104.7,None
2016-08-22,'600612,老凤祥,42.56,43.75,42.42,43.75,43.84,-1.28,-2.9197,0.4814,1526463,65239491.0,22263892035.8,13496185852.8,None
2016-08-19,'600612,老凤祥,43.84,44.13,43.25,43.84,43.84,0.0,0.0,0.2342,742671,32550958.0,22933482773.8,13902086179.2,None
2016-08-18,'600612,老凤祥,43.84,44.37,43.61,43.61,43.73,0.11,0.2515,0.2589,820883,36031403.0,22933482773.8,13902086179.2,None
2016-08-17,'600612,老凤祥,43.73,44.03,43.4,43.65,43.78,-0.05,-0.1142,0.563,1785354,78194019.0,22875939819.7,13867204119.9,None
2016-08-16,'600612,老凤祥,43.78,44.19,43.3,43.35,43.43,0.35,0.8059,0.6118,1940177,84748260.0,22902095707.9,13883059601.4,None
2016-08-15,'600612,老凤祥,43.43,43.68,42.8,43.07,43.1,0.33,0.7657,0.7143,2265262,97734281.0,22719004490.5,13772071230.9,None
2016-08-12,'600612,老凤祥,43.1,43.29,42.83,43.18,43.27,-0.17,-0.3929,0.2102,666699,28726371.0,22546375628.4,13667425053.0,None
2016-08-11,'600612,老凤祥,43.27,43.7,43.2,43.7,44.04,-0.77,-1.7484,0.1812,574582,24926849.0,22635305648.3,13721333690.1,None
2016-08-10,'600612,老凤祥,44.04,44.13,42.81,42.81,42.74,1.3,3.0416,0.5637,1787445,78139642.0,23038106326.6,13965508105.2,None
2016-08-09,'600612,老凤祥,42.74,42.98,42.32,42.6,42.62,0.12,0.2816,0.1739,551447,23514181.0,22358053233.4,13553265586.2,None
2016-08-08,'600612,老凤祥,42.62,42.79,42.01,42.17,43.11,-0.49,-1.1366,0.258,818055,34643957.0,22295279101.7,13515212430.6,None
2016-08-05,'600612,老凤祥,43.11,43.5,43.0,43.5,43.5,-0.39,-0.8966,0.1988,630502,27214859.0,22551606806.0,13670596149.3,None
2016-08-04,'600612,老凤祥,43.5,43.94,43.1,43.94,44.63,-1.13,-2.5319,0.4964,1573979,68209091.0,22755622734.0,13794268905.0,None
2016-08-03,'600612,老凤祥,44.63,45.24,44.61,45.0,44.71,-0.08,-0.1789,0.3878,1229900,55215280.0,23346745807.3,14152602786.9,None
2016-08-02,'600612,老凤祥,44.71,44.85,43.18,44.16,44.07,0.64,1.4522,0.4109,1303126,56767315.0,23388595228.4,14177971557.3,None
2016-08-01,'600612,老凤祥,44.07,45.99,43.62,44.81,44.78,-0.71,-1.5855,0.5109,1620253,73029510.0,23053799859.5,13975021394.1,None
2016-07-29,'600612,老凤祥,44.78,45.47,43.84,43.84,44.51,0.27,0.6066,0.5241,1662113,74054935.0,23425213471.9,14200169231.4,None
2016-07-28,'600612,老凤祥,44.51,44.8,43.21,44.0,42.68,1.83,4.2877,1.0933,3467046,152278001.0,23283971675.6,14114549631.3,None
2016-07-27,'600612,老凤祥,42.68,44.25,42.5,42.86,43.22,-0.54,-1.2494,0.8025,2544878,109450857.0,22326666167.5,13534239008.4,None
2016-07-26,'600612,老凤祥,43.22,43.69,41.88,42.0,42.0,1.22,2.9048,0.6828,2165178,92029734.0,22609149760.1,13705478208.6,None
2016-07-25,'600612,老凤祥,42.0,43.1,41.82,42.95,43.23,-1.23,-2.8452,0.4472,1418099,60141386.0,21970946088.0,13318604460.0,None
2016-07-22,'600612,老凤祥,43.23,44.7,43.17,44.5,44.29,-1.06,-2.3933,0.4403,1396086,61200937.0,22614380937.7,13708649304.9,None
2016-07-21,'600612,老凤祥,44.29,44.37,43.16,43.45,43.57,0.72,1.6525,0.5252,1665508,72804424.0,23168885767.6,14044785512.7,None
2016-07-20,'600612,老凤祥,43.57,44.17,43.2,43.85,43.79,-0.22,-0.5024,0.3938,1248641,54373861.0,22792240977.5,13816466579.1,None
2016-07-19,'600612,老凤祥,43.79,44.94,43.03,44.9,44.96,-1.17,-2.6023,0.6864,2176516,95203524.0,22907326885.6,13886230697.7,None
2016-07-18,'600612,XD老凤祥,44.96,46.19,44.8,45.7,45.96,-1.0,-2.1758,0.6193,1963999,88766801.0,23519374669.4,14257248964.8,None
2016-07-15,'600612,老凤祥,46.92,47.2,46.0,46.5,47.01,-0.09,-0.1914,0.5732,1817610,84655402.0,24544685486.9,14878783839.6,None
2016-07-14,'600612,老凤祥,47.01,47.8,46.81,47.8,47.79,-0.78,-1.6321,0.6201,1966475,92830692.0,24591766085.6,14907323706.3,None
2016-07-13,'600612,老凤祥,47.79,47.87,45.68,46.2,46.85,0.94,2.0064,0.8895,2820624,130988966.0,24999797941.6,15154669217.7,None
2016-07-12,'600612,老凤祥,46.85,47.67,45.61,46.2,46.83,0.02,0.0427,0.8918,2827855,132488103.0,24508067243.4,14856586165.5,None
2016-07-11,'600612,老凤祥,46.83,48.17,45.5,45.5,45.18,1.65,3.6521,1.6485,5227704,247028570.0,24497604888.1,14850243972.9,None
2016-07-08,'600612,老凤祥,45.18,46.0,44.75,45.8,46.7,-1.52,-3.2548,0.9292,2946649,133354649.0,23634460577.5,14327013083.4,None
2016-07-07,'600612,老凤祥,46.7,48.54,44.98,45.38,45.38,1.32,2.9088,2.1348,6769526,319193937.0,24429599578.8,14809019721.0,None
2016-07-06,'600612,老凤祥,45.38,45.4,42.28,42.28,42.03,3.35,7.9705,2.1535,6828854,300026585.0,23739084130.3,14390435009.4,None
2016-07-05,'600612,老凤祥,42.03,42.24,41.72,42.11,42.28,-0.25,-0.5913,0.3283,1040978,43686379.0,21986639620.9,13328117748.9,None
2016-07-04,'600612,老凤祥,42.28,42.95,41.2,41.2,41.45,0.83,2.0024,0.7818,2479046,105052824.0,22117419061.9,13407395156.4,None
2016-07-01,'600612,老凤祥,41.45,42.13,40.75,40.75,40.85,0.6,1.4688,0.5036,1596893,66309434.0,21683231317.8,13144194163.5,None
2016-06-30,'600612,老凤祥,40.85,41.06,40.63,40.97,41.13,-0.28,-0.6808,0.2929,928814,37892758.0,21369360659.4,12953928385.5,None
2016-06-29,'600612,老凤祥,41.13,41.48,40.9,41.13,41.2,-0.07,-0.1699,0.3834,1215916,49944130.0,21515833633.3,13042719081.9,None
2016-06-28,'600612,老凤祥,41.2,41.75,40.86,41.4,41.5,-0.3,-0.7229,0.5016,1590621,65618392.0,21552451876.8,13064916756.0,None
2016-06-27,'600612,老凤祥,41.5,42.5,40.82,42.5,42.66,-1.16,-2.7192,0.8166,2589666,107192151.0,21709387206.0,13160049645.0,None
2016-06-24,'600612,老凤祥,42.66,43.3,39.4,39.66,39.54,3.12,7.8907,1.3793,4373795,180708790.0,22316203812.2,13527896815.8,None
2016-06-23,'600612,老凤祥,39.54,39.78,39.3,39.68,39.44,0.1,0.2535,0.0817,258958,10239449.0,20684076388.6,12538514770.2,None
2016-06-22,'600612,老凤祥,39.44,39.56,39.12,39.33,39.42,0.02,0.0507,0.1035,328229,12925848.0,20631764612.2,12506803807.2,None
2016-06-21,'600612,老凤祥,39.42,40.15,39.11,40.0,39.91,-0.49,-1.2278,0.1718,544811,21582287.0,20621302256.9,12500461614.6,None
2016-06-20,'600612,老凤祥,39.91,40.44,39.52,39.76,39.62,0.29,0.732,0.2389,757437,30264067.0,20877629961.2,12655845333.3,None
2016-06-17,'600612,老凤祥,39.62,40.1,39.47,39.8,40.39,-0.77,-1.9064,0.2799,887611,35252563.0,20725925809.7,12563883540.6,None
2016-06-16,'600612,老凤祥,40.39,40.69,39.32,39.35,39.3,1.09,2.7735,0.4704,1491580,59660142.0,21128726488.0,12808057955.7,None
2016-06-15,'600612,老凤祥,39.3,39.65,38.01,38.01,38.54,0.76,1.972,0.2831,897693,34941637.0,20558528125.2,12462408459.0,None
2016-06-14,'600612,老凤祥,38.54,39.67,38.1,39.6,39.66,-1.12,-2.824,0.4955,1571129,60633053.0,20160958624.6,12221405140.2,None
2016-06-13,'600612,老凤祥,39.66,40.72,39.0,39.68,39.54,0.12,0.3035,0.4696,1489208,59682943.0,20746850520.2,12576567925.8,None
2016-06-08,'600612,老凤祥,39.54,39.82,39.08,39.25,39.47,0.07,0.1773,0.1568,497285,19592510.0,20684076388.6,12538514770.2,None
2016-06-07,'600612,老凤祥,39.47,39.97,39.18,39.8,39.9,-0.43,-1.0777,0.1841,583802,23009288.0,20647458145.1,12516317096.1,None
2016-06-06,'600612,老凤祥,39.9,40.42,39.78,39.8,39.24,0.66,1.682,0.3782,1199299,48143180.0,20872398783.6,12652674237.0,None
2016-06-03,'600612,老凤祥,39.24,39.44,38.91,39.19,39.23,0.01,0.0255,0.2439,773577,30304113.0,20527141059.4,12443381881.2,None
2016-06-02,'600612,老凤祥,39.23,39.37,39.08,39.29,39.5,-0.27,-0.6835,0.1908,605203,23713406.0,20521909881.7,12440210784.9,None
2016-06-01,'600612,老凤祥,39.5,39.89,39.02,39.61,39.88,-0.38,-0.9529,0.5149,1632883,64293302.0,20663151678.0,12525830385.0,None
2016-05-31,'600612,老凤祥,39.88,39.92,38.85,39.29,39.4,0.48,1.2183,0.4486,1422629,56288025.0,20861936428.3,12646332044.4,None
2016-05-30,'600612,老凤祥,39.4,39.53,37.45,38.05,38.32,1.08,2.8184,0.4878,1546940,60403820.0,20610839901.6,12494119422.0,None
2016-05-27,'600612,老凤祥,38.32,38.38,37.5,37.9,37.69,0.63,1.6715,0.3386,1073666,40870892.0,20045872716.5,12151641021.6,None
2016-05-26,'600612,老凤祥,37.69,38.09,37.41,37.9,37.86,-0.17,-0.449,0.311,986319,37199229.0,19716308525.2,11951861954.7,None
2016-05-25,'600612,老凤祥,37.86,38.84,37.49,38.6,38.51,-0.65,-1.6879,0.6364,2018131,76521589.0,19805238545.0,12005770591.8,None
2016-05-24,'600612,老凤祥,38.51,39.18,38.45,39.04,39.04,-0.53,-1.3576,0.3151,999143,38681461.0,20145265091.6,12211891851.3,None
2016-05-23,'600612,老凤祥,39.04,39.5,38.91,39.07,39.06,-0.02,-0.0512,0.3084,978115,38281997.0,20422517506.6,12379959955.2,None
2016-05-20,'600612,老凤祥,39.06,40.0,38.76,40.0,39.79,-0.73,-1.8346,0.3997,1267487,49630208.0,20432979861.8,12386302147.8,None
2016-05-19,'600612,老凤祥,39.79,40.43,39.6,40.2,40.49,-0.7,-1.7288,0.1837,582514,23332954.0,20814855829.6,12617792177.7,None
2016-05-18,'600612,老凤祥,40.49,40.65,40.0,40.65,40.64,-0.15,-0.3691,0.1199,380277,15301241.0,21181038264.4,12839768918.7,None
2016-05-17,'600612,老凤祥,40.64,40.88,40.45,40.82,40.82,-0.18,-0.441,0.1579,500686,20334562.0,21259505929.0,12887335363.2,None
2016-05-16,'600612,老凤祥,40.82,40.98,39.8,40.11,39.95,0.87,2.1777,0.2214,702129,28397372.0,21353667126.5,12944415096.6,None
2016-05-13,'600612,老凤祥,39.95,40.72,39.88,40.51,40.6,-0.65,-1.601,0.2874,911232,36676829.0,20898554671.8,12668529718.5,None
2016-05-12,'600612,老凤祥,40.6,41.04,39.58,40.61,40.61,-0.01,-0.0246,0.1412,447748,18114629.0,21238581218.4,12874650978.0,None
2016-05-11,'600612,老凤祥,40.61,41.08,40.28,40.65,40.4,0.21,0.5198,0.3858,1223479,49790984.0,21243812396.0,12877822074.3,None
2016-05-10,'600612,老凤祥,40.4,41.64,39.77,41.64,41.56,-1.16,-2.7911,0.4586,1454235,58410808.0,21133957665.6,12811229052.0,None
2016-05-09,'600612,老凤祥,41.56,42.88,41.52,42.39,42.36,-0.8,-1.8886,0.2378,754219,31717461.0,21740774271.8,13179076222.8,None
2016-05-06,'600612,老凤祥,42.36,43.25,41.98,43.14,43.14,-0.78,-1.8081,0.2085,661218,28042814.0,22159268483.0,13432763926.8,None
2016-05-05,'600612,老凤祥,43.14,43.35,42.86,43.35,43.54,-0.4,-0.9187,0.1303,413288,17775163.0,22567300339.0,13680109438.2,None
2016-05-04,'600612,老凤祥,43.54,43.67,42.6,43.2,43.58,-0.04,-0.0918,0.3626,1149822,49926594.0,22776547444.6,13806953290.2,None
2016-05-03,'600612,老凤祥,43.58,43.68,42.58,42.96,42.37,1.21,2.8558,0.6228,1975116,85746160.0,22797472155.1,13819637675.4,None
2016-04-29,'600612,老凤祥,42.37,42.85,41.18,42.1,41.79,0.58,1.3879,0.3073,974483,41282811.0,22164499660.7,13435935023.1,None
2016-04-28,'600612,老凤祥,41.79,42.14,41.0,42.1,41.98,-0.19,-0.4526,0.3839,1217232,50738350.0,21861091357.6,13252011437.7,None
2016-04-27,'600612,老凤祥,41.98,42.1,40.71,41.31,41.21,0.77,1.8685,0.2686,851826,35516520.0,21960483732.7,13312262267.4,None
2016-04-26,'600612,老凤祥,41.21,41.23,40.3,40.75,40.64,0.57,1.4026,0.2315,734179,29989507.0,21557683054.4,13068087852.3,None
2016-04-25,'600612,老凤祥,40.64,40.74,39.5,40.06,40.01,0.63,1.5746,0.3001,951552,38118179.0,21259505929.0,12887335363.2,None
2016-04-22,'600612,老凤祥,40.01,40.2,39.5,40.0,40.13,-0.12,-0.299,0.1889,598987,23898895.0,20929941737.6,12687556296.3,None
2016-04-21,'600612,老凤祥,40.13,40.86,39.8,40.62,40.62,-0.49,-1.2063,0.2042,647554,26067708.0,20992715869.3,12725609451.9,None
2016-04-20,'600612,老凤祥,40.62,42.39,39.5,41.7,41.45,-0.83,-2.0024,0.4034,1279360,52120947.0,21249043573.7,12880993170.6,None
2016-04-19,'600612,老凤祥,41.45,41.47,40.6,40.6,41.0,0.45,1.0976,0.1824,578342,23821923.0,21683231317.8,13144194163.5,None
2016-04-18,'600612,老凤祥,41.0,41.62,40.81,41.62,41.98,-0.98,-2.3344,0.4456,1413199,58170473.0,21447828324.0,13001494830.0,None
2016-04-15,'600612,老凤祥,41.98,43.2,41.82,42.68,42.77,-0.79,-1.8471,0.4059,1287297,54299603.0,21960483732.7,13312262267.4,None
2016-04-14,'600612,老凤祥,42.77,43.41,42.42,42.42,42.25,0.52,1.2308,0.5437,1724166,74313774.0,22373746766.3,13562778875.1,None
2016-04-13,'600612,老凤祥,42.25,43.47,42.2,42.45,42.47,-0.22,-0.518,0.6088,1930413,82329345.0,22101725529.0,13397881867.5,None
2016-04-12,'600612,老凤祥,42.47,43.68,42.3,42.52,42.48,-0.01,-0.0235,0.5639,1788032,77260575.0,22216811437.1,13467645986.1,None
2016-04-11,'600612,老凤祥,42.48,42.68,41.58,41.9,41.73,0.75,1.7973,0.343,1087534,45988972.0,22222042614.7,13470817082.4,None
2016-04-08,'600612,老凤祥,41.73,42.12,41.54,42.05,42.11,-0.38,-0.9024,0.4733,1500975,62886573.0,21829704291.7,13232984859.9,None
2016-04-07,'600612,老凤祥,42.11,42.17,41.77,41.84,41.95,0.16,0.3814,0.2941,932685,39128143.0,22028489042.0,13353486519.3,None
2016-04-06,'600612,老凤祥,41.95,42.08,41.58,41.85,42.04,-0.09,-0.2141,0.2388,757149,31669467.0,21944790199.8,13302748978.5,None
2016-04-05,'600612,老凤祥,42.04,42.15,41.06,41.58,41.9,0.14,0.3341,0.487,1544352,64659865.0,21991870798.6,13331288845.2,None
2016-04-01,'600612,老凤祥,41.9,42.1,40.41,40.66,40.67,1.23,3.0243,0.8212,2604105,107548388.0,21918634311.6,13286893497.0,None
2016-03-31,'600612,老凤祥,40.67,40.83,40.19,40.3,40.3,0.37,0.9181,0.6366,2018857,81838491.0,21275199461.9,12896848652.1,None
2016-03-30,'600612,老凤祥,40.3,40.78,39.91,39.97,39.67,0.63,1.5881,0.4066,1289255,51859626.0,21081645889.2,12779518089.0,None
2016-03-29,'600612,老凤祥,39.67,40.39,39.53,40.38,40.4,-0.73,-1.8069,0.2681,850218,33825381.0,20752081697.9,12579739022.1,None
2016-03-28,'600612,老凤祥,40.4,41.5,39.91,40.8,40.58,-0.18,-0.4436,0.472,1496793,61066110.0,21133957665.6,12811229052.0,None
2016-03-25,'600612,老凤祥,40.58,40.87,40.01,40.8,40.57,0.01,0.0246,0.3379,1071449,43306123.0,21228118863.1,12868308785.4,None
2016-03-24,'600612,老凤祥,40.57,40.8,40.12,40.8,41.32,-0.75,-1.8151,0.3625,1149663,46502276.0,21222887685.5,12865137689.1,None
2016-03-23,'600612,老凤祥,41.32,42.18,41.07,42.18,41.92,-0.6,-1.4313,0.2878,912574,37834337.0,21615226008.5,13102969911.6,None
2016-03-22,'600612,老凤祥,41.92,42.26,41.22,41.3,42.08,-0.16,-0.3802,0.2547,807621,33807652.0,21929096666.9,13293235689.6,None
2016-03-21,'600612,老凤祥,42.08,43.38,41.55,41.9,42.01,0.07,0.1666,0.5435,1723411,73156014.0,22012795509.1,13343973230.4,None
2016-03-18,'600612,老凤祥,42.01,42.36,41.35,41.7,41.34,0.67,1.6207,0.6822,2163290,90704225.0,21976177265.6,13321775556.3,None
2016-03-17,'600612,老凤祥,41.34,42.55,41.11,41.51,41.54,-0.2,-0.4815,0.7773,2464987,102991518.0,21625688363.8,13109312104.2,None
2016-03-16,'600612,老凤祥,41.54,42.5,39.9,39.9,40.13,1.41,3.5136,0.6459,2048332,85007263.0,21730311916.6,13172734030.2,None
2016-03-15,'600612,老凤祥,40.13,40.58,39.9,40.4,40.99,-0.86,-2.0981,0.3007,953672,38302966.0,20992715869.3,12725609451.9,None
2016-03-14,'600612,老凤祥,40.99,41.0,39.55,40.4,40.38,0.61,1.5106,0.3274,1038120,42158383.0,21442597146.4,12998323733.7,None
2016-03-11,'600612,老凤祥,40.38,40.85,40.15,40.15,39.7,0.68,1.7128,0.3482,1104154,44753283.0,21123495310.3,12804886859.4,None
2016-03-10,'600612,老凤祥,39.7,40.35,39.33,40.21,40.21,-0.51,-1.2683,0.4331,1373335,54696529.0,20767775230.8,12589252311.0,None
2016-03-09,'600612,老凤祥,40.21,40.75,38.5,40.12,41.11,-0.9,-2.1892,0.2888,915740,36829661.0,21034565290.4,12750978222.3,None
2016-03-08,'600612,老凤祥,41.11,41.59,39.92,41.12,41.99,-0.88,-2.0957,0.5059,1604410,65129986.0,21505371278.0,13036376889.3,None
2016-03-07,'600612,老凤祥,41.99,42.58,40.01,41.18,40.94,1.05,2.5647,0.822,2606633,107256487.0,21965714910.4,13315433363.7,None
2016-03-04,'600612,老凤祥,40.94,42.2,40.55,41.3,40.78,0.16,0.3923,1.0831,3434513,142670541.0,21416441258.2,12982468252.2,None
2016-03-03,'600612,老凤祥,40.78,40.88,39.22,40.0,40.0,0.78,1.95,0.5962,1890724,75964710.0,21332742415.9,12931730711.4,None
2016-03-02,'600612,老凤祥,40.0,40.41,38.33,38.53,39.29,0.71,1.8071,0.8843,2804325,110791639.0,20924710560.0,12684385200.0,None
2016-03-01,'600612,老凤祥,39.29,39.63,36.0,36.24,36.03,3.26,9.048,1.1076,3512296,133464397.0,20553296947.6,12459237362.7,None
2016-02-29,'600612,老凤祥,36.03,36.88,34.88,36.88,37.4,-1.37,-3.6631,0.7042,2233140,79603566.0,18847933036.9,11425459968.9,None
2016-02-26,'600612,老凤祥,37.4,38.49,35.0,37.88,37.66,-0.26,-0.6904,0.6698,2123919,78310975.0,19564604373.6,11859900162.0,None
2016-02-25,'600612,老凤祥,37.66,41.3,37.42,41.1,41.58,-3.92,-9.4276,1.064,3374175,134535918.0,19700614992.2,11942348665.8,None
2016-02-24,'600612,老凤祥,41.58,41.7,39.82,40.5,40.92,0.66,1.6129,1.3777,4368946,179289171.0,21751236627.1,13185418415.4,None
2016-02-23,'600612,老凤祥,40.92,41.09,39.74,40.26,40.6,0.32,0.7882,0.9438,2992891,121240901.0,21405978902.9,12976126059.6,None
2016-02-22,'600612,老凤祥,40.6,40.75,40.06,40.43,40.36,0.24,0.5946,0.7759,2460420,99293865.0,21238581218.4,12874650978.0,None
2016-02-19,'600612,老凤祥,40.36,41.14,39.72,40.65,40.37,-0.01,-0.0248,0.9343,2962689,120464942.0,21113032955.0,12798544666.8,None
2016-02-18,'600612,老凤祥,40.37,41.38,40.2,41.2,41.09,-0.72,-1.7523,0.8345,2646295,107472575.0,21118264132.7,12801715763.1,None
2016-02-17,'600612,老凤祥,41.09,41.34,40.68,41.34,42.49,-1.4,-3.2949,1.2732,4037291,165325631.0,21494908922.8,13030034696.7,None
2016-02-16,'600612,老凤祥,42.49,42.94,40.8,41.85,43.23,-0.74,-1.7118,1.861,5901322,246101080.0,22227273792.4,13473988178.7,None
2016-02-15,'600612,老凤祥,43.23,44.5,42.0,43.5,40.68,2.55,6.2684,1.7059,5409691,234279301.0,22614380937.7,13708649304.9,None
2016-02-05,'600612,老凤祥,40.68,42.88,39.28,40.5,39.48,1.2,3.0395,2.0967,6648952,272623422.0,21280430639.5,12900019748.4,None
2016-02-04,'600612,老凤祥,39.48,39.63,36.55,36.55,36.03,3.45,9.5754,0.8937,2834011,110251144.0,20652689322.7,12519488192.4,None
2016-02-03,'600612,老凤祥,36.03,36.51,35.83,36.35,36.67,-0.64,-1.7453,0.1794,568780,20537724.0,18847933036.9,11425459968.9,None
2016-02-02,'600612,老凤祥,36.67,36.8,36.36,36.49,36.18,0.49,1.3543,0.2086,661395,24189350.0,19182728405.9,11628410132.1,None
2016-02-01,'600612,老凤祥,36.18,36.65,35.78,35.98,36.4,-0.22,-0.6044,0.2281,723235,26144532.0,18926400701.5,11473026413.4,None
2016-01-29,'600612,老凤祥,36.4,36.58,34.5,35.07,35.46,0.94,2.6509,0.2658,842868,30031888.0,19041486609.6,11542790532.0,None
2016-01-28,'600612,老凤祥,35.46,36.01,34.97,35.5,36.28,-0.82,-2.2602,0.2235,708785,25118237.0,18549755911.4,11244707479.8,None
2016-01-27,'600612,老凤祥,36.28,36.38,34.14,36.36,36.13,0.15,0.4152,0.2689,852624,30012854.0,18978712477.9,11504737376.4,None
2016-01-26,'600612,老凤祥,36.13,38.12,35.76,38.0,37.93,-1.8,-4.7456,0.2558,811214,30200867.0,18900244813.3,11457170931.9,None
2016-01-25,'600612,老凤祥,37.93,38.16,37.37,37.85,37.74,0.19,0.5034,0.2237,709495,26846609.0,19841856788.5,12027968265.9,None
2016-01-22,'600612,老凤祥,37.74,38.29,36.8,38.29,37.8,-0.06,-0.1587,0.1896,601330,22547914.0,19742464413.4,11967717436.2,None
2016-01-21,'600612,老凤祥,37.8,38.98,37.73,38.47,38.88,-1.08,-2.7778,0.3375,1070222,41092369.0,19773851479.2,11986744014.0,None
2016-01-20,'600612,老凤祥,38.88,40.78,38.2,40.27,40.53,-1.65,-4.0711,0.6374,2021246,78606414.0,20338818664.3,12329222414.4,None
2016-01-19,'600612,老凤祥,40.53,40.93,39.2,39.51,39.89,0.64,1.6044,0.2309,732201,29393464.0,21201962974.9,12852453303.9,None
2016-01-18,'600612,老凤祥,39.89,40.1,38.0,38.2,38.59,1.3,3.3687,0.1998,633447,24935396.0,20867167606.0,12649503140.7,None
2016-01-15,'600612,老凤祥,38.59,40.05,38.08,39.98,40.14,-1.55,-3.8615,0.2329,738480,28974140.0,20187114512.8,12237260621.7,None
2016-01-14,'600612,老凤祥,40.14,40.55,37.51,38.0,39.25,0.89,2.2675,0.3197,1013874,40500457.0,20997947047.0,12728780548.2,None
2016-01-13,'600612,老凤祥,39.25,42.2,39.0,39.94,39.51,-0.26,-0.6581,0.4855,1539617,62563459.0,20532372237.0,12446552977.5,None
2016-01-12,'600612,老凤祥,39.51,39.9,38.38,38.48,38.47,1.04,2.7034,0.2426,769441,29805811.0,20668382855.6,12529001481.3,None
2016-01-11,'600612,老凤祥,38.47,40.19,38.02,39.6,40.15,-1.68,-4.1843,0.5122,1624146,64102031.0,20124340381.1,12199207466.1,None
2016-01-08,'600612,老凤祥,40.15,41.2,39.0,40.75,39.34,0.81,2.059,0.749,2375067,95732695.0,21003178224.6,12731951644.5,None
2016-01-07,'600612,老凤祥,39.34,41.2,39.08,41.0,41.19,-1.85,-4.4914,0.0718,227794,9105022.0,20579452835.8,12475092844.2,None
2016-01-06,'600612,老凤祥,41.19,41.8,40.6,41.0,40.9,0.29,0.709,0.3467,1099441,45410453.0,21547220699.2,13061745659.7,None
2016-01-05,'600612,老凤祥,40.9,41.9,39.68,40.21,40.05,0.85,2.1223,0.402,1274796,51745203.0,21395516547.6,12969783867.0,None
2016-01-04,'600612,老凤祥,40.05,43.53,40.0,42.92,43.26,-3.21,-7.4202,0.3682,1167532,49122995.0,20950866448.2,12700240681.5,None
