日期,股票代码,名称,收盘价,最高价,最低价,开盘价,前收盘,涨跌额,涨跌幅,换手率,成交量,成交金额,总市值,流通市值,成交笔数
2016-10-12,'600388,龙净环保,13.07,13.13,12.98,13.05,13.1,-0.03,-0.229,0.9157,9789276,127783774.0,13972483500.0,13972483500.0,None
2016-10-11,'600388,龙净环保,13.1,13.14,13.04,13.06,13.12,-0.02,-0.1524,0.9145,9776546,127960577.0,14004555000.0,14004555000.0,None
2016-10-10,'600388,龙净环保,13.12,13.16,12.86,12.9,12.78,0.34,2.6604,1.5598,16674552,217610957.0,14025936000.0,14025936000.0,None
2016-09-30,'600388,龙净环保,12.78,12.85,12.73,12.79,12.79,-0.01,-0.0782,0.8356,8932521,114223558.0,13662459000.0,13662459000.0,None
2016-09-29,'600388,龙净环保,12.79,12.84,12.73,12.78,12.74,0.05,0.3925,0.9278,9918515,126946800.0,13673149500.0,13673149500.0,None
2016-09-28,'600388,龙净环保,12.74,12.84,12.69,12.84,12.85,-0.11,-0.856,0.9101,9729511,124022427.0,13619697000.0,13619697000.0,None
2016-09-27,'600388,龙净环保,12.85,12.88,12.59,12.83,12.83,0.02,0.1559,1.8667,19956286,254790466.0,13737292500.0,13737292500.0,None
2016-09-26,'600388,龙净环保,12.83,13.22,12.78,13.2,13.27,-0.44,-3.3157,2.7139,29012633,375738363.0,13715911500.0,13715911500.0,None
2016-09-23,'600388,龙净环保,13.27,13.48,13.25,13.32,13.28,-0.01,-0.0753,2.0881,22323251,298252294.0,14186293500.0,14186293500.0,None
2016-09-22,'600388,龙净环保,13.28,13.37,13.22,13.28,13.2,0.08,0.6061,1.9633,20989155,278796392.0,14196984000.0,14196984000.0,None
2016-09-21,'600388,龙净环保,13.2,13.33,13.13,13.3,13.3,-0.1,-0.7519,1.9062,20377973,268913510.0,14111460000.0,14111460000.0,None
2016-09-20,'600388,龙净环保,13.3,13.62,13.23,13.46,13.45,-0.15,-1.1152,2.6659,28500318,381440171.0,14218365000.0,14218365000.0,None
2016-09-19,'600388,龙净环保,13.45,13.55,13.37,13.46,13.43,0.02,0.1489,1.7267,18459724,247991915.0,14378722500.0,14378722500.0,None
2016-09-14,'600388,龙净环保,13.43,13.56,13.23,13.32,13.41,0.02,0.1491,2.2979,24565395,329052901.0,14357341500.0,14357341500.0,None
2016-09-13,'600388,龙净环保,13.41,13.74,13.26,13.58,13.42,-0.01,-0.0745,3.4803,37206600,501537537.0,14335960500.0,14335960500.0,None
2016-09-12,'600388,龙净环保,13.42,13.76,13.35,13.61,13.85,-0.43,-3.1047,3.5802,38273724,518463291.0,14346651000.0,14346651000.0,None
2016-09-09,'600388,龙净环保,13.85,14.15,13.82,14.15,14.19,-0.34,-2.3961,3.0798,32924284,459791499.0,14806342500.0,14806342500.0,None
2016-09-08,'600388,龙净环保,14.19,14.21,13.7,13.8,13.84,0.35,2.5289,5.1869,55451079,775048961.0,15169819500.0,15169819500.0,None
2016-09-07,'600388,龙净环保,13.84,14.39,13.71,13.78,13.95,-0.11,-0.7885,7.8892,84339366,1183804008.0,14795652000.0,14795652000.0,None
2016-09-06,'600388,龙净环保,13.95,14.23,12.76,12.89,12.95,1.0,7.722,8.7452,93490600,1276968059.0,14913247500.0,14913247500.0,None
2016-09-05,'600388,龙净环保,12.95,13.13,12.78,12.83,12.78,0.17,1.3302,1.7039,18215283,236561121.0,13844197500.0,13844197500.0,None
2016-09-02,'600388,龙净环保,12.78,12.85,12.66,12.72,12.76,0.02,0.1567,1.0573,11303220,144010210.0,13662459000.0,13662459000.0,None
2016-09-01,'600388,龙净环保,12.76,13.12,12.75,12.98,13.0,-0.24,-1.8462,1.5939,17039395,220749348.0,13641078000.0,13641078000.0,None
2016-08-31,'600388,龙净环保,13.0,13.08,12.93,12.93,12.94,0.06,0.4637,1.2141,12979302,168762548.0,13897650000.0,13897650000.0,None
2016-08-30,'600388,龙净环保,12.94,13.16,12.92,13.13,13.13,-0.19,-1.4471,1.8816,20115053,261591765.0,13833507000.0,13833507000.0,None
2016-08-29,'600388,龙净环保,13.13,13.45,12.78,12.82,12.92,0.21,1.6254,4.0673,43480965,573927268.0,14036626500.0,14036626500.0,None
2016-08-26,'600388,龙净环保,12.92,12.98,12.65,12.68,12.68,0.24,1.8927,1.7775,19002498,244451025.0,13812126000.0,13812126000.0,None
2016-08-25,'600388,龙净环保,12.68,12.76,12.6,12.76,12.83,-0.15,-1.1691,0.8447,9030116,114271291.0,13555554000.0,13555554000.0,None
2016-08-24,'600388,龙净环保,12.83,12.85,12.73,12.79,12.79,0.04,0.3127,0.7199,7696263,98458709.0,13715911500.0,13715911500.0,None
2016-08-23,'600388,龙净环保,12.79,12.83,12.61,12.69,12.65,0.14,1.1067,0.8519,9107748,115665880.0,13673149500.0,13673149500.0,None
2016-08-22,'600388,龙净环保,12.65,12.95,12.64,12.86,12.82,-0.17,-1.3261,1.0643,11378301,145586033.0,13523482500.0,13523482500.0,None
2016-08-19,'600388,龙净环保,12.82,12.85,12.69,12.74,12.71,0.11,0.8655,1.1406,12193144,155897293.0,13705221000.0,13705221000.0,None
2016-08-18,'600388,龙净环保,12.71,12.81,12.68,12.74,12.76,-0.05,-0.3918,0.7758,8294046,105578654.0,13587625500.0,13587625500.0,None
2016-08-17,'600388,龙净环保,12.76,12.85,12.66,12.8,12.8,-0.04,-0.3125,0.9871,10552275,134683494.0,13641078000.0,13641078000.0,None
2016-08-16,'600388,龙净环保,12.8,12.81,12.66,12.74,12.74,0.06,0.471,1.1048,11810698,150670884.0,13683840000.0,13683840000.0,None
2016-08-15,'600388,龙净环保,12.74,12.84,12.38,12.42,12.4,0.34,2.7419,1.8054,19300795,244453741.0,13619697000.0,13619697000.0,None
2016-08-12,'600388,龙净环保,12.4,12.43,12.26,12.33,12.35,0.05,0.4049,0.8266,8836693,109057546.0,13256220000.0,13256220000.0,None
2016-08-11,'600388,龙净环保,12.35,12.54,12.32,12.51,12.5,-0.15,-1.2,0.7137,7629791,94606923.0,13202767500.0,13202767500.0,None
2016-08-10,'600388,龙净环保,12.5,12.62,12.48,12.6,12.59,-0.09,-0.7149,0.5455,5831455,73143402.0,13363125000.0,13363125000.0,None
2016-08-09,'600388,龙净环保,12.59,12.64,12.43,12.45,12.43,0.16,1.2872,1.0337,11050322,138924736.0,13459339500.0,13459339500.0,None
2016-08-08,'600388,龙净环保,12.43,12.44,12.24,12.31,12.32,0.11,0.8929,0.5374,5744602,70993353.0,13288291500.0,13288291500.0,None
2016-08-05,'600388,龙净环保,12.32,12.42,12.31,12.38,12.37,-0.05,-0.4042,0.4367,4668065,57706535.0,13170696000.0,13170696000.0,None
2016-08-04,'600388,龙净环保,12.37,12.4,12.28,12.31,12.34,0.03,0.2431,0.4379,4681819,57812019.0,13224148500.0,13224148500.0,None
2016-08-03,'600388,龙净环保,12.34,12.4,12.26,12.32,12.37,-0.03,-0.2425,0.423,4522555,55838129.0,13192077000.0,13192077000.0,None
2016-08-02,'600388,龙净环保,12.37,12.38,12.3,12.35,12.34,0.03,0.2431,0.4262,4556669,56238702.0,13224148500.0,13224148500.0,None
2016-08-01,'600388,龙净环保,12.34,12.49,12.15,12.48,12.48,-0.14,-1.1218,0.7598,8122992,99760402.0,13192077000.0,13192077000.0,None
2016-07-29,'600388,龙净环保,12.48,12.61,12.41,12.55,12.55,-0.07,-0.5578,0.6181,6607714,82601435.0,13341744000.0,13341744000.0,None
2016-07-28,'600388,龙净环保,12.55,12.65,12.35,12.51,12.52,0.03,0.2396,1.1227,12002173,150099641.0,13416577500.0,13416577500.0,None
2016-07-27,'600388,龙净环保,12.52,12.99,12.43,12.95,12.94,-0.42,-3.2457,2.0552,21970944,279093002.0,13384506000.0,13384506000.0,None
2016-07-26,'600388,龙净环保,12.94,12.95,12.7,12.72,12.73,0.21,1.6496,1.0743,11484702,147586921.0,13833507000.0,13833507000.0,None
2016-07-25,'600388,龙净环保,12.73,12.81,12.54,12.58,12.61,0.12,0.9516,0.8872,9484465,120621920.0,13609006500.0,13609006500.0,None
2016-07-22,'600388,龙净环保,12.61,12.78,12.58,12.74,12.76,-0.15,-1.1755,0.9199,9834118,124598925.0,13480720500.0,13480720500.0,None
2016-07-21,'600388,龙净环保,12.76,12.87,12.72,12.8,12.79,-0.03,-0.2346,0.8918,9534006,121988226.0,13641078000.0,13641078000.0,None
2016-07-20,'600388,龙净环保,12.79,12.93,12.78,12.9,12.86,-0.07,-0.5443,0.7704,8235583,105816779.0,13673149500.0,13673149500.0,None
2016-07-19,'600388,龙净环保,12.86,12.94,12.79,12.85,12.88,-0.02,-0.1553,0.8901,9515946,122170806.0,13747983000.0,13747983000.0,None
2016-07-18,'600388,龙净环保,12.88,13.05,12.73,12.99,12.97,-0.09,-0.6939,1.238,13235009,170569588.0,13769364000.0,13769364000.0,None
2016-07-15,'600388,龙净环保,12.97,13.06,12.89,12.96,12.95,0.02,0.1544,1.31,14004111,181700224.0,13865578500.0,13865578500.0,None
2016-07-14,'600388,龙净环保,12.95,13.08,12.68,12.8,12.83,0.12,0.9353,1.7505,18713602,240531180.0,13844197500.0,13844197500.0,None
2016-07-13,'600388,龙净环保,12.83,13.1,12.8,12.88,12.8,0.03,0.2344,1.967,21028226,271749657.0,13715911500.0,13715911500.0,None
2016-07-12,'600388,龙净环保,12.8,12.83,12.54,12.59,12.57,0.23,1.8298,1.78,19029013,241843928.0,13683840000.0,13683840000.0,None
2016-07-11,'600388,龙净环保,12.57,12.71,12.53,12.54,12.55,0.02,0.1594,1.1812,12628039,159442238.0,13437958500.0,13437958500.0,None
2016-07-08,'600388,XD龙净环,12.55,12.7,12.55,12.7,12.66,-0.11,-0.8689,0.8742,9345621,117795442.0,13416577500.0,13416577500.0,None
2016-07-07,'600388,龙净环保,12.82,12.84,12.67,12.79,12.77,0.05,0.3915,1.2367,13220944,168776727.0,13705221000.0,13705221000.0,None
2016-07-06,'600388,龙净环保,12.77,12.8,12.67,12.8,12.82,-0.05,-0.39,0.957,10231244,130361851.0,13651768500.0,13651768500.0,None
2016-07-05,'600388,龙净环保,12.82,12.87,12.69,12.76,12.78,0.04,0.313,1.4007,14973713,191133931.0,13705221000.0,13705221000.0,None
2016-07-04,'600388,龙净环保,12.78,12.85,12.51,12.51,12.55,0.23,1.8327,1.8772,20067935,255584240.0,13662459000.0,13662459000.0,None
2016-07-01,'600388,龙净环保,12.55,12.63,12.51,12.58,12.56,-0.01,-0.0796,0.9223,9860187,123885147.0,13416577500.0,13416577500.0,None
2016-06-30,'600388,龙净环保,12.56,12.63,12.46,12.55,12.55,0.01,0.0797,0.9829,10507319,131737211.0,13427268000.0,13427268000.0,None
2016-06-29,'600388,龙净环保,12.55,12.65,12.48,12.6,12.55,0.0,0.0,1.1651,12455339,156431664.0,13416577500.0,13416577500.0,None
2016-06-28,'600388,龙净环保,12.55,12.67,12.38,12.44,12.34,0.21,1.7018,1.6652,17801301,223067107.0,13416577500.0,13416577500.0,None
2016-06-27,'600388,龙净环保,12.34,12.37,12.06,12.06,12.17,0.17,1.3969,0.9133,9763286,119731880.0,13192077000.0,13192077000.0,None
2016-06-24,'600388,龙净环保,12.17,12.5,11.98,12.4,12.48,-0.31,-2.484,1.3804,14757020,180541319.0,13010338500.0,13010338500.0,None
2016-06-23,'600388,龙净环保,12.48,12.61,12.31,12.47,12.46,0.02,0.1605,1.2512,13375818,166988573.0,13341744000.0,13341744000.0,None
2016-06-22,'600388,龙净环保,12.46,12.46,12.25,12.36,12.36,0.1,0.8091,0.6762,7228989,89391694.0,13320363000.0,13320363000.0,None
2016-06-21,'600388,龙净环保,12.36,12.48,12.28,12.45,12.35,0.01,0.081,0.9552,10212032,126531274.0,13213458000.0,13213458000.0,None
2016-06-20,'600388,龙净环保,12.35,12.38,12.22,12.3,12.26,0.09,0.7341,0.697,7451596,91653675.0,13202767500.0,13202767500.0,None
2016-06-17,'600388,龙净环保,12.26,12.28,12.1,12.12,12.12,0.14,1.1551,1.0432,11151848,136309275.0,13106553000.0,13106553000.0,None
2016-06-16,'600388,龙净环保,12.12,12.3,12.09,12.3,12.29,-0.17,-1.3832,0.9047,9671656,117673028.0,12956886000.0,12956886000.0,None
2016-06-15,'600388,龙净环保,12.29,12.36,11.93,12.0,12.07,0.22,1.8227,1.1731,12541403,153320882.0,13138624500.0,13138624500.0,None
2016-06-14,'600388,龙净环保,12.07,12.12,11.98,12.0,12.0,0.07,0.5833,0.6117,6539178,78787139.0,12903433500.0,12903433500.0,None
2016-06-13,'600388,龙净环保,12.0,12.47,11.98,12.39,12.58,-0.58,-4.6105,1.1856,12674572,155074268.0,12828600000.0,12828600000.0,None
2016-06-08,'600388,龙净环保,12.58,12.7,12.46,12.52,12.5,0.08,0.64,0.9908,10591805,133388048.0,13448649000.0,13448649000.0,None
2016-06-07,'600388,龙净环保,12.5,12.6,12.45,12.6,12.56,-0.06,-0.4777,0.6575,7029505,87815981.0,13363125000.0,13363125000.0,None
2016-06-06,'600388,龙净环保,12.56,12.68,12.46,12.68,12.64,-0.08,-0.6329,0.8731,9334029,117266425.0,13427268000.0,13427268000.0,None
2016-06-03,'600388,龙净环保,12.64,12.74,12.48,12.69,12.76,-0.12,-0.9404,1.4589,15596734,196701130.0,13512792000.0,13512792000.0,None
2016-06-02,'600388,龙净环保,12.76,12.84,12.43,12.43,12.43,0.33,2.6549,1.9873,21245515,268621532.0,13641078000.0,13641078000.0,None
2016-06-01,'600388,龙净环保,12.43,12.59,12.39,12.51,12.49,-0.06,-0.4804,1.0784,11528135,143865099.0,13288291500.0,13288291500.0,None
2016-05-31,'600388,龙净环保,12.49,12.56,12.04,12.04,12.05,0.44,3.6515,1.5307,16363931,202425263.0,13352434500.0,13352434500.0,None
2016-05-30,'600388,龙净环保,12.05,12.13,11.95,12.1,12.12,-0.07,-0.5776,0.3851,4116599,49648099.0,12882052500.0,12882052500.0,None
2016-05-27,'600388,龙净环保,12.12,12.19,12.05,12.11,12.13,-0.01,-0.0824,0.5124,5477579,66417287.0,12956886000.0,12956886000.0,None
2016-05-26,'600388,龙净环保,12.13,12.19,11.85,12.14,12.13,0.0,0.0,0.7853,8395247,100651468.0,12967576500.0,12967576500.0,None
2016-05-25,'600388,龙净环保,12.13,12.33,12.1,12.2,12.16,-0.03,-0.2467,0.5873,6278641,76669210.0,12967576500.0,12967576500.0,None
2016-05-24,'600388,龙净环保,12.16,12.29,12.12,12.28,12.29,-0.13,-1.0578,0.5002,5347786,65129705.0,12999648000.0,12999648000.0,None
2016-05-23,'600388,龙净环保,12.29,12.36,12.15,12.21,12.21,0.08,0.6552,0.6174,6600499,81097906.0,13138624500.0,13138624500.0,None
2016-05-20,'600388,龙净环保,12.21,12.22,12.05,12.1,12.09,0.12,0.9926,0.5145,5500037,66851599.0,13053100500.0,13053100500.0,None
2016-05-19,'600388,龙净环保,12.09,12.28,12.05,12.13,12.12,-0.03,-0.2475,0.627,6702413,81556480.0,12924814500.0,12924814500.0,None
2016-05-18,'600388,龙净环保,12.12,12.39,12.0,12.39,12.44,-0.32,-2.5723,0.8437,9019302,109464658.0,12956886000.0,12956886000.0,None
2016-05-17,'600388,龙净环保,12.44,12.58,12.4,12.5,12.49,-0.05,-0.4003,0.5932,6341495,79101472.0,13298982000.0,13298982000.0,None
2016-05-16,'600388,龙净环保,12.49,12.49,12.18,12.23,12.22,0.27,2.2095,0.5786,6185840,76518564.0,13352434500.0,13352434500.0,None
2016-05-13,'600388,龙净环保,12.22,12.45,12.21,12.31,12.31,-0.09,-0.7311,0.5557,5940568,73213237.0,13063791000.0,13063791000.0,None
2016-05-12,'600388,龙净环保,12.31,12.35,12.11,12.35,12.39,-0.08,-0.6457,0.6706,7168990,87688812.0,13160005500.0,13160005500.0,None
2016-05-11,'600388,龙净环保,12.39,12.54,12.33,12.47,12.42,-0.03,-0.2415,0.5699,6092808,75822309.0,13245529500.0,13245529500.0,None
2016-05-10,'600388,龙净环保,12.42,12.55,12.37,12.49,12.42,0.0,0.0,0.6663,7123526,88623877.0,13277601000.0,13277601000.0,None
2016-05-09,'600388,龙净环保,12.42,12.86,12.37,12.86,12.88,-0.46,-3.5714,1.3136,14042518,176400474.0,13277601000.0,13277601000.0,None
2016-05-06,'600388,龙净环保,12.88,13.45,12.85,13.42,13.41,-0.53,-3.9523,1.6925,18093726,237360911.0,13769364000.0,13769364000.0,None
2016-05-05,'600388,龙净环保,13.41,13.45,13.2,13.2,13.42,-0.01,-0.0745,1.1207,11980952,159683674.0,14335960500.0,14335960500.0,None
2016-05-04,'600388,龙净环保,13.42,13.46,13.25,13.28,13.35,0.07,0.5243,1.2803,13687077,182970082.0,14346651000.0,14346651000.0,None
2016-05-03,'600388,龙净环保,13.35,13.38,12.95,13.01,13.0,0.35,2.6923,1.2307,13156405,174152579.0,14271817500.0,14271817500.0,None
2016-04-29,'600388,龙净环保,13.0,13.09,12.96,13.06,13.06,-0.06,-0.4594,0.7026,7511099,97680206.0,13897650000.0,13897650000.0,None
2016-04-28,'600388,龙净环保,13.06,13.27,12.91,13.22,13.23,-0.17,-1.285,1.1482,12274490,160353304.0,13961793000.0,13961793000.0,None
2016-04-27,'600388,龙净环保,13.23,13.32,13.15,13.26,13.25,-0.02,-0.1509,1.0119,10817377,143228563.0,14143531500.0,14143531500.0,None
2016-04-26,'600388,龙净环保,13.25,13.26,13.06,13.12,13.05,0.2,1.5326,0.8764,9369331,123407005.0,14164912500.0,14164912500.0,None
2016-04-25,'600388,龙净环保,13.05,13.19,12.9,13.15,13.18,-0.13,-0.9863,0.8646,9242775,120483316.0,13951102500.0,13951102500.0,None
2016-04-22,'600388,龙净环保,13.18,13.2,12.97,13.0,13.17,0.01,0.0759,1.188,12700786,166473244.0,14090079000.0,14090079000.0,None
2016-04-21,'600388,龙净环保,13.17,13.48,13.12,13.2,13.3,-0.13,-0.9774,1.5019,16055911,213436037.0,14079388500.0,14079388500.0,None
2016-04-20,'600388,龙净环保,13.3,14.0,13.01,13.9,13.96,-0.66,-4.7278,3.3387,35692018,478664955.0,14218365000.0,14218365000.0,None
2016-04-19,'600388,龙净环保,13.96,14.12,13.82,13.85,13.78,0.18,1.3062,1.9333,20667545,288238728.0,14923938000.0,14923938000.0,None
2016-04-18,'600388,龙净环保,13.78,13.99,13.75,13.95,14.11,-0.33,-2.3388,2.4448,26136244,361615261.0,14731509000.0,14731509000.0,None
2016-04-15,'600388,龙净环保,14.11,14.26,13.98,14.15,14.32,-0.21,-1.4665,3.0913,33047104,465713827.0,15084295500.0,15084295500.0,None
2016-04-14,'600388,龙净环保,14.32,14.46,13.51,13.62,13.56,0.76,5.6047,5.4125,57862132,810452494.0,15308796000.0,15308796000.0,None
2016-04-13,'600388,龙净环保,13.56,13.78,13.49,13.51,13.45,0.11,0.8178,3.1556,33735238,460563739.0,14496318000.0,14496318000.0,None
2016-04-12,'600388,龙净环保,13.45,13.68,13.31,13.51,13.59,-0.14,-1.0302,1.6441,17576501,236464366.0,14378722500.0,14378722500.0,None
2016-04-11,'600388,龙净环保,13.59,13.62,13.19,13.19,13.12,0.47,3.5823,2.2595,24155642,324187659.0,14528389500.0,14528389500.0,None
2016-04-08,'600388,龙净环保,13.12,13.16,13.0,13.15,13.27,-0.15,-1.1304,1.5197,16246087,212426018.0,14025936000.0,14025936000.0,None
2016-04-07,'600388,龙净环保,13.27,13.68,13.25,13.59,13.59,-0.32,-2.3547,2.3997,25654516,345288303.0,14186293500.0,14186293500.0,None
2016-04-06,'600388,龙净环保,13.59,13.7,13.28,13.37,13.4,0.19,1.4179,2.8891,30885579,417366035.0,14528389500.0,14528389500.0,None
2016-04-05,'600388,龙净环保,13.4,13.44,13.07,13.11,13.1,0.3,2.2901,1.9985,21364878,284295750.0,14325270000.0,14325270000.0,None
2016-04-01,'600388,龙净环保,13.1,13.25,12.9,13.18,13.18,-0.08,-0.607,1.2291,13139685,171340085.0,14004555000.0,14004555000.0,None
2016-03-31,'600388,龙净环保,13.18,13.37,13.14,13.2,13.13,0.05,0.3808,1.7682,18903241,250556447.0,14090079000.0,14090079000.0,None
2016-03-30,'600388,龙净环保,13.13,13.14,12.78,12.81,12.71,0.42,3.3045,1.3497,14429011,187193900.0,14036626500.0,14036626500.0,None
2016-03-29,'600388,龙净环保,12.71,13.09,12.6,13.09,13.02,-0.31,-2.381,1.475,15768247,201686946.0,13587625500.0,13587625500.0,None
2016-03-28,'600388,龙净环保,13.02,13.38,12.98,13.27,13.2,-0.18,-1.3636,1.6651,17800296,234839836.0,13919031000.0,13919031000.0,None
2016-03-25,'600388,龙净环保,13.2,13.29,13.05,13.12,13.22,-0.02,-0.1513,1.4897,15925683,209608426.0,14111460000.0,14111460000.0,None
2016-03-24,'600388,龙净环保,13.22,13.61,13.18,13.35,13.42,-0.2,-1.4903,2.7705,29617674,395815367.0,14132841000.0,14132841000.0,None
2016-03-23,'600388,龙净环保,13.42,13.53,13.25,13.36,13.46,-0.04,-0.2972,2.0162,21554118,288787903.0,14346651000.0,14346651000.0,None
2016-03-22,'600388,龙净环保,13.46,13.67,13.21,13.36,13.48,-0.02,-0.1484,2.8695,30676765,411610568.0,14389413000.0,14389413000.0,None
2016-03-21,'600388,龙净环保,13.48,13.57,13.15,13.31,13.12,0.36,2.7439,3.4935,37347221,499100119.0,14410794000.0,14410794000.0,None
2016-03-18,'600388,龙净环保,13.12,13.2,12.75,12.8,12.73,0.39,3.0636,2.9561,31602495,411972795.0,14025936000.0,14025936000.0,None
2016-03-17,'600388,龙净环保,12.73,12.78,12.4,12.42,12.4,0.33,2.6613,1.5973,17076466,215743835.0,13609006500.0,13609006500.0,None
2016-03-16,'600388,龙净环保,12.4,12.74,12.36,12.62,12.61,-0.21,-1.6653,0.9903,10586805,132634638.0,13256220000.0,13256220000.0,None
2016-03-15,'600388,龙净环保,12.61,12.83,12.57,12.66,12.64,-0.03,-0.2373,1.0721,11461119,145178860.0,13480720500.0,13480720500.0,None
2016-03-14,'600388,龙净环保,12.64,12.8,12.4,12.4,12.28,0.36,2.9316,1.4769,15788540,199952064.0,13512792000.0,13512792000.0,None
2016-03-11,'600388,龙净环保,12.28,12.44,12.18,12.2,12.35,-0.07,-0.5668,0.9321,9964465,122491262.0,13127934000.0,13127934000.0,None
2016-03-10,'600388,龙净环保,12.35,12.68,12.33,12.54,12.54,-0.19,-1.5152,0.8789,9396327,117513193.0,13202767500.0,13202767500.0,None
2016-03-09,'600388,龙净环保,12.54,12.78,12.5,12.65,12.9,-0.36,-2.7907,1.0933,11687676,147254969.0,13405887000.0,13405887000.0,None
2016-03-08,'600388,龙净环保,12.9,13.05,12.4,13.05,13.05,-0.15,-1.1494,1.4989,16024426,203194254.0,13790745000.0,13790745000.0,None
2016-03-07,'600388,龙净环保,13.05,13.27,12.91,12.99,12.85,0.2,1.5564,1.567,16751999,219190966.0,13951102500.0,13951102500.0,None
2016-03-04,'600388,龙净环保,12.85,13.47,12.62,13.36,13.48,-0.63,-4.6736,2.7448,29343326,383598310.0,13737292500.0,13737292500.0,None
2016-03-03,'600388,龙净环保,13.48,13.68,12.96,13.05,13.17,0.31,2.3538,3.7992,40615433,540778497.0,14410794000.0,14410794000.0,None
2016-03-02,'600388,龙净环保,13.17,13.26,12.25,12.46,12.61,0.56,4.4409,3.6582,39107642,497600409.0,14079388500.0,14079388500.0,None
2016-03-01,'600388,龙净环保,12.61,12.72,12.1,12.4,12.37,0.24,1.9402,1.7523,18732881,233254422.0,13480720500.0,13480720500.0,None
2016-02-29,'600388,龙净环保,12.37,13.12,12.08,13.0,13.23,-0.86,-6.5004,2.1463,22944866,284854963.0,13224148500.0,13224148500.0,None
2016-02-26,'600388,龙净环保,13.23,13.44,12.52,12.98,12.75,0.48,3.7647,2.6414,28237509,365549601.0,14143531500.0,14143531500.0,None
2016-02-25,'600388,龙净环保,12.75,13.97,12.51,13.51,13.47,-0.72,-5.3452,4.2928,45892415,617133381.0,13630387500.0,13630387500.0,None
2016-02-24,'600388,龙净环保,13.47,13.54,13.13,13.35,13.43,0.04,0.2978,1.5446,16512309,220454165.0,14400103500.0,14400103500.0,None
2016-02-23,'600388,龙净环保,13.43,13.7,13.21,13.69,13.66,-0.23,-1.6837,1.6218,17338099,232990583.0,14357341500.0,14357341500.0,None
2016-02-22,'600388,龙净环保,13.66,13.78,13.52,13.75,13.49,0.17,1.2602,1.8638,19924426,271766876.0,14603223000.0,14603223000.0,None
2016-02-19,'600388,龙净环保,13.49,13.5,13.31,13.33,13.38,0.11,0.8221,1.3799,14751876,197833092.0,14421484500.0,14421484500.0,None
2016-02-18,'600388,龙净环保,13.38,13.64,13.33,13.5,13.6,-0.22,-1.6176,2.0983,22432019,302104844.0,14303889000.0,14303889000.0,None
2016-02-17,'600388,龙净环保,13.6,13.64,13.0,13.16,13.13,0.47,3.5796,2.5935,27726215,367315751.0,14539080000.0,14539080000.0,None
2016-02-16,'600388,龙净环保,13.13,13.2,12.55,12.58,12.46,0.67,5.3772,2.0421,21830616,281744776.0,14036626500.0,14036626500.0,None
2016-02-15,'600388,龙净环保,12.46,12.61,12.01,12.15,12.66,-0.2,-1.5798,1.1688,12495504,153456541.0,13320363000.0,13320363000.0,None
2016-02-05,'600388,龙净环保,12.66,12.94,12.64,12.8,12.76,-0.1,-0.7837,0.9661,10327669,131737504.0,13534173000.0,13534173000.0,None
2016-02-04,'600388,龙净环保,12.76,12.78,12.58,12.63,12.59,0.17,1.3503,1.2635,13507516,171604496.0,13641078000.0,13641078000.0,None
2016-02-03,'600388,龙净环保,12.59,12.69,12.3,12.5,12.68,-0.09,-0.7098,1.015,10850767,135272716.0,13459339500.0,13459339500.0,None
2016-02-02,'600388,龙净环保,12.68,12.72,12.25,12.29,12.29,0.39,3.1733,1.4232,15214371,191429532.0,13555554000.0,13555554000.0,None
2016-02-01,'600388,龙净环保,12.29,12.49,12.1,12.15,12.1,0.19,1.5702,1.4791,15812236,193568398.0,13138624500.0,13138624500.0,None
2016-01-29,'600388,龙净环保,12.1,12.25,11.62,11.72,11.66,0.44,3.7736,1.3204,14115928,169446631.0,12935505000.0,12935505000.0,None
2016-01-28,'600388,龙净环保,11.66,12.26,11.6,12.1,12.17,-0.51,-4.1906,0.9426,10076529,120330207.0,12465123000.0,12465123000.0,None
2016-01-27,'600388,龙净环保,12.17,12.45,11.52,12.35,12.24,-0.07,-0.5719,1.5385,16447554,197978809.0,13010338500.0,13010338500.0,None
2016-01-26,'600388,龙净环保,12.24,13.28,12.05,13.21,13.35,-1.11,-8.3146,1.8207,19464462,248028477.0,13085172000.0,13085172000.0,None
2016-01-25,'600388,龙净环保,13.35,13.57,13.26,13.38,13.26,0.09,0.6787,0.9695,10364438,139058828.0,14271817500.0,14271817500.0,None
2016-01-22,'600388,龙净环保,13.26,13.37,12.9,13.27,13.09,0.17,1.2987,1.1252,12028612,158719380.0,14175603000.0,14175603000.0,None
2016-01-21,'600388,龙净环保,13.09,13.82,13.05,13.5,13.77,-0.68,-4.9383,1.6929,18097558,244100584.0,13993864500.0,13993864500.0,None
2016-01-20,'600388,龙净环保,13.77,14.18,13.64,13.75,13.82,-0.05,-0.3618,2.1421,22900381,317417042.0,14720818500.0,14720818500.0,None
2016-01-19,'600388,龙净环保,13.82,13.85,13.17,13.37,13.4,0.42,3.1343,1.9198,20523187,278582148.0,14774271000.0,14774271000.0,None
2016-01-18,'600388,龙净环保,13.4,13.55,12.82,12.95,13.22,0.18,1.3616,1.3812,14765596,196507366.0,14325270000.0,14325270000.0,None
2016-01-15,'600388,龙净环保,13.22,13.76,13.06,13.7,13.72,-0.5,-3.6443,1.4045,15014867,201458608.0,14132841000.0,14132841000.0,None
2016-01-14,'600388,龙净环保,13.72,13.77,12.7,12.86,13.26,0.46,3.4691,1.4222,15203990,203864763.0,14667366000.0,14667366000.0,None
2016-01-13,'600388,龙净环保,13.26,13.97,13.2,13.89,13.65,-0.39,-2.8571,1.4482,15481765,212097064.0,14175603000.0,14175603000.0,None
2016-01-12,'600388,龙净环保,13.65,13.82,13.24,13.52,13.39,0.26,1.9417,1.5456,16522743,224106617.0,14592532500.0,14592532500.0,None
2016-01-11,'600388,龙净环保,13.39,14.49,13.2,14.1,14.38,-0.99,-6.8846,2.2008,23527557,326285093.0,14314579500.0,14314579500.0,None
2016-01-08,'600388,龙净环保,14.38,14.87,13.5,14.53,14.18,0.2,1.4104,2.1675,23171881,333188098.0,15372939000.0,15372939000.0,None
2016-01-07,'600388,龙净环保,14.18,15.39,14.1,15.39,15.59,-1.41,-9.0443,0.4191,4480450,66160562.0,15159129000.0,15159129000.0,None
2016-01-06,'600388,龙净环保,15.59,15.67,15.25,15.45,15.27,0.32,2.0956,1.4331,15320587,236544058.0,16666489500.0,16666489500.0,None
2016-01-05,'600388,龙净环保,15.27,15.87,14.8,15.0,15.67,-0.4,-2.5526,2.791,29837638,456557395.0,16324393500.0,16324393500.0,None
2016-01-04,'600388,龙净环保,15.67,17.35,15.61,17.28,17.28,-1.61,-9.3171,1.783,19061461,315984831.0,16752013500.0,16752013500.0,None
