日期,股票代码,名称,收盘价,最高价,最低价,开盘价,前收盘,涨跌额,涨跌幅,换手率,成交量,成交金额,总市值,流通市值,成交笔数
2016-10-12,'600888,新疆众和,7.94,8.1,7.83,8.03,8.05,-0.11,-1.3665,2.642,16941250,134247506.0,5091333423.68,5091333423.68,None
2016-10-11,'600888,新疆众和,8.05,8.13,8.01,8.13,8.14,-0.09,-1.1057,1.7135,10987139,88523388.0,5161868269.6,5161868269.6,None
2016-10-10,'600888,新疆众和,8.14,8.16,7.91,7.95,8.03,0.11,1.3699,2.5712,16487291,132879192.0,5219578598.08,5219578598.08,None
2016-09-30,'600888,新疆众和,8.03,8.1,7.66,7.74,7.72,0.31,4.0155,2.7241,17467784,138090665.0,5149043752.16,5149043752.16,None
2016-09-29,'600888,新疆众和,7.72,7.78,7.66,7.77,7.75,-0.03,-0.3871,1.1222,7195987,55489164.0,4950263731.84,4950263731.84,None
2016-09-28,'600888,新疆众和,7.75,7.84,7.58,7.63,7.64,0.11,1.4398,3.1743,20354446,157588714.0,4969500508.0,4969500508.0,None
2016-09-27,'600888,新疆众和,7.64,7.67,7.27,7.29,7.34,0.3,4.0872,2.3733,15218029,113642118.0,4898965662.08,4898965662.08,None
2016-09-26,'600888,新疆众和,7.34,7.5,7.31,7.46,7.48,-0.14,-1.8717,0.9712,6227431,46065209.0,4706597900.48,4706597900.48,None
2016-09-23,'600888,新疆众和,7.48,7.6,7.46,7.58,7.54,-0.06,-0.7958,0.6912,4432303,33350816.0,4796369522.56,4796369522.56,None
2016-09-22,'600888,新疆众和,7.54,7.63,7.53,7.57,7.54,0.0,0.0,0.81,5193762,39420184.0,4834843074.88,4834843074.88,None
2016-09-21,'600888,新疆众和,7.54,7.6,7.46,7.5,7.49,0.05,0.6676,0.9553,6125714,46232348.0,4834843074.88,4834843074.88,None
2016-09-20,'600888,新疆众和,7.49,7.55,7.45,7.53,7.53,-0.04,-0.5312,0.7243,4644341,34760653.0,4802781781.28,4802781781.28,None
2016-09-19,'600888,新疆众和,7.53,7.54,7.44,7.45,7.47,0.06,0.8032,0.7535,4831898,36247152.0,4828430816.16,4828430816.16,None
2016-09-14,'600888,新疆众和,7.47,7.48,7.31,7.37,7.42,0.05,0.6739,1.117,7162747,53052668.0,4789957263.84,4789957263.84,None
2016-09-13,'600888,新疆众和,7.42,7.44,7.34,7.4,7.34,0.08,1.0899,1.1057,7089717,52358495.0,4757895970.24,4757895970.24,None
2016-09-12,'600888,新疆众和,7.34,7.58,7.3,7.55,7.72,-0.38,-4.9223,2.2128,14189172,105650125.0,4706597900.48,4706597900.48,None
2016-09-09,'600888,新疆众和,7.72,7.94,7.7,7.9,7.95,-0.23,-2.8931,2.0593,13204557,103371893.0,4950263731.84,4950263731.84,None
2016-09-08,'600888,新疆众和,7.95,7.96,7.72,7.78,7.81,0.14,1.7926,2.6405,16931532,132624449.0,5097745682.4,5097745682.4,None
2016-09-07,'600888,新疆众和,7.81,8.04,7.77,7.9,7.92,-0.11,-1.3889,3.0213,19373125,153840790.0,5007974060.32,5007974060.32,None
2016-09-06,'600888,新疆众和,7.92,7.93,7.65,7.76,7.81,0.11,1.4085,2.4778,15888550,123871390.0,5078508906.24,5078508906.24,None
2016-09-05,'600888,新疆众和,7.81,7.97,7.72,7.87,7.81,0.0,0.0,2.7029,17331857,136084188.0,5007974060.32,5007974060.32,None
2016-09-02,'600888,新疆众和,7.81,7.86,7.66,7.7,7.72,0.09,1.1658,2.836,18184910,141353488.0,5007974060.32,5007974060.32,None
2016-09-01,'600888,新疆众和,7.72,7.84,7.57,7.64,7.69,0.03,0.3901,2.8643,18366844,141453305.0,4950263731.84,4950263731.84,None
2016-08-31,'600888,新疆众和,7.69,7.7,7.44,7.51,7.53,0.16,2.1248,3.1299,20070017,152260677.0,4931026955.68,4931026955.68,None
2016-08-30,'600888,新疆众和,7.53,7.54,7.44,7.5,7.49,0.04,0.534,0.8954,5741748,43012795.0,4828430816.16,4828430816.16,None
2016-08-29,'600888,新疆众和,7.49,7.57,7.43,7.47,7.45,0.04,0.5369,0.9739,6244731,46789249.0,4802781781.28,4802781781.28,None
2016-08-26,'600888,新疆众和,7.45,7.62,7.42,7.49,7.5,-0.05,-0.6667,1.1197,7179773,53947023.0,4777132746.4,4777132746.4,None
2016-08-25,'600888,新疆众和,7.5,7.55,7.39,7.55,7.6,-0.1,-1.3158,0.961,6162242,45970174.0,4809194040.0,4809194040.0,None
2016-08-24,'600888,新疆众和,7.6,7.71,7.59,7.66,7.69,-0.09,-1.1704,0.8118,5205225,39778809.0,4873316627.2,4873316627.2,None
2016-08-23,'600888,新疆众和,7.69,7.75,7.5,7.56,7.5,0.19,2.5333,1.5921,10208814,77841926.0,4931026955.68,4931026955.68,None
2016-08-22,'600888,新疆众和,7.5,7.67,7.5,7.66,7.69,-0.19,-2.4707,0.8024,5145068,38952336.0,4809194040.0,4809194040.0,None
2016-08-19,'600888,新疆众和,7.69,7.7,7.52,7.62,7.6,0.09,1.1842,1.1461,7349035,55989665.0,4931026955.68,4931026955.68,None
2016-08-18,'600888,新疆众和,7.6,7.7,7.56,7.63,7.68,-0.08,-1.0417,1.2274,7870717,59971954.0,4873316627.2,4873316627.2,None
2016-08-17,'600888,新疆众和,7.68,7.72,7.46,7.57,7.57,0.11,1.4531,1.9334,12397630,94509906.0,4924614696.96,4924614696.96,None
2016-08-16,'600888,新疆众和,7.57,7.65,7.44,7.53,7.53,0.04,0.5312,1.5376,9859660,74190918.0,4854079851.04,4854079851.04,None
2016-08-15,'600888,新疆众和,7.53,7.57,7.27,7.31,7.31,0.22,3.0096,1.556,9977701,74054591.0,4828430816.16,4828430816.16,None
2016-08-12,'600888,新疆众和,7.31,7.34,7.13,7.17,7.17,0.14,1.9526,0.7601,4873668,35294472.0,4687361124.32,4687361124.32,None
2016-08-11,'600888,新疆众和,7.17,7.3,7.17,7.28,7.32,-0.15,-2.0492,0.8624,5529720,39988941.0,4597589502.24,4597589502.24,None
2016-08-10,'600888,新疆众和,7.32,7.41,7.28,7.32,7.33,-0.01,-0.1364,0.9599,6154866,45239820.0,4693773383.04,4693773383.04,None
2016-08-09,'600888,新疆众和,7.33,7.37,7.29,7.31,7.37,-0.04,-0.5427,0.9178,5885401,43111282.0,4700185641.76,4700185641.76,None
2016-08-08,'600888,新疆众和,7.37,7.39,7.15,7.21,7.32,0.05,0.6831,1.0811,6932598,50400099.0,4725834676.64,4725834676.64,None
2016-08-05,'600888,新疆众和,7.32,7.34,7.14,7.16,7.18,0.14,1.9499,1.2975,8320005,60228874.0,4693773383.04,4693773383.04,None
2016-08-04,'600888,新疆众和,7.18,7.19,7.06,7.12,7.14,0.04,0.5602,0.7056,4524175,32231278.0,4604001760.96,4604001760.96,None
2016-08-03,'600888,新疆众和,7.14,7.14,7.04,7.09,7.13,0.01,0.1403,0.7053,4522313,32066148.0,4578352726.08,4578352726.08,None
2016-08-02,'600888,新疆众和,7.13,7.15,7.04,7.07,7.03,0.1,1.4225,0.576,3693661,26184731.0,4571940467.36,4571940467.36,None
2016-08-01,'600888,新疆众和,7.03,7.13,6.97,7.12,7.13,-0.1,-1.4025,0.9516,6101702,42880063.0,4507817880.16,4507817880.16,None
2016-07-29,'600888,新疆众和,7.13,7.24,7.12,7.2,7.25,-0.12,-1.6552,0.8109,5199931,37260290.0,4571940467.36,4571940467.36,None
2016-07-28,'600888,新疆众和,7.25,7.28,7.11,7.22,7.24,0.01,0.1381,0.9816,6294323,45453412.0,4648887572.0,4648887572.0,None
2016-07-27,'600888,新疆众和,7.24,7.69,7.18,7.69,7.69,-0.45,-5.8518,2.0697,13271324,97995394.0,4642475313.28,4642475313.28,None
2016-07-26,'600888,新疆众和,7.69,7.69,7.61,7.67,7.67,0.02,0.2608,1.1982,7683018,58813925.0,4931026955.68,4931026955.68,None
2016-07-25,'600888,新疆众和,7.67,7.72,7.43,7.47,7.48,0.19,2.5401,1.564,10029046,76302021.0,4918202438.24,4918202438.24,None
2016-07-22,'600888,新疆众和,7.48,7.55,7.44,7.55,7.53,-0.05,-0.664,0.7802,5002747,37459462.0,4796369522.56,4796369522.56,None
2016-07-21,'600888,新疆众和,7.53,7.6,7.47,7.47,7.49,0.04,0.534,0.9993,6407559,48330305.0,4828430816.16,4828430816.16,None
2016-07-20,'600888,新疆众和,7.49,7.57,7.47,7.54,7.56,-0.07,-0.9259,0.8635,5536671,41608672.0,4802781781.28,4802781781.28,None
2016-07-19,'600888,新疆众和,7.56,7.58,7.43,7.5,7.5,0.06,0.8,0.9465,6069294,45558449.0,4847667592.32,4847667592.32,None
2016-07-18,'600888,新疆众和,7.5,7.59,7.44,7.55,7.56,-0.06,-0.7937,1.1671,7483437,56259373.0,4809194040.0,4809194040.0,None
2016-07-15,'600888,新疆众和,7.56,7.65,7.54,7.63,7.62,-0.06,-0.7874,1.2291,7881303,59693293.0,4847667592.32,4847667592.32,None
2016-07-14,'600888,新疆众和,7.62,7.76,7.55,7.74,7.74,-0.12,-1.5504,1.7215,11038704,83945762.0,4886141144.64,4886141144.64,None
2016-07-13,'600888,新疆众和,7.74,7.89,7.68,7.76,7.77,-0.03,-0.3861,2.6106,16739925,129666494.0,4963088249.28,4963088249.28,None
2016-07-12,'600888,新疆众和,7.77,7.83,7.53,7.65,7.6,0.17,2.2368,2.2712,14563558,112217090.0,4982325025.44,4982325025.44,None
2016-07-11,'600888,新疆众和,7.6,7.85,7.53,7.53,7.53,0.07,0.9296,2.9352,18821395,145242661.0,4873316627.2,4873316627.2,None
2016-07-08,'600888,新疆众和,7.53,7.62,7.47,7.6,7.66,-0.13,-1.6971,1.9737,12656027,95482820.0,4828430816.16,4828430816.16,None
2016-07-07,'600888,新疆众和,7.66,7.95,7.42,7.45,7.48,0.18,2.4064,4.4113,28286523,217821952.0,4911790179.52,4911790179.52,None
2016-07-06,'600888,新疆众和,7.48,7.55,7.28,7.32,7.37,0.11,1.4925,2.2874,14667652,109099057.0,4796369522.56,4796369522.56,None
2016-07-05,'600888,新疆众和,7.37,7.42,7.25,7.34,7.38,-0.01,-0.1355,2.0508,13149953,96461324.0,4725834676.64,4725834676.64,None
2016-07-04,'600888,新疆众和,7.38,7.46,7.1,7.12,7.11,0.27,3.7975,3.0181,19352858,142469684.0,4732246935.36,4732246935.36,None
2016-07-01,'600888,XD新疆众,7.11,7.2,7.08,7.1,7.1,0.01,0.1408,1.04,6668556,47518467.0,4559115949.92,4559115949.92,None
2016-06-30,'600888,新疆众和,7.12,7.13,7.0,7.09,7.09,0.03,0.4231,0.9731,6239991,44192266.0,4565528208.64,4565528208.64,None
2016-06-29,'600888,新疆众和,7.09,7.15,7.06,7.06,7.07,0.02,0.2829,1.203,7714257,54814313.0,4546291432.48,4546291432.48,None
2016-06-28,'600888,新疆众和,7.07,7.07,6.95,6.98,6.99,0.08,1.1445,1.324,8490148,59555302.0,4533466915.04,4533466915.04,None
2016-06-27,'600888,新疆众和,6.99,7.04,6.81,6.81,6.89,0.1,1.4514,1.0025,6428140,44843691.0,4482168845.28,4482168845.28,None
2016-06-24,'600888,新疆众和,6.89,7.15,6.43,7.1,7.1,-0.21,-2.9577,1.5745,10096225,70109011.0,4418046258.08,4418046258.08,None
2016-06-23,'600888,新疆众和,7.1,7.25,7.05,7.24,7.22,-0.12,-1.662,1.1668,7481572,53269239.0,4552703691.2,4552703691.2,None
2016-06-22,'600888,新疆众和,7.22,7.26,7.02,7.05,7.04,0.18,2.5568,1.3981,8965163,64465996.0,4629650795.84,4629650795.84,None
2016-06-21,'600888,新疆众和,7.04,7.26,7.0,7.23,7.25,-0.21,-2.8966,1.1843,7594346,54150150.0,4514230138.88,4514230138.88,None
2016-06-20,'600888,新疆众和,7.25,7.27,7.02,7.22,7.24,0.01,0.1381,1.7637,11309225,80564688.0,4648887572.0,4648887572.0,None
2016-06-17,'600888,新疆众和,7.24,7.5,6.99,7.03,7.03,0.21,2.9872,3.0107,19305265,140771157.0,4642475313.28,4642475313.28,None
2016-06-16,'600888,新疆众和,7.03,7.04,6.92,6.95,6.97,0.06,0.8608,1.2484,8005145,55901163.0,4507817880.16,4507817880.16,None
2016-06-15,'600888,新疆众和,6.97,6.99,6.62,6.66,6.71,0.26,3.8748,1.4859,9527842,65675752.0,4469344327.84,4469344327.84,None
2016-06-14,'600888,新疆众和,6.71,6.74,6.63,6.67,6.68,0.03,0.4491,0.6696,4293835,28675723.0,4302625601.12,4302625601.12,None
2016-06-13,'600888,新疆众和,6.68,6.9,6.67,6.88,6.95,-0.27,-3.8849,1.0865,6966786,47339465.0,4283388824.96,4283388824.96,None
2016-06-08,'600888,新疆众和,6.95,7.01,6.89,7.0,7.03,-0.08,-1.138,0.8354,5356895,37249008.0,4456519810.4,4456519810.4,None
2016-06-07,'600888,新疆众和,7.03,7.07,6.98,7.05,7.05,-0.02,-0.2837,0.8138,5218011,36619182.0,4507817880.16,4507817880.16,None
2016-06-06,'600888,新疆众和,7.05,7.09,7.0,7.06,7.05,0.0,0.0,0.8841,5669113,39944807.0,4520642397.6,4520642397.6,None
2016-06-03,'600888,新疆众和,7.05,7.12,6.97,7.1,7.1,-0.05,-0.7042,1.2676,8128213,57159555.0,4520642397.6,4520642397.6,None
2016-06-02,'600888,新疆众和,7.1,7.12,6.99,7.0,7.0,0.1,1.4286,1.665,10676209,75331614.0,4552703691.2,4552703691.2,None
2016-06-01,'600888,新疆众和,7.0,7.07,6.86,6.9,6.9,0.1,1.4493,1.7779,11400091,79625403.0,4488581104.0,4488581104.0,None
2016-05-31,'600888,新疆众和,6.9,6.92,6.64,6.64,6.64,0.26,3.9157,1.3564,8697853,59450276.0,4424458516.8,4424458516.8,None
2016-05-30,'600888,新疆众和,6.64,6.79,6.54,6.68,6.72,-0.08,-1.1905,0.8057,5166236,34515877.0,4257739790.08,4257739790.08,None
2016-05-27,'600888,新疆众和,6.72,6.78,6.7,6.78,6.75,-0.03,-0.4444,0.585,3751172,25293094.0,4309037859.84,4309037859.84,None
2016-05-26,'600888,新疆众和,6.75,6.78,6.55,6.73,6.71,0.04,0.5961,0.6774,4343384,28909778.0,4328274636.0,4328274636.0,None
2016-05-25,'600888,新疆众和,6.71,6.9,6.7,6.78,6.72,-0.01,-0.1488,0.6302,4040878,27493188.0,4302625601.12,4302625601.12,None
2016-05-24,'600888,新疆众和,6.72,6.85,6.68,6.81,6.85,-0.13,-1.8978,0.5307,3403251,22939727.0,4309037859.84,4309037859.84,None
2016-05-23,'600888,新疆众和,6.85,6.89,6.73,6.76,6.76,0.09,1.3314,0.5762,3695000,25274238.0,4392397223.2,4392397223.2,None
2016-05-20,'600888,新疆众和,6.76,6.76,6.6,6.66,6.69,0.07,1.0463,0.4934,3163795,21201149.0,4334686894.72,4334686894.72,None
2016-05-19,'600888,新疆众和,6.69,6.82,6.66,6.67,6.67,0.02,0.2999,0.6885,4414986,29768157.0,4289801083.68,4289801083.68,None
2016-05-18,'600888,新疆众和,6.67,6.97,6.58,6.92,7.0,-0.33,-4.7143,1.3294,8524249,57523355.0,4276976566.24,4276976566.24,None
2016-05-17,'600888,新疆众和,7.0,7.1,6.99,7.08,7.08,-0.08,-1.1299,0.7808,5006372,35240339.0,4488581104.0,4488581104.0,None
2016-05-16,'600888,新疆众和,7.08,7.08,6.85,6.94,6.96,0.12,1.7241,0.7982,5117960,35734155.0,4539879173.76,4539879173.76,None
2016-05-13,'600888,新疆众和,6.96,7.1,6.91,7.01,7.09,-0.13,-1.8336,0.7479,4795779,33614250.0,4462932069.12,4462932069.12,None
2016-05-12,'600888,新疆众和,7.09,7.1,6.73,6.9,6.98,0.11,1.5759,1.2182,7811303,53797638.0,4546291432.48,4546291432.48,None
2016-05-11,'600888,新疆众和,6.98,7.15,6.89,6.98,6.91,0.07,1.013,1.6796,10769858,75771062.0,4475756586.56,4475756586.56,None
2016-05-10,'600888,新疆众和,6.91,7.05,6.9,7.0,7.01,-0.1,-1.4265,1.2809,8213328,57159520.0,4430870775.52,4430870775.52,None
2016-05-09,'600888,新疆众和,7.01,7.25,7.0,7.24,7.34,-0.33,-4.4959,2.3068,14791990,105088945.0,4494993362.72,4494993362.72,None
2016-05-06,'600888,新疆众和,7.34,7.91,7.32,7.9,7.91,-0.57,-7.2061,3.1514,20207696,153743794.0,4706597900.48,4706597900.48,None
2016-05-05,'600888,新疆众和,7.91,7.98,7.6,7.67,7.66,0.25,3.2637,3.006,19275311,150448895.0,5072096647.52,5072096647.52,None
2016-05-04,'600888,新疆众和,7.66,7.73,7.56,7.56,7.65,0.01,0.1307,2.505,16062571,122977047.0,4911790179.52,4911790179.52,None
2016-05-03,'600888,新疆众和,7.65,7.66,7.28,7.34,7.34,0.31,4.2234,2.6974,17296217,130207787.0,4905377920.8,4905377920.8,None
2016-04-29,'600888,新疆众和,7.34,7.39,7.2,7.26,7.29,0.05,0.6859,1.175,7534547,55206882.0,4706597900.48,4706597900.48,None
2016-04-28,'600888,新疆众和,7.29,7.43,7.09,7.42,7.43,-0.14,-1.8843,2.0198,12951659,93672903.0,4674536606.88,4674536606.88,None
2016-04-27,'600888,新疆众和,7.43,7.63,7.39,7.51,7.5,-0.07,-0.9333,2.0962,13441526,101029354.0,4764308228.96,4764308228.96,None
2016-04-26,'600888,新疆众和,7.5,7.56,7.35,7.48,7.5,0.0,0.0,1.8254,11705049,87397557.0,4809194040.0,4809194040.0,None
2016-04-25,'600888,新疆众和,7.5,7.51,7.14,7.23,7.27,0.23,3.1637,1.9277,12361110,90649597.0,4809194040.0,4809194040.0,None
2016-04-22,'600888,新疆众和,7.27,7.28,7.01,7.15,7.26,0.01,0.1377,1.5725,10083327,72119207.0,4661712089.44,4661712089.44,None
2016-04-21,'600888,新疆众和,7.26,7.48,7.09,7.09,7.16,0.1,1.3966,2.66,17056331,124559118.0,4655299830.72,4655299830.72,None
2016-04-20,'600888,新疆众和,7.16,7.66,7.0,7.66,7.59,-0.43,-5.6653,2.8004,17957167,131124790.0,4591177243.52,4591177243.52,None
2016-04-19,'600888,新疆众和,7.59,7.66,7.47,7.48,7.45,0.14,1.8792,1.8234,11691882,88525463.0,4866904368.48,4866904368.48,None
2016-04-18,'600888,新疆众和,7.45,7.57,7.36,7.57,7.58,-0.13,-1.715,1.9293,12371241,92076394.0,4777132746.4,4777132746.4,None
2016-04-15,'600888,新疆众和,7.58,7.66,7.52,7.66,7.67,-0.09,-1.1734,1.9055,12218428,92748191.0,4860492109.76,4860492109.76,None
2016-04-14,'600888,新疆众和,7.67,7.69,7.47,7.61,7.65,0.02,0.2614,3.1238,20030383,151846588.0,4918202438.24,4918202438.24,None
2016-04-13,'600888,新疆众和,7.65,7.75,7.37,7.37,7.28,0.37,5.0824,5.2319,33548132,254807562.0,4905377920.8,4905377920.8,None
2016-04-12,'600888,新疆众和,7.28,7.31,7.11,7.2,7.22,0.06,0.831,2.4648,15805151,114302848.0,4668124348.16,4668124348.16,None
2016-04-11,'600888,新疆众和,7.22,7.26,7.09,7.09,7.06,0.16,2.2663,1.6642,10671514,76855787.0,4629650795.84,4629650795.84,None
2016-04-08,'600888,新疆众和,7.06,7.12,6.97,7.11,7.13,-0.07,-0.9818,1.721,11035769,77539993.0,4527054656.32,4527054656.32,None
2016-04-07,'600888,新疆众和,7.13,7.29,7.12,7.26,7.26,-0.13,-1.7906,1.7575,11269353,81019882.0,4571940467.36,4571940467.36,None
2016-04-06,'600888,新疆众和,7.26,7.35,7.17,7.29,7.32,-0.06,-0.8197,1.7605,11288853,81907886.0,4655299830.72,4655299830.72,None
2016-04-05,'600888,新疆众和,7.32,7.36,7.1,7.19,7.18,0.14,1.9499,2.4107,15457772,112100289.0,4693773383.04,4693773383.04,None
2016-04-01,'600888,新疆众和,7.18,7.18,7.0,7.09,7.09,0.09,1.2694,2.1041,13492163,95805004.0,4604001760.96,4604001760.96,None
2016-03-31,'600888,新疆众和,7.09,7.13,7.03,7.12,7.08,0.01,0.1412,1.7676,11334550,80286990.0,4546291432.48,4546291432.48,None
2016-03-30,'600888,新疆众和,7.08,7.13,6.93,6.94,6.88,0.2,2.907,1.7637,11309505,79507581.0,4539879173.76,4539879173.76,None
2016-03-29,'600888,新疆众和,6.88,6.95,6.79,6.95,6.92,-0.04,-0.578,1.6098,10322316,70802949.0,4411633999.36,4411633999.36,None
2016-03-28,'600888,新疆众和,6.92,7.13,6.89,7.03,7.01,-0.09,-1.2839,1.7508,11226280,79021781.0,4437283034.24,4437283034.24,None
2016-03-25,'600888,新疆众和,7.01,7.01,6.87,6.88,6.91,0.1,1.4472,1.2077,7743921,53718223.0,4494993362.72,4494993362.72,None
2016-03-24,'600888,新疆众和,6.91,7.06,6.9,7.05,7.11,-0.2,-2.8129,1.7016,10910927,76154952.0,4430870775.52,4430870775.52,None
2016-03-23,'600888,新疆众和,7.11,7.16,7.0,7.0,7.04,0.07,0.9943,2.0161,12927477,91595887.0,4559115949.92,4559115949.92,None
2016-03-22,'600888,新疆众和,7.04,7.14,6.98,7.04,7.1,-0.06,-0.8451,2.3301,14941289,105563850.0,4514230138.88,4514230138.88,None
2016-03-21,'600888,新疆众和,7.1,7.1,6.96,6.98,6.96,0.14,2.0115,2.9906,19176289,134836840.0,4552703691.2,4552703691.2,None
2016-03-18,'600888,新疆众和,6.96,7.04,6.77,6.78,6.75,0.21,3.1111,3.0284,19418608,134667615.0,4462932069.12,4462932069.12,None
2016-03-17,'600888,新疆众和,6.75,6.78,6.59,6.61,6.55,0.2,3.0534,1.6332,10472716,70276298.0,4328274636.0,4328274636.0,None
2016-03-16,'600888,新疆众和,6.55,6.74,6.5,6.72,6.65,-0.1,-1.5038,1.1101,7118287,47092817.0,4200029461.6,4200029461.6,None
2016-03-15,'600888,新疆众和,6.65,6.77,6.58,6.77,6.79,-0.14,-2.0619,1.4088,9033394,60270788.0,4264152048.8,4264152048.8,None
2016-03-14,'600888,新疆众和,6.79,6.9,6.6,6.63,6.56,0.23,3.5061,1.7272,11075227,75145858.0,4353923670.88,4353923670.88,None
2016-03-11,'600888,新疆众和,6.56,6.64,6.4,6.5,6.54,0.02,0.3058,1.1271,7227465,47148408.0,4206441720.32,4206441720.32,None
2016-03-10,'600888,新疆众和,6.54,6.84,6.5,6.8,6.79,-0.25,-3.6819,1.4298,9168044,61264943.0,4193617202.88,4193617202.88,None
2016-03-09,'600888,新疆众和,6.79,6.98,6.7,6.89,7.17,-0.38,-5.2999,2.4867,15945238,108774477.0,4353923670.88,4353923670.88,None
2016-03-08,'600888,新疆众和,7.17,7.21,6.71,7.13,7.02,0.15,2.1368,3.9007,25012136,175500067.0,4597589502.24,4597589502.24,None
2016-03-07,'600888,新疆众和,7.02,7.14,6.86,7.11,6.8,0.22,3.2353,2.706,17351659,121322768.0,4501405621.44,4501405621.44,None
2016-03-04,'600888,新疆众和,6.8,7.15,6.63,6.91,6.9,-0.1,-1.4493,3.1323,20084942,139668225.0,4360335929.6,4360335929.6,None
2016-03-03,'600888,新疆众和,6.9,7.16,6.82,6.88,6.82,0.08,1.173,3.7056,23761171,166137826.0,4424458516.8,4424458516.8,None
2016-03-02,'600888,新疆众和,6.82,6.89,6.24,6.25,6.29,0.53,8.4261,2.9994,19232858,126997646.0,4373160447.04,4373160447.04,None
2016-03-01,'600888,新疆众和,6.29,6.34,6.05,6.1,6.1,0.19,3.1148,2.0475,13128928,81713581.0,4033310734.88,4033310734.88,None
2016-02-29,'600888,新疆众和,6.1,6.43,5.9,6.42,6.35,-0.25,-3.937,2.0971,13446951,81955135.0,3911477819.2,3911477819.2,None
2016-02-26,'600888,新疆众和,6.35,6.42,6.18,6.32,6.27,0.08,1.2759,1.6376,10500572,66315946.0,4071784287.2,4071784287.2,None
2016-02-25,'600888,新疆众和,6.27,6.92,6.24,6.89,6.93,-0.66,-9.5238,2.2437,14387205,94313439.0,4020486217.44,4020486217.44,None
2016-02-24,'600888,新疆众和,6.93,6.98,6.75,6.9,6.94,-0.01,-0.1441,1.6279,10438419,71577264.0,4443695292.96,4443695292.96,None
2016-02-23,'600888,新疆众和,6.94,7.03,6.83,6.92,6.95,-0.01,-0.1439,1.6726,10724965,74291414.0,4450107551.68,4450107551.68,None
2016-02-22,'600888,新疆众和,6.95,7.02,6.83,6.85,6.79,0.16,2.3564,1.6997,10898770,75602959.0,4456519810.4,4456519810.4,None
2016-02-19,'600888,新疆众和,6.79,6.79,6.66,6.73,6.78,0.01,0.1475,1.1401,7310735,49163575.0,4353923670.88,4353923670.88,None
2016-02-18,'600888,新疆众和,6.78,6.96,6.7,6.77,6.71,0.07,1.0432,2.1563,13827003,93879902.0,4347511412.16,4347511412.16,None
2016-02-17,'600888,新疆众和,6.71,6.76,6.6,6.66,6.72,-0.01,-0.1488,1.6318,10463677,69961800.0,4302625601.12,4302625601.12,None
2016-02-16,'600888,新疆众和,6.72,6.79,6.54,6.54,6.58,0.14,2.1277,1.6166,10366117,69394619.0,4309037859.84,4309037859.84,None
2016-02-15,'600888,新疆众和,6.58,6.68,6.11,6.22,6.39,0.19,2.9734,1.3555,8691776,55930092.0,4219266237.76,4219266237.76,None
2016-02-05,'600888,新疆众和,6.39,6.65,6.38,6.53,6.53,-0.14,-2.144,1.2365,7928972,51629748.0,4097433322.08,4097433322.08,None
2016-02-04,'600888,新疆众和,6.53,6.63,6.35,6.39,6.3,0.23,3.6508,1.7936,11501040,74932529.0,4187204944.16,4187204944.16,None
2016-02-03,'600888,新疆众和,6.3,6.33,6.1,6.13,6.19,0.11,1.7771,1.3101,8400785,52242748.0,4039722993.6,4039722993.6,None
2016-02-02,'600888,新疆众和,6.19,6.25,5.97,5.97,5.96,0.23,3.8591,1.2278,7872955,48459419.0,3969188147.68,3969188147.68,None
2016-02-01,'600888,新疆众和,5.96,6.12,5.87,6.07,6.08,-0.12,-1.9737,1.0323,6619366,39698476.0,3821706197.12,3821706197.12,None
2016-01-29,'600888,新疆众和,6.08,6.14,5.88,5.88,5.86,0.22,3.7543,1.1042,7080713,42752044.0,3898653301.76,3898653301.76,None
2016-01-28,'600888,新疆众和,5.86,6.17,5.8,6.1,6.15,-0.29,-4.7154,1.1727,7519879,45337911.0,3757583609.92,3757583609.92,None
2016-01-27,'600888,新疆众和,6.15,6.28,5.8,6.26,6.16,-0.01,-0.1623,1.668,10695652,65067103.0,3943539112.8,3943539112.8,None
2016-01-26,'600888,新疆众和,6.16,6.84,6.09,6.64,6.71,-0.55,-8.1967,1.8005,11544987,75537158.0,3949951371.52,3949951371.52,None
2016-01-25,'600888,新疆众和,6.71,6.8,6.65,6.71,6.65,0.06,0.9023,1.0514,6741539,45299068.0,4302625601.12,4302625601.12,None
2016-01-22,'600888,新疆众和,6.65,6.66,6.4,6.63,6.48,0.17,2.6235,1.1535,7396693,48599361.0,4264152048.8,4264152048.8,None
2016-01-21,'600888,新疆众和,6.48,6.76,6.47,6.59,6.68,-0.2,-2.994,1.2979,8322615,55241222.0,4155143650.56,4155143650.56,None
2016-01-20,'600888,新疆众和,6.68,6.83,6.59,6.72,6.78,-0.1,-1.4749,1.408,9028482,60585221.0,4283388824.96,4283388824.96,None
2016-01-19,'600888,新疆众和,6.78,6.79,6.44,6.51,6.51,0.27,4.1475,1.6843,10799997,71778662.0,4347511412.16,4347511412.16,None
2016-01-18,'600888,新疆众和,6.51,6.62,6.2,6.28,6.41,0.1,1.5601,1.3489,8649277,56018984.0,4174380426.72,4174380426.72,None
2016-01-15,'600888,新疆众和,6.41,6.89,6.35,6.86,6.92,-0.51,-7.3699,1.7994,11538200,76580495.0,4110257839.52,4110257839.52,None
2016-01-14,'600888,新疆众和,6.92,6.97,6.39,6.4,6.77,0.15,2.2157,1.6462,10555943,70792614.0,4437283034.24,4437283034.24,None
2016-01-13,'600888,新疆众和,6.77,7.16,6.75,7.1,7.05,-0.28,-3.9716,1.6126,10340403,72494051.0,4341099153.44,4341099153.44,None
2016-01-12,'600888,新疆众和,7.05,7.27,6.84,7.03,7.18,-0.13,-1.8106,2.39,15325428,107993229.0,4520642397.6,4520642397.6,None
2016-01-11,'600888,新疆众和,7.18,7.89,7.17,7.58,7.54,-0.36,-4.7745,3.8089,24423920,184691319.0,4604001760.96,4604001760.96,None
2016-01-08,'600888,新疆众和,7.54,7.71,7.05,7.51,7.35,0.19,2.585,2.8441,18236801,136398963.0,4834843074.88,4834843074.88,None
2016-01-07,'600888,新疆众和,7.35,8.01,7.34,7.99,8.15,-0.8,-9.816,0.6437,4127600,31630844.0,4713010159.2,4713010159.2,None
2016-01-06,'600888,新疆众和,8.15,8.19,7.86,7.88,7.88,0.27,3.4264,2.2929,14702603,118375564.0,5225990856.8,5225990856.8,None
2016-01-05,'600888,新疆众和,7.88,8.06,7.47,7.55,7.91,-0.03,-0.3793,2.5308,16228392,126339671.0,5052859871.36,5052859871.36,None
2016-01-04,'600888,新疆众和,7.91,8.76,7.91,8.7,8.79,-0.88,-10.0114,2.1926,14059297,117421708.0,5072096647.52,5072096647.52,None
