日期,股票代码,名称,收盘价,最高价,最低价,开盘价,前收盘,涨跌额,涨跌幅,换手率,成交量,成交金额,总市值,流通市值,成交笔数
2016-10-12,'600479,千金药业,16.51,16.62,16.45,16.5,16.61,-0.1,-0.602,0.688,2097073,34651089.0,5757960420.81,5032564992.0,None
2016-10-11,'600479,千金药业,16.61,16.72,16.32,16.43,16.43,0.18,1.0956,1.3871,4228208,69917220.0,5792836013.91,5063046912.0,None
2016-10-10,'600479,千金药业,16.43,16.5,15.93,15.98,15.84,0.59,3.7247,1.4895,4540133,73988477.0,5730059946.33,5008179456.0,None
2016-09-30,'600479,千金药业,15.84,15.94,15.75,15.8,15.84,0.0,0.0,0.3197,974450,15448689.0,5524293947.04,4828336128.0,None
2016-09-29,'600479,千金药业,15.84,15.91,15.72,15.83,15.82,0.02,0.1264,0.4991,1521380,24121288.0,5524293947.04,4828336128.0,None
2016-09-28,'600479,千金药业,15.82,15.92,15.57,15.81,15.76,0.06,0.3807,0.6384,1946008,30613148.0,5517318828.42,4822239744.0,None
2016-09-27,'600479,千金药业,15.76,15.86,15.53,15.77,15.77,-0.01,-0.0634,1.0009,3051068,47775302.0,5496393472.56,4803950592.0,None
2016-09-26,'600479,千金药业,15.77,16.32,15.7,16.27,16.29,-0.52,-3.1921,0.8047,2453001,39317302.0,5499881031.87,4806998784.0,None
2016-09-23,'600479,千金药业,16.29,16.47,16.16,16.25,16.18,0.11,0.6799,1.1936,3638273,59467535.0,5681234115.99,4965504768.0,None
2016-09-22,'600479,千金药业,16.18,16.39,16.14,16.31,16.26,-0.08,-0.492,1.0327,3147942,51118107.0,5642870963.58,4931974656.0,None
2016-09-21,'600479,千金药业,16.26,16.31,16.11,16.24,16.2,0.06,0.3704,0.6084,1854560,30145194.0,5670771438.06,4956360192.0,None
2016-09-20,'600479,千金药业,16.2,16.22,16.06,16.12,16.12,0.08,0.4963,0.6468,1971531,31829702.0,5649846082.2,4938071040.0,None
2016-09-19,'600479,千金药业,16.12,16.22,15.99,16.11,16.08,0.04,0.2488,0.7929,2416938,38911605.0,5621945607.72,4913685504.0,None
2016-09-14,'600479,千金药业,16.08,16.37,15.99,16.21,16.35,-0.27,-1.6514,1.0796,3290761,53207700.0,5607995370.48,4901492736.0,None
2016-09-13,'600479,千金药业,16.35,16.73,16.07,16.7,16.65,-0.3,-1.8018,1.7825,5433431,88540565.0,5702159471.85,4983793920.0,None
2016-09-12,'600479,千金药业,16.65,16.84,16.13,16.5,16.67,-0.02,-0.12,1.5297,4662853,77060487.0,5806786251.15,5075239680.0,None
2016-09-09,'600479,千金药业,16.67,17.0,16.58,16.75,16.78,-0.11,-0.6555,1.4397,4388528,73495875.0,5813761369.77,5081336064.0,None
2016-09-08,'600479,千金药业,16.78,17.04,16.69,17.04,17.02,-0.24,-1.4101,1.1017,3358337,56513438.0,5852124522.18,5114866176.0,None
2016-09-07,'600479,千金药业,17.02,17.06,16.83,17.05,17.04,-0.02,-0.1174,1.3043,3975787,67437161.0,5935825945.62,5188022784.0,None
2016-09-06,'600479,千金药业,17.04,17.09,16.55,16.73,16.76,0.28,1.6706,1.149,3502523,59139530.0,5942801064.24,5194119168.0,None
2016-09-05,'600479,千金药业,16.76,16.82,16.61,16.71,16.71,0.05,0.2992,1.1004,3354365,56061200.0,5845149403.56,5108769792.0,None
2016-09-02,'600479,千金药业,16.71,16.9,16.3,16.71,16.85,-0.14,-0.8309,1.6426,5006844,83121493.0,5827711607.01,5093528832.0,None
2016-09-01,'600479,千金药业,16.85,17.05,16.74,16.85,16.89,-0.04,-0.2368,0.9565,2915656,49302211.0,5876537437.35,5136203520.0,None
2016-08-31,'600479,千金药业,16.89,16.99,16.69,16.9,16.97,-0.08,-0.4714,1.1792,3594412,60436852.0,5890487674.59,5148396288.0,None
2016-08-30,'600479,千金药业,16.97,17.24,16.76,17.21,17.37,-0.4,-2.3028,2.0848,6354927,107753548.0,5918388149.07,5172781824.0,None
2016-08-29,'600479,千金药业,17.37,17.72,16.83,17.28,17.29,0.08,0.4627,2.2586,6884574,117722002.0,6057890521.47,5294709504.0,None
2016-08-26,'600479,千金药业,17.29,17.63,17.23,17.46,17.34,-0.05,-0.2884,1.562,4761232,83027177.0,6029990046.99,5270323968.0,None
2016-08-25,'600479,千金药业,17.34,17.72,17.17,17.37,17.54,-0.2,-1.1403,1.9786,6031197,104756488.0,6047427843.54,5285564928.0,None
2016-08-24,'600479,千金药业,17.54,17.74,17.41,17.66,17.93,-0.39,-2.1751,2.0308,6190328,108822035.0,6117179029.74,5346528768.0,None
2016-08-23,'600479,千金药业,17.93,17.99,17.3,17.5,17.67,0.26,1.4714,3.4702,10577684,187149490.0,6253193842.83,5465408256.0,None
2016-08-22,'600479,千金药业,17.67,17.73,17.03,17.1,17.03,0.64,3.7581,5.0774,15476813,270105904.0,6162517300.77,5386155264.0,None
2016-08-19,'600479,千金药业,17.03,17.06,16.63,16.69,16.71,0.32,1.915,1.9357,5900383,99816743.0,5939313504.93,5191070976.0,None
2016-08-18,'600479,千金药业,16.71,16.99,16.58,16.95,16.88,-0.17,-1.0071,1.3318,4059674,68194326.0,5827711607.01,5093528832.0,None
2016-08-17,'600479,千金药业,16.88,17.1,16.83,16.96,17.01,-0.13,-0.7643,1.2085,3683735,62401013.0,5887000115.28,5145348096.0,None
2016-08-16,'600479,千金药业,17.01,17.22,16.9,17.1,17.1,-0.09,-0.5263,1.899,5788595,98683988.0,5932338386.31,5184974592.0,None
2016-08-15,'600479,千金药业,17.1,17.27,16.71,16.89,16.87,0.23,1.3634,1.4097,4297036,73248890.0,5963726420.1,5212408320.0,None
2016-08-12,'600479,千金药业,16.87,16.96,16.7,16.81,16.86,0.01,0.0593,0.6164,1878762,31642861.0,5883512555.97,5142299904.0,None
2016-08-11,'600479,千金药业,16.86,17.12,16.81,17.0,17.14,-0.28,-1.6336,0.8258,2517313,42674503.0,5880024996.66,5139251712.0,None
2016-08-10,'600479,千金药业,17.14,17.35,16.68,17.01,17.01,0.13,0.7643,1.2491,3807617,64834568.0,5977676657.34,5224601088.0,None
2016-08-09,'600479,千金药业,17.01,17.18,16.86,17.18,17.0,0.01,0.0588,1.0031,3057645,51966234.0,5932338386.31,5184974592.0,None
2016-08-08,'600479,千金药业,17.0,17.08,16.52,16.92,16.92,0.08,0.4728,0.9179,2798054,47205937.0,5928850827.0,5181926400.0,None
2016-08-05,'600479,千金药业,16.92,17.15,16.64,17.11,16.95,-0.03,-0.177,1.1582,3530264,59377921.0,5900950352.52,5157540864.0,None
2016-08-04,'600479,千金药业,16.95,16.99,16.0,16.21,16.18,0.77,4.759,2.2712,6923180,115285641.0,5911413030.45,5166685440.0,None
2016-08-03,'600479,千金药业,16.18,16.32,15.86,16.0,16.06,0.12,0.7472,1.1748,3580971,57676842.0,5642870963.58,4931974656.0,None
2016-08-02,'600479,千金药业,16.06,16.16,15.85,16.06,16.06,0.0,0.0,0.9332,2844622,45437041.0,5601020251.86,4895396352.0,None
2016-08-01,'600479,千金药业,16.06,16.29,15.7,16.25,16.3,-0.24,-1.4724,1.5687,4781774,76007769.0,5601020251.86,4895396352.0,None
2016-07-29,'600479,千金药业,16.3,16.99,16.16,16.7,16.74,-0.44,-2.6284,1.6416,5003924,82850526.0,5684721675.3,4968552960.0,None
2016-07-28,'600479,千金药业,16.74,17.05,16.51,16.72,16.74,0.0,0.0,1.272,3877395,64816175.0,5838174284.94,5102673408.0,None
2016-07-27,'600479,千金药业,16.74,17.52,16.16,17.52,17.45,-0.71,-4.0688,2.1045,6414933,108516775.0,5838174284.94,5102673408.0,None
2016-07-26,'600479,千金药业,17.45,17.52,17.12,17.3,17.21,0.24,1.3945,1.8161,5535728,95920263.0,6085790995.95,5319095040.0,None
2016-07-25,'600479,千金药业,17.21,17.25,16.66,16.9,16.87,0.34,2.0154,2.1068,6421899,109211374.0,6002089572.51,5245938432.0,None
2016-07-22,'600479,千金药业,16.87,17.27,16.71,16.95,16.96,-0.09,-0.5307,2.1269,6483220,110387170.0,5883512555.97,5142299904.0,None
2016-07-21,'600479,千金药业,16.96,17.16,16.69,16.95,16.94,0.02,0.1181,1.5696,4784537,80791187.0,5914900589.76,5169733632.0,None
2016-07-20,'600479,千金药业,16.94,17.28,16.7,16.85,16.55,0.39,2.3565,2.8882,8803907,149361574.0,5907925471.14,5163637248.0,None
2016-07-19,'600479,千金药业,16.55,16.64,16.09,16.54,16.55,0.0,0.0,2.8847,8793076,143494941.0,5771910658.05,5044757760.0,None
2016-07-18,'600479,千金药业,16.55,17.04,16.44,16.92,16.92,-0.37,-2.1868,1.8624,5676981,94251288.0,5771910658.05,5044757760.0,None
2016-07-15,'600479,千金药业,16.92,17.32,16.89,17.2,17.2,-0.28,-1.6279,1.3637,4156827,70796335.0,5900950352.52,5157540864.0,None
2016-07-14,'600479,千金药业,17.2,17.33,17.08,17.12,17.18,0.02,0.1164,0.7297,2224265,38231648.0,5998602013.2,5242890240.0,None
2016-07-13,'600479,千金药业,17.18,17.67,17.17,17.48,17.46,-0.28,-1.6037,2.2428,6836541,119093012.0,5991626894.58,5236793856.0,None
2016-07-12,'600479,千金药业,17.46,17.92,17.2,17.34,17.35,0.11,0.634,2.3143,7054291,123948812.0,6089278555.26,5322143232.0,None
2016-07-11,'600479,千金药业,17.35,17.6,17.16,17.5,17.31,0.04,0.2311,1.6213,4942134,86058717.0,6050915402.85,5288613120.0,None
2016-07-08,'600479,千金药业,17.31,17.54,17.17,17.31,17.51,-0.2,-1.1422,1.02,3109192,53877163.0,6036965165.61,5276420352.0,None
2016-07-07,'600479,千金药业,17.51,18.03,16.95,16.98,17.04,0.47,2.7582,2.915,8885572,155939485.0,6106716351.81,5337384192.0,None
2016-07-06,'600479,千金药业,17.04,17.34,16.75,16.8,16.85,0.19,1.1276,1.6006,4878986,83221511.0,5942801064.24,5194119168.0,None
2016-07-05,'600479,千金药业,16.85,16.88,16.46,16.74,16.74,0.11,0.6571,1.7008,5184348,86381334.0,5876537437.35,5136203520.0,None
2016-07-04,'600479,千金药业,16.74,16.81,16.44,16.68,16.7,0.04,0.2395,1.2742,3884132,64702755.0,5838174284.94,5102673408.0,None
2016-07-01,'600479,XD千金药,16.7,17.05,16.6,16.86,16.74,-0.04,-0.2389,1.2188,3715156,62298272.0,5824224047.7,5090480640.0,None
2016-06-30,'600479,千金药业,16.89,17.08,16.67,16.8,16.85,0.04,0.2374,1.2273,3741164,63214209.0,5890487674.59,5148396288.0,None
2016-06-29,'600479,千金药业,16.85,17.06,16.7,16.9,17.0,-0.15,-0.8824,2.1275,6485002,109674183.0,5876537437.35,5136203520.0,None
2016-06-28,'600479,千金药业,17.0,17.34,16.07,16.12,16.27,0.73,4.4868,5.7096,17404058,293692079.0,5928850827.0,5181926400.0,None
2016-06-27,'600479,千金药业,16.27,16.36,15.73,15.87,15.93,0.34,2.1343,1.8581,5663702,91031228.0,5674258997.37,4959408384.0,None
2016-06-24,'600479,千金药业,15.93,16.32,15.51,15.68,15.71,0.22,1.4004,3.4123,10401338,166289780.0,5555681980.83,4855769856.0,None
2016-06-23,'600479,千金药业,15.71,15.98,15.53,15.85,15.96,-0.25,-1.5664,1.2859,3919694,61582099.0,5478955676.01,4788709632.0,None
2016-06-22,'600479,千金药业,15.96,16.14,15.23,15.3,15.38,0.58,3.7711,2.9593,9020643,142771270.0,5566144658.76,4864914432.0,None
2016-06-21,'600479,千金药业,15.38,15.46,15.2,15.31,15.2,0.18,1.1842,1.3727,4184106,64146558.0,5363866218.78,4688119296.0,None
2016-06-20,'600479,千金药业,15.2,15.46,14.9,15.44,15.4,-0.2,-1.2987,1.6706,5092439,76839708.0,5301090151.2,4633251840.0,None
2016-06-17,'600479,千金药业,15.4,15.74,15.25,15.49,15.3,0.1,0.6536,1.6591,5057321,78401305.0,5370841337.4,4694215680.0,None
2016-06-16,'600479,千金药业,15.3,15.61,15.16,15.6,15.61,-0.31,-1.9859,1.7252,5258707,80661970.0,5335965744.3,4663733760.0,None
2016-06-15,'600479,千金药业,15.61,15.67,15.06,15.17,15.33,0.28,1.8265,1.5079,4596265,71036104.0,5444080082.91,4758227712.0,None
2016-06-14,'600479,千金药业,15.33,15.45,15.11,15.2,15.25,0.08,0.5246,1.1556,3522347,53776066.0,5346428422.23,4672878336.0,None
2016-06-13,'600479,千金药业,15.25,15.89,15.2,15.77,15.91,-0.66,-4.1483,1.2635,3851394,60058289.0,5318527947.75,4648492800.0,None
2016-06-08,'600479,千金药业,15.91,16.1,15.82,16.02,16.14,-0.23,-1.425,1.831,5581239,88928346.0,5548706862.21,4849673472.0,None
2016-06-07,'600479,千金药业,16.14,16.3,15.88,16.1,16.18,-0.04,-0.2472,1.7545,5348186,85785508.0,5628920726.34,4919781888.0,None
2016-06-06,'600479,千金药业,16.18,16.37,16.0,16.36,16.34,-0.16,-0.9792,2.4863,7578622,122367134.0,5642870963.58,4931974656.0,None
2016-06-03,'600479,千金药业,16.34,16.68,16.14,16.68,16.74,-0.4,-2.3895,2.5258,7699109,126148633.0,5698671912.54,4980745728.0,None
2016-06-02,'600479,千金药业,16.74,16.85,16.25,16.39,16.38,0.36,2.1978,2.6517,8082786,133793846.0,5838174284.94,5102673408.0,None
2016-06-01,'600479,千金药业,16.38,16.67,16.33,16.42,16.54,-0.16,-0.9674,2.1113,6435669,105846453.0,5712622149.78,4992938496.0,None
2016-05-31,'600479,千金药业,16.54,16.65,15.86,15.95,15.89,0.65,4.0906,2.9396,8960606,146493018.0,5768423098.74,5041709568.0,None
2016-05-30,'600479,千金药业,15.89,16.2,15.67,16.0,16.12,-0.23,-1.4268,1.4033,4277399,68141138.0,5541731743.59,4843577088.0,None
2016-05-27,'600479,千金药业,16.12,16.68,16.03,16.3,16.38,-0.26,-1.5873,2.3674,7216184,117703591.0,5621945607.72,4913685504.0,None
2016-05-26,'600479,千金药业,16.38,16.45,15.45,16.09,16.12,0.26,1.6129,2.4363,7426254,118589707.0,5712622149.78,4992938496.0,None
2016-05-25,'600479,千金药业,16.12,16.47,15.8,16.02,16.2,-0.08,-0.4938,2.8711,8751733,141322918.0,5621945607.72,4913685504.0,None
2016-05-24,'600479,千金药业,16.2,16.68,15.28,15.33,15.48,0.72,4.6512,4.9416,15062914,242656755.0,5649846082.2,4938071040.0,None
2016-05-23,'600479,千金药业,15.48,15.62,15.29,15.5,15.47,0.01,0.0646,1.8589,5666356,87378072.0,5398741811.88,4718601216.0,None
2016-05-20,'600479,千金药业,15.47,15.49,14.5,14.62,14.63,0.84,5.7416,2.7324,8329022,125317927.0,5395254252.57,4715553024.0,None
2016-05-19,'600479,千金药业,14.63,14.91,14.48,14.48,14.51,0.12,0.827,1.7046,5195989,76431741.0,5102299270.53,4459504896.0,None
2016-05-18,'600479,千金药业,14.51,15.06,14.35,15.06,15.16,-0.65,-4.2876,1.8016,5491542,80401014.0,5060448558.81,4422926592.0,None
2016-05-17,'600479,千金药业,15.16,15.6,15.11,15.46,15.46,-0.3,-1.9405,1.7365,5293199,81393216.0,5287139913.96,4621059072.0,None
2016-05-16,'600479,千金药业,15.46,15.5,14.29,14.29,14.61,0.85,5.8179,1.7087,5208467,78672886.0,5391766693.26,4712504832.0,None
2016-05-13,'600479,千金药业,14.61,15.0,14.46,14.79,14.85,-0.24,-1.6162,1.1251,3429562,50249446.0,5095324151.91,4453408512.0,None
2016-05-12,'600479,千金药业,14.85,14.88,14.35,14.88,15.1,-0.25,-1.6556,1.1108,3385924,49515512.0,5179025575.35,4526565120.0,None
2016-05-11,'600479,千金药业,15.1,15.51,14.23,14.69,14.5,0.6,4.1379,2.2853,6965999,104747840.0,5266214558.1,4602769920.0,None
2016-05-10,'600479,千金药业,14.5,14.76,14.28,14.45,14.44,0.06,0.4155,0.969,2953770,42820005.0,5056960999.5,4419878400.0,None
2016-05-09,'600479,千金药业,14.44,14.85,14.26,14.85,15.04,-0.6,-3.9894,1.9285,5878501,85080780.0,5036035643.64,4401589248.0,None
2016-05-06,'600479,千金药业,15.04,15.41,14.9,15.21,15.33,-0.29,-1.8917,1.5215,4637892,70143469.0,5245289202.24,4584480768.0,None
2016-05-05,'600479,千金药业,15.33,15.44,15.11,15.3,15.31,0.02,0.1306,0.7624,2323970,35408079.0,5346428422.23,4672878336.0,None
2016-05-04,'600479,千金药业,15.31,15.63,15.21,15.31,15.26,0.05,0.3277,2.0978,6394494,98512550.0,5339453303.61,4666781952.0,None
2016-05-03,'600479,千金药业,15.26,15.3,14.21,14.48,14.44,0.82,5.6787,2.4545,7481883,111807192.0,5322015507.06,4651540992.0,None
2016-04-29,'600479,千金药业,14.44,14.51,14.15,14.2,14.28,0.16,1.1204,2.282,6955852,99487354.0,5036035643.64,4401589248.0,None
2016-04-28,'600479,千金药业,14.28,14.67,14.19,14.46,14.46,-0.18,-1.2448,1.5503,4725582,67686351.0,4980234694.68,4352818176.0,None
2016-04-27,'600479,千金药业,14.46,14.7,14.21,14.28,14.27,0.19,1.3315,1.0971,3344071,48364086.0,5043010762.26,4407685632.0,None
2016-04-26,'600479,千金药业,14.27,14.32,14.02,14.17,14.19,0.08,0.5638,0.7924,2415260,34283422.0,4976747135.37,4349769984.0,None
2016-04-25,'600479,千金药业,14.19,14.6,14.0,14.58,14.63,-0.44,-3.0075,1.4574,4442544,62896333.0,4948846660.89,4325384448.0,None
2016-04-22,'600479,千金药业,14.63,14.67,14.22,14.37,14.39,0.24,1.6678,0.6133,1869368,27099489.0,5102299270.53,4459504896.0,None
2016-04-21,'600479,千金药业,14.39,14.69,14.31,14.4,14.6,-0.21,-1.4384,1.0264,3128645,45404908.0,5018597847.09,4386348288.0,None
2016-04-20,'600479,千金药业,14.6,15.13,14.01,15.04,15.0,-0.4,-2.6667,2.0857,6357471,92937658.0,5091836592.6,4450360320.0,None
2016-04-19,'600479,千金药业,15.0,15.37,14.9,15.3,15.24,-0.24,-1.5748,1.6044,4890525,73570999.0,5231338965.0,4572288000.0,None
2016-04-18,'600479,千金药业,15.24,15.67,15.03,15.67,15.7,-0.46,-2.9299,1.5543,4737886,72115315.0,5315040388.44,4645444608.0,None
2016-04-15,'600479,千金药业,15.7,15.8,15.52,15.71,15.83,-0.13,-0.8212,0.7484,2281264,35699513.0,5475468116.7,4785661440.0,None
2016-04-14,'600479,千金药业,15.83,16.0,15.4,15.78,15.68,0.15,0.9566,1.8811,5734068,89781449.0,5520806387.73,4825287936.0,None
2016-04-13,'600479,千金药业,15.68,15.85,15.19,15.2,15.06,0.62,4.1169,2.9886,9109735,142285192.0,5468492998.08,4779565056.0,None
2016-04-12,'600479,千金药业,15.06,15.46,14.92,15.45,15.38,-0.32,-2.0806,1.0372,3161458,47628663.0,5252264320.86,4590577152.0,None
2016-04-11,'600479,千金药业,15.38,15.49,15.1,15.1,15.1,0.28,1.8543,1.245,3795030,58270671.0,5363866218.78,4688119296.0,None
2016-04-08,'600479,千金药业,15.1,15.13,14.81,14.95,14.96,0.14,0.9358,1.0167,3099097,46431451.0,5266214558.1,4602769920.0,None
2016-04-07,'600479,千金药业,14.96,15.33,14.91,15.18,15.22,-0.26,-1.7083,1.4818,4516827,68090235.0,5217388727.76,4560095232.0,None
2016-04-06,'600479,千金药业,15.22,15.78,15.04,15.26,15.33,-0.11,-0.7175,3.1713,9666668,148581921.0,5308065269.82,4639348224.0,None
2016-04-05,'600479,千金药业,15.33,15.69,14.3,14.3,14.28,1.05,7.3529,3.5178,10723033,162814582.0,5346428422.23,4672878336.0,None
2016-04-01,'600479,千金药业,14.28,14.46,13.97,14.35,14.37,-0.09,-0.6263,1.0553,3216702,45652656.0,4980234694.68,4352818176.0,None
2016-03-31,'600479,千金药业,14.37,14.63,14.29,14.4,14.35,0.02,0.1394,1.4776,4504082,65061921.0,5011622728.47,4380251904.0,None
2016-03-30,'600479,千金药业,14.35,14.39,14.0,14.02,13.88,0.47,3.3862,1.3028,3971193,56360525.0,5004647609.85,4374155520.0,None
2016-03-29,'600479,千金药业,13.88,14.28,13.78,14.19,14.24,-0.36,-2.5281,0.8869,2703440,37697682.0,4840732322.28,4230890496.0,None
2016-03-28,'600479,千金药业,14.24,14.55,14.16,14.41,14.32,-0.08,-0.5587,1.0371,3161362,45627797.0,4966284457.44,4340625408.0,None
2016-03-25,'600479,千金药业,14.32,14.39,14.16,14.2,14.23,0.09,0.6325,1.0131,3088058,44020044.0,4994184931.92,4365010944.0,None
2016-03-24,'600479,千金药业,14.23,14.56,14.22,14.47,14.57,-0.34,-2.3336,1.0629,3239802,46630935.0,4962796898.13,4337577216.0,None
2016-03-23,'600479,千金药业,14.57,14.58,14.35,14.44,14.46,0.11,0.7607,1.1424,3482309,50402480.0,5081373914.67,4441215744.0,None
2016-03-22,'600479,千金药业,14.46,14.74,14.41,14.67,14.81,-0.35,-2.3633,1.7488,5330589,77764861.0,5043010762.26,4407685632.0,None
2016-03-21,'600479,千金药业,14.81,14.86,14.41,14.62,14.61,0.2,1.3689,2.3711,7227522,105851094.0,5165075338.11,4514372352.0,None
2016-03-18,'600479,千金药业,14.61,14.64,14.19,14.27,14.31,0.3,2.0964,2.8806,8780761,127133353.0,5095324151.91,4453408512.0,None
2016-03-17,'600479,千金药业,14.31,14.55,13.96,14.0,14.37,-0.06,-0.4175,2.905,8854968,126255648.0,4990697372.61,4361962752.0,None
2016-03-16,'600479,千金药业,14.37,14.55,13.15,13.26,13.23,1.14,8.6168,3.935,11994755,165287276.0,5011622728.47,4380251904.0,None
2016-03-15,'600479,千金药业,13.23,13.44,13.15,13.37,13.45,-0.22,-1.6357,0.8572,2612761,34713293.0,4614040967.13,4032758016.0,None
2016-03-14,'600479,千金药业,13.45,13.53,12.99,13.09,12.99,0.46,3.5412,2.044,6230640,83395803.0,4690767271.95,4099818240.0,None
2016-03-11,'600479,千金药业,12.99,13.16,12.89,13.1,13.08,-0.09,-0.6881,0.6195,1888474,24521169.0,4530339543.69,3959601408.0,None
2016-03-10,'600479,千金药业,13.08,13.36,13.0,13.12,13.11,-0.03,-0.2288,0.6606,2013561,26549616.0,4561727577.48,3987035136.0,None
2016-03-09,'600479,千金药业,13.11,13.2,12.9,12.9,13.3,-0.19,-1.4286,0.5128,1563045,20441859.0,4572190255.41,3996179712.0,None
2016-03-08,'600479,千金药业,13.3,13.4,12.75,13.3,13.32,-0.02,-0.1502,0.7629,2325417,30268646.0,4638453882.3,4054095360.0,None
2016-03-07,'600479,千金药业,13.32,13.46,13.1,13.3,13.08,0.24,1.8349,0.7154,2180641,29119424.0,4645429000.92,4060191744.0,None
2016-03-04,'600479,千金药业,13.08,13.68,13.0,13.48,13.54,-0.46,-3.3973,1.3538,4126690,54954248.0,4561727577.48,3987035136.0,None
2016-03-03,'600479,千金药业,13.54,13.86,13.46,13.5,13.55,-0.01,-0.0738,0.9974,3040263,41423557.0,4722155305.74,4127251968.0,None
2016-03-02,'600479,千金药业,13.55,13.6,12.94,13.0,13.0,0.55,4.2308,1.032,3145658,41914306.0,4725642865.05,4130300160.0,None
2016-03-01,'600479,千金药业,13.0,13.09,12.6,12.73,12.73,0.27,2.121,0.9395,2863729,36859854.0,4533827103.0,3962649600.0,None
2016-02-29,'600479,千金药业,12.73,13.72,12.36,13.69,13.7,-0.97,-7.0803,1.7822,5432444,69865798.0,4439663001.63,3880348416.0,None
2016-02-26,'600479,千金药业,13.7,14.1,13.51,13.96,13.96,-0.26,-1.8625,1.1771,3587896,49230765.0,4777956254.7,4176023040.0,None
2016-02-25,'600479,千金药业,13.96,14.94,13.5,14.93,14.93,-0.97,-6.497,1.9026,5799352,81861802.0,4868632796.76,4255276032.0,None
2016-02-24,'600479,千金药业,14.93,15.06,14.48,14.82,14.98,-0.05,-0.3338,1.3185,4019175,59319362.0,5206926049.83,4550950656.0,None
2016-02-23,'600479,千金药业,14.98,15.46,14.75,15.46,15.51,-0.53,-3.4172,1.2437,3790959,57064009.0,5224363846.38,4566191616.0,None
2016-02-22,'600479,千金药业,15.51,15.6,15.21,15.3,15.17,0.34,2.2413,1.1359,3462494,53341316.0,5409204489.81,4727745792.0,None
2016-02-19,'600479,千金药业,15.17,15.33,15.01,15.12,15.2,-0.03,-0.1974,0.6983,2128422,32176230.0,5290627473.27,4624107264.0,None
2016-02-18,'600479,千金药业,15.2,15.46,15.01,15.29,15.21,-0.01,-0.0657,1.0169,3099583,47269039.0,5301090151.2,4633251840.0,None
2016-02-17,'600479,千金药业,15.21,15.45,15.0,15.36,15.37,-0.16,-1.041,1.1377,3468018,52887805.0,5304577710.51,4636300032.0,None
2016-02-16,'600479,千金药业,15.37,15.42,15.0,15.0,14.98,0.39,2.6035,0.8079,2462729,37676557.0,5360378659.47,4685071104.0,None
2016-02-15,'600479,千金药业,14.98,15.0,14.34,14.39,14.84,0.14,0.9434,0.7102,2164781,32026899.0,5224363846.38,4566191616.0,None
2016-02-05,'600479,千金药业,14.84,15.1,14.81,15.02,15.02,-0.18,-1.1984,0.5242,1597770,23885515.0,5175538016.04,4523516928.0,None
2016-02-04,'600479,千金药业,15.02,15.31,14.76,14.76,14.76,0.26,1.7615,0.9977,3041137,45886997.0,5238314083.62,4578384384.0,None
2016-02-03,'600479,千金药业,14.76,14.86,14.5,14.7,14.74,0.02,0.1357,0.5359,1633678,24025077.0,5147637541.56,4499131392.0,None
2016-02-02,'600479,千金药业,14.74,14.93,14.18,14.19,14.2,0.54,3.8028,0.9977,3041128,44659743.0,5140662422.94,4493035008.0,None
2016-02-01,'600479,千金药业,14.2,14.5,14.0,14.14,14.2,0.0,0.0,0.6137,1870765,26607255.0,4952334220.2,4328432640.0,None
2016-01-29,'600479,千金药业,14.2,14.35,13.35,13.58,13.4,0.8,5.9701,0.8258,2517046,35120070.0,4952334220.2,4328432640.0,None
2016-01-28,'600479,千金药业,13.4,13.82,13.25,13.6,13.79,-0.39,-2.8281,0.5882,1792961,24399798.0,4673329475.4,4084577280.0,None
2016-01-27,'600479,千金药业,13.79,14.0,12.98,13.75,13.65,0.14,1.0256,0.9642,2939143,39311995.0,4809344288.49,4203456768.0,None
2016-01-26,'600479,千金药业,13.65,14.64,13.5,14.6,14.7,-1.05,-7.1429,1.3949,4251782,60335210.0,4760518458.15,4160782080.0,None
2016-01-25,'600479,千金药业,14.7,15.06,14.38,14.5,14.36,0.34,2.3677,1.6281,4962659,73046370.0,5126712185.7,4480842240.0,None
2016-01-22,'600479,千金药业,14.36,14.42,13.88,14.4,14.23,0.13,0.9136,0.7843,2390631,34001443.0,5008135169.16,4377203712.0,None
2016-01-21,'600479,千金药业,14.23,14.79,14.07,14.48,14.67,-0.44,-2.9993,1.2989,3959415,56965649.0,4962796898.13,4337577216.0,None
2016-01-20,'600479,千金药业,14.67,15.16,14.53,14.66,14.85,-0.18,-1.2121,1.1539,3517427,52140315.0,5116249507.77,4471697664.0,None
2016-01-19,'600479,千金药业,14.85,14.94,14.35,14.5,14.44,0.41,2.8393,1.4981,4566555,66693002.0,5179025575.35,4526565120.0,None
2016-01-18,'600479,千金药业,14.44,14.55,13.43,13.43,13.86,0.58,4.1847,1.5599,4754910,67013500.0,5036035643.64,4401589248.0,None
2016-01-15,'600479,千金药业,13.86,14.38,13.6,14.1,14.24,-0.38,-2.6685,1.1252,3429897,48267046.0,4833757203.66,4224794112.0,None
2016-01-14,'600479,千金药业,14.24,14.32,13.13,13.48,13.69,0.55,4.0175,1.3496,4113828,56986338.0,4966284457.44,4340625408.0,None
2016-01-13,'600479,千金药业,13.69,14.76,13.58,14.6,14.45,-0.76,-5.2595,1.3003,3963488,56841855.0,4774468695.39,4172974848.0,None
2016-01-12,'600479,千金药业,14.45,14.78,14.13,14.78,14.48,-0.03,-0.2072,1.5243,4646318,67325307.0,5039523202.95,4404637440.0,None
2016-01-11,'600479,千金药业,14.48,15.88,14.45,15.8,16.05,-1.57,-9.7819,2.0633,6289251,94611571.0,5049985880.88,4413782016.0,None
2016-01-08,'600479,千金药业,16.05,17.37,15.0,17.06,16.55,-0.5,-3.0211,2.7764,8462941,137640564.0,5597532692.55,4892348160.0,None
2016-01-07,'600479,千金药业,16.55,18.01,16.55,17.85,18.39,-1.84,-10.0054,0.4343,1323779,22690796.0,5771910658.05,5044757760.0,None
2016-01-06,'600479,千金药业,18.39,18.41,17.62,18.05,18.14,0.25,1.3782,1.7564,5353762,97132225.0,6413621571.09,5605625088.0,None
2016-01-05,'600479,千金药业,18.14,18.63,17.0,17.8,18.87,-0.73,-3.8686,2.8058,8552729,153199487.0,6326432588.34,5529420288.0,None
2016-01-04,'600479,千金药业,18.87,20.99,18.87,20.85,20.97,-2.1,-10.0143,1.4344,4372450,86427810.0,6581024417.97,5751938304.0,None
