日期,股票代码,名称,收盘价,最高价,最低价,开盘价,前收盘,涨跌额,涨跌幅,换手率,成交量,成交金额,总市值,流通市值,成交笔数
2016-10-12,'600252,中恒集团,4.42,4.43,4.4,4.42,4.43,-0.01,-0.2257,0.4313,14794493,65284667.0,15359973589.7,15161027086.9,None
2016-10-11,'600252,中恒集团,4.43,4.43,4.41,4.43,4.43,0.0,0.0,0.4863,16680914,73726932.0,15394724661.2,15195328053.2,None
2016-10-10,'600252,中恒集团,4.43,4.44,4.35,4.38,4.36,0.07,1.6055,0.7072,24259234,106997865.0,15394724661.2,15195328053.2,None
2016-09-30,'600252,中恒集团,4.36,4.4,4.32,4.33,4.32,0.04,0.9259,0.4547,15597919,68093568.0,15151467160.9,14955221289.4,None
2016-09-29,'600252,中恒集团,4.32,4.35,4.31,4.33,4.32,0.0,0.0,0.3595,12330552,53404463.0,15012462875.0,14818017424.3,None
2016-09-28,'600252,中恒集团,4.32,4.35,4.31,4.35,4.34,-0.02,-0.4608,0.2394,8212362,35480990.0,15012462875.0,14818017424.3,None
2016-09-27,'600252,中恒集团,4.34,4.34,4.3,4.31,4.31,0.03,0.6961,0.4101,14065691,60758241.0,15081965018.0,14886619356.8,None
2016-09-26,'600252,中恒集团,4.31,4.38,4.31,4.37,4.37,-0.06,-1.373,0.5854,20079213,87234207.0,14977711803.6,14783716458.1,None
2016-09-23,'600252,中恒集团,4.37,4.4,4.37,4.39,4.39,-0.02,-0.4556,0.2674,9172611,40175030.0,15186218232.4,14989522255.6,None
2016-09-22,'600252,中恒集团,4.39,4.4,4.37,4.38,4.36,0.03,0.6881,0.4129,14161201,62127861.0,15255720375.3,15058124188.1,None
2016-09-21,'600252,中恒集团,4.36,4.39,4.35,4.36,4.36,0.0,0.0,0.4439,15225449,66593480.0,15151467160.9,14955221289.4,None
2016-09-20,'600252,中恒集团,4.36,4.38,4.35,4.38,4.38,-0.02,-0.4566,0.3241,11118388,48496964.0,15151467160.9,14955221289.4,None
2016-09-19,'600252,中恒集团,4.38,4.39,4.36,4.36,4.36,0.02,0.4587,0.4148,14227301,62221266.0,15220969303.9,15023823221.9,None
2016-09-14,'600252,中恒集团,4.36,4.38,4.35,4.37,4.38,-0.02,-0.4566,0.4794,16442711,71697030.0,15151467160.9,14955221289.4,None
2016-09-13,'600252,中恒集团,4.38,4.4,4.36,4.39,4.38,0.0,0.0,0.4591,15746110,68983950.0,15220969303.9,15023823221.9,None
2016-09-12,'600252,中恒集团,4.38,4.43,4.36,4.43,4.48,-0.1,-2.2321,1.076,36906633,162184514.0,15220969303.9,15023823221.9,None
2016-09-09,'600252,中恒集团,4.48,4.52,4.48,4.51,4.52,-0.04,-0.885,0.6164,21143765,95185621.0,15568480018.6,15366832884.5,None
2016-09-08,'600252,中恒集团,4.52,4.55,4.5,4.54,4.55,-0.03,-0.6593,0.7853,26938119,121961063.0,15707484304.4,15504036749.5,None
2016-09-07,'600252,中恒集团,4.55,4.55,4.5,4.52,4.52,0.03,0.6637,0.9875,33872291,153329291.0,15811737518.9,15606939648.3,None
2016-09-06,'600252,中恒集团,4.52,4.53,4.45,4.48,4.48,0.04,0.8929,0.6601,22641667,101627443.0,15707484304.4,15504036749.5,None
2016-09-05,'600252,中恒集团,4.48,4.49,4.46,4.49,4.46,0.02,0.4484,0.3917,13436832,60137698.0,15568480018.6,15366832884.5,None
2016-09-02,'600252,中恒集团,4.46,4.49,4.45,4.47,4.47,-0.01,-0.2237,0.5146,17649989,78863599.0,15498977875.6,15298230952.0,None
2016-09-01,'600252,中恒集团,4.47,4.52,4.47,4.51,4.51,-0.04,-0.8869,0.6098,20915054,94012284.0,15533728947.1,15332531918.2,None
2016-08-31,'600252,中恒集团,4.51,4.52,4.49,4.5,4.52,-0.01,-0.2212,0.4293,14726603,66302393.0,15672733233.0,15469735783.3,None
2016-08-30,'600252,中恒集团,4.52,4.53,4.49,4.51,4.51,0.01,0.2217,0.5332,18290514,82536585.0,15707484304.4,15504036749.5,None
2016-08-29,'600252,中恒集团,4.51,4.54,4.49,4.5,4.52,-0.01,-0.2212,0.5701,19554107,88235600.0,15672733233.0,15469735783.3,None
2016-08-26,'600252,中恒集团,4.52,4.56,4.46,4.48,4.48,0.04,0.8929,0.8076,27702002,125322868.0,15707484304.4,15504036749.5,None
2016-08-25,'600252,中恒集团,4.48,4.5,4.43,4.5,4.51,-0.03,-0.6652,0.8462,29025466,129497061.0,15568480018.6,15366832884.5,None
2016-08-24,'600252,中恒集团,4.51,4.57,4.5,4.56,4.55,-0.04,-0.8791,0.7614,26115633,118239309.0,15672733233.0,15469735783.3,None
2016-08-23,'600252,中恒集团,4.55,4.57,4.52,4.52,4.53,0.02,0.4415,0.7918,27159869,123326246.0,15811737518.9,15606939648.3,None
2016-08-22,'600252,中恒集团,4.53,4.62,4.52,4.58,4.58,-0.05,-1.0917,0.8596,29486737,134441153.0,15742235375.9,15538337715.8,None
2016-08-19,'600252,中恒集团,4.58,4.67,4.56,4.58,4.62,-0.04,-0.8658,1.4192,48680513,224010145.0,15915990733.3,15709842547.1,None
2016-08-18,'600252,中恒集团,4.62,4.73,4.5,4.52,4.52,0.1,2.2124,2.1747,74594802,344068174.0,16054995019.1,15847046412.1,None
2016-08-17,'600252,中恒集团,4.52,4.55,4.49,4.54,4.55,-0.03,-0.6593,0.832,28536969,128973136.0,15707484304.4,15504036749.5,None
2016-08-16,'600252,中恒集团,4.55,4.55,4.49,4.51,4.5,0.05,1.1111,1.1195,38400784,173890065.0,15811737518.9,15606939648.3,None
2016-08-15,'600252,中恒集团,4.5,4.53,4.43,4.44,4.42,0.08,1.81,1.2271,42091758,188820911.0,15637982161.5,15435434817.0,None
2016-08-12,'600252,中恒集团,4.42,4.44,4.38,4.39,4.38,0.04,0.9132,0.5158,17692313,77887333.0,15359973589.7,15161027086.9,None
2016-08-11,'600252,中恒集团,4.38,4.46,4.38,4.44,4.45,-0.07,-1.573,0.7019,24075400,106521511.0,15220969303.9,15023823221.9,None
2016-08-10,'600252,中恒集团,4.45,4.54,4.45,4.49,4.45,0.0,0.0,0.9773,33523319,150433039.0,15464226804.1,15263929985.7,None
2016-08-09,'600252,中恒集团,4.45,4.45,4.42,4.44,4.44,0.01,0.2252,0.7159,24554522,108967792.0,15464226804.1,15263929985.7,None
2016-08-08,'600252,中恒集团,4.44,4.44,4.38,4.42,4.41,0.03,0.6803,0.5681,19486756,85978373.0,15429475732.7,15229629019.4,None
2016-08-05,'600252,中恒集团,4.41,4.44,4.39,4.42,4.42,-0.01,-0.2262,0.5011,17186728,75869957.0,15325222518.3,15126726120.7,None
2016-08-04,'600252,中恒集团,4.42,4.44,4.38,4.43,4.44,-0.02,-0.4505,0.4891,16778242,73894473.0,15359973589.7,15161027086.9,None
2016-08-03,'600252,中恒集团,4.44,4.44,4.41,4.44,4.45,-0.01,-0.2247,0.4785,16411870,72628970.0,15429475732.7,15229629019.4,None
2016-08-02,'600252,中恒集团,4.45,4.48,4.37,4.37,4.39,0.06,1.3667,0.931,31932924,142081029.0,15464226804.1,15263929985.7,None
2016-08-01,'600252,中恒集团,4.39,4.43,4.33,4.35,4.38,0.01,0.2283,0.6564,22516124,98654651.0,15255720375.3,15058124188.1,None
2016-07-29,'600252,中恒集团,4.38,4.41,4.34,4.36,4.36,0.02,0.4587,0.5932,20347227,89181242.0,15220969303.9,15023823221.9,None
2016-07-28,'600252,中恒集团,4.36,4.41,4.31,4.38,4.41,-0.05,-1.1338,1.0298,35321915,153884873.0,15151467160.9,14955221289.4,None
2016-07-27,'600252,中恒集团,4.41,4.57,4.32,4.52,4.52,-0.11,-2.4336,1.5867,54424401,241638463.0,15325222518.3,15126726120.7,None
2016-07-26,'600252,中恒集团,4.52,4.52,4.44,4.46,4.45,0.07,1.573,0.9466,32470305,145634282.0,15707484304.4,15504036749.5,None
2016-07-25,'600252,中恒集团,4.45,4.48,4.41,4.47,4.46,-0.01,-0.2242,0.7293,25015485,111190436.0,15464226804.1,15263929985.7,None
2016-07-22,'600252,中恒集团,4.46,4.54,4.46,4.53,4.54,-0.08,-1.7621,0.6886,23620595,106278851.0,15498977875.6,15298230952.0,None
2016-07-21,'600252,中恒集团,4.54,4.57,4.52,4.53,4.53,0.01,0.2208,0.5633,19323415,87847631.0,15776986447.4,15572638682.0,None
2016-07-20,'600252,中恒集团,4.53,4.57,4.53,4.55,4.55,-0.02,-0.4396,0.5118,17554697,79839861.0,15742235375.9,15538337715.8,None
2016-07-19,'600252,中恒集团,4.55,4.56,4.51,4.54,4.54,0.01,0.2203,0.522,17906197,81131740.0,15811737518.9,15606939648.3,None
2016-07-18,'600252,中恒集团,4.54,4.62,4.52,4.62,4.62,-0.08,-1.7316,0.8689,29805720,135963243.0,15776986447.4,15572638682.0,None
2016-07-15,'600252,中恒集团,4.62,4.67,4.6,4.66,4.65,-0.03,-0.6452,0.6394,21932887,101408748.0,16054995019.1,15847046412.1,None
2016-07-14,'600252,中恒集团,4.65,4.65,4.56,4.6,4.63,0.02,0.432,0.9847,33775732,155335919.0,16159248233.5,15949949310.9,None
2016-07-13,'600252,中恒集团,4.63,4.7,4.6,4.66,4.66,-0.03,-0.6438,1.5703,53861281,250100874.0,16089746090.6,15881347378.4,None
2016-07-12,'600252,中恒集团,4.66,4.75,4.42,4.44,4.44,0.22,4.955,2.8477,97679782,449560463.0,16193999305.0,15984250277.2,None
2016-07-11,'600252,中恒集团,4.44,4.48,4.41,4.42,4.41,0.03,0.6803,1.0801,37049743,164934220.0,15429475732.7,15229629019.4,None
2016-07-08,'600252,中恒集团,4.41,4.45,4.4,4.44,4.44,-0.03,-0.6757,0.6386,21903959,96793624.0,15325222518.3,15126726120.7,None
2016-07-07,'600252,中恒集团,4.44,4.47,4.4,4.42,4.4,0.04,0.9091,1.4454,49577653,220179391.0,15429475732.7,15229629019.4,None
2016-07-06,'600252,中恒集团,4.4,4.47,4.36,4.39,4.4,0.0,0.0,1.204,41297523,181893872.0,15290471446.8,15092425154.4,None
2016-07-05,'600252,中恒集团,4.4,4.42,4.37,4.4,4.39,0.01,0.2278,0.931,31932937,140124011.0,15290471446.8,15092425154.4,None
2016-07-04,'600252,中恒集团,4.39,4.4,4.31,4.33,4.34,0.05,1.1521,1.0526,36106499,157820766.0,15255720375.3,15058124188.1,None
2016-07-01,'600252,中恒集团,4.34,4.36,4.32,4.33,4.34,0.0,0.0,0.5725,19636616,85205166.0,15081965018.0,14886619356.8,None
2016-06-30,'600252,中恒集团,4.34,4.38,4.32,4.35,4.36,-0.02,-0.4587,0.5415,18572994,80582737.0,15081965018.0,14886619356.8,None
2016-06-29,'600252,中恒集团,4.36,4.39,4.34,4.37,4.37,-0.01,-0.2288,0.91,31214347,135976693.0,15151467160.9,14955221289.4,None
2016-06-28,'600252,中恒集团,4.37,4.41,4.22,4.23,4.25,0.12,2.8235,1.5821,54266654,236205500.0,15186218232.4,14989522255.6,None
2016-06-27,'600252,中恒集团,4.25,4.27,4.12,4.14,4.18,0.07,1.6746,0.7305,25056251,105821811.0,14769205374.8,14577910660.5,None
2016-06-24,'600252,中恒集团,4.18,4.26,4.08,4.24,4.24,-0.06,-1.4151,0.8407,28837872,120884818.0,14525947874.5,14337803896.7,None
2016-06-23,'600252,中恒集团,4.24,4.27,4.22,4.27,4.27,-0.03,-0.7026,0.4327,14841873,62977379.0,14734454303.3,14543609694.2,None
2016-06-22,'600252,中恒集团,4.27,4.27,4.22,4.23,4.22,0.05,1.1848,0.4846,16622303,70551858.0,14838707517.7,14646512593.0,None
2016-06-21,'600252,中恒集团,4.22,4.3,4.21,4.28,4.26,-0.04,-0.939,0.6643,22787276,97118142.0,14664952160.3,14475007761.7,None
2016-06-20,'600252,中恒集团,4.26,4.29,4.23,4.27,4.28,-0.02,-0.4673,0.4906,16829637,71537591.0,14803956446.2,14612211626.8,None
2016-06-17,'600252,中恒集团,4.28,4.32,4.26,4.26,4.26,0.02,0.4695,0.4636,15903118,68293848.0,14873458589.2,14680813559.3,None
2016-06-16,'600252,中恒集团,4.26,4.34,4.25,4.32,4.38,-0.12,-2.7397,0.8845,30339602,130433112.0,14803956446.2,14612211626.8,None
2016-06-15,'600252,中恒集团,4.38,4.4,4.17,4.19,4.23,0.15,3.5461,1.1793,40451048,173797091.0,15220969303.9,15023823221.9,None
2016-06-14,'600252,中恒集团,4.23,4.25,4.2,4.22,4.22,0.01,0.237,0.5058,17350531,73238662.0,14699703231.8,14509308728.0,None
2016-06-13,'600252,中恒集团,4.22,4.36,4.21,4.35,4.39,-0.17,-3.8724,0.7774,26664025,114987293.0,14664952160.3,14475007761.7,None
2016-06-08,'600252,中恒集团,4.39,4.43,4.38,4.43,4.42,-0.03,-0.6787,0.5481,18798713,82720347.0,15255720375.3,15058124188.1,None
2016-06-07,'600252,中恒集团,4.42,4.46,4.4,4.46,4.45,-0.03,-0.6742,0.6516,22350194,98852017.0,15359973589.7,15161027086.9,None
2016-06-06,'600252,中恒集团,4.45,4.48,4.41,4.44,4.45,0.0,0.0,0.7193,24673690,109580133.0,15464226804.1,15263929985.7,None
2016-06-03,'600252,中恒集团,4.45,4.49,4.42,4.42,4.41,0.04,0.907,0.9469,32479457,144633392.0,15464226804.1,15263929985.7,None
2016-06-02,'600252,中恒集团,4.41,4.42,4.38,4.39,4.41,0.0,0.0,0.5699,19547747,86050610.0,15325222518.3,15126726120.7,None
2016-06-01,'600252,中恒集团,4.41,4.44,4.4,4.44,4.43,-0.02,-0.4515,0.6961,23877950,105548763.0,15325222518.3,15126726120.7,None
2016-05-31,'600252,中恒集团,4.43,4.44,4.26,4.26,4.26,0.17,3.9906,1.2523,42954900,188325515.0,15394724661.2,15195328053.2,None
2016-05-30,'600252,中恒集团,4.26,4.3,4.23,4.29,4.3,-0.04,-0.9302,0.4896,16793962,71630259.0,14803956446.2,14612211626.8,None
2016-05-27,'600252,中恒集团,4.3,4.32,4.27,4.29,4.32,-0.02,-0.463,0.4077,13985067,60110521.0,14942960732.1,14749415491.8,None
2016-05-26,'600252,中恒集团,4.32,4.34,4.25,4.32,4.32,0.0,0.0,0.5782,19834424,84964647.0,15012462875.0,14818017424.3,None
2016-05-25,'600252,中恒集团,4.32,4.38,4.32,4.34,4.32,0.0,0.0,0.4282,14687607,63870768.0,15012462875.0,14818017424.3,None
2016-05-24,'600252,中恒集团,4.32,4.37,4.31,4.37,4.37,-0.05,-1.1442,0.411,14096796,60950143.0,15012462875.0,14818017424.3,None
2016-05-23,'600252,中恒集团,4.37,4.39,4.33,4.34,4.34,0.03,0.6912,0.4476,15353637,66981953.0,15186218232.4,14989522255.6,None
2016-05-20,'600252,中恒集团,4.34,4.34,4.27,4.31,4.32,0.02,0.463,0.4886,16758450,72207941.0,15081965018.0,14886619356.8,None
2016-05-19,'600252,中恒集团,4.32,4.38,4.31,4.34,4.34,-0.02,-0.4608,0.5558,19065055,82926301.0,15012462875.0,14818017424.3,None
2016-05-18,'600252,中恒集团,4.34,4.45,4.3,4.44,4.47,-0.13,-2.9083,1.1178,38343304,167103975.0,15081965018.0,14886619356.8,None
2016-05-17,'600252,中恒集团,4.47,4.5,4.45,4.49,4.49,-0.02,-0.4454,0.55,18865547,84384292.0,15533728947.1,15332531918.2,None
2016-05-16,'600252,中恒集团,4.49,4.5,4.43,4.48,4.47,0.02,0.4474,0.5053,17331441,77364017.0,15603231090.0,15401133850.7,None
2016-05-13,'600252,中恒集团,4.47,4.52,4.44,4.47,4.49,-0.02,-0.4454,0.4878,16731738,75036883.0,15533728947.1,15332531918.2,None
2016-05-12,'600252,中恒集团,4.49,4.5,4.41,4.48,4.54,-0.05,-1.1013,0.718,24629658,109879233.0,15603231090.0,15401133850.7,None
2016-05-11,'600252,中恒集团,4.54,4.6,4.47,4.54,4.5,0.04,0.8889,0.8592,29470469,134022214.0,15776986447.4,15572638682.0,None
2016-05-10,'600252,中恒集团,4.5,4.55,4.49,4.5,4.51,-0.01,-0.2217,0.5117,17552925,79220648.0,15637982161.5,15435434817.0,None
2016-05-09,'600252,中恒集团,4.51,4.66,4.48,4.65,4.66,-0.15,-3.2189,1.0877,37308745,169468250.0,15672733233.0,15469735783.3,None
2016-05-06,'600252,中恒集团,4.66,4.84,4.65,4.84,4.81,-0.15,-3.1185,0.911,31246616,147757201.0,16193999305.0,15984250277.2,None
2016-05-05,'600252,中恒集团,4.81,4.82,4.76,4.79,4.81,0.0,0.0,0.5725,19635989,94018899.0,16715265377.1,16498764771.1,None
2016-05-04,'600252,中恒集团,4.81,4.87,4.76,4.78,4.8,0.01,0.2083,0.8256,28319089,136660379.0,16715265377.1,16498764771.1,None
2016-05-03,'600252,中恒集团,4.8,4.8,4.68,4.69,4.68,0.12,2.5641,0.8825,30269529,144174926.0,16680514305.6,16464463804.8,None
2016-04-29,'600252,中恒集团,4.68,4.72,4.65,4.68,4.68,0.0,0.0,0.4352,14927956,69960568.0,16263501448.0,16052852209.7,None
2016-04-28,'600252,中恒集团,4.68,4.73,4.64,4.72,4.71,-0.03,-0.6369,0.6675,22895042,107005387.0,16263501448.0,16052852209.7,None
2016-04-27,'600252,中恒集团,4.71,4.77,4.71,4.74,4.74,-0.03,-0.6329,0.5028,17245201,81698066.0,16367754662.4,16155755108.5,None
2016-04-26,'600252,中恒集团,4.74,4.74,4.68,4.68,4.69,0.05,1.0661,0.5404,18535301,87352548.0,16472007876.8,16258658007.2,None
2016-04-25,'600252,中恒集团,4.69,4.73,4.66,4.71,4.75,-0.06,-1.2632,0.639,21918555,102728770.0,16298252519.4,16087153175.9,None
2016-04-22,'600252,中恒集团,4.75,4.77,4.69,4.73,4.74,0.01,0.211,0.746,25589090,120792413.0,16506758948.2,16292958973.5,None
2016-04-21,'600252,中恒集团,4.74,4.83,4.72,4.8,4.81,-0.07,-1.4553,0.935,32069907,153271997.0,16472007876.8,16258658007.2,None
2016-04-20,'600252,中恒集团,4.81,5.03,4.66,5.02,5.02,-0.21,-4.1833,2.1247,72878230,351755332.0,16715265377.1,16498764771.1,None
2016-04-19,'600252,中恒集团,5.02,5.04,4.98,5.01,5.0,0.02,0.4,0.8892,30502092,152496548.0,17445037877.9,17219085062.5,None
2016-04-18,'600252,中恒集团,5.0,5.07,4.98,5.06,5.09,-0.09,-1.7682,1.1149,38241965,191596010.0,17375535735.0,17150483130.0,None
2016-04-15,'600252,中恒集团,5.09,5.15,5.06,5.13,5.12,-0.03,-0.5859,1.2844,44057182,224270517.0,17688295378.2,17459191826.3,None
2016-04-14,'600252,中恒集团,5.12,5.13,5.06,5.09,5.06,0.06,1.1858,1.4893,51085441,259856940.0,17792548592.6,17562094725.1,None
2016-04-13,'600252,中恒集团,5.06,5.12,5.02,5.03,5.0,0.06,1.2,2.0137,69072045,350801398.0,17584042163.8,17356288927.6,None
2016-04-12,'600252,中恒集团,5.0,5.07,4.97,5.06,5.08,-0.08,-1.5748,1.1904,40830640,204294226.0,17375535735.0,17150483130.0,None
2016-04-11,'600252,中恒集团,5.08,5.13,4.98,5.0,4.97,0.11,2.2133,1.6125,55311038,279863276.0,17653544306.8,17424890860.1,None
2016-04-08,'600252,中恒集团,4.97,5.03,4.91,5.01,5.06,-0.09,-1.7787,1.474,50559133,250981849.0,17271282520.6,17047580231.2,None
2016-04-07,'600252,中恒集团,5.06,5.18,5.05,5.11,5.19,-0.13,-2.5048,2.3256,79769477,406801018.0,17584042163.8,17356288927.6,None
2016-04-06,'600252,中恒集团,5.19,5.27,4.95,4.98,4.99,0.2,4.008,4.0595,139244883,715026373.0,18035806092.9,17802201488.9,None
2016-04-05,'600252,中恒集团,4.99,5.01,4.85,4.89,4.9,0.09,1.8367,1.9344,66350488,328093193.0,17340784663.5,17116182163.7,None
2016-04-01,'600252,中恒集团,4.9,4.93,4.81,4.9,4.92,-0.02,-0.4065,1.3303,45629744,221699853.0,17028025020.3,16807473467.4,None
2016-03-31,'600252,中恒集团,4.92,4.97,4.91,4.96,4.95,-0.03,-0.6061,1.2768,43796754,216398324.0,17097527163.2,16876075399.9,None
2016-03-30,'600252,中恒集团,4.95,4.96,4.86,4.87,4.84,0.11,2.2727,1.1321,38833172,190666703.0,17201780377.7,16978978298.7,None
2016-03-29,'600252,中恒集团,4.84,4.96,4.81,4.96,4.96,-0.12,-2.4194,1.2999,44588939,217527897.0,16819518591.5,16601667669.8,None
2016-03-28,'600252,中恒集团,4.96,5.05,4.94,4.98,4.97,-0.01,-0.2012,1.5243,52285369,261009562.0,17236531449.1,17013279265.0,None
2016-03-25,'600252,中恒集团,4.97,4.98,4.87,4.9,4.87,0.1,2.0534,1.3111,44972102,222279430.0,17271282520.6,17047580231.2,None
2016-03-24,'600252,中恒集团,4.87,4.97,4.86,4.96,5.01,-0.14,-2.7944,1.808,62015370,305721325.0,16923771805.9,16704570568.6,None
2016-03-23,'600252,中恒集团,5.01,5.05,4.96,5.03,5.04,-0.03,-0.5952,1.4965,51329933,256688566.0,17410286806.5,17184784096.3,None
2016-03-22,'600252,中恒集团,5.04,5.09,5.02,5.08,5.11,-0.07,-1.3699,1.8577,63720358,322085985.0,17514540020.9,17287686995.0,None
2016-03-21,'600252,中恒集团,5.11,5.12,5.01,5.05,5.0,0.11,2.2,2.7592,94644584,480639548.0,17757797521.2,17527793758.9,None
2016-03-18,'600252,中恒集团,5.0,5.06,4.91,4.95,4.93,0.07,1.4199,3.4509,118369490,591820690.0,17375535735.0,17150483130.0,None
2016-03-17,'600252,中恒集团,4.93,4.95,4.83,4.88,4.87,0.06,1.232,1.4598,50074235,246109240.0,17132278234.7,16910376366.2,None
2016-03-16,'600252,中恒集团,4.87,4.92,4.84,4.89,4.86,0.01,0.2058,1.2183,41789336,203844288.0,16923771805.9,16704570568.6,None
2016-03-15,'600252,中恒集团,4.86,4.98,4.82,4.85,4.86,0.0,0.0,1.2994,44570087,217844670.0,16889020734.4,16670269602.4,None
2016-03-14,'600252,中恒集团,4.86,5.0,4.73,4.73,4.71,0.15,3.1847,1.6571,56840490,278672201.0,16889020734.4,16670269602.4,None
2016-03-11,'600252,中恒集团,4.71,4.76,4.65,4.7,4.74,-0.03,-0.6329,0.6144,21074332,98837825.0,16367754662.4,16155755108.5,None
2016-03-10,'600252,中恒集团,4.74,4.86,4.74,4.83,4.85,-0.11,-2.268,0.6566,22521944,108034992.0,16472007876.8,16258658007.2,None
2016-03-09,'600252,中恒集团,4.85,4.86,4.73,4.79,4.9,-0.05,-1.0204,0.8798,30178519,144737573.0,16854269663.0,16635968636.1,None
2016-03-08,'600252,中恒集团,4.9,4.93,4.7,4.92,4.92,-0.02,-0.4065,1.221,41881991,201120332.0,17028025020.3,16807473467.4,None
2016-03-07,'600252,中恒集团,4.92,4.98,4.86,4.9,4.86,0.06,1.2346,1.2104,41518469,204519390.0,17097527163.2,16876075399.9,None
2016-03-04,'600252,中恒集团,4.86,4.95,4.79,4.9,4.99,-0.13,-2.6052,2.4133,82778872,404495742.0,16889020734.4,16670269602.4,None
2016-03-03,'600252,中恒集团,4.99,5.01,4.77,4.8,4.8,0.19,3.9583,2.5359,86982134,421907791.0,17340784663.5,17116182163.7,None
2016-03-02,'600252,中恒集团,4.8,4.82,4.57,4.62,4.61,0.19,4.1215,1.896,65034780,306261082.0,16680514305.6,16464463804.8,None
2016-03-01,'600252,中恒集团,4.61,4.66,4.47,4.54,4.56,0.05,1.0965,1.287,44145005,201271367.0,16020243947.7,15812745445.9,None
2016-02-29,'600252,中恒集团,4.56,4.83,4.42,4.83,4.83,-0.27,-5.5901,1.4903,51117513,232243075.0,15846488590.3,15641240614.6,None
2016-02-26,'600252,中恒集团,4.83,4.91,4.75,4.87,4.82,0.01,0.2075,1.3218,45340469,219125250.0,16784767520.0,16567366703.6,None
2016-02-25,'600252,中恒集团,4.82,5.29,4.78,5.29,5.31,-0.49,-9.2279,2.1441,73543201,368403813.0,16750016448.5,16533065737.3,None
2016-02-24,'600252,中恒集团,5.31,5.32,5.14,5.3,5.27,0.04,0.759,1.5098,51787849,272066723.0,18452818950.6,18213813084.1,None
2016-02-23,'600252,中恒集团,5.27,5.36,5.22,5.36,5.35,-0.08,-1.4953,1.192,40888412,215987778.0,18313814664.7,18076609219.0,None
2016-02-22,'600252,中恒集团,5.35,5.39,5.28,5.35,5.26,0.09,1.711,1.7324,59423584,316632482.0,18591823236.5,18351016949.1,None
2016-02-19,'600252,中恒集团,5.26,5.3,5.2,5.24,5.26,0.0,0.0,1.0075,34557511,181336557.0,18279063593.2,18042308252.8,None
2016-02-18,'600252,中恒集团,5.26,5.45,5.24,5.39,5.3,-0.04,-0.7547,1.5101,51799238,275824187.0,18279063593.2,18042308252.8,None
2016-02-17,'600252,中恒集团,5.3,5.35,5.2,5.28,5.29,0.01,0.189,1.7994,61721372,325335692.0,18418067879.1,18179512117.8,None
2016-02-16,'600252,中恒集团,5.29,5.48,5.04,5.04,5.0,0.29,5.8,2.2784,78149729,409344332.0,18383316807.6,18145211151.5,None
2016-02-15,'600252,中恒集团,5.0,5.07,4.84,4.89,5.02,-0.02,-0.3984,0.955,32758994,162732027.0,17375535735.0,17150483130.0,None
2016-02-05,'600252,中恒集团,5.02,5.13,5.01,5.1,5.09,-0.07,-1.3752,1.1063,37946336,191843882.0,17445037877.9,17219085062.5,None
2016-02-04,'600252,中恒集团,5.09,5.17,5.01,5.02,5.02,0.07,1.3944,1.7119,58721064,298003945.0,17688295378.2,17459191826.3,None
2016-02-03,'600252,中恒集团,5.02,5.06,4.84,4.85,4.92,0.1,2.0325,1.5036,51575273,257668459.0,17445037877.9,17219085062.5,None
2016-02-02,'600252,中恒集团,4.92,4.95,4.81,4.82,4.8,0.12,2.5,1.1757,40325970,197568571.0,17097527163.2,16876075399.9,None
2016-02-01,'600252,中恒集团,4.8,4.95,4.72,4.91,4.95,-0.15,-3.0303,1.4192,48679410,235193362.0,16680514305.6,16464463804.8,None
2016-01-29,'600252,中恒集团,4.95,5.05,4.71,4.87,4.86,0.09,1.8519,2.0471,70217181,346188466.0,17201780377.7,16978978298.7,None
2016-01-28,'600252,中恒集团,4.86,5.25,4.82,5.25,5.29,-0.43,-8.1285,2.7059,92814861,464747018.0,16889020734.4,16670269602.4,None
2016-01-27,'600252,中恒集团,5.29,5.78,5.24,5.65,5.82,-0.53,-9.1065,4.7391,162554216,877545566.0,18383316807.6,18145211151.5,None
2016-01-26,'600252,中恒集团,5.82,5.82,5.5,5.6,5.29,0.53,10.0189,4.8365,165895182,960612653.0,20225123595.5,19963162363.3,None
2016-01-25,'600252,中恒集团,0.0,0.0,0.0,0.0,5.29,None,None,0.0,0,0.0,18383316807.6,18145211151.5,None
2016-01-22,'600252,中恒集团,5.29,5.38,5.13,5.25,5.17,0.12,2.3211,1.1434,39218027,205037321.0,18383316807.6,18145211151.5,None
2016-01-21,'600252,中恒集团,5.17,5.51,5.16,5.4,5.5,-0.33,-6.0,1.3208,45305283,242696491.0,17966303950.0,17733599556.4,None
2016-01-20,'600252,中恒集团,5.5,5.73,5.48,5.63,5.67,-0.17,-2.9982,1.5765,54075000,302098761.0,19113089308.5,18865531443.0,None
2016-01-19,'600252,中恒集团,5.67,5.74,5.42,5.49,5.49,0.18,3.2787,1.7057,58508783,325888784.0,19703857523.5,19448647869.4,None
2016-01-18,'600252,中恒集团,5.49,5.58,5.3,5.39,5.51,-0.02,-0.363,1.4244,48857089,269057971.0,19078338237.0,18831230476.7,None
2016-01-15,'600252,中恒集团,5.51,5.56,5.12,5.35,5.41,0.1,1.8484,2.318,79510930,426614719.0,19147840380.0,18899832409.3,None
2016-01-14,'600252,中恒集团,5.41,5.42,4.89,4.98,5.17,0.24,4.6422,2.0137,69070408,356414914.0,18800329665.3,18556822746.7,None
2016-01-13,'600252,中恒集团,5.17,5.49,5.15,5.45,5.4,-0.23,-4.2593,1.3402,45968921,245852462.0,17966303950.0,17733599556.4,None
2016-01-12,'600252,中恒集团,5.4,5.55,5.23,5.43,5.42,-0.02,-0.369,1.5988,54839145,295045026.0,18765578593.8,18522521780.4,None
2016-01-11,'600252,中恒集团,5.42,5.93,5.37,5.86,5.95,-0.53,-8.9076,2.0317,69688125,392799927.0,18835080736.7,18591123712.9,None
2016-01-08,'600252,中恒集团,5.95,6.2,5.5,6.1,5.89,0.06,1.0187,2.5931,88946727,528170878.0,20676887524.7,20409074924.7,None
2016-01-07,'600252,中恒集团,5.89,6.44,5.88,6.43,6.53,-0.64,-9.8009,0.5782,19833298,121466596.0,20468381095.8,20203269127.1,None
2016-01-06,'600252,中恒集团,6.53,6.61,6.34,6.37,6.32,0.21,3.3228,1.8701,64147153,416185296.0,22692449669.9,22398530967.8,None
2016-01-05,'600252,中恒集团,6.32,6.62,6.05,6.35,6.62,-0.3,-4.5317,2.6798,91920319,583696848.0,21962677169.0,21678210676.3,None
2016-01-04,'600252,中恒集团,6.62,7.39,6.61,7.35,7.34,-0.72,-9.8093,2.2743,78011271,535635532.0,23005209313.1,22707239664.1,None
