日期,股票代码,名称,收盘价,最高价,最低价,开盘价,前收盘,涨跌额,涨跌幅,换手率,成交量,成交金额,总市值,流通市值,成交笔数
2016-10-12,'600361,华联综超,6.81,6.86,6.79,6.84,6.89,-0.08,-1.1611,0.9481,6312790,43044326.0,4534151921.58,4534151921.58,None
2016-10-11,'600361,华联综超,6.89,6.91,6.84,6.86,6.9,-0.01,-0.1449,0.9542,6352952,43658817.0,4587416555.02,4587416555.02,None
2016-10-10,'600361,华联综超,6.9,6.92,6.69,6.76,6.74,0.16,2.3739,1.4418,9599862,64972450.0,4594074634.2,4594074634.2,None
2016-09-30,'600361,华联综超,6.74,6.82,6.71,6.76,6.78,-0.04,-0.59,0.9445,6288611,42435357.0,4487545367.32,4487545367.32,None
2016-09-29,'600361,华联综超,6.78,6.82,6.7,6.77,6.77,0.01,0.1477,0.8423,5607976,37996616.0,4514177684.04,4514177684.04,None
2016-09-28,'600361,华联综超,6.77,6.83,6.65,6.67,6.7,0.07,1.0448,1.2113,8065043,54304940.0,4507519604.86,4507519604.86,None
2016-09-27,'600361,华联综超,6.7,6.72,6.55,6.61,6.65,0.05,0.7519,0.8594,5722260,37828237.0,4460913050.6,4460913050.6,None
2016-09-26,'600361,华联综超,6.65,6.77,6.55,6.55,6.56,0.09,1.372,1.3483,8977221,59953842.0,4427622654.7,4427622654.7,None
2016-09-23,'600361,华联综超,6.56,6.67,6.53,6.65,6.65,-0.09,-1.3534,0.6105,4064820,26817192.0,4367699942.08,4367699942.08,None
2016-09-22,'600361,华联综超,6.65,6.71,6.61,6.61,6.61,0.04,0.6051,0.5973,3976859,26446485.0,4427622654.7,4427622654.7,None
2016-09-21,'600361,华联综超,6.61,6.68,6.55,6.58,6.56,0.05,0.7622,0.5411,3602430,23878597.0,4400990337.98,4400990337.98,None
2016-09-20,'600361,华联综超,6.56,6.61,6.49,6.55,6.52,0.04,0.6135,0.7203,4795903,31486753.0,4367699942.08,4367699942.08,None
2016-09-19,'600361,华联综超,6.52,6.54,6.41,6.47,6.44,0.08,1.2422,0.501,3335393,21656746.0,4341067625.36,4341067625.36,None
2016-09-14,'600361,华联综超,6.44,6.49,6.37,6.4,6.46,-0.02,-0.3096,0.4975,3312495,21304696.0,4287802991.92,4287802991.92,None
2016-09-13,'600361,华联综超,6.46,6.48,6.38,6.43,6.39,0.07,1.0955,0.4141,2757110,17731926.0,4301119150.28,4301119150.28,None
2016-09-12,'600361,华联综超,6.39,6.56,6.31,6.54,6.67,-0.28,-4.1979,1.0023,6673077,43026411.0,4254512596.02,4254512596.02,None
2016-09-09,'600361,华联综超,6.67,6.87,6.63,6.7,6.67,0.0,0.0,1.2468,8301042,56024232.0,4440938813.06,4440938813.06,None
2016-09-08,'600361,华联综超,6.67,6.72,6.61,6.67,6.67,0.0,0.0,0.9124,6074712,40462360.0,4440938813.06,4440938813.06,None
2016-09-07,'600361,华联综超,6.67,6.71,6.57,6.6,6.65,0.02,0.3008,1.8237,12142248,80751512.0,4440938813.06,4440938813.06,None
2016-09-06,'600361,华联综超,6.65,6.68,6.39,6.52,6.54,0.11,1.682,1.7228,11470279,75131529.0,4427622654.7,4427622654.7,None
2016-09-05,'600361,华联综超,6.54,6.55,6.42,6.47,6.47,0.07,1.0819,0.6947,4625649,30012623.0,4354383783.72,4354383783.72,None
2016-09-02,'600361,华联综超,6.47,6.56,6.41,6.47,6.47,0.0,0.0,0.5386,3586280,23229172.0,4307777229.46,4307777229.46,None
2016-09-01,'600361,华联综超,6.47,6.58,6.45,6.48,6.51,-0.04,-0.6144,0.6238,4153591,27138858.0,4307777229.46,4307777229.46,None
2016-08-31,'600361,华联综超,6.51,6.52,6.36,6.47,6.49,0.02,0.3082,0.4966,3306411,21370232.0,4334409546.18,4334409546.18,None
2016-08-30,'600361,华联综超,6.49,6.58,6.42,6.5,6.47,0.02,0.3091,0.6266,4172268,27171156.0,4321093387.82,4321093387.82,None
2016-08-29,'600361,华联综超,6.47,6.53,6.38,6.38,6.41,0.06,0.936,0.4489,2988900,19274845.0,4307777229.46,4307777229.46,None
2016-08-26,'600361,华联综超,6.41,6.48,6.32,6.35,6.33,0.08,1.2638,0.6244,4157388,26626426.0,4267828754.38,4267828754.38,None
2016-08-25,'600361,华联综超,6.33,6.49,6.3,6.49,6.49,-0.16,-2.4653,0.59,3928263,24994026.0,4214564120.94,4214564120.94,None
2016-08-24,'600361,华联综超,6.49,6.58,6.42,6.45,6.44,0.05,0.7764,1.0425,6941138,45264343.0,4321093387.82,4321093387.82,None
2016-08-23,'600361,华联综超,6.44,6.5,6.32,6.42,6.44,0.0,0.0,0.7392,4921738,31546240.0,4287802991.92,4287802991.92,None
2016-08-22,'600361,华联综超,6.44,6.65,6.37,6.57,6.56,-0.12,-1.8293,1.031,6864764,44421487.0,4287802991.92,4287802991.92,None
2016-08-19,'600361,华联综超,6.56,6.63,6.45,6.51,6.59,-0.03,-0.4552,1.1495,7653562,49977953.0,4367699942.08,4367699942.08,None
2016-08-18,'600361,华联综超,6.59,6.72,6.39,6.39,6.38,0.21,3.2915,2.371,15786307,104044762.0,4387674179.62,4387674179.62,None
2016-08-17,'600361,华联综超,6.38,6.45,6.3,6.34,6.36,0.02,0.3145,0.4141,2757349,17553471.0,4247854516.84,4247854516.84,None
2016-08-16,'600361,华联综超,6.36,6.4,6.3,6.32,6.33,0.03,0.4739,0.6835,4550991,28977113.0,4234538358.48,4234538358.48,None
2016-08-15,'600361,华联综超,6.33,6.4,6.2,6.24,6.22,0.11,1.7685,0.8581,5713329,36038616.0,4214564120.94,4214564120.94,None
2016-08-12,'600361,华联综超,6.22,6.23,6.04,6.11,6.08,0.14,2.3026,0.4534,3019089,18608759.0,4141325249.96,4141325249.96,None
2016-08-11,'600361,华联综超,6.08,6.25,6.08,6.21,6.21,-0.13,-2.0934,0.3605,2400389,14759743.0,4048112141.44,4048112141.44,None
2016-08-10,'600361,华联综超,6.21,6.26,6.19,6.24,6.23,-0.02,-0.321,0.3677,2448267,15245189.0,4134667170.78,4134667170.78,None
2016-08-09,'600361,华联综超,6.23,6.26,6.14,6.17,6.19,0.04,0.6462,0.4528,3014927,18697700.0,4147983329.14,4147983329.14,None
2016-08-08,'600361,华联综超,6.19,6.2,6.04,6.1,6.08,0.11,1.8092,0.5884,3917763,24083698.0,4121351012.42,4121351012.42,None
2016-08-05,'600361,华联综超,6.08,6.15,6.07,6.12,6.11,-0.03,-0.491,0.3614,2406319,14725959.0,4048112141.44,4048112141.44,None
2016-08-04,'600361,华联综超,6.11,6.12,6.03,6.1,6.08,0.03,0.4934,0.3617,2407924,14631358.0,4068086378.98,4068086378.98,None
2016-08-03,'600361,华联综超,6.08,6.1,5.99,6.02,6.02,0.06,0.9967,0.4252,2831037,17138691.0,4048112141.44,4048112141.44,None
2016-08-02,'600361,华联综超,6.02,6.04,5.9,5.95,5.95,0.07,1.1765,0.4775,3179204,18988872.0,4008163666.36,4008163666.36,None
2016-08-01,'600361,华联综超,5.95,6.11,5.91,6.09,6.09,-0.14,-2.2989,0.6451,4295201,25645948.0,3961557112.1,3961557112.1,None
2016-07-29,'600361,华联综超,6.09,6.17,6.06,6.17,6.14,-0.05,-0.8143,0.3297,2194848,13405161.0,4054770220.62,4054770220.62,None
2016-07-28,'600361,华联综超,6.14,6.18,6.05,6.09,6.11,0.03,0.491,0.5995,3991806,24377793.0,4088060616.52,4088060616.52,None
2016-07-27,'600361,华联综超,6.11,6.45,6.06,6.41,6.42,-0.31,-4.8287,1.0306,6862063,42623642.0,4068086378.98,4068086378.98,None
2016-07-26,'600361,华联综超,6.42,6.43,6.29,6.3,6.31,0.11,1.7433,0.6883,4583066,29182765.0,4274486833.56,4274486833.56,None
2016-07-25,'600361,华联综超,6.31,6.34,6.24,6.27,6.27,0.04,0.638,0.495,3295540,20782467.0,4201247962.58,4201247962.58,None
2016-07-22,'600361,华联综超,6.27,6.31,6.22,6.3,6.31,-0.04,-0.6339,0.4231,2816991,17662670.0,4174615645.86,4174615645.86,None
2016-07-21,'600361,华联综超,6.31,6.36,6.23,6.25,6.25,0.06,0.96,0.4733,3151386,19827162.0,4201247962.58,4201247962.58,None
2016-07-20,'600361,华联综超,6.25,6.3,6.23,6.23,6.24,0.01,0.1603,0.4401,2929982,18345274.0,4161299487.5,4161299487.5,None
2016-07-19,'600361,华联综超,6.24,6.27,6.18,6.27,6.26,-0.02,-0.3195,0.4664,3105369,19303857.0,4154641408.32,4154641408.32,None
2016-07-18,'600361,华联综超,6.26,6.33,6.23,6.32,6.35,-0.09,-1.4173,0.4355,2899883,18148686.0,4167957566.68,4167957566.68,None
2016-07-15,'600361,华联综超,6.35,6.37,6.25,6.37,6.35,0.0,0.0,0.5492,3656917,23058258.0,4227880279.3,4227880279.3,None
2016-07-14,'600361,华联综超,6.35,6.37,6.25,6.3,6.29,0.06,0.9539,0.7931,5280682,33336930.0,4227880279.3,4227880279.3,None
2016-07-13,'600361,华联综超,6.29,6.32,6.22,6.22,6.23,0.06,0.9631,0.6818,4539476,28515735.0,4187931804.22,4187931804.22,None
2016-07-12,'600361,XD华联综,6.23,6.24,6.1,6.18,6.25,-0.02,-0.32,0.9582,6379672,39379535.0,4147983329.14,4147983329.14,None
2016-07-11,'600361,华联综超,6.55,6.63,6.51,6.54,6.53,0.02,0.3063,1.0177,6775834,44524970.0,4361041862.9,4361041862.9,None
2016-07-08,'600361,华联综超,6.53,6.71,6.5,6.67,6.65,-0.12,-1.8045,0.8699,5791982,38192429.0,4347725704.54,4347725704.54,None
2016-07-07,'600361,华联综超,6.65,6.71,6.56,6.56,6.61,0.04,0.6051,0.5459,3634465,24131176.0,4427622654.7,4427622654.7,None
2016-07-06,'600361,华联综超,6.61,6.64,6.46,6.5,6.5,0.11,1.6923,0.8205,5463179,35872784.0,4400990337.98,4400990337.98,None
2016-07-05,'600361,华联综超,6.5,6.54,6.44,6.49,6.42,0.08,1.2461,0.5704,3798069,24643090.0,4327751467.0,4327751467.0,None
2016-07-04,'600361,华联综超,6.42,6.47,6.22,6.24,6.28,0.14,2.2293,0.8205,5463282,34887251.0,4274486833.56,4274486833.56,None
2016-07-01,'600361,华联综超,6.28,6.3,6.2,6.23,6.23,0.05,0.8026,0.3962,2637731,16510864.0,4181273725.04,4181273725.04,None
2016-06-30,'600361,华联综超,6.23,6.3,6.19,6.25,6.21,0.02,0.3221,0.6178,4113329,25633001.0,4147983329.14,4147983329.14,None
2016-06-29,'600361,华联综超,6.21,6.27,6.2,6.26,6.21,0.0,0.0,0.5197,3460459,21606064.0,4134667170.78,4134667170.78,None
2016-06-28,'600361,华联综超,6.21,6.21,6.09,6.13,6.16,0.05,0.8117,0.4074,2712364,16687852.0,4134667170.78,4134667170.78,None
2016-06-27,'600361,华联综超,6.16,6.18,6.0,6.0,6.06,0.1,1.6502,0.3658,2435781,14894035.0,4101376774.88,4101376774.88,None
2016-06-24,'600361,华联综超,6.06,6.22,5.99,6.12,6.17,-0.11,-1.7828,0.5872,3909653,23787907.0,4034795983.08,4034795983.08,None
2016-06-23,'600361,华联综超,6.17,6.23,6.09,6.22,6.23,-0.06,-0.9631,0.4011,2670348,16422343.0,4108034854.06,4108034854.06,None
2016-06-22,'600361,华联综超,6.23,6.23,6.07,6.1,6.1,0.13,2.1311,0.3742,2491592,15389463.0,4147983329.14,4147983329.14,None
2016-06-21,'600361,华联综超,6.1,6.23,6.08,6.15,6.11,-0.01,-0.1637,0.3462,2305036,14187188.0,4061428299.8,4061428299.8,None
2016-06-20,'600361,华联综超,6.11,6.17,6.02,6.17,6.18,-0.07,-1.1327,0.3597,2395192,14587061.0,4068086378.98,4068086378.98,None
2016-06-17,'600361,华联综超,6.18,6.22,6.08,6.08,6.09,0.09,1.4778,0.4446,2960153,18277163.0,4114692933.24,4114692933.24,None
2016-06-16,'600361,华联综超,6.09,6.16,6.03,6.11,6.15,-0.06,-0.9756,0.337,2243485,13713263.0,4054770220.62,4054770220.62,None
2016-06-15,'600361,华联综超,6.15,6.17,5.91,5.91,6.0,0.15,2.5,0.4362,2904057,17692386.0,4094718695.7,4094718695.7,None
2016-06-14,'600361,华联综超,6.0,6.03,5.89,5.96,6.0,0.0,0.0,0.4666,3106438,18476799.0,3994847508.0,3994847508.0,None
2016-06-13,'600361,华联综超,6.0,6.25,6.0,6.2,6.28,-0.28,-4.4586,0.5254,3498165,21379628.0,3994847508.0,3994847508.0,None
2016-06-08,'600361,华联综超,6.28,6.31,6.16,6.25,6.25,0.03,0.48,0.3882,2584580,16138728.0,4181273725.04,4181273725.04,None
2016-06-07,'600361,华联综超,6.25,6.35,6.23,6.32,6.35,-0.1,-1.5748,0.502,3342466,20989558.0,4161299487.5,4161299487.5,None
2016-06-06,'600361,华联综超,6.35,6.4,6.29,6.35,6.32,0.03,0.4747,0.6395,4257558,27023889.0,4227880279.3,4227880279.3,None
2016-06-03,'600361,华联综超,6.32,6.34,6.25,6.27,6.31,0.01,0.1585,0.5325,3545337,22317518.0,4207906041.76,4207906041.76,None
2016-06-02,'600361,华联综超,6.31,6.35,6.2,6.2,6.23,0.08,1.2841,0.5408,3600403,22583474.0,4201247962.58,4201247962.58,None
2016-06-01,'600361,华联综超,6.23,6.34,6.21,6.22,6.23,0.0,0.0,0.5831,3882610,24286543.0,4147983329.14,4147983329.14,None
2016-05-31,'600361,华联综超,6.23,6.24,6.0,6.0,5.99,0.24,4.0067,0.7124,4743198,29176037.0,4147983329.14,4147983329.14,None
2016-05-30,'600361,华联综超,5.99,6.11,5.97,6.0,6.05,-0.06,-0.9917,0.4046,2693765,16258142.0,3988189428.82,3988189428.82,None
2016-05-27,'600361,华联综超,6.05,6.09,5.97,6.02,6.06,-0.01,-0.165,0.2641,1758528,10603113.0,4028137903.9,4028137903.9,None
2016-05-26,'600361,华联综超,6.06,6.08,5.81,5.98,5.97,0.09,1.5075,0.4467,2974285,17659327.0,4034795983.08,4034795983.08,None
2016-05-25,'600361,华联综超,5.97,6.14,5.96,6.01,5.97,0.0,0.0,0.461,3069444,18580919.0,3974873270.46,3974873270.46,None
2016-05-24,'600361,华联综超,5.97,6.1,5.96,6.04,6.04,-0.07,-1.1589,0.499,3322695,20020596.0,3974873270.46,3974873270.46,None
2016-05-23,'600361,华联综超,6.04,6.1,5.81,5.81,5.86,0.18,3.0717,0.7065,4704055,28309449.0,4021479824.72,4021479824.72,None
2016-05-20,'600361,华联综超,5.86,5.87,5.71,5.79,5.79,0.07,1.209,0.2652,1765948,10295688.0,3901634399.48,3901634399.48,None
2016-05-19,'600361,华联综超,5.79,5.93,5.77,5.89,5.85,-0.06,-1.0256,0.3643,2425287,14245371.0,3855027845.22,3855027845.22,None
2016-05-18,'600361,华联综超,5.85,5.98,5.75,5.95,5.98,-0.13,-2.1739,0.4807,3200397,18755195.0,3894976320.3,3894976320.3,None
2016-05-17,'600361,华联综超,5.98,6.08,5.94,6.06,6.05,-0.07,-1.157,0.5038,3354280,20134909.0,3981531349.64,3981531349.64,None
2016-05-16,'600361,华联综超,6.05,6.05,5.86,5.89,5.96,0.09,1.5101,0.5199,3461247,20643290.0,4028137903.9,4028137903.9,None
2016-05-13,'600361,华联综超,5.96,6.05,5.92,6.05,5.99,-0.03,-0.5008,0.3134,2086393,12474006.0,3968215191.28,3968215191.28,None
2016-05-12,'600361,华联综超,5.99,6.09,5.79,6.09,6.11,-0.12,-1.964,0.5368,3574152,21241876.0,3988189428.82,3988189428.82,None
2016-05-11,'600361,华联综超,6.11,6.2,6.08,6.11,6.07,0.04,0.659,0.5338,3554354,21785301.0,4068086378.98,4068086378.98,None
2016-05-10,'600361,华联综超,6.07,6.23,6.02,6.13,6.15,-0.08,-1.3008,0.4747,3160778,19302827.0,4041454062.26,4041454062.26,None
2016-05-09,'600361,华联综超,6.15,6.5,6.12,6.41,6.51,-0.36,-5.53,0.777,5173480,32407078.0,4094718695.7,4094718695.7,None
2016-05-06,'600361,华联综超,6.51,6.86,6.45,6.85,6.85,-0.34,-4.9635,0.9731,6478741,43107834.0,4334409546.18,4334409546.18,None
2016-05-05,'600361,华联综超,6.85,6.86,6.75,6.79,6.79,0.06,0.8837,0.5973,3976714,27110008.0,4560784238.3,4560784238.3,None
2016-05-04,'600361,华联综超,6.79,6.83,6.72,6.74,6.8,-0.01,-0.1471,0.617,4107720,27829651.0,4520835763.22,4520835763.22,None
2016-05-03,'600361,华联综超,6.8,6.82,6.52,6.6,6.69,0.11,1.6442,1.1411,7597799,50851802.0,4527493842.4,4527493842.4,None
2016-04-29,'600361,华联综超,6.69,6.77,6.46,6.48,6.55,0.14,2.1374,1.0936,7281222,48154841.0,4454254971.42,4454254971.42,None
2016-04-28,'600361,华联综超,6.55,6.7,6.42,6.6,6.6,-0.05,-0.7576,0.522,3475629,22765233.0,4361041862.9,4361041862.9,None
2016-04-27,'600361,华联综超,6.6,6.77,6.59,6.7,6.65,-0.05,-0.7519,0.5846,3892090,25997328.0,4394332258.8,4394332258.8,None
2016-04-26,'600361,华联综超,6.65,6.66,6.5,6.5,6.55,0.1,1.5267,0.3731,2483922,16353494.0,4427622654.7,4427622654.7,None
2016-04-25,'600361,华联综超,6.55,6.56,6.37,6.48,6.52,0.03,0.4601,0.5288,3520818,22857153.0,4361041862.9,4361041862.9,None
2016-04-22,'600361,华联综超,6.52,6.54,6.32,6.42,6.43,0.09,1.3997,0.508,3382177,21882271.0,4341067625.36,4341067625.36,None
2016-04-21,'600361,华联综超,6.43,6.6,6.36,6.44,6.45,-0.02,-0.3101,0.7658,5098679,33079788.0,4281144912.74,4281144912.74,None
2016-04-20,'600361,华联综超,6.45,6.86,6.26,6.83,6.83,-0.38,-5.5637,1.5088,10045634,65771332.0,4294461071.1,4294461071.1,None
2016-04-19,'600361,华联综超,6.83,6.88,6.77,6.83,6.83,0.0,0.0,0.6796,4524663,30864089.0,4547468079.94,4547468079.94,None
2016-04-18,'600361,华联综超,6.83,6.95,6.72,6.91,6.98,-0.15,-2.149,1.2775,8505377,57975775.0,4547468079.94,4547468079.94,None
2016-04-15,'600361,华联综超,6.98,7.04,6.81,6.9,6.87,0.11,1.6012,1.7034,11341455,78769145.0,4647339267.64,4647339267.64,None
2016-04-14,'600361,华联综超,6.87,6.95,6.79,6.94,6.87,0.0,0.0,1.0862,7232231,49589192.0,4574100396.66,4574100396.66,None
2016-04-13,'600361,华联综超,6.87,6.9,6.72,6.73,6.69,0.18,2.6906,2.0015,13326098,91016590.0,4574100396.66,4574100396.66,None
2016-04-12,'600361,华联综超,6.69,6.76,6.58,6.76,6.77,-0.08,-1.1817,0.9248,6157686,40975469.0,4454254971.42,4454254971.42,None
2016-04-11,'600361,华联综超,6.77,6.82,6.6,6.62,6.58,0.19,2.8875,2.0288,13507837,90806234.0,4507519604.86,4507519604.86,None
2016-04-08,'600361,华联综超,6.58,6.61,6.45,6.61,6.67,-0.09,-1.3493,1.6856,11222599,73210685.0,4381016100.44,4381016100.44,None
2016-04-07,'600361,华联综超,6.67,6.86,6.66,6.81,6.81,-0.14,-2.0558,1.9824,13199020,89159278.0,4440938813.06,4440938813.06,None
2016-04-06,'600361,华联综超,6.81,6.93,6.72,6.83,6.91,-0.1,-1.4472,3.4022,22652143,154129247.0,4534151921.58,4534151921.58,None
2016-04-05,'600361,华联综超,6.91,7.04,6.7,6.88,6.91,0.0,0.0,5.1856,34526213,235939461.0,4600732713.38,4600732713.38,None
2016-04-01,'600361,华联综超,6.91,7.13,6.85,7.03,7.03,-0.12,-1.707,2.9288,19500043,135023931.0,4600732713.38,4600732713.38,None
2016-03-31,'600361,华联综超,7.03,7.1,6.83,6.96,7.08,-0.05,-0.7062,3.6088,24027627,167038713.0,4680629663.54,4680629663.54,None
2016-03-30,'600361,华联综超,7.08,7.13,6.43,6.43,6.5,0.58,8.9231,5.0299,33489540,231677462.0,4713920059.44,4713920059.44,None
2016-03-29,'600361,华联综超,6.5,6.6,6.33,6.36,6.38,0.12,1.8809,2.0406,13586775,88188316.0,4327751467.0,4327751467.0,None
2016-03-28,'600361,华联综超,6.38,6.56,6.37,6.41,6.42,-0.04,-0.6231,1.1524,7672705,49797128.0,4247854516.84,4247854516.84,None
2016-03-25,'600361,华联综超,6.42,6.48,6.33,6.39,6.43,-0.01,-0.1555,1.0056,6695450,42865193.0,4274486833.56,4274486833.56,None
2016-03-24,'600361,华联综超,6.43,6.64,6.23,6.32,6.37,0.06,0.9419,2.3367,15558187,100517601.0,4281144912.74,4281144912.74,None
2016-03-23,'600361,华联综超,6.37,6.39,6.28,6.3,6.32,0.05,0.7911,0.878,5845774,37023482.0,4241196437.66,4241196437.66,None
2016-03-22,'600361,华联综超,6.32,6.41,6.25,6.27,6.34,-0.02,-0.3155,1.1329,7542627,47655556.0,4207906041.76,4207906041.76,None
2016-03-21,'600361,华联综超,6.34,6.35,6.21,6.28,6.21,0.13,2.0934,1.1447,7621578,47939772.0,4221222200.12,4221222200.12,None
2016-03-18,'600361,华联综超,6.21,6.25,6.04,6.06,6.04,0.17,2.8146,1.5652,10421247,64206098.0,4134667170.78,4134667170.78,None
2016-03-17,'600361,华联综超,6.04,6.06,5.9,5.92,5.89,0.15,2.5467,1.1408,7595704,45549050.0,4021479824.72,4021479824.72,None
2016-03-16,'600361,华联综超,5.89,6.03,5.85,6.0,5.97,-0.08,-1.34,0.7019,4673256,27767140.0,3921608637.02,3921608637.02,None
2016-03-15,'600361,华联综超,5.97,6.04,5.89,6.0,5.99,-0.02,-0.3339,0.7652,5094773,30301259.0,3974873270.46,3974873270.46,None
2016-03-14,'600361,华联综超,5.99,6.15,5.85,5.92,5.88,0.11,1.8707,1.1129,7409539,44605273.0,3988189428.82,3988189428.82,None
2016-03-11,'600361,华联综超,5.88,5.91,5.69,5.71,5.75,0.13,2.2609,0.6602,4395940,25600119.0,3914950557.84,3914950557.84,None
2016-03-10,'600361,华联综超,5.75,5.92,5.73,5.87,5.87,-0.12,-2.0443,0.6016,4005700,23376617.0,3828395528.5,3828395528.5,None
2016-03-09,'600361,华联综超,5.87,5.98,5.85,5.98,6.09,-0.22,-3.6125,0.7263,4835442,28585901.0,3908292478.66,3908292478.66,None
2016-03-08,'600361,华联综超,6.09,6.09,5.85,6.04,6.07,0.02,0.3295,0.9106,6063053,36156587.0,4054770220.62,4054770220.62,None
2016-03-07,'600361,华联综超,6.07,6.13,5.94,5.94,5.91,0.16,2.7073,0.8349,5558869,33637973.0,4041454062.26,4041454062.26,None
2016-03-04,'600361,华联综超,5.91,6.14,5.82,6.11,6.16,-0.25,-4.0584,1.2355,8225813,49291681.0,3934924795.38,3934924795.38,None
2016-03-03,'600361,华联综超,6.16,6.2,6.01,6.06,6.1,0.06,0.9836,1.6575,11035711,67516481.0,4101376774.88,4101376774.88,None
2016-03-02,'600361,华联综超,6.1,6.15,5.74,5.82,5.77,0.33,5.7192,2.3737,15804102,93344039.0,4061428299.8,4061428299.8,None
2016-03-01,'600361,华联综超,5.77,5.94,5.68,5.86,5.86,-0.09,-1.5358,2.5574,17027101,99169642.0,3841711686.86,3841711686.86,None
2016-02-29,'600361,华联综超,5.86,6.24,5.72,6.16,6.26,-0.4,-6.3898,0.7546,5024381,29783017.0,3901634399.48,3901634399.48,None
2016-02-26,'600361,华联综超,6.26,6.45,6.08,6.36,6.25,0.01,0.16,0.8716,5803174,36274944.0,4167957566.68,4167957566.68,None
2016-02-25,'600361,华联综超,6.25,6.8,6.18,6.75,6.85,-0.6,-8.7591,1.3588,9047144,58568305.0,4161299487.5,4161299487.5,None
2016-02-24,'600361,华联综超,6.85,6.88,6.39,6.41,6.5,0.35,5.3846,2.4862,16553080,110553614.0,4560784238.3,4560784238.3,None
2016-02-23,'600361,华联综超,6.5,6.57,6.18,6.4,6.38,0.12,1.8809,1.1315,7533375,47803548.0,4327751467.0,4327751467.0,None
2016-02-22,'600361,华联综超,6.38,6.4,6.11,6.13,6.08,0.3,4.9342,1.8623,12399636,77634797.0,4247854516.84,4247854516.84,None
2016-02-19,'600361,华联综超,6.08,6.09,5.96,5.99,6.02,0.06,0.9967,0.5863,3903530,23523469.0,4048112141.44,4048112141.44,None
2016-02-18,'600361,华联综超,6.02,6.17,5.99,6.17,6.08,-0.06,-0.9868,0.8472,5640529,34287681.0,4008163666.36,4008163666.36,None
2016-02-17,'600361,华联综超,6.08,6.1,5.95,5.99,6.03,0.05,0.8292,0.6944,4623456,27975592.0,4048112141.44,4048112141.44,None
2016-02-16,'600361,华联综超,6.03,6.05,5.81,5.81,5.8,0.23,3.9655,0.7802,5194736,31016904.0,4014821745.54,4014821745.54,None
2016-02-15,'600361,华联综超,5.8,5.84,5.62,5.63,5.8,0.0,0.0,0.5085,3385477,19377413.0,3861685924.4,3861685924.4,None
2016-02-05,'600361,华联综超,5.8,5.89,5.77,5.87,5.85,-0.05,-0.8547,0.4628,3081122,17936467.0,3861685924.4,3861685924.4,None
2016-02-04,'600361,华联综超,5.85,5.89,5.76,5.79,5.75,0.1,1.7391,0.5446,3626268,21175757.0,3894976320.3,3894976320.3,None
2016-02-03,'600361,华联综超,5.75,5.79,5.6,5.65,5.71,0.04,0.7005,0.6509,4333563,24623149.0,3828395528.5,3828395528.5,None
2016-02-02,'600361,华联综超,5.71,5.73,5.56,5.56,5.54,0.17,3.0686,0.5768,3840273,21802626.0,3801763211.78,3801763211.78,None
2016-02-01,'600361,华联综超,5.54,5.67,5.48,5.63,5.64,-0.1,-1.773,0.5315,3538945,19736551.0,3688575865.72,3688575865.72,None
2016-01-29,'600361,华联综超,5.64,5.68,5.42,5.45,5.45,0.19,3.4862,0.6535,4350808,24308849.0,3755156657.52,3755156657.52,None
2016-01-28,'600361,华联综超,5.45,5.68,5.43,5.66,5.65,-0.2,-3.5398,0.624,4154953,23155927.0,3628653153.1,3628653153.1,None
2016-01-27,'600361,华联综超,5.65,5.8,5.41,5.73,5.74,-0.09,-1.5679,0.7897,5257921,29687159.0,3761814736.7,3761814736.7,None
2016-01-26,'600361,华联综超,5.74,6.23,5.66,6.23,6.26,-0.52,-8.3067,0.9601,6392215,38245168.0,3821737449.32,3821737449.32,None
2016-01-25,'600361,华联综超,6.26,6.31,6.2,6.3,6.22,0.04,0.6431,0.7838,5218494,32652301.0,4167957566.68,4167957566.68,None
2016-01-22,'600361,华联综超,6.22,6.32,6.04,6.32,6.08,0.14,2.3026,0.7349,4893095,30262368.0,4141325249.96,4141325249.96,None
2016-01-21,'600361,华联综超,6.08,6.35,6.02,6.2,6.26,-0.18,-2.8754,0.9402,6260232,38908376.0,4048112141.44,4048112141.44,None
2016-01-20,'600361,华联综超,6.26,6.44,6.22,6.3,6.31,-0.05,-0.7924,1.0351,6891683,43565760.0,4167957566.68,4167957566.68,None
2016-01-19,'600361,华联综超,6.31,6.35,6.05,6.07,6.07,0.24,3.9539,0.9217,6136664,38036718.0,4201247962.58,4201247962.58,None
2016-01-18,'600361,华联综超,6.07,6.18,5.82,5.87,6.01,0.06,0.9983,0.8596,5723040,34528220.0,4041454062.26,4041454062.26,None
2016-01-15,'600361,华联综超,6.01,6.39,5.96,6.32,6.33,-0.32,-5.0553,0.9591,6386051,39519752.0,4001505587.18,4001505587.18,None
2016-01-14,'600361,华联综超,6.33,6.36,5.98,6.0,6.19,0.14,2.2617,0.9354,6227910,38585234.0,4214564120.94,4214564120.94,None
2016-01-13,'600361,华联综超,6.19,6.44,6.1,6.33,6.33,-0.14,-2.2117,1.3439,8948003,56525805.0,4121351012.42,4121351012.42,None
2016-01-12,'600361,华联综超,6.33,6.48,6.13,6.13,6.63,-0.3,-4.5249,2.262,15060750,95092596.0,4214564120.94,4214564120.94,None
2016-01-11,'600361,华联综超,6.63,7.3,6.57,7.2,6.84,-0.21,-3.0702,3.0767,20484940,144411865.0,4414306496.34,4414306496.34,None
2016-01-08,'600361,华联综超,6.84,6.98,6.43,6.94,6.73,0.11,1.6345,1.6564,11028114,74940926.0,4554126159.12,4554126159.12,None
2016-01-07,'600361,华联综超,6.73,7.26,6.66,7.26,7.37,-0.64,-8.6839,0.4496,2993799,20893577.0,4480887288.14,4480887288.14,None
2016-01-06,'600361,华联综超,7.37,7.39,7.16,7.19,7.17,0.2,2.7894,1.3202,8789693,63918943.0,4907004355.66,4907004355.66,None
2016-01-05,'600361,华联综超,7.17,7.3,6.7,6.97,7.29,-0.12,-1.6461,1.7693,11780311,83595336.0,4773842772.06,4773842772.06,None
2016-01-04,'600361,华联综超,7.29,8.07,7.28,8.05,8.05,-0.76,-9.441,1.4598,9719733,74430484.0,4853739722.22,4853739722.22,None
