日期,股票代码,名称,收盘价,最高价,最低价,开盘价,前收盘,涨跌额,涨跌幅,换手率,成交量,成交金额,总市值,流通市值,成交笔数
2016-10-12,'600371,万向德农,16.6,16.72,16.45,16.55,16.73,-0.13,-0.777,1.1074,2492382,41307729.0,3735996000.0,3735996000.0,None
2016-10-11,'600371,万向德农,16.73,16.82,16.55,16.73,16.7,0.03,0.1796,1.5244,3430867,57292168.0,3765253800.0,3765253800.0,None
2016-10-10,'600371,万向德农,16.7,16.82,16.28,16.38,16.33,0.37,2.2658,1.6094,3622129,59892945.0,3758502000.0,3758502000.0,None
2016-09-30,'600371,万向德农,16.33,16.41,16.2,16.26,16.33,0.0,0.0,0.8971,2018964,32896129.0,3675229800.0,3675229800.0,None
2016-09-29,'600371,万向德农,16.33,16.38,15.95,16.07,16.0,0.33,2.0625,1.3565,3052967,49591881.0,3675229800.0,3675229800.0,None
2016-09-28,'600371,万向德农,16.0,16.25,15.96,16.25,16.19,-0.19,-1.1736,0.8367,1883161,30221523.0,3600960000.0,3600960000.0,None
2016-09-27,'600371,万向德农,16.19,16.2,15.81,16.08,16.04,0.15,0.9352,0.7491,1685967,26952288.0,3643721400.0,3643721400.0,None
2016-09-26,'600371,万向德农,16.04,16.39,15.91,16.11,16.25,-0.21,-1.2923,1.1135,2506152,40551697.0,3609962400.0,3609962400.0,None
2016-09-23,'600371,万向德农,16.25,16.45,16.02,16.02,16.05,0.2,1.2461,1.4439,3249643,52877472.0,3657225000.0,3657225000.0,None
2016-09-22,'600371,万向德农,16.05,16.3,15.98,16.28,16.04,0.01,0.0623,0.8664,1949848,31442277.0,3612213000.0,3612213000.0,None
2016-09-21,'600371,万向德农,16.04,16.2,15.83,15.83,15.93,0.11,0.6905,0.7194,1619104,26031478.0,3609962400.0,3609962400.0,None
2016-09-20,'600371,万向德农,15.93,16.15,15.7,15.94,15.79,0.14,0.8866,1.0606,2386883,38120066.0,3585205800.0,3585205800.0,None
2016-09-19,'600371,万向德农,15.79,15.92,15.5,15.5,15.49,0.3,1.9367,0.8088,1820294,28775728.0,3553697400.0,3553697400.0,None
2016-09-14,'600371,万向德农,15.49,15.7,15.43,15.43,15.62,-0.13,-0.8323,0.7584,1706858,26592851.0,3486179400.0,3486179400.0,None
2016-09-13,'600371,万向德农,15.62,15.78,15.54,15.62,15.54,0.08,0.5148,0.6261,1409035,22035604.0,3515437200.0,3515437200.0,None
2016-09-12,'600371,万向德农,15.54,15.95,15.51,15.9,16.19,-0.65,-4.0148,1.3265,2985467,47039684.0,3497432400.0,3497432400.0,None
2016-09-09,'600371,万向德农,16.19,16.7,16.05,16.4,16.39,-0.2,-1.2203,1.7422,3920931,64316377.0,3643721400.0,3643721400.0,None
2016-09-08,'600371,万向德农,16.39,16.4,16.18,16.37,16.39,0.0,0.0,1.3058,2938859,47891011.0,3688733400.0,3688733400.0,None
2016-09-07,'600371,万向德农,16.39,16.75,16.15,16.25,16.19,0.2,1.2353,2.5747,5794651,95539702.0,3688733400.0,3688733400.0,None
2016-09-06,'600371,万向德农,16.19,16.2,15.8,15.95,16.03,0.16,0.9981,1.5113,3401220,54481445.0,3643721400.0,3643721400.0,None
2016-09-05,'600371,万向德农,16.03,16.3,15.86,16.11,16.1,-0.07,-0.4348,1.6426,3696910,59470779.0,3607711800.0,3607711800.0,None
2016-09-02,'600371,万向德农,16.1,16.11,15.66,15.73,15.75,0.35,2.2222,1.3907,3129927,49634252.0,3623466000.0,3623466000.0,None
2016-09-01,'600371,万向德农,15.75,16.05,15.73,16.05,16.02,-0.27,-1.6854,0.9296,2092268,33265177.0,3544695000.0,3544695000.0,None
2016-08-31,'600371,万向德农,16.02,16.05,15.76,15.9,15.96,0.06,0.3759,0.752,1692469,26888793.0,3605461200.0,3605461200.0,None
2016-08-30,'600371,万向德农,15.96,16.08,15.82,15.99,15.94,0.02,0.1255,0.7496,1687001,26901279.0,3591957600.0,3591957600.0,None
2016-08-29,'600371,万向德农,15.94,16.17,15.7,15.76,15.86,0.08,0.5044,1.0472,2356727,37589254.0,3587456400.0,3587456400.0,None
2016-08-26,'600371,万向德农,15.86,16.09,15.69,15.93,15.91,-0.05,-0.3143,1.5096,3397394,54057237.0,3569451600.0,3569451600.0,None
2016-08-25,'600371,万向德农,15.91,15.95,15.5,15.83,15.95,-0.04,-0.2508,1.6285,3665098,57393859.0,3580704600.0,3580704600.0,None
2016-08-24,'600371,万向德农,15.95,16.33,15.81,16.12,16.21,-0.26,-1.6039,1.849,4161337,66697226.0,3589707000.0,3589707000.0,None
2016-08-23,'600371,万向德农,16.21,16.44,15.97,16.1,16.11,0.1,0.6207,1.8454,4153189,67170097.0,3648222600.0,3648222600.0,None
2016-08-22,'600371,万向德农,16.11,16.5,15.7,15.99,16.08,0.03,0.1866,3.3489,7536990,121920182.0,3625716600.0,3625716600.0,None
2016-08-19,'600371,万向德农,16.08,16.38,15.7,15.81,15.76,0.32,2.0305,2.0723,4663980,74865180.0,3618964800.0,3618964800.0,None
2016-08-18,'600371,万向德农,15.76,15.82,15.61,15.74,15.75,0.01,0.0635,1.2879,2898503,45552542.0,3546945600.0,3546945600.0,None
2016-08-17,'600371,万向德农,15.75,15.83,15.45,15.73,15.77,-0.02,-0.1268,1.2956,2915987,45707567.0,3544695000.0,3544695000.0,None
2016-08-16,'600371,万向德农,15.77,15.95,15.45,15.57,15.57,0.2,1.2845,1.3486,3035113,47752530.0,3549196200.0,3549196200.0,None
2016-08-15,'600371,万向德农,15.57,15.72,15.08,15.22,15.18,0.39,2.5692,1.961,4413433,68079815.0,3504184200.0,3504184200.0,None
2016-08-12,'600371,万向德农,15.18,15.23,15.0,15.06,15.03,0.15,0.998,0.5946,1338101,20262194.0,3416410800.0,3416410800.0,None
2016-08-11,'600371,万向德农,15.03,15.35,15.0,15.32,15.32,-0.29,-1.893,0.8451,1902055,28798951.0,3382651800.0,3382651800.0,None
2016-08-10,'600371,万向德农,15.32,15.52,15.23,15.32,15.44,-0.12,-0.7772,0.7953,1789909,27426666.0,3447919200.0,3447919200.0,None
2016-08-09,'600371,万向德农,15.44,15.58,15.21,15.3,15.16,0.28,1.847,1.2188,2742955,42327424.0,3474926400.0,3474926400.0,None
2016-08-08,'600371,万向德农,15.16,15.2,14.77,15.04,15.01,0.15,0.9993,1.0328,2324348,34888670.0,3411909600.0,3411909600.0,None
2016-08-05,'600371,万向德农,15.01,15.26,14.97,15.26,15.23,-0.22,-1.4445,0.6711,1510427,22837629.0,3378150600.0,3378150600.0,None
2016-08-04,'600371,万向德农,15.23,15.34,15.02,15.26,15.26,-0.03,-0.1966,0.6973,1569265,23813802.0,3427663800.0,3427663800.0,None
2016-08-03,'600371,万向德农,15.26,15.34,15.08,15.24,15.24,0.02,0.1312,0.4979,1120625,17051767.0,3434415600.0,3434415600.0,None
2016-08-02,'600371,万向德农,15.24,15.28,15.11,15.27,15.17,0.07,0.4614,0.6395,1439290,21902906.0,3429914400.0,3429914400.0,None
2016-08-01,'600371,万向德农,15.17,15.31,14.8,15.0,15.08,0.09,0.5968,0.8825,1986179,29948518.0,3414160200.0,3414160200.0,None
2016-07-29,'600371,万向德农,15.08,15.24,14.96,15.05,15.14,-0.06,-0.3963,0.9274,2087292,31563037.0,3393904800.0,3393904800.0,None
2016-07-28,'600371,万向德农,15.14,15.45,14.85,15.29,15.29,-0.15,-0.981,1.401,3153078,47776509.0,3407408400.0,3407408400.0,None
2016-07-27,'600371,万向德农,15.29,16.62,15.05,16.32,16.27,-0.98,-6.0234,2.1884,4925310,77747466.0,3441167400.0,3441167400.0,None
2016-07-26,'600371,万向德农,16.27,16.29,15.99,15.99,16.0,0.27,1.6875,0.8875,1997302,32197825.0,3661726200.0,3661726200.0,None
2016-07-25,'600371,万向德农,16.0,16.28,15.91,16.15,16.07,-0.07,-0.4356,1.0361,2331771,37451592.0,3600960000.0,3600960000.0,None
2016-07-22,'600371,万向德农,16.07,16.5,16.0,16.4,16.38,-0.31,-1.8926,1.366,3074345,50061308.0,3616714200.0,3616714200.0,None
2016-07-21,'600371,万向德农,16.38,16.48,16.25,16.25,16.32,0.06,0.3676,1.351,3040515,49783222.0,3686482800.0,3686482800.0,None
2016-07-20,'600371,万向德农,16.32,16.42,16.16,16.29,16.23,0.09,0.5545,1.0334,2325692,37924358.0,3672979200.0,3672979200.0,None
2016-07-19,'600371,万向德农,16.23,16.35,16.1,16.2,16.26,-0.03,-0.1845,1.0485,2359706,38181512.0,3652723800.0,3652723800.0,None
2016-07-18,'600371,万向德农,16.26,16.65,16.17,16.65,16.66,-0.4,-2.401,1.6255,3658439,59727501.0,3659475600.0,3659475600.0,None
2016-07-15,'600371,万向德农,16.66,16.96,16.03,16.11,16.07,0.59,3.6714,2.7342,6153637,101834193.0,3749499600.0,3749499600.0,None
2016-07-14,'600371,万向德农,16.07,16.39,16.0,16.33,16.3,-0.23,-1.411,1.3898,3127965,50505067.0,3616714200.0,3616714200.0,None
2016-07-13,'600371,万向德农,16.3,16.37,16.02,16.06,16.01,0.29,1.8114,1.8579,4181353,67999731.0,3668478000.0,3668478000.0,None
2016-07-12,'600371,万向德农,16.01,16.03,15.61,15.88,15.94,0.07,0.4391,1.3542,3047732,48295044.0,3603210600.0,3603210600.0,None
2016-07-11,'600371,万向德农,15.94,16.3,15.91,16.15,16.24,-0.3,-1.8473,1.555,3499764,56600092.0,3587456400.0,3587456400.0,None
2016-07-08,'600371,万向德农,16.24,16.5,16.18,16.5,16.44,-0.2,-1.2165,1.4272,3212023,52332565.0,3654974400.0,3654974400.0,None
2016-07-07,'600371,万向德农,16.44,16.5,16.09,16.2,16.19,0.25,1.5442,2.364,5320486,86936718.0,3699986400.0,3699986400.0,None
2016-07-06,'600371,万向德农,16.19,16.32,15.92,16.1,16.12,0.07,0.4342,1.8613,4189049,67586794.0,3643721400.0,3643721400.0,None
2016-07-05,'600371,万向德农,16.12,16.25,15.86,16.0,16.01,0.11,0.6871,1.5404,3466847,55622192.0,3627967200.0,3627967200.0,None
2016-07-04,'600371,万向德农,16.01,16.1,15.57,15.89,15.83,0.18,1.1371,1.9638,4419689,70561416.0,3603210600.0,3603210600.0,None
2016-07-01,'600371,万向德农,15.83,16.3,15.74,16.14,16.2,-0.37,-2.284,1.9649,4422300,70635405.0,3562699800.0,3562699800.0,None
2016-06-30,'600371,万向德农,16.2,16.36,15.82,16.3,16.48,-0.28,-1.699,3.1731,7141383,114482867.0,3645972000.0,3645972000.0,None
2016-06-29,'600371,万向德农,16.48,16.79,15.9,15.96,16.03,0.45,2.8072,4.8841,10992248,179681436.0,3708988800.0,3708988800.0,None
2016-06-28,'600371,万向德农,16.03,16.46,14.82,15.0,15.01,1.02,6.7955,3.6238,8155666,128492347.0,3607711800.0,3607711800.0,None
2016-06-27,'600371,万向德农,15.01,15.02,14.5,14.53,14.7,0.31,2.1088,0.9634,2168334,32205011.0,3378150600.0,3378150600.0,None
2016-06-24,'600371,万向德农,14.7,15.1,14.18,14.94,14.94,-0.24,-1.6064,1.3334,3000975,44026568.0,3308382000.0,3308382000.0,None
2016-06-23,'600371,万向德农,14.94,15.12,14.85,15.0,15.04,-0.1,-0.6649,0.7152,1609721,24114878.0,3362396400.0,3362396400.0,None
2016-06-22,'600371,万向德农,15.04,15.06,14.6,14.68,14.67,0.37,2.5222,1.0013,2253609,33545846.0,3384902400.0,3384902400.0,None
2016-06-21,'600371,万向德农,14.67,15.07,14.6,15.07,14.85,-0.18,-1.2121,1.1875,2672574,39683458.0,3301630200.0,3301630200.0,None
2016-06-20,'600371,XD万向德,14.85,15.1,14.65,15.09,15.0,-0.15,-1.0,1.036,2331652,34557741.0,3342141000.0,3342141000.0,None
2016-06-17,'600371,万向德农,15.03,15.24,14.93,14.97,14.86,0.17,1.144,1.2195,2744621,41444390.0,3382651800.0,3382651800.0,None
2016-06-16,'600371,万向德农,14.86,15.31,14.8,15.15,15.1,-0.24,-1.5894,1.3152,2959944,44549439.0,3344391600.0,3344391600.0,None
2016-06-15,'600371,万向德农,15.1,15.32,14.44,14.59,14.66,0.44,3.0014,1.323,2977499,44943640.0,3398406000.0,3398406000.0,None
2016-06-14,'600371,万向德农,14.66,14.74,14.39,14.5,14.52,0.14,0.9642,1.4649,3297005,48016598.0,3299379600.0,3299379600.0,None
2016-06-13,'600371,万向德农,14.52,15.29,14.45,15.01,15.31,-0.79,-5.16,1.5122,3403349,51114283.0,3267871200.0,3267871200.0,None
2016-06-08,'600371,万向德农,15.31,15.5,15.22,15.5,15.51,-0.2,-1.2895,1.3752,3095126,47426920.0,3445668600.0,3445668600.0,None
2016-06-07,'600371,万向德农,15.51,15.56,15.3,15.5,15.44,0.07,0.4534,1.7438,3924694,60536954.0,3490680600.0,3490680600.0,None
2016-06-06,'600371,万向德农,15.44,15.66,15.36,15.6,15.61,-0.17,-1.089,1.7437,3924406,60687291.0,3474926400.0,3474926400.0,None
2016-06-03,'600371,万向德农,15.61,15.86,15.39,15.75,15.8,-0.19,-1.2025,1.883,4237859,66049297.0,3513186600.0,3513186600.0,None
2016-06-02,'600371,万向德农,15.8,15.86,15.58,15.73,15.73,0.07,0.445,0.9748,2193997,34471668.0,3555948000.0,3555948000.0,None
2016-06-01,'600371,万向德农,15.73,16.1,15.69,15.99,15.81,-0.08,-0.506,1.4355,3230758,51088301.0,3540193800.0,3540193800.0,None
2016-05-31,'600371,万向德农,15.81,15.86,15.1,15.25,15.13,0.68,4.4944,1.6568,3728718,58121731.0,3558198600.0,3558198600.0,None
2016-05-30,'600371,万向德农,15.13,15.28,14.5,15.07,15.11,0.02,0.1324,1.0079,2268393,34117303.0,3405157800.0,3405157800.0,None
2016-05-27,'600371,万向德农,15.11,15.3,14.93,15.0,14.99,0.12,0.8005,0.7944,1787830,27088464.0,3400656600.0,3400656600.0,None
2016-05-26,'600371,万向德农,14.99,15.14,14.51,15.04,15.05,-0.06,-0.3987,0.7843,1765227,26217788.0,3373649400.0,3373649400.0,None
2016-05-25,'600371,万向德农,15.05,15.44,14.9,15.31,15.41,-0.36,-2.3361,1.3344,3003136,45518733.0,3387153000.0,3387153000.0,None
2016-05-24,'600371,万向德农,15.41,15.46,14.85,15.17,15.04,0.37,2.4601,1.4893,3351792,50828095.0,3468174600.0,3468174600.0,None
2016-05-23,'600371,万向德农,15.04,15.13,14.9,14.97,14.81,0.23,1.553,0.9978,2245715,33699964.0,3384902400.0,3384902400.0,None
2016-05-20,'600371,万向德农,14.81,14.87,14.35,14.54,14.53,0.28,1.927,0.9475,2132524,31364659.0,3333138600.0,3333138600.0,None
2016-05-19,'600371,万向德农,14.53,15.05,14.5,14.58,14.56,-0.03,-0.206,1.2571,2829147,41740142.0,3270121800.0,3270121800.0,None
2016-05-18,'600371,万向德农,14.56,15.29,14.32,15.29,15.38,-0.82,-5.3316,1.9323,4348777,63996692.0,3276873600.0,3276873600.0,None
2016-05-17,'600371,万向德农,15.38,15.88,15.3,15.81,15.78,-0.4,-2.5349,1.3181,2966585,46152121.0,3461422800.0,3461422800.0,None
2016-05-16,'600371,万向德农,15.78,15.98,14.84,14.9,14.81,0.97,6.5496,2.2838,5139860,79221926.0,3551446800.0,3551446800.0,None
2016-05-13,'600371,万向德农,14.81,15.42,14.69,15.08,15.35,-0.54,-3.5179,1.8588,4183362,63083544.0,3333138600.0,3333138600.0,None
2016-05-12,'600371,万向德农,15.35,15.55,14.57,15.48,15.98,-0.63,-3.9424,2.0734,4666329,70593353.0,3454671000.0,3454671000.0,None
2016-05-11,'600371,万向德农,15.98,16.28,15.47,16.08,15.86,0.12,0.7566,2.2098,4973290,79464473.0,3596458800.0,3596458800.0,None
2016-05-10,'600371,万向德农,15.86,16.21,15.71,16.01,16.16,-0.3,-1.8564,1.5282,3439379,54980262.0,3569451600.0,3569451600.0,None
2016-05-09,'600371,万向德农,16.16,17.75,16.16,17.75,17.96,-1.8,-10.0223,3.0758,6922446,113556727.0,3636969600.0,3636969600.0,None
2016-05-06,'600371,万向德农,17.96,19.25,17.9,19.0,18.98,-1.02,-5.3741,1.6988,3823331,70910454.0,4042077600.0,4042077600.0,None
2016-05-05,'600371,万向德农,18.98,19.01,18.6,18.66,18.67,0.31,1.6604,0.8062,1814503,34222153.0,4271638800.0,4271638800.0,None
2016-05-04,'600371,万向德农,18.67,19.15,18.59,18.68,18.8,-0.13,-0.6915,0.9645,2170743,40877762.0,4201870200.0,4201870200.0,None
2016-05-03,'600371,万向德农,18.8,19.09,17.82,17.82,17.97,0.83,4.6188,1.51,3398477,63346334.0,4231128000.0,4231128000.0,None
2016-04-29,'600371,万向德农,17.97,18.12,17.68,17.85,17.97,0.0,0.0,0.9051,2037028,36531001.0,4044328200.0,4044328200.0,None
2016-04-28,'600371,万向德农,17.97,18.6,17.6,18.48,18.52,-0.55,-2.9698,1.6067,3616042,64869286.0,4044328200.0,4044328200.0,None
2016-04-27,'600371,万向德农,18.52,19.05,18.4,18.77,18.82,-0.3,-1.594,1.0916,2456746,45919881.0,4168111200.0,4168111200.0,None
2016-04-26,'600371,万向德农,18.82,18.87,18.16,18.32,18.14,0.68,3.7486,1.2675,2852714,52806049.0,4235629200.0,4235629200.0,None
2016-04-25,'600371,万向德农,18.14,18.5,17.73,18.37,18.42,-0.28,-1.5201,1.1216,2524234,45756532.0,4082588400.0,4082588400.0,None
2016-04-22,'600371,万向德农,18.42,18.91,18.06,18.49,18.54,-0.12,-0.6472,1.2438,2799194,51526485.0,4145605200.0,4145605200.0,None
2016-04-21,'600371,万向德农,18.54,19.2,18.51,19.1,19.17,-0.63,-3.2864,1.5421,3470679,65615656.0,4172612400.0,4172612400.0,None
2016-04-20,'600371,万向德农,19.17,20.14,17.91,20.08,19.82,-0.65,-3.2795,2.7129,6105541,117616079.0,4314400200.0,4314400200.0,None
2016-04-19,'600371,万向德农,19.82,20.7,19.7,20.12,19.9,-0.08,-0.402,2.2412,5044077,101883032.0,4460689200.0,4460689200.0,None
2016-04-18,'600371,万向德农,19.9,20.18,19.22,19.4,19.73,0.17,0.8616,1.9916,4482403,88658139.0,4478694000.0,4478694000.0,None
2016-04-15,'600371,万向德农,19.73,20.23,19.24,19.4,19.42,0.31,1.5963,2.1582,4857335,96193706.0,4440433800.0,4440433800.0,None
2016-04-14,'600371,万向德农,19.42,19.53,18.94,19.53,19.53,-0.11,-0.5632,1.5687,3530443,67971547.0,4370665200.0,4370665200.0,None
2016-04-13,'600371,万向德农,19.53,19.58,19.02,19.38,19.21,0.32,1.6658,2.1964,4943120,95605580.0,4395421800.0,4395421800.0,None
2016-04-12,'600371,万向德农,19.21,19.69,18.63,19.68,19.69,-0.48,-2.4378,1.9178,4316233,82395171.0,4323402600.0,4323402600.0,None
2016-04-11,'600371,万向德农,19.69,19.95,19.39,19.39,19.32,0.37,1.9151,1.275,2869460,56454069.0,4431431400.0,4431431400.0,None
2016-04-08,'600371,万向德农,19.32,19.83,18.8,19.64,19.87,-0.55,-2.768,2.0332,4575865,87978937.0,4348159200.0,4348159200.0,None
2016-04-07,'600371,万向德农,19.87,20.47,19.58,19.9,19.96,-0.09,-0.4509,2.2934,5161551,103598121.0,4471942200.0,4471942200.0,None
2016-04-06,'600371,万向德农,19.96,20.16,19.35,19.7,20.04,-0.08,-0.3992,1.6554,3725722,73563670.0,4492197600.0,4492197600.0,None
2016-04-05,'600371,万向德农,20.04,20.12,18.52,18.52,18.57,1.47,7.916,2.252,5068381,98340346.0,4510202400.0,4510202400.0,None
2016-04-01,'600371,万向德农,18.57,18.8,18.02,18.65,18.76,-0.19,-1.0128,1.2983,2921915,53723640.0,4179364200.0,4179364200.0,None
2016-03-31,'600371,万向德农,18.76,18.92,18.33,18.5,18.52,0.24,1.2959,1.8905,4254723,79468276.0,4222125600.0,4222125600.0,None
2016-03-30,'600371,万向德农,18.52,18.57,17.51,17.58,17.51,1.01,5.7681,1.9008,4278039,77644420.0,4168111200.0,4168111200.0,None
2016-03-29,'600371,万向德农,17.51,18.08,17.12,18.0,18.08,-0.57,-3.1527,1.0396,2339677,41081222.0,3940800600.0,3940800600.0,None
2016-03-28,'600371,万向德农,18.08,18.79,17.83,18.28,18.25,-0.17,-0.9315,1.3729,3089948,56490438.0,4069084800.0,4069084800.0,None
2016-03-25,'600371,万向德农,18.25,18.28,17.72,17.72,17.95,0.3,1.6713,1.458,3281279,59259752.0,4107345000.0,4107345000.0,None
2016-03-24,'600371,万向德农,17.95,18.61,17.67,17.87,17.87,0.08,0.4477,2.2784,5127682,92792030.0,4039827000.0,4039827000.0,None
2016-03-23,'600371,万向德农,17.87,18.02,17.51,17.9,17.86,0.01,0.056,1.5064,3390306,60336599.0,4021822200.0,4021822200.0,None
2016-03-22,'600371,万向德农,17.86,18.02,17.58,17.72,17.97,-0.11,-0.6121,1.5424,3471381,61963440.0,4019571600.0,4019571600.0,None
2016-03-21,'600371,万向德农,17.97,18.13,17.48,17.48,17.43,0.54,3.0981,2.4924,5609322,99884702.0,4044328200.0,4044328200.0,None
2016-03-18,'600371,万向德农,17.43,17.8,16.7,16.9,16.66,0.77,4.6218,2.4571,5530053,95605202.0,3922795800.0,3922795800.0,None
2016-03-17,'600371,万向德农,16.66,16.85,16.01,16.01,16.22,0.44,2.7127,1.605,3612194,59707821.0,3749499600.0,3749499600.0,None
2016-03-16,'600371,万向德农,16.22,17.3,16.12,16.8,15.97,0.25,1.5654,1.8477,4158367,68944910.0,3650473200.0,3650473200.0,None
2016-03-15,'600371,万向德农,15.97,16.44,15.88,16.0,16.31,-0.34,-2.0846,0.9534,2145618,34560859.0,3594208200.0,3594208200.0,None
2016-03-14,'600371,万向德农,16.31,16.57,15.82,16.0,15.72,0.59,3.7532,1.2797,2880110,46995150.0,3670728600.0,3670728600.0,None
2016-03-11,'600371,万向德农,15.72,15.98,15.5,15.7,16.03,-0.31,-1.9339,0.8629,1941983,30610813.0,3537943200.0,3537943200.0,None
2016-03-10,'600371,万向德农,16.03,16.52,15.9,16.31,16.28,-0.25,-1.5356,0.9791,2203490,35466113.0,3607711800.0,3607711800.0,None
2016-03-09,'600371,万向德农,16.28,16.76,16.21,16.28,16.98,-0.7,-4.1225,1.1949,2689150,44168211.0,3663976800.0,3663976800.0,None
2016-03-08,'600371,万向德农,16.98,17.18,16.0,17.18,17.37,-0.39,-2.2453,1.9836,4464323,74529793.0,3821518800.0,3821518800.0,None
2016-03-07,'600371,万向德农,17.37,17.68,15.9,16.48,16.14,1.23,7.6208,2.5885,5825604,97557381.0,3909292200.0,3909292200.0,None
2016-03-04,'600371,万向德农,16.14,16.95,15.6,16.85,17.01,-0.87,-5.1146,1.3252,2982530,49042347.0,3632468400.0,3632468400.0,None
2016-03-03,'600371,万向德农,17.01,17.8,16.65,16.72,16.72,0.29,1.7344,1.993,4485551,76842835.0,3828270600.0,3828270600.0,None
2016-03-02,'600371,万向德农,16.72,16.85,15.49,15.91,15.91,0.81,5.0911,1.5526,3494258,57140913.0,3763003200.0,3763003200.0,None
2016-03-01,'600371,万向德农,15.91,16.1,15.11,15.35,15.37,0.54,3.5133,1.5305,3444524,54247273.0,3580704600.0,3580704600.0,None
2016-02-29,'600371,万向德农,15.37,16.6,15.1,16.3,16.78,-1.41,-8.4029,1.9544,4398536,67496547.0,3459172200.0,3459172200.0,None
2016-02-26,'600371,万向德农,16.78,17.2,16.18,16.69,16.86,-0.08,-0.4745,1.7929,4035080,67516458.0,3776506800.0,3776506800.0,None
2016-02-25,'600371,万向德农,16.86,18.69,16.86,18.68,18.73,-1.87,-9.984,3.0154,6786508,117557235.0,3794511600.0,3794511600.0,None
2016-02-24,'600371,万向德农,18.73,19.48,18.2,19.0,19.14,-0.41,-2.1421,2.4458,5504577,103594939.0,4215373800.0,4215373800.0,None
2016-02-23,'600371,万向德农,19.14,19.16,18.01,18.5,18.46,0.68,3.6836,2.3123,5204159,96908156.0,4307648400.0,4307648400.0,None
2016-02-22,'600371,万向德农,18.46,18.66,18.2,18.45,18.27,0.19,1.04,1.9276,4338296,79740553.0,4154607600.0,4154607600.0,None
2016-02-19,'600371,万向德农,18.27,18.71,18.18,18.48,18.72,-0.45,-2.4038,2.0489,4611305,84808673.0,4111846200.0,4111846200.0,None
2016-02-18,'600371,万向德农,18.72,18.95,17.85,18.4,18.26,0.46,2.5192,3.2689,7356966,135042989.0,4213123200.0,4213123200.0,None
2016-02-17,'600371,万向德农,18.26,18.35,17.78,18.28,18.4,-0.14,-0.7609,2.634,5927997,107248046.0,4109595600.0,4109595600.0,None
2016-02-16,'600371,万向德农,18.4,18.58,17.76,18.02,18.19,0.21,1.1545,3.5121,7904438,143983773.0,4141104000.0,4141104000.0,None
2016-02-15,'600371,万向德农,18.19,18.5,16.97,17.08,17.69,0.5,2.8265,3.8412,8645070,153946742.0,4093841400.0,4093841400.0,None
2016-02-05,'600371,万向德农,17.69,17.69,16.13,16.15,16.08,1.61,10.0124,4.2647,9598176,165322411.0,3981311400.0,3981311400.0,None
2016-02-04,'600371,万向德农,16.08,16.14,15.55,15.81,15.69,0.39,2.4857,1.6289,3665952,58426186.0,3618964800.0,3618964800.0,None
2016-02-03,'600371,万向德农,15.69,16.08,15.35,15.86,16.1,-0.41,-2.5466,1.3602,3061248,47927516.0,3531191400.0,3531191400.0,None
2016-02-02,'600371,万向德农,16.1,16.36,15.67,15.84,15.86,0.24,1.5132,1.6381,3686785,59472809.0,3623466000.0,3623466000.0,None
2016-02-01,'600371,万向德农,15.86,16.65,15.4,16.24,16.34,-0.48,-2.9376,1.9147,4309296,69327203.0,3569451600.0,3569451600.0,None
2016-01-29,'600371,万向德农,16.34,16.5,15.0,15.99,16.0,0.34,2.125,2.9988,6749095,106562954.0,3677480400.0,3677480400.0,None
2016-01-28,'600371,万向德农,16.0,16.5,15.43,15.65,15.65,0.35,2.2364,3.574,8043595,128645384.0,3600960000.0,3600960000.0,None
2016-01-27,'600371,万向德农,15.65,15.78,14.15,15.38,15.25,0.4,2.623,2.1259,4784589,72607830.0,3522189000.0,3522189000.0,None
2016-01-26,'600371,万向德农,15.25,16.67,15.0,15.66,15.99,-0.74,-4.6279,2.4409,5493392,88048854.0,3432165000.0,3432165000.0,None
2016-01-25,'600371,万向德农,15.99,16.28,15.5,15.5,15.49,0.5,3.2279,1.7925,4034097,64292789.0,3598709400.0,3598709400.0,None
2016-01-22,'600371,万向德农,15.49,15.75,14.62,14.99,15.3,0.19,1.2418,1.4237,3204160,48667393.0,3486179400.0,3486179400.0,None
2016-01-21,'600371,万向德农,15.3,16.64,15.21,16.02,16.3,-1.0,-6.135,1.8232,4103347,66180494.0,3443418000.0,3443418000.0,None
2016-01-20,'600371,万向德农,16.3,16.74,16.05,16.32,16.32,-0.02,-0.1225,1.9733,4441032,72661846.0,3668478000.0,3668478000.0,None
2016-01-19,'600371,万向德农,16.32,16.71,15.05,15.29,15.19,1.13,7.4391,2.2869,5146814,81926136.0,3672979200.0,3672979200.0,None
2016-01-18,'600371,万向德农,15.19,15.39,14.03,14.03,14.71,0.48,3.2631,1.5736,3541436,53341509.0,3418661400.0,3418661400.0,None
2016-01-15,'600371,万向德农,14.71,15.41,14.57,14.81,15.16,-0.45,-2.9683,1.4425,3246394,48727991.0,3310632600.0,3310632600.0,None
2016-01-14,'600371,万向德农,15.16,15.35,13.8,13.83,14.61,0.55,3.7645,2.0977,4721006,69431946.0,3411909600.0,3411909600.0,None
2016-01-13,'600371,万向德农,14.61,16.02,14.58,15.48,15.5,-0.89,-5.7419,1.7717,3987408,61930312.0,3288126600.0,3288126600.0,None
2016-01-12,'600371,万向德农,15.5,15.99,14.5,15.43,15.32,0.18,1.1749,1.9089,4296189,65966411.0,3488430000.0,3488430000.0,None
2016-01-11,'600371,万向德农,15.32,17.42,15.2,16.35,16.84,-1.52,-9.0261,2.6415,5944905,97275302.0,3447919200.0,3447919200.0,None
2016-01-08,'600371,万向德农,16.84,17.48,15.35,17.1,16.89,-0.05,-0.296,3.3573,7555862,125779653.0,3790010400.0,3790010400.0,None
2016-01-07,'600371,万向德农,16.89,18.4,16.89,18.4,18.77,-1.88,-10.016,0.4676,1052300,18303821.0,3801263400.0,3801263400.0,None
2016-01-06,'600371,万向德农,18.77,19.01,17.85,18.53,18.44,0.33,1.7896,2.2639,5095162,94424729.0,4224376200.0,4224376200.0,None
2016-01-05,'600371,万向德农,18.44,20.24,18.23,18.88,20.25,-1.81,-8.9383,3.6308,8171401,154562022.0,4150106400.0,4150106400.0,None
2016-01-04,'600371,万向德农,20.25,22.43,20.25,22.2,22.5,-2.25,-10.0,1.9518,4392627,92172564.0,4557465000.0,4557465000.0,None
