日期,股票代码,名称,收盘价,最高价,最低价,开盘价,前收盘,涨跌额,涨跌幅,换手率,成交量,成交金额,总市值,流通市值,成交笔数
2016-10-12,'002730,电光科技,22.23,22.25,21.6,21.82,21.82,0.41,1.879,7.9874,8200970,179521409.34,7173043020.0,2282443020.0,5027
2016-10-11,'002730,电光科技,21.82,22.47,21.68,22.05,21.96,-0.14,-0.6375,7.1608,7352292,163129520.04,7040746680.0,2240346680.0,6544
2016-10-10,'002730,电光科技,21.96,22.22,21.4,21.49,21.06,0.9,4.2735,9.3532,9603281,209653680.48,7085921040.0,2254721040.0,6874
2016-09-30,'002730,电光科技,21.06,21.23,20.5,20.5,20.43,0.63,3.0837,5.5443,5692584,119167562.76,6795514440.0,2162314440.0,4272
2016-09-29,'002730,电光科技,20.43,20.9,20.4,20.75,20.83,-0.4,-1.9203,5.6272,5777720,119452644.76,6592229820.0,2097629820.0,3761
2016-09-28,'002730,电光科技,20.83,21.08,20.65,20.65,20.8,0.03,0.1442,7.0254,7213296,150920156.52,6721299420.0,2138699420.0,4569
2016-09-27,'002730,电光科技,20.8,21.09,20.23,21.05,21.12,-0.32,-1.5152,8.1733,8391903,174309198.07,6711619200.0,2135619200.0,5211
2016-09-26,'002730,电光科技,21.12,21.25,20.6,20.88,21.08,0.04,0.1898,9.1025,9345873,195902214.65,6814874880.0,2168474880.0,7152
2016-09-23,'002730,电光科技,21.08,21.69,20.22,20.3,20.41,0.67,3.2827,20.2574,20799105,437422391.62,6801967920.0,2164367920.0,13603
2016-09-22,'002730,电光科技,20.41,20.58,19.51,19.66,19.52,0.89,4.5594,13.7839,14152479,281622623.96,6585776340.0,2095576340.0,8955
2016-09-21,'002730,电光科技,19.52,19.7,19.15,19.3,19.5,0.02,0.1026,12.1076,12431347,242744563.23,6298596480.0,2004196480.0,5283
2016-09-20,'002730,电光科技,19.5,19.74,19.12,19.5,19.2,0.3,1.5625,11.3434,11646688,226697228.34,6292143000.0,2002143000.0,5827
2016-09-19,'002730,电光科技,19.2,19.28,18.52,18.7,18.7,0.5,2.6738,6.9445,7130210,135777250.92,6195340800.0,1971340800.0,4144
2016-09-14,'002730,电光科技,18.7,19.24,18.6,19.24,19.26,-0.56,-2.9076,5.0785,5214331,98265920.79,6034003800.0,1920003800.0,3556
2016-09-13,'002730,电光科技,19.26,19.52,18.66,19.18,19.18,0.08,0.4171,8.4105,8635359,164136128.04,6214701240.0,1977501240.0,5982
2016-09-12,'002730,电光科技,19.18,19.61,18.5,19.6,19.72,-0.54,-2.7383,11.4252,11730719,224234030.51,6188887320.0,1969287320.0,7706
2016-09-09,'002730,电光科技,19.72,19.95,18.99,19.2,19.25,0.47,2.4416,15.1994,15605830,306628554.42,6363131280.0,2024731280.0,11034
2016-09-08,'002730,电光科技,19.25,19.27,17.9,17.95,17.96,1.29,7.1826,11.9929,12313633,229181849.49,6211474500.0,1976474500.0,9991
2016-09-07,'002730,电光科技,17.96,18.45,17.6,17.7,17.77,0.19,1.0692,6.9356,7121095,129032897.77,5795225040.0,1844025040.0,6806
2016-09-06,'002730,电光科技,17.77,17.9,17.26,17.81,18.15,-0.38,-2.0937,8.8284,9064471,159188257.04,5733916980.0,1824516980.0,8009
2016-09-05,'002730,电光科技,18.15,19.67,18.15,19.67,19.79,-1.64,-8.287,20.1083,20645983,382506106.02,5856533100.0,1863533100.0,12118
2016-09-02,'002730,电光科技,19.79,19.9,19.48,19.83,19.8,-0.01,-0.0505,8.0991,8315662,163521710.46,6385718460.0,2031918460.0,4002
2016-09-01,'002730,电光科技,19.8,20.1,19.42,19.68,19.8,0.0,0.0,10.5396,10821385,212905597.25,6388945200.0,2032945200.0,6490
2016-08-31,'002730,电光科技,19.8,19.9,19.0,19.0,19.1,0.7,3.6649,10.2943,10569592,207139866.0,6388945200.0,2032945200.0,7650
2016-08-30,'002730,电光科技,19.1,19.3,18.51,18.9,18.82,0.28,1.4878,8.8829,9120462,171117344.94,6163073400.0,1961073400.0,5169
2016-08-29,'002730,电光科技,18.82,19.52,18.6,18.92,18.99,-0.17,-0.8952,11.1327,11430419,217649510.98,6072724680.0,1932324680.0,7638
2016-08-26,'002730,电光科技,18.99,19.08,18.11,18.11,18.21,0.78,4.2834,10.2486,10522696,197562214.13,6127579260.0,1949779260.0,7653
2016-08-25,'002730,电光科技,18.21,18.49,17.5,17.66,17.82,0.39,2.1886,6.8036,6985574,126288744.63,5875893540.0,1869693540.0,5815
2016-08-24,'002730,电光科技,17.82,18.17,17.01,17.42,17.6,0.22,1.25,6.7233,6903108,121477036.34,5750050680.0,1829650680.0,5107
2016-08-23,'002730,电光科技,17.6,17.93,17.41,17.93,17.99,-0.39,-2.1679,7.1115,7301682,128464297.39,5679062400.0,1807062400.0,4503
2016-08-22,'002730,电光科技,17.99,18.33,17.7,18.24,18.29,-0.3,-1.6402,6.9977,7184864,129474243.75,5804905260.0,1847105260.0,4108
2016-08-19,'002730,电光科技,18.29,18.33,17.78,18.25,18.0,0.29,1.6111,5.7003,5852697,105957880.55,5901707460.0,1877907460.0,4796
2016-08-18,'002730,电光科技,18.0,18.5,17.57,18.5,18.36,-0.36,-1.9608,8.1272,8344508,149686580.63,5808132000.0,1848132000.0,6437
2016-08-17,'002730,电光科技,18.36,18.48,17.6,17.63,17.55,0.81,4.6154,10.6383,10922798,197807847.63,5924294640.0,1885094640.0,8397
2016-08-16,'002730,电光科技,17.55,17.99,17.3,17.3,17.38,0.17,0.9781,7.4009,7598814,134851030.25,5662928700.0,1801928700.0,6976
2016-08-15,'002730,电光科技,17.38,17.53,16.77,16.77,16.95,0.43,2.5369,7.8807,8091472,140340705.52,5608074120.0,1784474120.0,6500
2016-08-12,'002730,电光科技,16.95,17.14,16.76,17.01,17.16,-0.21,-1.2238,5.6691,5820651,98574049.35,5469324300.0,1740324300.0,4655
2016-08-11,'002730,电光科技,17.16,17.55,16.48,16.55,16.6,0.56,3.3735,10.583,10865945,186396542.24,5537085840.0,1761885840.0,9869
2016-08-10,'002730,电光科技,16.6,17.27,16.6,16.98,17.02,-0.42,-2.4677,4.4504,4569388,77168130.12,5356388400.0,1704388400.0,4075
2016-08-09,'002730,电光科技,17.02,17.22,16.81,16.93,16.92,0.1,0.591,5.2838,5425048,92512307.32,5491911480.0,1747511480.0,4622
2016-08-08,'002730,电光科技,16.92,17.12,16.15,16.45,16.47,0.45,2.7322,6.7387,6918929,115919490.86,5459644080.0,1737244080.0,6040
2016-08-05,'002730,电光科技,16.47,16.81,16.35,16.6,16.73,-0.26,-1.5541,4.9109,5042185,83295258.5,5314440780.0,1691040780.0,5467
2016-08-04,'002730,电光科技,16.73,17.22,15.69,15.78,15.78,0.95,6.0203,10.6716,10956951,180870172.99,5398336020.0,1717736020.0,10478
2016-08-03,'002730,电光科技,15.78,15.79,15.4,15.5,15.5,0.28,1.8065,5.4079,5552503,86730502.31,5091795720.0,1620195720.0,3741
2016-08-02,'002730,电光科技,15.5,15.57,15.0,15.0,15.26,0.24,1.5727,4.372,4488873,69162068.7,5001447000.0,1591447000.0,3765
2016-08-01,'002730,电光科技,15.26,15.43,14.9,15.16,15.23,0.03,0.197,3.9623,4068256,61509307.49,4924005240.0,1566805240.0,3206
2016-07-29,'002730,电光科技,15.23,15.44,15.03,15.03,15.21,0.02,0.1315,3.2723,3359814,51364322.35,4914325020.0,1563725020.0,3291
2016-07-28,'002730,电光科技,15.21,15.56,14.52,15.31,15.63,-0.42,-2.6871,7.5796,7782279,117845686.83,4907871540.0,1561671540.0,7912
2016-07-27,'002730,电光科技,15.63,17.12,15.41,16.2,17.12,-1.49,-8.7033,15.6598,16078575,255550239.76,5043394620.0,1604794620.0,14341
2016-07-26,'002730,电光科技,0.0,0.0,0.0,0.0,17.12,None,None,0.0,0,0.0,5524178880.0,1757778880.0,0
2016-07-25,'002730,电光科技,0.0,0.0,0.0,0.0,17.12,None,None,0.0,0,0.0,5524178880.0,1757778880.0,0
2016-07-22,'002730,电光科技,0.0,0.0,0.0,0.0,17.12,None,None,0.0,0,0.0,5524178880.0,1757778880.0,0
2016-07-21,'002730,电光科技,0.0,0.0,0.0,0.0,17.12,None,None,0.0,0,0.0,5524178880.0,1757778880.0,0
2016-07-20,'002730,电光科技,0.0,0.0,0.0,0.0,17.12,None,None,0.0,0,0.0,5524178880.0,1757778880.0,0
2016-07-19,'002730,电光科技,17.12,17.16,16.65,16.8,16.8,0.32,1.9048,3.8979,4002173,67593517.07,5524178880.0,1757778880.0,3953
2016-07-18,'002730,电光科技,16.8,17.25,16.66,17.1,17.14,-0.34,-1.9837,4.3414,4457524,75263822.49,5420923200.0,1724923200.0,4499
2016-07-15,'002730,电光科技,17.14,17.28,16.89,17.08,17.17,-0.03,-0.1747,4.4763,4595945,78711570.79,5530632360.0,1759832360.0,4607
2016-07-14,'002730,电光科技,17.17,17.22,16.84,17.05,17.04,0.13,0.7629,5.5747,5723782,97368901.87,5540312580.0,1762912580.0,5392
2016-07-13,'002730,电光科技,17.04,17.28,16.9,17.28,17.17,-0.13,-0.7571,5.8899,6047416,103171209.31,5498364960.0,1749564960.0,5573
2016-07-12,'002730,电光科技,17.17,17.2,16.5,16.76,16.78,0.39,2.3242,5.8926,6050123,102387986.82,5540312580.0,1762912580.0,6042
2016-07-11,'002730,电光科技,16.78,17.3,16.68,16.8,16.79,-0.01,-0.0596,6.5614,6736854,114449539.39,5414469720.0,1722869720.0,6406
2016-07-08,'002730,电光科技,16.79,16.95,16.61,16.81,16.8,-0.01,-0.0595,3.4526,3544910,59527378.57,5417696460.0,1723896460.0,4071
2016-07-07,'002730,电光科技,16.8,17.28,16.55,17.28,17.28,-0.48,-2.7778,8.1128,8329757,140458836.88,5420923200.0,1724923200.0,8612
2016-07-06,'002730,电光科技,17.28,17.58,16.88,17.0,16.81,0.47,2.796,10.2659,10540392,182502890.98,5575806720.0,1774206720.0,10239
2016-07-05,'002730,电光科技,16.81,16.99,16.56,16.91,16.87,-0.06,-0.3557,4.354,4470419,74759391.09,5424149940.0,1725949940.0,4784
2016-07-04,'002730,电光科技,16.87,17.09,16.42,16.42,16.52,0.35,2.1186,5.6139,5764003,96717787.5,5443510380.0,1732110380.0,5746
2016-07-01,'002730,电光科技,16.52,16.9,16.4,16.42,16.68,-0.16,-0.9592,5.7085,5861183,97541964.24,5330574480.0,1696174480.0,6041
2016-06-30,'002730,电光科技,16.68,17.5,16.3,16.35,16.13,0.55,3.4098,9.7576,10018525,169786293.6,5382202320.0,1712602320.0,10230
2016-06-29,'002730,电光科技,16.13,16.4,15.98,16.21,16.19,-0.06,-0.3706,4.7538,4880882,78762112.06,5204731620.0,1656131620.0,4338
2016-06-28,'002730,电光科技,16.19,16.35,15.82,16.11,15.98,0.21,1.3141,5.6441,5795068,93254593.62,5224092060.0,1662292060.0,5089
2016-06-27,'002730,电光科技,15.98,16.0,15.26,15.32,15.5,0.48,3.0968,3.7761,3877041,61126718.04,5156330520.0,1640730520.0,4103
2016-06-24,'002730,电光科技,15.5,15.92,14.7,15.78,15.79,-0.29,-1.8366,4.0081,4115246,63669678.85,5001447000.0,1591447000.0,4804
2016-06-23,'002730,电光科技,15.79,16.15,15.65,16.15,16.17,-0.38,-2.35,3.7703,3871137,61272618.73,5095022460.0,1621222460.0,4052
2016-06-22,'002730,电光科技,16.17,16.17,15.6,15.86,16.0,0.17,1.0625,5.2881,5429505,86223445.53,5217638580.0,1660238580.0,4829
2016-06-21,'002730,电光科技,16.0,16.19,15.59,15.69,15.58,0.42,2.6958,5.8636,6020409,95431584.17,5162784000.0,1642784000.0,5828
2016-06-20,'002730,电光科技,15.58,15.87,15.05,15.7,15.71,-0.13,-0.8275,2.949,3027835,46833538.99,5027260920.0,1599660920.0,3294
2016-06-17,'002730,电光科技,15.71,15.94,15.45,15.45,15.49,0.22,1.4203,3.1561,3240535,50963195.02,5069208540.0,1613008540.0,3280
2016-06-16,'002730,电光科技,15.49,15.82,15.41,15.82,15.78,-0.29,-1.8378,3.7176,3816987,59464065.0,4998220260.0,1590420260.0,3969
2016-06-15,'002730,电光科技,15.78,15.93,14.88,15.0,15.2,0.58,3.8158,4.0934,4202890,65476120.45,5091795720.0,1620195720.0,4427
2016-06-14,'002730,电光科技,15.2,15.39,14.88,15.0,15.06,0.14,0.9296,3.1424,3226425,48803900.31,4904644800.0,1560644800.0,3386
2016-06-13,'002730,电光科技,15.06,16.42,15.06,16.2,16.73,-1.67,-9.9821,6.4907,6664290,105136595.75,4859470440.0,1546270440.0,7339
2016-06-08,'002730,电光科技,16.73,16.98,16.61,16.9,16.84,-0.11,-0.6532,4.0871,4196390,70408409.62,5398336020.0,1717736020.0,4048
2016-06-07,'002730,电光科技,16.84,16.88,16.5,16.77,16.77,0.07,0.4174,4.4355,4554101,76033078.32,5433830160.0,1729030160.0,4816
2016-06-06,'002730,电光科技,16.77,17.09,16.6,16.89,16.86,-0.09,-0.5338,4.9071,5038359,84678616.81,5411242980.0,1721842980.0,5596
2016-06-03,'002730,电光科技,16.86,17.14,16.66,17.01,17.25,-0.39,-2.2609,8.1698,8388292,141726440.48,5440283640.0,1731083640.0,9119
2016-06-02,'002730,电光科技,17.25,17.42,16.02,16.13,16.13,1.12,6.9436,10.6613,10946350,183142135.55,5566126500.0,1771126500.0,10760
2016-06-01,'002730,电光科技,16.13,16.47,15.95,16.25,16.07,0.06,0.3734,7.4756,7675545,124201634.58,5204731620.0,1656131620.0,7433
2016-05-31,'002730,电光科技,16.07,16.17,15.2,15.2,15.28,0.79,5.1702,6.5677,6743350,106919320.58,5185371180.0,1649971180.0,6454
2016-05-30,'002730,电光科技,15.28,15.52,14.91,15.12,15.3,-0.02,-0.1307,3.0204,3101175,47418916.62,4930458720.0,1568858720.0,3060
2016-05-27,'002730,电光科技,15.3,15.59,15.27,15.52,15.53,-0.23,-1.481,3.2722,3359731,51720441.17,4936912200.0,1570912200.0,3336
2016-05-26,'002730,电光科技,15.53,15.53,14.8,15.4,15.35,0.18,1.1726,4.352,4468376,67695450.97,5011127220.0,1594527220.0,4633
2016-05-25,'002730,电光科技,15.35,15.66,15.18,15.66,15.31,0.04,0.2613,3.3498,3439404,53061700.07,4953045900.0,1576045900.0,3148
2016-05-24,'002730,电光科技,15.31,15.78,15.23,15.7,15.78,-0.47,-2.9785,3.5298,3624164,55858084.85,4940138940.0,1571938940.0,3843
2016-05-23,'002730,电光科技,15.78,16.09,15.59,15.71,15.61,0.17,1.089,5.1728,5311143,84069007.87,5091795720.0,1620195720.0,4593
2016-05-20,'002730,电光科技,15.61,15.7,15.01,15.02,15.27,0.34,2.2266,3.9373,4042634,62387267.95,5036941140.0,1602741140.0,4332
2016-05-19,'002730,电光科技,15.27,15.78,15.1,15.4,15.28,-0.01,-0.0654,4.8323,4961481,76917498.37,4927231980.0,1567831980.0,4656
2016-05-18,'002730,电光科技,15.28,16.43,14.99,16.4,16.59,-1.31,-7.8963,6.1289,6292769,98569931.3,4930458720.0,1568858720.0,8002
2016-05-17,'002730,电光科技,16.59,17.3,16.36,16.9,16.87,-0.28,-1.6598,4.8947,5025582,83706474.21,5353161660.0,1703361660.0,5767
2016-05-16,'002730,电光科技,16.87,16.88,16.32,16.32,16.53,0.34,2.0569,4.4003,4517949,75239566.57,5443510380.0,1732110380.0,4834
2016-05-13,'002730,电光科技,16.53,16.95,16.29,16.29,16.25,0.28,1.7231,5.3659,5509421,91956607.34,5333801220.0,1697201220.0,6427
2016-05-12,'002730,电光科技,16.25,16.45,15.51,16.11,16.7,-0.45,-2.6946,5.9962,6156582,98774459.44,5243452500.0,1668452500.0,7090
2016-05-11,'002730,电光科技,16.7,17.57,16.66,17.55,17.3,-0.6,-3.4682,8.3859,8610147,146936799.6,5388655800.0,1714655800.0,8834
2016-05-10,'002730,电光科技,17.3,17.67,16.31,16.5,16.85,0.45,2.6706,9.3578,9607987,165220285.13,5582260200.0,1776260200.0,10318
2016-05-09,'002730,电光科技,16.85,18.52,16.85,18.51,18.72,-1.87,-9.9893,12.7496,13090551,226047667.99,5437056900.0,1730056900.0,14101
2016-05-06,'002730,电光科技,18.72,20.19,18.65,20.19,20.19,-1.47,-7.2808,20.3309,20874503,405214628.88,6040457280.0,1922057280.0,22676
2016-05-05,'002730,电光科技,20.19,20.19,18.01,18.02,18.35,1.84,10.0272,24.4309,25084173,492124539.29,6514788060.0,2072988060.0,23630
2016-05-04,'002730,电光科技,18.35,18.9,17.69,17.72,17.96,0.39,2.1715,13.4253,13784287,253486361.45,5921067900.0,1884067900.0,11894
2016-05-03,'002730,电光科技,17.96,18.49,16.8,17.26,17.32,0.64,3.6952,8.6963,8928875,158513295.61,5795225040.0,1844025040.0,8879
2016-04-29,'002730,电光科技,17.32,17.56,16.65,16.8,16.96,0.36,2.1226,7.1379,7328741,125568611.85,5588713680.0,1778313680.0,7085
2016-04-28,'002730,电光科技,16.96,17.9,16.75,17.45,17.46,-0.5,-2.8637,8.3383,8561224,146627772.18,5472551040.0,1741351040.0,8180
2016-04-27,'002730,电光科技,17.46,18.33,17.32,18.16,18.37,-0.91,-4.9537,10.3441,10620681,188827120.54,5633888040.0,1792688040.0,10791
2016-04-26,'002730,电光科技,18.37,18.81,17.23,17.35,17.67,0.7,3.9615,11.8593,12176419,220842542.66,5927521380.0,1886121380.0,11836
2016-04-25,'002730,电光科技,17.67,17.7,16.1,17.18,17.15,0.52,3.0321,8.3243,8546878,143427364.54,5701649580.0,1814249580.0,8608
2016-04-22,'002730,电光科技,17.15,17.75,16.61,16.9,16.96,0.19,1.1203,8.698,8930592,153545728.77,5533859100.0,1760859100.0,8567
2016-04-21,'002730,电光科技,16.96,18.31,16.88,18.05,18.37,-1.41,-7.6756,11.2011,11500638,202205074.92,5472551040.0,1741351040.0,10377
2016-04-20,'002730,电光科技,18.37,20.18,17.3,19.24,19.19,-0.82,-4.2731,13.1624,13514384,255686473.23,5927521380.0,1886121380.0,14392
2016-04-19,'002730,电光科技,42.31,44.8,41.0,44.7,44.04,-1.73,-3.9282,10.2532,4785151,203929425.37,6205607700.0,1974607700.0,9588
2016-04-18,'002730,电光科技,44.04,45.16,42.91,44.37,44.55,-0.51,-1.1448,8.3962,3918529,172057694.91,6459346800.0,2055346800.0,6833
2016-04-15,'002730,电光科技,44.55,46.5,44.11,45.79,46.65,-2.1,-4.5016,10.0701,4699727,212390352.59,6534148500.0,2079148500.0,8707
2016-04-14,'002730,电光科技,46.65,46.85,43.3,45.39,45.16,1.49,3.2994,17.1426,8000430,361197089.8,6842155500.0,2177155500.0,11874
2016-04-13,'002730,电光科技,45.16,45.16,41.51,42.4,41.05,4.11,10.0122,13.2832,6199279,271553735.74,6623617200.0,2107617200.0,7741
2016-04-12,'002730,电光科技,41.05,43.0,38.14,42.84,40.99,0.06,0.1464,11.4697,5352887,221015014.46,6020803500.0,1915803500.0,6698
2016-04-11,'002730,电光科技,0.0,0.0,0.0,0.0,40.99,None,None,0.0,0,0.0,6012003300.0,1913003300.0,0
2016-04-08,'002730,电光科技,0.0,0.0,0.0,0.0,40.99,None,None,0.0,0,0.0,6012003300.0,1913003300.0,0
2016-04-07,'002730,电光科技,0.0,0.0,0.0,0.0,40.99,None,None,0.0,0,0.0,6012003300.0,1913003300.0,0
2016-04-06,'002730,电光科技,0.0,0.0,0.0,0.0,40.99,None,None,0.0,0,0.0,6012003300.0,1913003300.0,0
2016-04-05,'002730,电光科技,0.0,0.0,0.0,0.0,40.99,None,None,0.0,0,0.0,6012003300.0,1913003300.0,0
2016-04-01,'002730,电光科技,0.0,0.0,0.0,0.0,40.99,None,None,0.0,0,0.0,6012003300.0,1913003300.0,0
2016-03-31,'002730,电光科技,0.0,0.0,0.0,0.0,40.99,None,None,0.0,0,0.0,6012003300.0,1913003300.0,0
2016-03-30,'002730,电光科技,0.0,0.0,0.0,0.0,40.99,None,None,0.0,0,0.0,6012003300.0,1913003300.0,0
2016-03-29,'002730,电光科技,40.99,41.55,39.6,41.4,41.55,-0.56,-1.3478,7.781,3631394,148123288.95,6012003300.0,1913003300.0,4519
2016-03-28,'002730,电光科技,41.55,42.85,39.85,39.86,39.85,1.7,4.266,9.7705,4559892,187972121.21,6094138500.0,1939138500.0,6525
2016-03-25,'002730,电光科技,39.85,42.22,38.8,41.36,41.81,-1.96,-4.6879,10.8625,5069541,203415560.97,5844799500.0,1859799500.0,7129
2016-03-24,'002730,电光科技,41.81,44.65,40.82,41.8,42.88,-1.07,-2.4953,13.2901,6202505,264065568.33,6132272700.0,1951272700.0,8955
2016-03-23,'002730,电光科技,42.88,42.88,40.01,41.2,40.66,2.22,5.4599,11.8938,5550818,229538749.07,6289209600.0,2001209600.0,7673
2016-03-22,'002730,电光科技,40.66,41.65,38.2,38.6,38.81,1.85,4.7668,9.4086,4391013,175361572.61,5963602200.0,1897602200.0,6546
2016-03-21,'002730,电光科技,38.81,39.02,37.3,37.85,37.35,1.46,3.909,8.0072,3736952,142117044.38,5692262700.0,1811262700.0,5310
2016-03-18,'002730,电光科技,37.35,38.5,36.04,36.36,36.27,1.08,2.9777,7.5614,3528889,132447911.04,5478124500.0,1743124500.0,5329
2016-03-17,'002730,电光科技,36.27,36.71,34.36,34.68,34.61,1.66,4.7963,6.3037,2941927,104937967.73,5319720900.0,1692720900.0,5119
2016-03-16,'002730,电光科技,34.61,35.34,34.02,34.5,34.1,0.51,1.4956,5.5543,2592182,89972840.65,5076248700.0,1615248700.0,4432
2016-03-15,'002730,电光科技,34.1,35.4,33.81,34.87,35.24,-1.14,-3.235,5.6961,2658349,91844174.69,5001447000.0,1591447000.0,4805
2016-03-14,'002730,电光科技,35.24,35.24,32.5,32.5,32.04,3.2,9.9875,10.5443,4921026,171352364.27,5168650800.0,1644650800.0,6844
2016-03-11,'002730,电光科技,32.04,32.5,31.01,31.74,31.85,0.19,0.5965,3.0493,1423130,45582247.63,4699306800.0,1495306800.0,2878
2016-03-10,'002730,电光科技,31.85,32.8,31.52,31.52,31.62,0.23,0.7274,4.1483,1935990,62245580.7,4671439500.0,1486439500.0,3852
2016-03-09,'002730,电光科技,31.62,32.64,31.1,32.0,32.99,-1.37,-4.1528,3.851,1797250,57195954.0,4637705400.0,1475705400.0,3435
2016-03-08,'002730,电光科技,32.99,33.32,30.9,33.3,33.6,-0.61,-1.8155,8.4353,3936767,125666078.81,4838643300.0,1539643300.0,5751
2016-03-07,'002730,电光科技,33.6,35.18,33.21,34.3,33.7,-0.1,-0.2967,5.1414,2399499,82160550.05,4928112000.0,1568112000.0,3610
2016-03-04,'002730,电光科技,33.7,35.88,33.1,35.5,35.9,-2.2,-6.1281,4.7057,2196139,75779272.68,4942779000.0,1572779000.0,4160
2016-03-03,'002730,电光科技,35.9,37.6,35.8,36.59,36.6,-0.7,-1.9126,7.0619,3295773,120732271.16,5265453000.0,1675453000.0,5684
2016-03-02,'002730,电光科技,36.6,36.7,32.95,32.95,33.36,3.24,9.7122,7.793,3636997,127693930.54,5368122000.0,1708122000.0,5650
2016-03-01,'002730,电光科技,33.36,33.9,30.37,33.6,33.73,-0.37,-1.0969,5.7284,2673432,87625013.07,4892911200.0,1556911200.0,4689
2016-02-29,'002730,电光科技,33.73,37.75,33.73,36.36,37.48,-3.75,-10.0053,4.8958,2284890,78679191.04,4947179100.0,1574179100.0,3923
2016-02-26,'002730,电光科技,37.48,38.4,35.73,38.0,37.11,0.37,0.997,6.3696,2972692,109621687.08,5497191600.0,1749191600.0,3877
2016-02-25,'002730,电光科技,37.11,41.0,36.4,41.0,40.44,-3.33,-8.2344,7.5245,3511686,133745469.29,5442923700.0,1731923700.0,5116
2016-02-24,'002730,电光科技,40.44,42.66,39.0,42.1,42.49,-2.05,-4.8247,6.6986,3126246,127395088.72,5931334800.0,1887334800.0,5567
2016-02-23,'002730,电光科技,42.49,43.48,41.5,43.48,43.4,-0.91,-2.0968,5.5143,2573545,109401983.94,6232008300.0,1983008300.0,3957
2016-02-22,'002730,电光科技,43.4,43.77,42.02,43.01,42.71,0.69,1.6155,6.6265,3092580,132324133.18,6365478000.0,2025478000.0,5164
2016-02-19,'002730,电光科技,42.71,43.15,41.7,42.55,43.02,-0.31,-0.7206,5.7152,2667282,113060660.45,6264275700.0,1993275700.0,4467
2016-02-18,'002730,电光科技,43.02,44.33,40.81,41.02,41.4,1.62,3.913,15.2562,7120079,305708663.11,6309743400.0,2007743400.0,8269
2016-02-17,'002730,电光科技,41.4,41.66,38.0,38.88,38.96,2.44,6.2628,10.8224,5050806,200281301.99,6072138000.0,1932138000.0,7372
2016-02-16,'002730,电光科技,38.96,39.15,35.51,35.51,35.59,3.37,9.469,8.8149,4113910,156251776.64,5714263200.0,1818263200.0,6063
2016-02-15,'002730,电光科技,35.59,36.1,33.5,34.8,36.01,-0.42,-1.1663,3.7626,1756028,61235234.35,5219985300.0,1660985300.0,2936
2016-02-05,'002730,电光科技,36.01,37.8,35.7,37.32,37.29,-1.28,-3.4326,5.6261,2625707,95473784.0,5281586700.0,1680586700.0,4024
2016-02-04,'002730,电光科技,37.29,38.2,35.13,35.13,35.25,2.04,5.7872,8.2407,3845913,140501815.98,5469324300.0,1740324300.0,5494
2016-02-03,'002730,电光科技,35.25,35.59,34.0,34.8,35.77,-0.52,-1.4537,5.179,2417061,83896239.98,5170117500.0,1645117500.0,3632
2016-02-02,'002730,电光科技,35.77,36.28,34.19,34.39,34.19,1.58,4.6212,4.9574,2313621,82465177.15,5246385900.0,1669385900.0,3649
2016-02-01,'002730,电光科技,34.19,36.48,33.3,35.9,36.15,-1.96,-5.4219,5.3099,2478115,86999618.26,5014647300.0,1595647300.0,4088
2016-01-29,'002730,电光科技,36.15,37.0,33.72,33.72,34.36,1.79,5.2095,6.2567,2919980,103813016.57,5302120500.0,1687120500.0,4443
2016-01-28,'002730,电光科技,34.36,36.91,34.2,35.39,36.25,-1.89,-5.2138,5.3657,2504154,88956691.61,5039581200.0,1603581200.0,4434
2016-01-27,'002730,电光科技,36.25,38.0,33.68,37.95,37.33,-1.08,-2.8931,8.9512,4177547,150445383.71,5316787500.0,1691787500.0,5687
2016-01-26,'002730,电光科技,37.33,40.6,37.33,40.6,41.48,-4.15,-10.0048,8.7922,4103337,160067529.37,5475191100.0,1742191100.0,6607
2016-01-25,'002730,电光科技,41.48,42.0,39.76,40.47,39.63,1.85,4.6682,10.6455,4968267,204066852.55,6083871600.0,1935871600.0,6714
2016-01-22,'002730,电光科技,39.63,40.2,37.0,38.98,37.86,1.77,4.6751,9.989,4661847,181787553.41,5812532100.0,1849532100.0,6929
2016-01-21,'002730,电光科技,37.86,41.37,37.8,40.0,41.38,-3.52,-8.5065,11.608,5417431,215965300.72,5552926200.0,1766926200.0,8578
2016-01-20,'002730,电光科技,41.38,42.68,38.8,39.2,39.48,1.9,4.8126,15.0241,7011737,286068122.58,6069204600.0,1931204600.0,10344
2016-01-19,'002730,电光科技,39.48,39.48,35.55,35.55,35.89,3.59,10.0028,14.3815,6711840,258414828.95,5790531600.0,1842531600.0,9049
2016-01-18,'002730,电光科技,35.89,37.35,32.9,32.9,34.28,1.61,4.6966,9.3544,4365703,155232979.39,5263986300.0,1674986300.0,7527
2016-01-15,'002730,电光科技,34.28,38.4,34.16,37.13,37.95,-3.67,-9.6706,9.6262,4492564,163666846.39,5027847600.0,1599847600.0,7674
2016-01-14,'002730,电光科技,37.95,38.77,33.98,34.78,37.09,0.86,2.3187,9.8425,4593492,167735895.54,5566126500.0,1771126500.0,7513
2016-01-13,'002730,电光科技,37.09,39.5,36.44,36.46,37.1,-0.01,-0.027,11.1831,5219138,197425991.99,5439990300.0,1730990300.0,8064
2016-01-12,'002730,电光科技,37.1,39.71,37.1,39.0,41.22,-4.12,-9.9951,13.6252,6358903,240592410.82,5441457000.0,1731457000.0,8963
2016-01-11,'002730,电光科技,41.22,44.47,41.22,44.35,45.8,-4.58,-10.0,11.9161,5561227,235157069.47,6045737400.0,1923737400.0,8544
2016-01-08,'002730,电光科技,45.8,48.7,42.91,48.5,47.68,-1.88,-3.943,21.9759,10256151,468956695.49,6717486000.0,2137486000.0,15730
2016-01-07,'002730,电光科技,47.68,51.25,47.68,51.05,52.98,-5.3,-10.0038,6.3857,2980200,146812395.61,6993225600.0,2225225600.0,4713
2016-01-06,'002730,电光科技,52.98,55.5,48.8,50.85,51.67,1.31,2.5353,33.7085,15731756,815024213.94,7770576600.0,2472576600.0,21141
2016-01-05,'002730,电光科技,51.67,51.67,48.0,48.0,46.97,4.7,10.0064,30.8958,14419065,736197970.42,7578438900.0,2411438900.0,15139
2016-01-04,'002730,电光科技,46.97,53.8,46.0,47.9,49.14,-2.17,-4.416,16.6376,7764773,396311107.7,6889089900.0,2192089900.0,11785
