日期,股票代码,名称,收盘价,最高价,最低价,开盘价,前收盘,涨跌额,涨跌幅,换手率,成交量,成交金额,总市值,流通市值,成交笔数
2016-10-12,'000885,同力水泥,15.3,15.49,15.19,15.49,15.5,-0.2,-1.2903,0.7584,3236914,49544333.99,7264429029.9,6530029029.9,3251
2016-10-11,'000885,同力水泥,15.5,15.6,15.27,15.31,15.44,0.06,0.3886,0.854,3644732,56319848.16,7359388886.5,6615388886.5,3611
2016-10-10,'000885,同力水泥,15.44,15.46,15.14,15.34,15.13,0.31,2.0489,0.8298,3541675,54173029.7,7330900929.52,6589780929.52,3454
2016-09-30,'000885,同力水泥,15.13,15.14,14.93,14.96,15.01,0.12,0.7995,0.52,2219563,33503763.95,7183713151.79,6457473151.79,2266
2016-09-29,'000885,同力水泥,15.01,15.2,14.97,15.16,15.12,-0.11,-0.7275,0.6104,2604990,39332728.0,7126737237.83,6406257237.83,2652
2016-09-28,'000885,同力水泥,15.12,15.23,15.02,15.2,15.23,-0.11,-0.7223,0.6575,2806017,42368280.32,7178965158.96,6453205158.96,2682
2016-09-27,'000885,同力水泥,15.23,15.25,14.93,15.03,15.0,0.23,1.5333,0.8693,3709997,55992868.33,7231193080.09,6500153080.09,4106
2016-09-26,'000885,同力水泥,15.0,15.9,14.98,15.9,15.93,-0.93,-5.838,1.5292,6526568,100267574.23,7121989245.0,6401989245.0,7373
2016-09-23,'000885,同力水泥,15.93,16.38,15.9,16.2,16.22,-0.29,-1.7879,0.9823,4192383,67620026.96,7563552578.19,6798912578.19,4905
2016-09-22,'000885,同力水泥,16.22,16.55,16.16,16.26,16.12,0.1,0.6203,1.4136,6033275,98643804.63,7701244370.26,6922684370.26,6683
2016-09-21,'000885,同力水泥,16.12,16.27,16.03,16.16,16.23,-0.11,-0.6778,0.9407,4014810,64743040.72,7653764441.96,6880004441.96,4657
2016-09-20,'000885,同力水泥,16.23,16.3,15.82,15.95,15.91,0.32,2.0113,1.5165,6472394,104235928.83,7705992363.09,6926952363.09,7189
2016-09-19,'000885,同力水泥,15.91,16.18,15.83,16.0,15.75,0.16,1.0159,0.8538,3643950,58283634.47,7554056592.53,6790376592.53,4051
2016-09-14,'000885,同力水泥,15.75,16.06,15.7,15.9,16.03,-0.28,-1.7467,0.8661,3696719,58645606.54,7478088707.25,6722088707.25,3936
2016-09-13,'000885,同力水泥,16.03,16.09,15.84,15.96,15.85,0.18,1.1356,1.1162,4764111,75993060.44,7611032506.49,6841592506.49,4455
2016-09-12,'000885,同力水泥,15.85,16.15,15.63,15.92,16.18,-0.33,-2.0396,1.745,7447812,118106419.04,7525568635.55,6764768635.55,7162
2016-09-09,'000885,同力水泥,16.18,16.92,16.11,16.82,16.9,-0.72,-4.2604,2.0923,8929809,147696805.65,7682252398.94,6905612398.94,10114
2016-09-08,'000885,同力水泥,16.9,17.18,16.78,16.84,16.82,0.08,0.4756,1.5081,6436554,109294438.66,8024107882.7,7212907882.7,7161
2016-09-07,'000885,同力水泥,16.82,17.14,16.77,17.06,17.06,-0.24,-1.4068,1.5203,6488732,109998582.46,7986123940.06,7178763940.06,7353
2016-09-06,'000885,同力水泥,17.06,17.1,16.7,16.8,16.83,0.23,1.3666,1.8749,8001984,135469649.24,8100075767.98,7281195767.98,8274
2016-09-05,'000885,同力水泥,16.83,16.88,16.47,16.7,16.63,0.2,1.2026,1.5943,6804458,113751749.97,7990871932.89,7183031932.89,7033
2016-09-02,'000885,同力水泥,16.63,17.21,16.47,16.98,17.01,-0.38,-2.234,2.4179,10319559,173201504.84,7895912076.29,7097672076.29,11271
2016-09-01,'000885,同力水泥,17.01,17.65,17.01,17.58,17.51,-0.5,-2.8555,2.4397,10412639,179710754.62,8076335803.83,7259855803.83,11427
2016-08-31,'000885,同力水泥,17.51,17.56,17.03,17.3,17.2,0.31,1.8023,2.6139,11156283,193868854.79,8313735445.33,7473255445.33,11494
2016-08-30,'000885,同力水泥,17.2,17.59,17.12,17.49,17.58,-0.38,-2.1615,2.0764,8862037,153584765.76,8166547667.6,7340947667.6,10252
2016-08-29,'000885,同力水泥,17.58,17.71,17.12,17.49,17.46,0.12,0.6873,2.7433,11708407,204525097.73,8346971395.14,7503131395.14,11562
2016-08-26,'000885,同力水泥,17.46,17.74,17.33,17.61,17.59,-0.13,-0.7391,3.0359,12957248,227590604.08,8289995481.18,7451915481.18,12499
2016-08-25,'000885,同力水泥,17.59,17.97,17.34,17.97,18.04,-0.45,-2.4945,3.894,16619412,291504259.0,8351719387.97,7507399387.97,17286
2016-08-24,'000885,同力水泥,18.04,18.34,17.82,18.08,18.32,-0.28,-1.5284,4.7987,20480850,368775115.54,8565379065.32,7699459065.32,21994
2016-08-23,'000885,同力水泥,18.32,19.61,18.3,19.61,20.33,-2.01,-9.8869,9.4878,40493685,750939574.24,8698322864.56,7818962864.56,34883
2016-08-22,'000885,同力水泥,20.33,23.06,20.33,23.0,22.59,-2.26,-10.0044,7.6818,32785783,674084704.23,9652669423.39,8676829423.39,26872
2016-08-19,'000885,同力水泥,22.59,22.59,20.9,22.59,20.54,2.05,9.9805,3.7139,15850745,353377281.66,10725715803.0,9641395802.97,9109
2016-08-18,'000885,同力水泥,20.54,20.54,18.67,18.67,18.67,1.87,10.0161,3.8053,16240805,326479195.06,9752377272.82,8766457272.82,6825
2016-08-17,'000885,同力水泥,18.67,18.67,16.91,16.91,16.97,1.7,10.0177,4.7436,20245651,369042397.24,8864502613.61,7968342613.61,8361
2016-08-16,'000885,同力水泥,16.97,17.49,16.94,17.2,17.37,-0.4,-2.3028,1.6739,7144269,122612275.16,8057343832.51,7242783832.51,4778
2016-08-15,'000885,同力水泥,17.37,17.5,16.6,16.78,16.78,0.59,3.5161,1.5777,6733769,114902588.86,8247263545.71,7413503545.71,5071
2016-08-12,'000885,同力水泥,16.78,16.88,16.39,16.7,16.7,0.08,0.479,1.2569,5364648,89485861.69,7967131968.74,7161691968.74,4320
2016-08-11,'000885,同力水泥,16.7,16.92,16.0,16.12,16.12,0.58,3.598,2.1665,9246785,153120377.4,7929148026.1,7127548026.1,7782
2016-08-10,'000885,同力水泥,16.12,16.7,15.8,16.01,16.02,0.1,0.6242,4.202,17934236,295068256.17,7653764441.96,6880004441.96,8189
2016-08-09,'000885,同力水泥,16.02,16.09,15.45,15.69,15.69,0.33,2.1033,1.7346,7403061,116572373.46,7606284513.66,6837324513.66,5736
2016-08-08,'000885,同力水泥,15.69,15.69,15.05,15.11,15.05,0.64,4.2525,2.6315,11231302,173760763.54,7449600750.27,6696480750.27,7758
2016-08-05,'000885,同力水泥,15.05,15.59,15.01,15.35,15.46,-0.41,-2.652,1.7311,7388395,112759703.58,7145729209.15,6423329209.15,6417
2016-08-04,'000885,同力水泥,15.46,16.7,15.12,16.18,16.28,-0.82,-5.0369,6.1819,26384196,424502181.06,7340396915.18,6598316915.18,10927
2016-08-03,'000885,同力水泥,16.28,17.06,15.71,15.8,15.8,0.48,3.038,4.3677,18641312,308621634.09,7729732327.24,6948292327.24,10031
2016-08-02,'000885,同力水泥,15.8,15.81,15.07,15.2,15.13,0.67,4.4283,2.0462,8733013,135558255.83,7501828671.4,6743428671.4,5568
2016-08-01,'000885,同力水泥,15.13,15.5,14.82,15.18,15.27,-0.14,-0.9168,1.555,6636938,100878691.45,7183713151.79,6457473151.79,4429
2016-07-29,'000885,同力水泥,15.27,15.7,14.61,14.87,14.69,0.58,3.9483,2.7312,11656655,176711715.55,7250185051.41,6517225051.41,7908
2016-07-28,'000885,同力水泥,14.69,14.69,14.11,14.11,14.05,0.64,4.5552,1.5335,6544912,94756385.83,6974801467.27,6269681467.27,4440
2016-07-27,'000885,同力水泥,14.05,14.98,13.9,14.75,14.81,-0.76,-5.1317,1.33,5676488,81537210.55,6670929926.15,5996529926.15,3933
2016-07-26,'000885,同力水泥,14.81,14.95,14.56,14.6,14.58,0.23,1.5775,1.3024,5558640,81835096.38,7031777381.23,6320897381.23,3220
2016-07-25,'000885,同力水泥,14.58,15.0,14.49,14.74,14.81,-0.23,-1.553,1.4208,6063764,89449894.16,6922573546.14,6222733546.14,3971
2016-07-22,'000885,同力水泥,14.81,15.03,14.45,14.5,14.48,0.33,2.279,2.1792,9300794,138210753.03,7031777381.23,6320897381.23,6960
2016-07-21,'000885,同力水泥,14.48,14.7,14.37,14.51,14.45,0.03,0.2076,1.6703,7128707,103435124.49,6875093617.84,6180053617.84,4218
2016-07-20,'000885,同力水泥,14.45,14.68,14.15,14.2,14.2,0.25,1.7606,1.9529,8335048,120526219.09,6860849639.35,6167249639.35,5598
2016-07-19,'000885,同力水泥,14.2,14.35,14.02,14.14,14.2,0.0,0.0,0.6177,2636373,37391099.36,6742149818.6,6060549818.6,2636
2016-07-18,'000885,同力水泥,14.2,14.38,14.11,14.38,14.32,-0.12,-0.838,0.8361,3568269,50659659.17,6742149818.6,6060549818.6,3102
2016-07-15,'000885,同力水泥,14.32,14.58,14.11,14.16,14.23,0.09,0.6325,1.5339,6546849,93997888.66,6799125732.56,6111765732.56,5507
2016-07-14,'000885,同力水泥,14.23,14.35,13.85,14.27,14.27,-0.04,-0.2803,1.8013,7688094,108520498.68,6756393797.09,6073353797.09,6441
2016-07-13,'000885,同力水泥,14.27,14.8,14.11,14.4,14.5,-0.23,-1.5862,2.6947,11500831,165639208.21,6775385768.41,6090425768.41,10066
2016-07-12,'000885,同力水泥,14.5,14.66,13.9,14.18,14.4,0.1,0.6944,3.1462,13427781,193063845.07,6884589603.5,6188589603.5,12188
2016-07-11,'000885,同力水泥,14.4,14.78,13.37,13.54,13.6,0.8,5.8824,3.3316,14219369,199973877.14,6837109675.2,6145909675.2,14365
2016-07-08,'000885,同力水泥,13.6,14.05,13.57,14.04,14.4,-0.8,-5.5556,2.6571,11340506,155826217.17,6457270248.8,5804470248.8,11314
2016-07-07,'000885,同力水泥,14.4,15.0,14.0,14.94,14.54,-0.14,-0.9629,5.0123,21392672,314749192.9,6837109675.2,6145909675.2,17079
2016-07-06,'000885,同力水泥,14.54,14.54,13.01,13.17,13.22,1.32,9.9849,3.1692,13526084,189641837.99,6903581574.82,6205661574.82,9741
2016-07-05,'000885,同力水泥,13.22,13.31,13.11,13.25,13.25,-0.03,-0.2264,0.7718,3293954,43517076.98,6276846521.26,5642286521.26,3543
2016-07-04,'000885,同力水泥,13.25,13.35,13.02,13.08,13.18,0.07,0.5311,1.0384,4431834,58539792.29,6291090499.75,5655090499.75,4729
2016-07-01,'000885,同力水泥,13.18,13.34,12.8,12.81,12.81,0.37,2.8884,1.1972,5109463,66980927.52,6257854549.94,5625214549.94,5385
2016-06-30,'000885,同力水泥,12.81,13.04,12.74,12.86,12.87,-0.06,-0.4662,0.6319,2697020,34713915.36,6082178815.23,5467298815.23,2860
2016-06-29,'000885,同力水泥,12.87,13.08,12.72,12.72,12.75,0.12,0.9412,0.792,3380228,43699851.32,6110666772.21,5492906772.21,4137
2016-06-28,'000885,同力水泥,12.75,12.77,12.57,12.66,12.64,0.11,0.8703,0.602,2569143,32586521.42,6053690858.25,5441690858.25,3061
2016-06-27,'000885,同力水泥,12.64,12.69,12.15,12.2,12.41,0.23,1.8533,0.6394,2729111,34143158.76,6001462937.12,5394742937.12,3306
2016-06-24,'000885,同力水泥,12.41,12.88,12.0,12.8,12.78,-0.37,-2.8951,0.8992,3837939,48151077.69,5892259102.03,5296579102.03,4628
2016-06-23,'000885,同力水泥,12.78,13.08,12.68,13.06,13.06,-0.28,-2.144,0.7351,3137479,40322992.41,6067934836.74,5454494836.74,3893
2016-06-22,'000885,同力水泥,13.06,13.1,12.92,12.97,12.96,0.1,0.7716,0.5763,2459620,31996096.92,6200878635.98,5573998635.98,2850
2016-06-21,'000885,同力水泥,12.96,13.29,12.91,13.26,13.2,-0.24,-1.8182,0.8235,3514864,46075877.97,6153398707.68,5531318707.68,4055
2016-06-20,'000885,同力水泥,13.2,13.28,13.07,13.07,13.21,-0.01,-0.0757,0.5557,2371929,31254593.26,6267350535.6,5633750535.6,2540
2016-06-17,'000885,同力水泥,13.21,13.3,13.1,13.16,13.14,0.07,0.5327,0.828,3533776,46609201.59,6272098528.43,5638018528.43,3734
2016-06-16,'000885,同力水泥,13.14,13.44,13.06,13.33,13.37,-0.23,-1.7203,0.9134,3898554,51671777.28,6238862578.62,5608142578.62,4466
2016-06-15,'000885,同力水泥,13.37,13.45,12.82,12.96,13.16,0.21,1.5957,1.082,4617890,61391937.03,6348066413.71,5706306413.71,5091
2016-06-14,'000885,同力水泥,13.16,13.28,13.0,13.05,13.1,0.06,0.458,0.8689,3708555,48665884.34,6248358564.28,5616678564.28,4260
2016-06-13,'000885,同力水泥,13.1,14.04,13.04,14.0,14.13,-1.03,-7.2895,1.4895,6357271,86715113.36,6219870607.3,5591070607.3,7267
2016-06-08,'000885,同力水泥,14.13,14.44,14.1,14.15,14.2,-0.07,-0.493,1.1515,4914667,70047628.71,6708913868.79,6030673868.79,5558
2016-06-07,'000885,同力水泥,14.2,14.39,14.05,14.22,14.51,-0.31,-2.1365,1.5972,6817010,96769038.16,6742149818.6,6060549818.6,8278
2016-06-06,'000885,同力水泥,14.51,15.0,14.5,14.91,14.91,-0.4,-2.6828,1.6065,6856343,100800536.01,6889337596.33,6192857596.33,8009
2016-06-03,'000885,同力水泥,14.91,14.98,14.6,14.9,14.82,0.09,0.6073,1.7908,7643271,112955144.23,7079257309.53,6363577309.53,9192
2016-06-02,'000885,同力水泥,14.82,15.2,14.74,15.02,15.2,-0.38,-2.5,2.3735,10130152,151461222.86,7036525374.06,6325165374.06,11916
2016-06-01,'000885,同力水泥,15.2,15.5,15.0,15.5,15.48,-0.28,-1.8088,3.7388,15957222,242659820.72,7216949101.6,6487349101.6,18937
2016-05-31,'000885,同力水泥,15.48,15.79,15.2,15.79,15.44,0.04,0.2591,7.471,31886157,490555127.85,7349892900.84,6606852900.84,41995
2016-05-30,'000885,同力水泥,15.44,15.57,14.75,15.08,15.2,0.24,1.5789,2.3536,10045125,153167098.47,7330900929.52,6589780929.52,6848
2016-05-27,'000885,同力水泥,15.2,15.37,14.61,14.79,14.9,0.3,2.0134,2.2643,9664010,145510192.94,7216949101.6,6487349101.6,7556
2016-05-26,'000885,同力水泥,14.9,14.91,14.03,14.52,14.66,0.24,1.6371,1.6929,7225233,105152667.97,7074509316.7,6359309316.7,5775
2016-05-25,'000885,同力水泥,14.66,16.21,14.6,15.15,14.74,-0.08,-0.5427,3.3883,14461326,216962929.96,6960557488.78,6256877488.78,13513
2016-05-24,'000885,同力水泥,14.74,14.94,14.07,14.72,14.91,-0.17,-1.1402,2.0446,8726174,126847413.13,6998541431.42,6291021431.42,8895
2016-05-23,'000885,同力水泥,14.91,15.07,14.32,14.32,14.42,0.49,3.3981,2.0709,8838593,130203298.15,7079257309.53,6363577309.53,9633
2016-05-20,'000885,同力水泥,14.42,14.7,14.15,14.2,14.51,-0.09,-0.6203,1.7054,7278538,105130428.37,6846605660.86,6154445660.86,6625
2016-05-19,'000885,同力水泥,14.52,14.94,14.26,14.28,14.3,0.22,1.5385,4.2687,18218800,265352003.91,6894085589.16,6197125589.16,12074
2016-05-18,'000885,同力水泥,14.3,14.55,13.81,14.1,14.31,-0.01,-0.0699,2.2162,9458889,134720588.08,6789629746.9,6103229746.9,7946
2016-05-17,'000885,同力水泥,14.31,14.65,13.45,13.45,13.59,0.72,5.298,2.9507,12593646,179413601.47,6794377739.73,6107497739.73,11362
2016-05-16,'000885,同力水泥,13.59,13.82,13.02,13.15,13.17,0.42,3.1891,0.989,4221016,56665503.4,6452522255.97,5800202255.97,4342
2016-05-13,'000885,同力水泥,13.17,13.6,13.03,13.26,13.51,-0.34,-2.5167,0.5389,2300190,30600792.73,6253106557.11,5620946557.11,3235
2016-05-12,'000885,同力水泥,13.51,13.7,12.9,13.21,13.69,-0.18,-1.3148,1.0874,4641220,61681542.21,6414538313.33,5766058313.33,5834
2016-05-11,'000885,同力水泥,13.69,14.4,13.31,14.38,14.2,-0.51,-3.5915,1.9549,8343556,115844815.99,6500002184.27,5842882184.27,8076
2016-05-10,'000885,同力水泥,14.2,14.25,13.7,14.0,13.88,0.32,2.3055,2.1757,9285903,130093828.46,6742149818.6,6060549818.6,7760
2016-05-09,'000885,同力水泥,13.88,14.22,13.01,13.41,13.73,0.15,1.0925,2.2471,9590599,132241871.96,6590214048.04,5923974048.04,9733
2016-05-06,'000885,同力水泥,13.73,14.23,13.7,13.99,13.97,-0.24,-1.718,1.7077,7288631,101740963.14,6518994155.59,5859954155.59,7286
2016-05-05,'000885,同力水泥,13.97,14.13,13.61,13.72,13.78,0.19,1.3788,1.1942,5096969,70679924.45,6632945983.51,5962385983.51,4298
2016-05-04,'000885,同力水泥,13.78,13.88,13.58,13.7,13.7,0.08,0.5839,1.1601,4951112,68052055.84,6542734119.74,5881294119.74,4504
2016-05-03,'000885,同力水泥,13.7,13.89,13.25,13.39,13.4,0.3,2.2388,1.1679,4984719,67833269.51,6504750177.1,5847150177.1,4678
2016-04-29,'000885,同力水泥,13.4,13.79,13.38,13.79,13.98,-0.58,-4.1488,1.289,5501441,74825539.51,6362310392.2,5719110392.2,5852
2016-04-28,'000885,同力水泥,13.98,14.6,13.92,14.6,14.62,-0.64,-4.3776,2.4319,10379166,146383115.02,6637693976.34,5966653976.34,11024
2016-04-27,'000885,同力水泥,14.62,14.62,13.2,13.21,13.29,1.33,10.0075,2.3883,10193317,141710461.01,6941565517.46,6239805517.46,9282
2016-04-26,'000885,同力水泥,13.29,13.31,13.1,13.3,13.22,0.07,0.5295,0.3822,1631269,21551603.94,6310082471.07,5672162471.07,1927
2016-04-25,'000885,同力水泥,13.22,13.48,13.03,13.29,13.25,-0.03,-0.2264,0.6044,2579587,34208759.9,6276846521.26,5642286521.26,2733
2016-04-22,'000885,同力水泥,13.25,13.49,13.0,13.0,13.3,-0.05,-0.3759,0.6046,2580418,34226577.73,6291090499.75,5655090499.75,2608
2016-04-21,'000885,同力水泥,13.3,13.6,12.9,13.15,13.34,-0.04,-0.2999,1.0716,4573676,61141926.58,6314830463.9,5676430463.9,4285
2016-04-20,'000885,同力水泥,13.34,13.87,12.55,13.86,13.78,-0.44,-3.193,1.4965,6387247,84728051.03,6333822435.22,5693502435.22,5906
2016-04-19,'000885,同力水泥,13.78,13.94,13.68,13.94,13.7,0.08,0.5839,0.575,2454249,33772921.51,6542734119.74,5881294119.74,2564
2016-04-18,'000885,同力水泥,13.7,13.99,13.6,13.99,14.08,-0.38,-2.6989,0.9014,3846974,52998624.43,6504750177.1,5847150177.1,4253
2016-04-15,'000885,同力水泥,14.08,14.25,13.91,14.0,14.06,0.02,0.1422,1.1571,4938335,69593946.47,6685173904.64,6009333904.64,5215
2016-04-14,'000885,同力水泥,14.06,14.45,13.98,14.44,13.95,0.11,0.7885,1.4797,6315553,89443325.15,6675677918.98,6000797918.98,6892
2016-04-13,'000885,同力水泥,13.95,14.27,13.92,13.92,13.89,0.06,0.432,2.0822,8886980,125202911.6,6623449997.85,5953849997.85,9168
2016-04-12,'000885,同力水泥,13.89,13.97,13.35,13.68,13.77,0.12,0.8715,1.734,7400654,101249710.19,6594962040.87,5928242040.87,7663
2016-04-11,'000885,同力水泥,13.77,13.9,13.31,13.67,13.55,0.22,1.6236,1.2231,5220296,71646532.83,6537986126.91,5877026126.91,5257
2016-04-08,'000885,同力水泥,13.55,13.65,13.25,13.28,13.3,0.25,1.8797,1.0015,4274506,57460077.71,6433530284.65,5783130284.65,5044
2016-04-07,'000885,同力水泥,13.3,13.95,13.28,13.95,13.86,-0.56,-4.0404,1.2381,5284247,71688456.58,6314830463.9,5676430463.9,6838
2016-04-06,'000885,同力水泥,13.86,14.18,13.8,13.85,13.93,-0.07,-0.5025,1.1565,4936012,68860400.88,6580718062.38,5915438062.38,5338
2016-04-05,'000885,同力水泥,13.93,14.02,13.7,13.71,13.78,0.15,1.0885,1.2605,5379912,74597083.65,6613954012.19,5945314012.19,5614
2016-04-01,'000885,同力水泥,13.78,14.08,13.66,13.75,13.84,-0.06,-0.4335,1.1712,4998784,69160499.12,6542734119.74,5881294119.74,5392
2016-03-31,'000885,同力水泥,13.84,13.97,13.66,13.94,13.8,0.04,0.2899,1.3207,5636688,77907427.69,6571222076.72,5906902076.72,6146
2016-03-30,'000885,同力水泥,13.8,13.81,13.53,13.58,13.4,0.4,2.9851,1.1078,4727996,64820407.43,6552230105.4,5889830105.4,5228
2016-03-29,'000885,同力水泥,13.4,13.89,13.32,13.76,13.73,-0.33,-2.4035,0.9205,3928483,53138370.82,6362310392.2,5719110392.2,5213
2016-03-28,'000885,同力水泥,13.73,13.95,13.45,13.61,13.55,0.18,1.3284,1.3871,5919986,81444019.59,6518994155.59,5859954155.59,7223
2016-03-25,'000885,同力水泥,13.55,13.82,13.36,13.45,13.6,-0.05,-0.3676,1.3482,5754171,78030504.13,6433530284.65,5783130284.65,7070
2016-03-24,'000885,同力水泥,13.6,14.4,13.58,14.4,14.55,-0.95,-6.5292,2.0687,8829203,124635768.26,6457270248.8,5804470248.8,10275
2016-03-23,'000885,同力水泥,14.55,14.55,14.02,14.09,14.3,0.25,1.7483,2.1381,9125539,131031752.5,6908329567.65,6209929567.65,9513
2016-03-22,'000885,同力水泥,14.3,14.73,14.25,14.64,14.8,-0.5,-3.3784,2.6263,11208903,162446046.84,6789629746.9,6103229746.9,11783
2016-03-21,'000885,同力水泥,14.8,14.94,14.3,14.5,14.48,0.32,2.2099,3.4565,14752278,215452973.87,7027029388.4,6316629388.4,14070
2016-03-18,'000885,同力水泥,14.48,14.54,14.0,14.0,14.06,0.42,2.9872,3.2763,13983085,200115580.32,6875093617.84,6180053617.84,13083
2016-03-17,'000885,同力水泥,14.06,14.32,13.73,13.96,13.93,0.13,0.9332,2.4506,10459141,146640536.93,6675677918.98,6000797918.98,11419
2016-03-16,'000885,同力水泥,13.93,14.68,13.88,14.27,14.54,-0.61,-4.1953,2.3683,10107944,143468988.78,6613954012.19,5945314012.19,12231
2016-03-15,'000885,同力水泥,14.54,14.83,13.65,14.03,14.29,0.25,1.7495,3.4827,14864217,210687980.09,6903581574.82,6205661574.82,16660
2016-03-14,'000885,同力水泥,14.29,14.8,13.85,14.03,14.03,0.26,1.8532,3.7959,16201037,233507965.58,6784881754.07,6098961754.07,17119
2016-03-11,'000885,同力水泥,14.03,14.32,13.52,13.9,14.0,0.03,0.2143,3.2445,13847630,193193012.0,6661433940.49,5987993940.49,15018
2016-03-10,'000885,同力水泥,14.0,15.3,13.85,15.3,15.26,-1.26,-8.2569,4.9573,21157921,302506297.47,6647189962.0,5975189962.0,24915
2016-03-09,'000885,同力水泥,15.26,17.01,15.25,15.95,16.94,-1.68,-9.9174,6.9063,29476230,453888181.83,7245437058.58,6512957058.58,33979
2016-03-08,'000885,同力水泥,16.94,17.15,15.24,16.7,15.6,1.34,8.5897,4.2107,17971436,291489621.15,8043099854.02,7229979854.02,19765
2016-03-07,'000885,同力水泥,15.6,15.6,14.09,14.18,14.18,1.42,10.0141,3.0474,13006221,192066948.68,7406868814.8,6658068814.8,6901
2016-03-04,'000885,同力水泥,14.18,14.18,12.3,12.9,12.89,1.29,10.0078,3.5396,15106829,197715025.79,6732653832.94,6052013832.94,8973
2016-03-03,'000885,同力水泥,12.89,13.38,12.89,13.0,13.22,-0.33,-2.4962,1.2115,5170543,67786466.59,6120162757.87,5501442757.87,5394
2016-03-02,'000885,同力水泥,13.22,13.48,12.3,12.3,12.5,0.72,5.76,1.8498,7895105,103589634.92,6276846521.26,5642286521.26,6770
2016-03-01,'000885,同力水泥,12.5,12.75,11.8,12.28,12.3,0.2,1.626,0.9285,3962685,49318746.84,5934991037.5,5334991037.5,4005
2016-02-29,'000885,同力水泥,12.3,12.58,11.01,11.99,11.99,0.31,2.5855,1.1244,4798991,57561763.63,5840031180.9,5249631180.9,4527
2016-02-26,'000885,同力水泥,11.99,12.2,11.38,11.98,11.98,0.01,0.0835,0.7081,3022174,35766782.47,5692843403.17,5117323403.17,3183
2016-02-25,'000885,同力水泥,11.98,13.31,11.98,13.31,13.31,-1.33,-9.9925,0.9419,4019828,50094714.08,5688095410.34,5113055410.34,4495
2016-02-24,'000885,同力水泥,13.31,13.4,13.01,13.26,13.26,0.05,0.3771,0.6347,2709106,35822791.37,6319578456.73,5680698456.73,3231
2016-02-23,'000885,同力水泥,13.26,13.7,13.03,13.7,13.76,-0.5,-3.6337,1.1484,4901487,65221461.68,6295838492.58,5659358492.58,5415
2016-02-22,'000885,同力水泥,13.76,13.76,12.5,12.5,13.2,0.56,4.2424,1.663,7097817,95741516.54,6533238134.08,5872758134.08,6686
2016-02-19,'000885,同力水泥,13.2,13.8,13.1,13.35,13.18,0.02,0.1517,1.2421,5301244,71017842.28,6267350535.6,5633750535.6,4741
2016-02-18,'000885,同力水泥,13.18,13.27,12.95,13.0,13.06,0.12,0.9188,1.2626,5388765,70555689.97,6257854549.94,5625214549.94,4454
2016-02-17,'000885,同力水泥,13.06,13.15,12.8,13.15,13.18,-0.12,-0.9105,1.0647,4544023,58864329.48,6200878635.98,5573998635.98,4505
2016-02-16,'000885,同力水泥,13.18,13.35,12.65,12.68,12.69,0.49,3.8613,1.3028,5560507,72327857.23,6257854549.94,5625214549.94,4505
2016-02-15,'000885,同力水泥,12.69,13.0,11.71,11.91,12.5,0.19,1.52,0.7126,3041326,38393558.24,6025202901.27,5416082901.27,2376
2016-02-05,'000885,同力水泥,12.5,13.6,12.35,12.8,12.8,-0.3,-2.3438,0.6972,2975754,38210949.68,5934991037.5,5334991037.5,2855
2016-02-04,'000885,同力水泥,12.8,13.0,12.6,12.75,12.75,0.05,0.3922,0.5658,2414807,31013049.77,6077430822.4,5463030822.4,2021
2016-02-03,'000885,同力水泥,12.75,12.93,12.53,12.8,12.96,-0.21,-1.6204,0.4087,1744194,22164789.14,6053690858.25,5441690858.25,1877
2016-02-02,'000885,同力水泥,12.96,13.18,12.31,12.31,12.3,0.66,5.3659,0.8277,3532407,45526487.07,6153398707.68,5531318707.68,2966
2016-02-01,'000885,同力水泥,12.3,12.64,12.22,12.4,12.65,-0.35,-2.7668,0.4663,1990326,24651613.39,5840031180.9,5249631180.9,2260
2016-01-29,'000885,同力水泥,12.65,13.19,12.01,12.5,12.87,-0.22,-1.7094,0.8446,3604683,45257248.49,6006210929.95,5399010929.95,4216
2016-01-28,'000885,同力水泥,12.87,13.4,12.71,12.89,13.1,-0.23,-1.7557,0.8795,3753579,49117925.49,6110666772.21,5492906772.21,4299
2016-01-27,'000885,同力水泥,13.1,13.29,11.11,12.31,12.3,0.8,6.5041,1.4045,5994471,74572437.71,6219870607.3,5591070607.3,6055
2016-01-26,'000885,同力水泥,12.3,13.07,12.3,12.75,12.74,-0.44,-3.4537,1.1393,4862435,62030216.85,5840031180.9,5249631180.9,5139
2016-01-25,'000885,同力水泥,12.74,13.0,12.4,12.4,12.52,0.22,1.7572,0.8108,3460693,44331616.33,6048942865.42,5437422865.42,3820
2016-01-22,'000885,同力水泥,12.52,12.6,12.05,12.28,12.15,0.37,3.0453,0.8898,3797736,47161815.06,5944487023.16,5343527023.16,3966
2016-01-21,'000885,同力水泥,12.15,12.69,12.12,12.2,12.4,-0.25,-2.0161,1.1018,4702331,58593268.9,5768811288.45,5185611288.45,4390
2016-01-20,'000885,同力水泥,12.4,12.56,12.0,12.17,12.18,0.22,1.8062,1.0568,4510332,55507886.38,5887511109.2,5292311109.2,4634
2016-01-19,'000885,同力水泥,12.18,12.2,11.65,11.75,11.86,0.32,2.6981,0.7411,3163189,37983466.01,5783055266.94,5198415266.94,3585
2016-01-18,'000885,同力水泥,11.86,12.1,11.31,11.5,11.87,-0.01,-0.0842,0.5536,2362705,28047308.0,5631119496.38,5061839496.38,2719
2016-01-15,'000885,同力水泥,11.87,12.38,11.45,12.21,12.14,-0.27,-2.2241,0.8972,3829136,46078824.16,5635867489.21,5066107489.21,4340
2016-01-14,'000885,同力水泥,12.14,12.19,11.36,11.57,11.81,0.33,2.7942,0.7086,3024152,36100991.26,5764063295.62,5181343295.62,3512
2016-01-13,'000885,同力水泥,11.81,12.18,11.51,11.85,11.9,-0.09,-0.7563,0.6755,2883098,34129504.29,5607379532.23,5040499532.23,3147
2016-01-12,'000885,同力水泥,11.9,12.06,11.25,11.55,11.38,0.52,4.5694,1.3809,5893540,69710296.45,5650111467.7,5078911467.7,5435
2016-01-11,'000885,同力水泥,11.38,12.29,11.38,11.76,11.88,-0.5,-4.2088,1.2983,5541287,65939600.9,5403215840.54,4856975840.54,6193
2016-01-08,'000885,同力水泥,11.88,12.3,10.7,12.11,11.64,0.24,2.0619,1.1287,4817381,57090582.5,5640615482.04,5070375482.04,5711
2016-01-07,'000885,同力水泥,11.64,12.6,11.64,12.6,12.93,-1.29,-9.9768,0.3141,1340600,16190677.87,5526663654.12,4967943654.12,1465
2016-01-06,'000885,同力水泥,12.93,13.08,12.16,12.46,12.19,0.74,6.0705,1.48,6316591,79292217.57,6139154729.19,5518514729.19,6071
2016-01-05,'000885,同力水泥,12.19,12.95,11.84,11.84,13.05,-0.86,-6.59,1.1714,4999470,61865424.95,5787803259.77,5202683259.77,6353
2016-01-04,'000885,同力水泥,13.05,14.6,13.05,14.6,14.5,-1.45,-10.0,1.0436,4454110,60485914.92,6196130643.15,5569730643.15,6259
