日期,股票代码,名称,收盘价,最高价,最低价,开盘价,前收盘,涨跌额,涨跌幅,换手率,成交量,成交金额,总市值,流通市值,成交笔数
2016-10-12,'002446,盛路通信,27.98,28.2,27.85,28.0,28.08,-0.1,-0.3561,0.8543,2639117,73958283.27,12543438280.9,8643546093.38,3329
2016-10-11,'002446,盛路通信,28.08,28.35,27.93,28.25,28.25,-0.17,-0.6018,1.3168,4067904,114104504.83,12588268296.2,8674437966.48,5681
2016-10-10,'002446,盛路通信,28.25,28.49,27.8,28.05,27.79,0.46,1.6553,1.5281,4720649,133507864.05,12664479322.2,8726954150.75,6132
2016-09-30,'002446,盛路通信,27.79,27.9,27.55,27.72,27.73,0.06,0.2164,1.1821,3651574,101370158.53,12458261251.9,8584851534.49,4815
2016-09-29,'002446,盛路通信,27.73,27.85,26.85,26.94,26.92,0.81,3.0089,1.7888,5525933,152301573.6,12431363242.7,8566316410.63,6992
2016-09-28,'002446,盛路通信,26.92,27.21,26.78,27.19,27.13,-0.21,-0.7741,0.58,1791605,48305402.46,12068240118.8,8316092238.52,2274
2016-09-27,'002446,盛路通信,27.13,27.14,26.73,26.81,26.82,0.31,1.1559,0.7914,2444884,65797091.66,12162383150.9,8380965172.03,3234
2016-09-26,'002446,盛路通信,26.82,27.67,26.72,27.35,27.35,-0.53,-1.9378,1.0488,3239863,88376306.71,12023410103.5,8285200365.42,4284
2016-09-23,'002446,盛路通信,27.35,27.84,27.32,27.6,27.68,-0.33,-1.1922,0.7341,2267815,62385353.02,12261009184.5,8448927292.85,3358
2016-09-22,'002446,盛路通信,27.68,28.0,27.51,27.9,27.7,-0.02,-0.0722,1.0373,3204325,88697956.57,12408948235.0,8550870474.08,4420
2016-09-21,'002446,盛路通信,27.7,27.88,27.06,27.27,27.13,0.57,2.101,1.6999,5251365,145208155.96,12417914238.1,8557048848.7,6376
2016-09-20,'002446,盛路通信,27.13,27.4,27.05,27.21,27.0,0.13,0.4815,0.898,2773956,75498047.62,12162383150.9,8380965172.03,3786
2016-09-19,'002446,盛路通信,27.0,27.2,26.64,26.66,26.67,0.33,1.2373,0.8276,2556588,68881440.47,12104104131.0,8340805737.0,3409
2016-09-14,'002446,盛路通信,26.67,27.13,26.55,26.75,27.03,-0.36,-1.3319,0.83,2563918,68802589.69,11956165080.5,8238862555.77,3704
2016-09-13,'002446,盛路通信,27.03,27.08,26.28,26.92,26.75,0.28,1.0467,1.2395,3829104,102390014.02,12117553135.6,8350073298.93,5375
2016-09-12,'002446,盛路通信,26.75,27.71,26.73,27.63,28.1,-1.35,-4.8043,1.748,5399785,147172429.3,11992029092.8,8263576054.25,8045
2016-09-09,'002446,盛路通信,28.1,28.67,28.1,28.51,28.35,-0.25,-0.8818,1.3777,4256114,121088709.59,12597234299.3,8680616341.1,5805
2016-09-08,'002446,盛路通信,28.35,28.47,28.08,28.2,28.2,0.15,0.5319,1.1381,3515740,99487034.1,12709309337.5,8757846023.85,3961
2016-09-07,'002446,盛路通信,28.2,28.6,28.11,28.52,28.48,-0.28,-0.9831,1.234,3812062,108015320.79,12642064314.6,8711508214.2,5229
2016-09-06,'002446,盛路通信,28.48,28.59,27.58,27.81,27.85,0.63,2.2621,1.4784,4567009,128682406.51,12767588357.4,8798005458.88,6182
2016-09-05,'002446,盛路通信,27.85,28.2,27.71,27.92,27.94,-0.09,-0.3221,1.1814,3649676,102108473.48,12485159261.0,8603386658.35,5447
2016-09-02,'002446,盛路通信,27.94,28.53,27.8,28.3,28.3,-0.36,-1.2721,1.2556,3878919,109031611.6,12525506274.8,8631189344.14,4916
2016-09-01,'002446,盛路通信,28.3,28.65,28.29,28.65,28.55,-0.25,-0.8757,0.9656,2983034,84926687.33,12686894329.9,8742400087.3,3734
2016-08-31,'002446,盛路通信,28.55,29.08,28.27,28.94,28.87,-0.32,-1.1084,1.179,3642295,103763257.2,12798969368.1,8819629770.05,4981
2016-08-30,'002446,盛路通信,28.87,29.08,28.71,28.86,28.72,0.15,0.5223,0.9818,3032995,87777941.1,12942425417.1,8918483763.97,4239
2016-08-29,'002446,盛路通信,28.72,28.84,28.45,28.59,28.61,0.11,0.3845,0.8851,2734249,78389645.27,12875180394.2,8872145954.32,4099
2016-08-26,'002446,盛路通信,28.61,29.05,28.4,28.69,28.51,0.1,0.3508,1.3622,4208069,121200740.17,12825867377.3,8838164893.91,5716
2016-08-25,'002446,盛路通信,28.51,29.08,28.1,28.84,29.16,-0.65,-2.2291,1.7313,5348440,152017619.36,12781037362.0,8807273020.81,7696
2016-08-24,'002446,盛路通信,29.16,29.46,29.03,29.04,28.9,0.26,0.8997,1.2721,3929871,115020759.23,13072432461.5,9008070195.96,5127
2016-08-23,'002446,盛路通信,28.9,29.18,28.61,28.99,29.09,-0.19,-0.6531,1.2056,3724385,107640199.27,12955874421.7,8927751325.9,4693
2016-08-22,'002446,盛路通信,29.09,29.5,28.96,29.4,29.44,-0.35,-1.1889,1.233,3808921,111134680.42,13041051450.8,8986445884.79,4879
2016-08-19,'002446,盛路通信,29.44,29.59,29.02,29.5,29.43,0.01,0.034,1.4611,4513484,132224693.99,13197956504.3,9094567440.64,5705
2016-08-18,'002446,盛路通信,29.43,29.88,29.3,29.5,29.72,-0.29,-0.9758,1.4991,4630925,136818359.41,13193473502.8,9091478253.33,6022
2016-08-17,'002446,盛路通信,29.72,29.99,29.31,29.51,29.62,0.1,0.3376,1.8907,5840831,173486897.18,13323480547.2,9181064685.32,7579
2016-08-16,'002446,盛路通信,29.62,30.19,29.31,29.78,29.56,0.06,0.203,2.603,8041135,239104980.09,13278650531.9,9150172812.22,10666
2016-08-15,'002446,盛路通信,29.56,29.95,28.0,28.45,28.36,1.2,4.2313,2.6737,8259529,240315959.49,13251752522.7,9131637688.36,10809
2016-08-12,'002446,盛路通信,28.36,28.37,27.8,27.95,27.96,0.4,1.4306,1.1071,3420021,95955242.22,12713792339.1,8760935211.16,4895
2016-08-11,'002446,盛路通信,27.96,28.8,27.95,28.58,28.84,-0.88,-3.0513,1.5214,4699745,132790574.99,12534472277.9,8637367718.76,6538
2016-08-10,'002446,盛路通信,28.84,29.36,28.79,29.02,29.15,-0.31,-1.0635,1.1693,3612340,104563489.96,12928976412.5,8909216202.04,5017
2016-08-09,'002446,盛路通信,29.15,29.48,28.76,28.97,28.73,0.42,1.4619,1.8148,5606339,163202577.18,13067949460.0,9004981008.65,7063
2016-08-08,'002446,盛路通信,28.73,28.74,27.82,28.26,28.3,0.43,1.5194,1.323,4087119,116376221.87,12879663395.7,8875235141.63,4960
2016-08-05,'002446,盛路通信,28.3,28.76,28.25,28.58,28.63,-0.33,-1.1526,1.3459,4157755,118331320.94,12686894329.9,8742400087.3,5301
2016-08-04,'002446,盛路通信,28.63,28.76,27.73,27.77,27.76,0.87,3.134,2.354,7271891,206958443.17,12834833380.4,8844343268.53,10451
2016-08-03,'002446,盛路通信,27.76,27.88,27.4,27.81,27.97,-0.21,-0.7508,1.3745,4245981,117561171.35,12444812247.3,8575583972.56,5325
2016-08-02,'002446,盛路通信,27.97,27.97,27.39,27.59,27.62,0.35,1.2672,1.7344,5357857,148687977.17,12538955279.4,8640456906.07,5944
2016-08-01,'002446,盛路通信,27.62,28.5,26.9,28.5,28.8,-1.18,-4.0972,2.7773,8579457,236569154.78,12382050225.9,8532335350.22,10251
2016-07-29,'002446,盛路通信,28.8,29.54,28.6,29.4,29.24,-0.44,-1.5048,1.467,4531716,131228498.14,12911044406.4,8896859452.8,5923
2016-07-28,'002446,盛路通信,29.24,30.1,28.54,29.95,29.9,-0.66,-2.2074,2.8324,8749746,256398025.97,13108296473.7,9032783694.44,10118
2016-07-27,'002446,盛路通信,29.9,31.8,29.65,31.5,31.43,-1.53,-4.868,4.2937,13264101,407336242.27,13404174574.7,9236670056.9,15563
2016-07-26,'002446,盛路通信,31.43,31.49,31.05,31.31,31.4,0.03,0.0955,1.997,6169248,192901123.45,14090073808.8,9709315715.33,8540
2016-07-25,'002446,盛路通信,31.4,31.98,31.24,31.5,31.0,0.4,1.2903,2.8111,8684042,274106621.7,14076624804.2,9700048153.4,9970
2016-07-22,'002446,盛路通信,31.0,31.53,30.88,31.3,31.13,-0.13,-0.4176,2.671,8251347,257729938.71,13897304743.0,9576480661.0,10269
2016-07-21,'002446,盛路通信,31.13,31.72,30.78,30.78,30.75,0.38,1.2358,3.2502,10040576,313920891.07,13955583762.9,9616640096.03,12878
2016-07-20,'002446,盛路通信,30.75,31.0,30.61,30.7,30.79,-0.04,-0.1299,2.1426,6618796,204059743.46,13785229704.8,9499250978.25,8629
2016-07-19,'002446,盛路通信,30.79,30.97,30.21,30.55,30.31,0.48,1.5836,2.8042,8662805,264692234.39,13803161710.9,9511607727.49,11255
2016-07-18,'002446,盛路通信,30.31,31.15,30.18,31.15,31.31,-1.0,-3.1939,3.379,10438442,318309946.03,13587977637.4,9363326736.61,13562
2016-07-15,'002446,盛路通信,31.31,32.6,31.2,32.5,32.5,-1.19,-3.6615,3.9669,12254625,387641467.46,14036277790.4,9672245467.61,16787
2016-07-14,'002446,盛路通信,32.5,32.68,31.97,32.22,32.16,0.34,1.0572,2.3301,7198049,233304863.04,14569754972.5,10039858757.5,9694
2016-07-13,'002446,盛路通信,32.16,32.85,32.11,32.35,32.52,-0.36,-1.107,2.9467,9102919,294637407.75,14417332920.5,9934826388.96,11170
2016-07-12,'002446,盛路通信,32.52,33.16,31.1,32.65,32.66,-0.14,-0.4287,3.468,10713281,344885144.84,14578720975.6,10046037132.1,14038
2016-07-11,'002446,盛路通信,32.66,33.75,32.57,33.55,33.5,-0.84,-2.5075,3.4937,10792609,357736153.76,14641482997.0,10089285754.5,14775
2016-07-08,'002446,盛路通信,33.5,34.5,33.3,33.5,33.67,-0.17,-0.5049,2.6725,8255794,279538823.35,15018055125.5,10348777488.5,11525
2016-07-07,'002446,盛路通信,33.67,34.4,33.35,34.1,34.58,-0.91,-2.6316,4.2738,13202676,445779230.85,15094266151.5,10401293672.8,16671
2016-07-06,'002446,盛路通信,34.58,34.78,32.98,33.15,33.55,1.03,3.07,5.7394,17730021,605044592.42,15502219290.7,10682409718.0,23515
2016-07-05,'002446,盛路通信,33.55,34.25,32.86,33.18,32.66,0.89,2.725,6.2358,19263571,647798772.15,15040470133.1,10364223425.0,22344
2016-07-04,'002446,盛路通信,32.66,32.69,30.88,30.98,31.66,1.0,3.1586,4.2742,13203955,423929552.65,14641482997.0,10089285754.5,15349
2016-07-01,'002446,盛路通信,31.66,32.9,31.61,31.95,31.66,0.0,0.0,4.2261,13055251,422329278.63,14193182844.0,9780367023.46,17953
2016-06-30,'002446,盛路通信,31.66,31.85,31.0,31.41,31.5,0.16,0.5079,2.4352,7522730,237283543.23,14193182844.0,9780367023.46,10844
2016-06-29,'002446,盛路通信,31.5,32.49,31.31,32.25,32.22,-0.72,-2.2346,3.5046,10826509,343024818.35,14121454819.5,9730940026.5,15045
2016-06-28,'002446,盛路通信,32.22,33.09,31.87,32.22,32.21,0.01,0.031,4.2659,13178312,426800079.7,14444230929.7,9953361512.82,17422
2016-06-27,'002446,盛路通信,32.21,32.38,30.86,31.1,31.17,1.04,3.3365,4.3916,13566425,428872590.47,14439747928.1,9950272325.51,15843
2016-06-24,'002446,盛路通信,31.17,32.8,29.65,32.5,32.83,-1.66,-5.0564,5.9585,18407043,581023478.33,13973515769.0,9628996845.27,24344
2016-06-23,'002446,盛路通信,32.83,33.33,31.78,31.8,31.88,0.95,2.9799,7.3518,22711188,742095282.97,14717694023.0,10141801938.7,26214
2016-06-22,'002446,盛路通信,31.88,31.88,30.15,30.6,30.71,1.17,3.8098,5.0428,15578162,482536313.41,14291808877.6,9848329144.28,17214
2016-06-21,'002446,盛路通信,30.75,32.11,30.5,31.85,31.51,-0.76,-2.4119,5.0166,15497301,487278525.62,13785229704.8,9499250978.25,19001
2016-06-20,'002446,盛路通信,31.51,32.29,30.8,32.1,31.98,-0.47,-1.4697,4.3619,13474591,422344685.17,14125937821.0,9734029213.81,18817
2016-06-17,'002446,盛路通信,31.98,32.37,31.3,31.92,31.56,0.42,1.3308,5.6984,17603366,560340910.82,14336638892.9,9879221017.38,20086
2016-06-16,'002446,盛路通信,31.56,32.77,31.36,32.0,32.26,-0.7,-2.1699,6.3923,19747148,633017679.14,14148352828.7,9749475150.36,25282
2016-06-15,'002446,盛路通信,32.26,32.89,30.42,30.42,31.08,1.18,3.7967,8.9284,27581488,875981636.86,14462162935.8,9965718262.06,32120
2016-06-14,'002446,盛路通信,31.08,31.13,29.11,29.12,29.31,1.77,6.0389,9.1489,28262567,858132234.85,13933168755.2,9601194159.48,32750
2016-06-13,'002446,盛路通信,29.31,31.01,28.45,28.5,29.2,0.11,0.3767,9.7031,29974834,891852220.55,13139677484.4,9054408005.61,33475
2016-06-08,'002446,盛路通信,29.2,30.0,28.06,28.1,27.86,1.34,4.8098,7.4474,23006265,669911200.94,13090364467.6,9020426945.2,29626
2016-06-07,'002446,盛路通信,27.86,27.94,27.38,27.5,27.8,0.06,0.2158,2.6686,8243864,228438779.07,12489642262.6,8606475845.66,9773
2016-06-06,'002446,盛路通信,27.8,28.55,27.3,28.3,28.6,-0.8,-2.7972,6.5636,20276054,562910227.97,12462744253.4,8587940721.8,22011
2016-06-03,'002446,盛路通信,28.6,29.26,28.38,28.6,28.7,-0.1,-0.3484,3.6855,11385081,327553815.74,12821384375.8,8835075706.6,13312
2016-06-02,'002446,盛路通信,28.7,29.78,27.36,27.36,27.54,1.16,4.2121,3.5727,11036761,312811087.16,12866214391.1,8865967579.7,13804
2016-06-01,'002446,盛路通信,27.54,28.18,27.36,27.6,27.57,-0.03,-0.1088,2.6444,8168997,226160092.01,12346186213.6,8507621851.74,10258
2016-05-31,'002446,盛路通信,27.57,27.73,26.07,26.07,26.03,1.54,5.9163,2.7328,8442012,229324377.26,12359635218.2,8516889413.67,10589
2016-05-30,'002446,盛路通信,26.03,26.77,25.8,26.75,26.76,-0.73,-2.728,1.4072,4347068,113957274.81,11669252982.6,8041154567.93,5780
2016-05-27,'002446,盛路通信,26.76,27.17,26.7,27.15,27.2,-0.44,-1.6176,1.6662,5147200,138712696.66,11996512094.3,8266665241.56,6477
2016-05-26,'002446,盛路通信,27.2,27.2,26.06,26.56,26.56,0.64,2.4096,2.2584,6976519,186200232.42,12193764161.6,8402589483.2,9273
2016-05-25,'002446,盛路通信,26.56,27.45,26.45,26.81,26.47,0.09,0.34,2.0569,6354069,171180174.63,11906852063.7,8204881495.36,8980
2016-05-24,'002446,盛路通信,26.47,26.99,26.05,26.99,26.99,-0.52,-1.9266,1.8083,5586091,147958370.43,11866505049.9,8177078809.57,8115
2016-05-23,'002446,盛路通信,26.99,27.2,26.0,26.0,26.0,0.99,3.8077,2.4941,7704832,207020948.01,12099621129.5,8337716549.69,10714
2016-05-20,'002446,盛路通信,26.0,26.0,24.9,25.18,25.49,0.51,2.0008,1.1613,3587349,91543207.1,11655803978.0,8031887006.0,5234
2016-05-19,'002446,盛路通信,25.49,26.15,25.2,25.2,25.29,0.2,0.7908,1.2877,3977992,102432411.93,11427170900.0,7874338453.19,6142
2016-05-18,'002446,盛路通信,25.29,26.0,24.95,26.0,26.36,-1.07,-4.0592,1.579,4877889,124013081.64,11337510869.4,7812554706.99,7424
2016-05-17,'002446,盛路通信,26.36,26.8,25.95,26.01,25.99,0.37,1.4236,2.3541,7272293,191501718.3,11817192033.1,8143097749.16,9058
2016-05-16,'002446,盛路通信,25.99,25.99,25.23,25.6,25.65,0.34,1.3255,2.0566,6353235,163024759.44,11651320976.5,8028797818.69,7762
2016-05-13,'002446,盛路通信,25.65,26.28,25.0,25.74,25.8,-0.15,-0.5814,1.2057,3724755,95900930.46,11498898924.5,7923765450.15,5436
2016-05-12,'002446,盛路通信,25.8,25.99,24.73,25.5,26.09,-0.29,-1.1115,1.7183,5308250,134535907.79,11566143947.4,7970103259.8,7185
2016-05-11,'002446,盛路通信,26.09,27.01,25.99,26.82,26.72,-0.63,-2.3578,1.194,3688488,97498895.35,11696150991.8,8059689691.79,5359
2016-05-10,'002446,盛路通信,26.72,27.19,26.45,27.18,27.16,-0.44,-1.62,1.3617,4206417,112436858.07,11978580088.2,8254308492.32,6394
2016-05-09,'002446,盛路通信,27.16,27.5,25.4,26.5,26.9,0.26,0.9665,2.7489,8492003,224767986.89,12175832155.5,8390232733.96,11890
2016-05-06,'002446,盛路通信,26.9,29.36,26.9,28.87,29.06,-2.16,-7.4329,2.9786,9201532,257992191.05,12059274115.7,8309913863.9,13839
2016-05-05,'002446,盛路通信,29.06,29.1,28.57,29.09,29.09,-0.03,-0.1031,2.1098,6517522,187686932.86,13027602446.2,8977178322.86,8521
2016-05-04,'002446,盛路通信,29.09,29.73,28.9,29.5,29.16,-0.07,-0.2401,3.2839,10144467,297188989.85,13041051450.8,8986445884.79,14952
2016-05-03,'002446,盛路通信,29.16,29.16,26.76,26.76,26.51,2.65,9.9962,3.0268,9350388,262976952.09,13072432461.5,9008070195.96,12777
2016-04-29,'002446,盛路通信,26.51,27.18,26.0,26.0,26.21,0.3,1.1446,1.4351,4433421,118586175.6,11884437056.0,8189435558.81,6547
2016-04-28,'002446,盛路通信,26.21,26.39,25.7,26.26,26.25,-0.04,-0.1524,1.1686,3610096,93982926.6,11749947010.1,8096759939.51,5385
2016-04-27,'002446,盛路通信,26.25,26.78,26.21,26.5,26.53,-0.28,-1.0554,1.3223,4084819,108151531.05,11767879016.2,8109116688.75,5570
2016-04-26,'002446,盛路通信,26.53,26.75,25.7,25.88,25.74,0.79,3.0692,1.5374,4749283,124930792.16,11893403059.1,8195613933.43,7118
2016-04-25,'002446,盛路通信,25.74,26.6,25.35,26.6,26.5,-0.76,-2.8679,1.657,5118739,131665246.4,11539245938.2,7951568135.94,6691
2016-04-22,'002446,盛路通信,26.5,26.65,25.8,26.0,26.55,-0.05,-0.1883,1.4842,4584826,120564043.58,11879954054.5,8186346371.5,6142
2016-04-21,'002446,盛路通信,26.55,27.66,26.31,27.35,27.35,-0.8,-2.925,1.6921,5227157,141982828.74,11902369062.1,8201792308.05,7769
2016-04-20,'002446,盛路通信,27.35,29.8,26.64,29.59,29.49,-2.14,-7.2567,2.9366,9071861,254402577.41,12261009184.5,8448927292.85,13249
2016-04-19,'002446,盛路通信,29.49,29.62,28.83,29.5,29.22,0.27,0.924,1.613,4982871,145475281.44,13220371512.0,9110013377.19,7827
2016-04-18,'002446,盛路通信,29.22,29.79,28.6,29.65,29.84,-0.62,-2.0777,1.8935,5849362,170040668.49,13099330470.7,9026605319.82,9376
2016-04-15,'002446,盛路通信,29.84,29.97,29.4,29.73,29.52,0.32,1.084,2.1928,6774002,201424125.26,13377276565.5,9218134933.04,9430
2016-04-14,'002446,盛路通信,29.52,29.6,28.8,29.5,29.14,0.38,1.304,1.584,4893416,143209695.47,13233820516.6,9119280939.12,7472
2016-04-13,'002446,盛路通信,29.14,29.95,29.13,29.46,29.03,0.11,0.3789,2.2177,6850838,202546733.18,13063466458.4,9001891821.34,9672
2016-04-12,'002446,盛路通信,29.03,29.86,28.56,29.86,30.06,-1.03,-3.4265,2.1902,6765838,196704787.68,13014153441.6,8967910760.93,10803
2016-04-11,'002446,盛路通信,30.06,30.26,29.06,29.5,28.5,1.56,5.4737,2.9414,9086439,270841229.26,13475902599.2,9286097053.86,12863
2016-04-08,'002446,盛路通信,28.5,29.27,28.0,29.0,29.45,-0.95,-3.2258,2.3863,7371875,211592249.31,12776554360.5,8804183833.5,11143
2016-04-07,'002446,盛路通信,29.45,30.64,29.4,30.05,30.05,-0.6,-1.9967,3.0956,9562779,287336759.5,13202439505.9,9097656627.95,13897
2016-04-06,'002446,盛路通信,30.05,30.98,29.68,30.3,30.56,-0.51,-1.6688,3.5938,11102039,335546494.88,13471419597.6,9283007866.55,14774
2016-04-05,'002446,盛路通信,30.56,31.58,29.31,29.37,29.38,1.18,4.0163,4.6372,14325223,437343919.18,13700052675.7,9440556419.36,17482
2016-04-01,'002446,盛路通信,29.38,29.67,28.55,29.3,30.0,-0.62,-2.0667,3.1587,9757948,284507206.62,13171058495.1,9076032316.78,12306
2016-03-31,'002446,盛路通信,30.0,30.01,29.06,29.4,28.44,1.56,5.4852,6.0412,18662331,550508339.01,13449004590.0,9267561930.0,22188
2016-03-30,'002446,盛路通信,28.44,28.44,26.57,26.6,25.85,2.59,10.0193,3.747,11575285,321540346.42,12749656351.3,8785648709.64,13673
2016-03-29,'002446,盛路通信,25.85,26.65,25.5,26.38,26.66,-0.81,-3.0383,1.9842,6129478,159185952.33,11588558955.0,7985549196.35,8469
2016-03-28,'002446,盛路通信,26.66,28.17,26.5,27.48,27.25,-0.59,-2.1651,1.8383,5678869,155465370.56,11951682079.0,8235773368.46,9203
2016-03-25,'002446,盛路通信,27.25,27.99,26.8,27.61,28.02,-0.77,-2.748,2.0571,6354913,173647441.31,12216179169.2,8418035419.75,10097
2016-03-24,'002446,盛路通信,28.02,30.06,27.02,27.6,28.24,-0.22,-0.779,4.3757,13517434,388874247.86,12561370287.1,8655902842.62,16681
2016-03-23,'002446,盛路通信,28.24,28.28,27.02,27.02,27.38,0.86,3.141,2.1878,6758493,188240264.86,12659996320.7,8723864963.44,9349
2016-03-22,'002446,盛路通信,27.38,28.25,26.91,27.0,27.5,-0.12,-0.4364,2.5429,7855492,216546362.89,12274458189.1,8458194854.78,10187
2016-03-21,'002446,盛路通信,27.5,27.63,26.8,27.4,26.79,0.71,2.6502,3.6384,11239791,306833436.55,12328254207.5,8495265102.5,12650
2016-03-18,'002446,盛路通信,26.79,27.0,24.88,24.88,24.98,1.81,7.2458,3.1954,9871233,258182069.09,12009961098.9,8275932803.49,13234
2016-03-17,'002446,盛路通信,24.98,25.22,23.8,24.0,23.75,1.23,5.1789,2.5348,7830343,192792131.58,11198537821.9,7716789900.38,10889
2016-03-16,'002446,盛路通信,23.75,24.67,23.62,24.25,24.06,-0.31,-1.2884,1.4019,4330678,104486354.98,10647128633.8,7336819861.25,6373
2016-03-15,'002446,盛路通信,24.06,25.0,23.77,23.77,23.76,0.3,1.2626,2.2513,6954537,169226375.88,10786101681.2,7432584667.86,9798
2016-03-14,'002446,盛路通信,23.76,24.18,23.0,23.0,22.67,1.09,4.8081,1.7397,5374157,127843870.22,10651611635.3,7339909048.56,7808
2016-03-11,'002446,盛路通信,22.67,23.0,22.21,22.21,23.01,-0.34,-1.4776,0.9186,2837630,64350659.3,10162964468.5,7003187631.77,4605
2016-03-10,'002446,盛路通信,23.01,23.96,22.95,23.56,23.85,-0.84,-3.522,1.3286,4104206,95686531.76,10315386520.5,7108220000.31,6689
2016-03-09,'002446,盛路通信,23.85,24.0,22.2,23.0,23.33,0.52,2.2289,2.0474,6324783,149174131.65,10691958649.0,7367711734.35,9586
2016-03-08,'002446,盛路通信,23.33,23.44,21.84,23.41,23.47,-0.14,-0.5965,1.8847,5822161,131321435.25,10458842569.5,7207073994.23,9274
2016-03-07,'002446,盛路通信,23.47,24.17,23.0,23.49,23.04,0.43,1.8663,1.5794,4879056,115751603.3,10521604590.9,7250322616.57,6618
2016-03-04,'002446,盛路通信,23.04,24.5,22.55,24.3,24.52,-1.48,-6.0359,2.1087,6514069,153084048.7,10328835525.1,7117487562.24,10205
2016-03-03,'002446,盛路通信,24.52,25.68,24.5,24.89,24.93,-0.41,-1.6446,1.9814,6121026,153825043.43,10992319751.6,7574687284.12,9054
2016-03-02,'002446,盛路通信,24.93,25.0,23.51,24.0,24.01,0.92,3.8317,2.5014,7727286,188520006.93,11176122814.3,7701343963.83,10247
2016-03-01,'002446,盛路通信,24.01,24.66,22.58,23.61,23.42,0.59,2.5192,1.855,5730315,134958251.4,10763686673.5,7417138731.31,9067
2016-02-29,'002446,盛路通信,23.42,25.8,23.42,25.8,26.02,-2.6,-9.9923,2.6286,8120225,193108692.63,10499189583.3,7234876680.02,11077
2016-02-26,'002446,盛路通信,26.02,26.6,25.28,26.55,26.66,-0.64,-2.4006,1.7844,5512458,143749777.96,11664769981.1,8038065380.62,8671
2016-02-25,'002446,盛路通信,26.66,28.09,25.29,27.9,28.1,-1.44,-5.1246,2.5063,7742307,204690476.47,11951682079.0,8235773368.46,11771
2016-02-24,'002446,盛路通信,28.1,28.73,27.41,28.59,28.75,-0.65,-2.2609,2.0868,6446376,180274316.5,12597234299.3,8680616341.1,9953
2016-02-23,'002446,盛路通信,28.75,29.66,27.7,29.42,29.35,-0.6,-2.0443,2.2587,6977393,200413002.81,12888629398.8,8881413516.25,10753
2016-02-22,'002446,盛路通信,29.35,29.7,28.71,29.53,28.96,0.39,1.3467,2.3215,7171527,208413640.45,13157609490.5,9066764754.85,10103
2016-02-19,'002446,盛路通信,28.96,29.18,28.09,28.73,28.86,0.1,0.3465,2.4971,7713923,221075015.24,12982772430.9,8946286449.76,10555
2016-02-18,'002446,盛路通信,28.86,29.93,28.65,29.2,29.2,-0.34,-1.1644,2.3569,7280935,212550536.41,12937942415.6,8915394576.66,10346
2016-02-17,'002446,盛路通信,29.2,29.98,28.23,29.0,28.93,0.27,0.9333,2.4494,7566770,220579312.44,13090364467.6,9020426945.2,11875
2016-02-16,'002446,盛路通信,28.93,29.29,27.85,27.85,27.8,1.13,4.0647,2.2163,6846665,196951346.92,12969323426.3,8937018887.83,10368
2016-02-15,'002446,盛路通信,27.8,28.5,25.58,25.73,26.9,0.9,3.3457,2.0373,6293744,172537185.64,12462744253.4,8587940721.8,8784
2016-02-05,'002446,盛路通信,26.9,28.2,26.9,27.9,27.95,-1.05,-3.7567,1.5836,4892009,134253500.29,12059274115.7,8309913863.9,8796
2016-02-04,'002446,盛路通信,27.95,28.68,27.8,27.8,27.8,0.15,0.5396,2.4772,7652467,216496642.32,12529989276.4,8634278531.45,10417
2016-02-03,'002446,盛路通信,27.8,28.2,26.38,26.9,27.36,0.44,1.6082,2.6463,8174923,222540301.38,12462744253.4,8587940721.8,10588
2016-02-02,'002446,盛路通信,27.36,27.83,25.71,25.75,25.94,1.42,5.4742,2.5278,7808956,212931559.46,12265492186.1,8452016480.16,11346
2016-02-01,'002446,盛路通信,25.94,26.78,25.0,25.45,25.63,0.31,1.2095,3.0583,9447717,245179114.3,11628905968.8,8013351882.14,12029
2016-01-29,'002446,盛路通信,25.63,26.1,23.55,23.55,23.77,1.86,7.825,3.0127,9306775,234042018.75,11489932921.4,7917587075.53,12898
2016-01-28,'002446,盛路通信,23.77,25.86,23.56,25.0,25.58,-1.81,-7.0758,2.5494,7875549,197268802.53,10656094636.8,7342998235.87,11804
2016-01-27,'002446,盛路通信,25.58,25.6,22.6,24.88,24.9,0.68,2.7309,3.2989,10190997,242844508.88,11467517913.7,7902141138.98,12739
2016-01-26,'002446,盛路通信,24.9,27.33,24.9,27.07,27.67,-2.77,-10.0108,2.5746,7953463,205266170.84,11162673809.7,7692076401.9,12473
2016-01-25,'002446,盛路通信,27.67,28.4,27.16,28.1,27.36,0.31,1.133,2.1905,6766800,187896317.3,12404465233.5,8547781286.77,9504
2016-01-22,'002446,盛路通信,27.36,27.99,26.33,27.15,26.55,0.81,3.0508,2.8623,8842172,240521972.13,12265492186.1,8452016480.16,11969
2016-01-21,'002446,盛路通信,26.55,28.69,26.5,27.75,28.3,-1.75,-6.1837,3.4793,10748167,299170883.46,11902369062.1,8201792308.05,16054
2016-01-20,'002446,盛路通信,28.3,30.12,27.88,29.66,29.38,-1.08,-3.676,4.575,14133077,405362689.31,12686894329.9,8742400087.3,21196
2016-01-19,'002446,盛路通信,29.38,29.38,26.52,26.8,26.71,2.67,9.9963,3.6469,11265979,315569468.73,13171058495.1,9076032316.78,16454
2016-01-18,'002446,盛路通信,26.71,26.71,23.31,23.4,24.28,2.43,10.0082,3.9224,12117151,313172696.73,11974097086.6,8251219305.01,15541
2016-01-15,'002446,盛路通信,24.28,26.25,23.2,24.9,25.5,-1.22,-4.7843,3.3869,10462757,263588284.18,10884727714.8,7500546788.68,13004
2016-01-14,'002446,盛路通信,25.5,25.65,21.9,23.0,24.33,1.17,4.8089,4.1672,12873364,305539142.05,11431653901.5,7877427640.5,14592
2016-01-13,'002446,盛路通信,24.33,27.76,24.33,27.28,27.03,-2.7,-9.9889,2.7941,8631539,225196048.34,10907142722.5,7515992725.23,10907
2016-01-12,'002446,盛路通信,27.03,28.0,25.4,27.0,27.96,-0.93,-3.3262,2.8146,8694836,232364511.56,12117553135.6,8350073298.93,12096
2016-01-11,'002446,盛路通信,27.96,30.2,27.96,30.0,31.07,-3.11,-10.0097,4.0411,12483864,355044207.14,12534472277.9,8637367718.76,14137
2016-01-08,'002446,盛路通信,31.07,31.77,27.82,31.08,30.31,0.76,2.5074,2.6348,8139314,251381035.29,13928685753.7,9598104972.17,11684
2016-01-07,'002446,盛路通信,30.31,32.49,30.31,32.49,33.68,-3.37,-10.0059,0.7056,2179600,67862725.42,13587977637.4,9363326736.61,3711
2016-01-06,'002446,盛路通信,33.68,34.4,32.0,34.4,33.49,0.19,0.5673,3.0334,9370619,312813169.15,15098749153.0,10404382860.1,13404
2016-01-05,'002446,盛路通信,33.49,35.12,30.16,30.55,33.39,0.1,0.2995,3.8885,12012189,395258458.34,15013572124.0,10345688301.2,19160
2016-01-04,'002446,盛路通信,33.39,37.55,33.39,37.1,37.1,-3.71,-10.0,2.6854,8295701,287022521.29,14968742108.7,10314796428.1,11250
