日期,股票代码,名称,收盘价,最高价,最低价,开盘价,前收盘,涨跌额,涨跌幅,换手率,成交量,成交金额,总市值,流通市值,成交笔数
2016-10-12,'002214,大立科技,12.01,12.08,11.91,12.0,12.0,0.01,0.0833,0.4755,2139172,25662870.38,5508586658.66,5402898658.66,1805
2016-10-11,'002214,大立科技,12.0,12.07,11.95,12.07,12.01,-0.01,-0.0833,0.5604,2521015,30248471.49,5503999992.0,5398399992.0,2592
2016-10-10,'002214,大立科技,12.01,12.02,11.72,11.77,11.77,0.24,2.0391,0.8046,3619434,43107870.84,5508586658.66,5402898658.66,2959
2016-09-30,'002214,大立科技,11.77,11.77,11.53,11.64,11.52,0.25,2.1701,0.8542,3842872,44901314.55,5398506658.82,5294930658.82,2780
2016-09-29,'002214,大立科技,11.52,11.64,11.47,11.48,11.48,0.04,0.3484,0.4435,1995226,23024615.04,5283839992.32,5182463992.32,1855
2016-09-28,'002214,大立科技,11.48,11.55,11.38,11.5,11.48,0.0,0.0,0.4591,2065167,23619512.5,5265493325.68,5164469325.68,2085
2016-09-27,'002214,大立科技,11.48,11.6,11.35,11.53,11.48,0.0,0.0,0.6443,2898625,33238850.21,5265493325.68,5164469325.68,2125
2016-09-26,'002214,大立科技,11.48,11.88,11.48,11.85,11.85,-0.37,-3.1224,0.6821,3068640,35882222.16,5265493325.68,5164469325.68,2391
2016-09-23,'002214,大立科技,11.85,11.97,11.83,11.96,11.95,-0.1,-0.8368,0.3498,1573800,18736190.0,5435199992.1,5330919992.1,1304
2016-09-22,'002214,大立科技,11.95,12.03,11.9,11.96,11.9,0.05,0.4202,0.56,2519233,30165196.68,5481066658.7,5375906658.7,2023
2016-09-21,'002214,大立科技,11.9,11.94,11.83,11.87,11.83,0.07,0.5917,0.3522,1584258,18845876.94,5458133325.4,5353413325.4,1169
2016-09-20,'002214,大立科技,11.83,11.99,11.8,11.95,12.0,-0.17,-1.4167,0.5672,2551546,30296008.13,5426026658.78,5321922658.78,1847
2016-09-19,'002214,大立科技,12.0,12.0,11.8,11.88,11.8,0.2,1.6949,0.5321,2393649,28614707.26,5503999992.0,5398399992.0,1896
2016-09-14,'002214,大立科技,11.8,12.02,11.8,12.02,12.02,-0.22,-1.8303,0.5306,2387085,28409943.75,5412266658.8,5308426658.8,1992
2016-09-13,'002214,大立科技,12.02,12.11,11.91,12.0,11.95,0.07,0.5858,0.838,3769884,45209874.15,5513173325.32,5407397325.32,1917
2016-09-12,'002214,大立科技,11.95,12.12,11.86,12.09,12.29,-0.34,-2.7665,1.0991,4944569,59335923.38,5481066658.7,5375906658.7,3643
2016-09-09,'002214,大立科技,12.29,12.44,12.27,12.33,12.32,-0.03,-0.2435,0.9714,4369858,54024955.64,5637013325.14,5528861325.14,2960
2016-09-08,'002214,大立科技,12.32,12.36,12.2,12.2,12.27,0.05,0.4075,0.808,3635012,44670240.44,5650773325.12,5542357325.12,2721
2016-09-07,'002214,大立科技,12.27,12.32,12.17,12.17,12.26,0.01,0.0816,0.9109,4097787,50256447.61,5627839991.82,5519863991.82,3212
2016-09-06,'002214,大立科技,12.26,12.26,11.9,12.05,12.08,0.18,1.4901,0.8523,3834388,46355180.32,5623253325.16,5515365325.16,3046
2016-09-05,'002214,大立科技,12.08,12.2,12.05,12.13,12.05,0.03,0.249,0.5283,2376589,28791988.73,5540693325.28,5434389325.28,1979
2016-09-02,'002214,大立科技,12.05,12.27,11.98,12.17,12.21,-0.16,-1.3104,0.9766,4393480,53245451.74,5526933325.3,5420893325.3,3176
2016-09-01,'002214,大立科技,12.21,12.4,12.19,12.28,12.25,-0.04,-0.3265,0.9594,4316110,53066582.85,5600319991.86,5492871991.86,3055
2016-08-31,'002214,大立科技,12.25,12.4,12.08,12.34,12.37,-0.12,-0.9701,1.1264,5067307,61854962.55,5618666658.5,5510866658.5,3897
2016-08-30,'002214,大立科技,12.37,12.47,12.31,12.4,12.4,-0.03,-0.2419,0.6535,2939686,36387843.4,5673706658.42,5564850658.42,2001
2016-08-29,'002214,大立科技,12.4,12.45,12.22,12.22,12.26,0.14,1.1419,0.9998,4497842,55538127.03,5687466658.4,5578346658.4,3076
2016-08-26,'002214,大立科技,12.26,12.37,12.15,12.22,12.14,0.12,0.9885,0.7579,3409583,41843478.98,5623253325.16,5515365325.16,2430
2016-08-25,'002214,大立科技,12.14,12.25,11.97,12.25,12.28,-0.14,-1.1401,0.7265,3268432,39486348.68,5568213325.24,5461381325.24,2667
2016-08-24,'002214,大立科技,12.28,12.41,12.22,12.26,12.26,0.02,0.1631,0.5701,2564519,31588455.27,5632426658.48,5524362658.48,1986
2016-08-23,'002214,大立科技,12.26,12.43,12.16,12.16,12.18,0.08,0.6568,0.7019,3157813,38847808.52,5623253325.16,5515365325.16,2279
2016-08-22,'002214,大立科技,12.18,12.45,12.17,12.45,12.48,-0.3,-2.4038,0.8814,3964984,48861999.14,5586559991.88,5479375991.88,3075
2016-08-19,'002214,大立科技,12.48,12.48,12.1,12.18,12.16,0.32,2.6316,1.4595,6566025,80916123.67,5724159991.68,5614335991.68,4272
2016-08-18,'002214,大立科技,12.16,12.37,12.15,12.17,12.24,-0.08,-0.6536,0.9697,4362163,53403368.75,5577386658.56,5470378658.56,2921
2016-08-17,'002214,大立科技,12.24,12.37,12.1,12.36,12.33,-0.09,-0.7299,0.9372,4216242,51547528.56,5614079991.84,5506367991.84,2553
2016-08-16,'002214,大立科技,12.33,12.46,12.11,12.17,12.17,0.16,1.3147,1.1585,5211526,64063523.9,5655359991.78,5546855991.78,3484
2016-08-15,'002214,大立科技,12.17,12.27,11.89,12.05,11.98,0.19,1.586,1.2172,5475767,66450489.64,5581973325.22,5474877325.22,3843
2016-08-12,'002214,大立科技,11.98,11.99,11.68,11.7,11.74,0.24,2.0443,0.9828,4421196,52474436.5,5494826658.68,5389402658.68,3302
2016-08-11,'002214,大立科技,11.74,12.02,11.51,11.84,11.85,-0.11,-0.9283,1.3754,6187272,72640081.69,5384746658.84,5281434658.84,3955
2016-08-10,'002214,大立科技,11.85,12.03,11.84,11.91,11.93,-0.08,-0.6706,0.7114,3200235,38086214.24,5435199992.1,5330919992.1,2265
2016-08-09,'002214,大立科技,11.93,11.94,11.76,11.78,11.84,0.09,0.7601,0.9114,4100307,48666977.11,5471893325.38,5366909325.38,2798
2016-08-08,'002214,大立科技,11.84,11.86,11.47,11.6,11.63,0.21,1.8057,0.8827,3970857,46405500.44,5430613325.44,5326421325.44,2879
2016-08-05,'002214,大立科技,11.63,11.76,11.55,11.74,11.77,-0.14,-1.1895,0.7577,3408599,39726090.84,5334293325.58,5231949325.58,2316
2016-08-04,'002214,大立科技,11.77,11.79,11.6,11.65,11.67,0.1,0.8569,0.8106,3646487,42691766.49,5398506658.82,5294930658.82,2290
2016-08-03,'002214,大立科技,11.67,11.72,11.6,11.7,11.73,-0.06,-0.5115,0.8175,3677451,42883616.11,5352639992.22,5249943992.22,2539
2016-08-02,'002214,大立科技,11.73,11.75,11.55,11.65,11.61,0.12,1.0336,0.7103,3195226,37324524.62,5380159992.18,5276935992.18,2274
2016-08-01,'002214,大立科技,11.61,12.19,11.51,12.08,12.19,-0.58,-4.758,1.8758,8438809,98801818.17,5325119992.26,5222951992.26,5702
2016-07-29,'002214,大立科技,12.19,12.28,11.92,12.15,12.17,0.02,0.1643,1.2008,5401999,65448166.52,5591146658.54,5483874658.54,3774
2016-07-28,'002214,大立科技,12.17,12.3,11.9,12.07,12.05,0.12,0.9959,1.4369,6464335,78317027.75,5581973325.22,5474877325.22,5002
2016-07-27,'002214,大立科技,12.05,13.02,12.04,12.95,12.95,-0.9,-6.9498,2.9073,13078963,162831933.82,5526933325.3,5420893325.3,8306
2016-07-26,'002214,大立科技,12.95,13.05,12.79,12.79,12.85,0.1,0.7782,1.1601,5218965,67475857.42,5939733324.7,5825773324.7,3668
2016-07-25,'002214,大立科技,12.85,13.02,12.74,12.75,12.86,-0.01,-0.0778,1.445,6500495,83688792.66,5893866658.1,5780786658.1,4608
2016-07-22,'002214,大立科技,12.86,13.28,12.83,13.2,12.9,-0.04,-0.3101,2.0145,9062679,118203170.79,5898453324.76,5785285324.76,5747
2016-07-21,'002214,大立科技,12.9,13.25,12.82,13.01,13.06,-0.16,-1.2251,2.7514,12377710,160953063.61,5916799991.4,5803279991.4,7353
2016-07-20,'002214,大立科技,13.06,13.49,13.0,13.32,13.32,-0.26,-1.952,2.8856,12981274,172367123.41,5990186657.96,5875258657.96,8997
2016-07-19,'002214,大立科技,13.32,13.6,12.95,13.16,13.16,0.16,1.2158,3.75,16870198,223368579.62,6109439991.12,5992223991.12,10546
2016-07-18,'002214,大立科技,13.16,13.35,12.72,12.77,12.81,0.35,2.7322,3.6685,16503562,217029005.28,6036053324.56,5920245324.56,11521
2016-07-15,'002214,大立科技,12.81,13.15,12.64,12.85,12.71,0.1,0.7868,3.4394,15472541,199940360.54,5875519991.46,5762791991.46,9458
2016-07-14,'002214,大立科技,12.71,12.75,12.48,12.65,12.63,0.08,0.6334,2.2141,9960617,125734021.92,5829653324.86,5717805324.86,5445
2016-07-13,'002214,大立科技,12.63,12.85,12.38,12.48,12.48,0.15,1.2019,3.0586,13759642,173790204.76,5792959991.58,5681815991.58,8608
2016-07-12,'002214,大立科技,12.48,12.49,12.02,12.28,12.36,0.12,0.9709,2.2752,10235506,126057126.86,5724159991.68,5614335991.68,6630
2016-07-11,'002214,大立科技,12.36,12.6,12.28,12.38,12.34,0.02,0.1621,2.5392,11422917,142387330.1,5669119991.76,5560351991.76,6548
2016-07-08,'002214,大立科技,12.34,12.46,12.22,12.35,12.35,-0.01,-0.081,1.3045,5868535,72590702.37,5659946658.44,5551354658.44,3257
2016-07-07,'002214,大立科技,12.35,12.54,12.14,12.5,12.51,-0.16,-1.279,1.5314,6889166,85162027.63,5664533325.1,5555853325.1,5054
2016-07-06,'002214,大立科技,12.51,12.58,12.33,12.38,12.48,0.03,0.2404,2.0274,9120782,113622297.72,5737919991.66,5627831991.66,5544
2016-07-05,'002214,大立科技,12.48,12.68,12.38,12.52,12.46,0.02,0.1605,2.4166,10871446,136033874.43,5724159991.68,5614335991.68,6201
2016-07-04,'002214,大立科技,12.46,12.54,12.08,12.13,12.22,0.24,1.964,2.4328,10944497,135706124.84,5714986658.36,5605338658.36,5829
2016-07-01,'002214,大立科技,12.22,12.51,12.2,12.33,12.33,-0.11,-0.8921,1.9396,8725711,107862938.6,5604906658.52,5497370658.52,4927
2016-06-30,'002214,大立科技,12.33,12.5,12.21,12.38,12.33,0.0,0.0,2.0346,9152998,113030770.94,5655359991.78,5546855991.78,4999
2016-06-29,'002214,大立科技,12.33,12.58,12.24,12.54,12.53,-0.2,-1.5962,2.8082,12633146,156113725.73,5655359991.78,5546855991.78,6933
2016-06-28,'002214,大立科技,12.53,12.68,12.17,12.32,12.33,0.2,1.6221,3.6471,16407172,204090342.07,5747093324.98,5636829324.98,9522
2016-06-27,'002214,大立科技,12.33,12.35,11.66,11.66,11.86,0.47,3.9629,2.4959,11228199,136125629.73,5655359991.78,5546855991.78,7325
2016-06-24,'002214,大立科技,11.86,12.35,11.5,12.24,12.21,-0.35,-2.8665,2.7281,12272976,146729935.66,5439786658.76,5335418658.76,8005
2016-06-23,'002214,大立科技,12.21,12.35,11.96,12.05,12.07,0.14,1.1599,2.9448,13247829,161309866.05,5600319991.86,5492871991.86,8159
2016-06-22,'002214,大立科技,12.07,12.08,11.78,11.78,11.79,0.28,2.3749,2.1522,9681858,115985192.58,5536106658.62,5429890658.62,5016
2016-06-21,'002214,大立科技,11.79,12.42,11.6,12.0,12.0,-0.21,-1.75,2.1695,9759702,117730004.54,5407679992.14,5303927992.14,6982
2016-06-20,'002214,大立科技,12.0,12.15,11.68,11.74,11.75,0.25,2.1277,2.0781,9348600,111855568.69,5503999992.0,5398399992.0,6392
2016-06-17,'002214,大立科技,11.75,11.88,11.54,11.71,11.61,0.14,1.2059,1.3709,6167302,72366148.02,5389333325.5,5285933325.5,4102
2016-06-16,'002214,大立科技,11.63,11.93,11.43,11.51,11.55,0.08,0.6926,1.6378,7368061,85848183.06,5334293325.58,5231949325.58,5236
2016-06-15,'002214,大立科技,11.55,11.6,11.0,11.07,11.16,0.39,3.4946,1.5838,7124858,81353808.44,5297599992.3,5195959992.3,4996
2016-06-14,'002214,大立科技,11.16,11.44,11.12,11.23,11.35,-0.19,-1.674,1.3848,6229935,69917602.46,5118719992.56,5020511992.56,4857
2016-06-13,'002214,大立科技,11.35,12.33,11.3,11.75,11.9,-0.55,-4.6218,2.6752,12034665,143101973.53,5205866659.1,5105986659.1,8869
2016-06-08,'002214,大立科技,11.9,12.07,11.51,11.58,11.6,0.3,2.5862,2.5971,11683663,138276145.96,5458133325.4,5353413325.4,7577
2016-06-07,'002214,大立科技,11.6,11.69,11.5,11.6,11.67,-0.07,-0.5998,1.1006,4951079,57333533.99,5320533325.6,5218453325.6,3246
2016-06-06,'002214,大立科技,11.67,11.79,11.41,11.6,11.61,0.06,0.5168,1.6825,7569176,87835691.88,5352639992.22,5249943992.22,5362
2016-06-03,'002214,大立科技,11.61,11.78,11.48,11.68,11.7,-0.09,-0.7692,1.2993,5845137,67801861.22,5325119992.26,5222951992.26,4697
2016-06-02,'002214,大立科技,11.7,11.87,11.52,11.6,11.46,0.24,2.0942,1.8687,8406732,98288612.59,5366399992.2,5263439992.2,5818
2016-06-01,'002214,大立科技,11.46,11.65,11.4,11.5,11.5,-0.04,-0.3478,1.4635,6583989,75838142.52,5256319992.36,5155471992.36,4703
2016-05-31,'002214,大立科技,11.5,11.63,11.07,11.07,11.07,0.43,3.8844,1.9911,8957317,101940346.1,5274666659.0,5173466659.0,6005
2016-05-30,'002214,大立科技,11.07,11.32,10.82,10.9,11.05,0.02,0.181,1.3851,6231098,69283345.25,5077439992.62,4980023992.62,4513
2016-05-27,'002214,大立科技,11.05,11.15,10.64,10.7,10.7,0.35,3.271,2.0227,9099567,99306224.23,5068266659.3,4971026659.3,6183
2016-05-26,'002214,大立科技,10.7,10.76,10.44,10.68,10.72,-0.02,-0.1866,1.0027,4510659,47617502.56,4907733326.2,4813573326.2,3018
2016-05-25,'002214,大立科技,10.72,10.9,10.66,10.89,10.75,-0.03,-0.2791,0.5535,2490024,26862277.42,4916906659.52,4822570659.52,2124
2016-05-24,'002214,大立科技,10.75,10.92,10.65,10.92,10.9,-0.15,-1.3761,0.7496,3372004,36219999.44,4930666659.5,4836066659.5,2510
2016-05-23,'002214,大立科技,10.9,11.04,10.69,10.75,10.73,0.17,1.5843,1.2004,5400092,58725700.7,4999466659.4,4903546659.4,3330
2016-05-20,'002214,大立科技,10.73,10.73,10.38,10.41,10.62,0.11,1.0358,0.9555,4298422,45615885.55,4921493326.18,4827069326.18,2901
2016-05-19,'002214,大立科技,10.62,10.84,10.57,10.59,10.62,0.0,0.0,0.975,4386332,47024365.46,4871039992.92,4777583992.92,3086
2016-05-18,'002214,大立科技,10.62,11.11,10.43,11.11,11.14,-0.52,-4.6679,1.4344,6452982,69334708.24,4871039992.92,4777583992.92,4533
2016-05-17,'002214,大立科技,11.14,11.31,11.06,11.28,11.24,-0.1,-0.8897,0.9889,4448900,49616619.0,5109546659.24,5011514659.24,2863
2016-05-16,'002214,大立科技,11.24,11.26,11.05,11.07,11.06,0.18,1.6275,0.9233,4153710,46275400.4,5155413325.84,5056501325.84,2562
2016-05-13,'002214,大立科技,11.06,11.37,11.01,11.1,11.16,-0.1,-0.8961,0.7824,3519881,39352802.57,5072853325.96,4975525325.96,2630
2016-05-12,'002214,大立科技,11.16,11.22,10.88,11.08,11.2,-0.04,-0.3571,1.1373,5116150,56752493.78,5118719992.56,5020511992.56,3681
2016-05-11,'002214,大立科技,11.2,11.6,11.18,11.53,11.44,-0.24,-2.0979,0.9694,4361186,49480625.01,5137066659.2,5038506659.2,3096
2016-05-10,'002214,大立科技,11.44,11.68,11.29,11.51,11.51,-0.07,-0.6082,0.9492,4270000,49164054.02,5247146659.04,5146474659.04,3028
2016-05-09,'002214,大立科技,11.51,12.1,11.51,11.92,11.91,-0.4,-3.3585,1.7712,7968140,94022676.06,5279253325.66,5177965325.66,5232
2016-05-06,'002214,大立科技,11.91,12.56,11.86,12.48,12.54,-0.63,-5.0239,2.0527,9234560,112642201.0,5462719992.06,5357911992.06,6518
2016-05-05,'002214,大立科技,12.54,12.7,12.27,12.63,12.61,-0.07,-0.5551,1.4688,6607670,82414336.31,5751679991.64,5641327991.64,4512
2016-05-04,'002214,大立科技,12.61,12.8,12.49,12.52,12.59,0.02,0.1589,1.5176,6827315,86184452.42,5783786658.26,5672818658.26,5027
2016-05-03,'002214,大立科技,12.59,12.63,12.17,12.2,12.27,0.32,2.608,1.4686,6606925,82464265.66,5774613324.94,5663821324.94,4884
2016-04-29,'002214,大立科技,12.27,12.42,12.06,12.06,12.17,0.1,0.8217,1.481,6662400,81646911.42,5627839991.82,5519863991.82,4801
2016-04-28,'002214,大立科技,12.17,12.2,11.8,11.93,11.9,0.27,2.2689,1.4834,6673280,80065941.22,5581973325.22,5474877325.22,4679
2016-04-27,'002214,大立科技,11.9,12.28,11.89,12.21,12.2,-0.3,-2.459,1.3845,6228480,75299316.28,5458133325.4,5353413325.4,4381
2016-04-26,'002214,大立科技,12.2,12.2,11.9,11.99,11.96,0.24,2.0067,1.1949,5375635,64926458.41,5595733325.2,5488373325.2,3994
2016-04-25,'002214,大立科技,11.96,12.04,11.68,12.04,12.03,-0.07,-0.5819,1.1478,5163629,61437677.23,5485653325.36,5380405325.36,3624
2016-04-22,'002214,大立科技,12.03,12.13,11.6,11.8,11.9,0.13,1.0924,1.2014,5404550,64803539.54,5517759991.98,5411895991.98,4439
2016-04-21,'002214,大立科技,11.9,12.25,11.85,12.05,12.1,-0.2,-1.6529,1.7937,8069129,97580889.55,5458133325.4,5353413325.4,5709
2016-04-20,'002214,大立科技,12.1,13.11,11.8,13.05,13.11,-1.01,-7.704,4.1211,18539496,230815122.78,5549866658.6,5443386658.6,13127
2016-04-19,'002214,大立科技,13.11,13.3,12.66,12.89,12.86,0.25,1.944,3.8351,17252792,223807484.06,6013119991.26,5897751991.26,10896
2016-04-18,'002214,大立科技,12.86,13.0,12.59,13.0,13.19,-0.33,-2.5019,2.8058,12622337,161392664.24,5898453324.76,5785285324.76,7919
2016-04-15,'002214,大立科技,13.19,13.45,13.06,13.4,13.37,-0.18,-1.3463,1.9313,8688155,114857144.48,6049813324.54,5933741324.54,6544
2016-04-14,'002214,大立科技,13.37,13.38,13.06,13.11,13.08,0.29,2.2171,2.3316,10489129,138740098.19,6132373324.42,6014717324.42,7544
2016-04-13,'002214,大立科技,13.08,13.41,13.02,13.08,13.12,-0.04,-0.3049,3.4906,15703130,207725622.61,5999359991.28,5884255991.28,10468
2016-04-12,'002214,大立科技,13.12,13.69,12.76,13.47,13.6,-0.48,-3.5294,5.4286,24421277,318891652.74,6017706657.92,5902250657.92,14393
2016-04-11,'002214,大立科技,13.6,14.0,13.16,13.38,13.26,0.34,2.5641,4.5017,20251725,276503951.19,6237866657.6,6118186657.6,14442
2016-04-08,'002214,大立科技,13.26,13.48,12.72,12.81,13.09,0.17,1.2987,4.1205,18536637,243781974.38,6081919991.16,5965231991.16,13530
2016-04-07,'002214,大立科技,13.09,13.74,12.96,13.3,13.3,-0.21,-1.5789,7.0913,31901523,424176779.99,6003946657.94,5888754657.94,21201
2016-04-06,'002214,大立科技,13.3,13.3,11.92,11.97,12.09,1.21,10.0083,8.3978,37778834,488980351.64,6100266657.8,5983226657.8,18688
2016-04-05,'002214,大立科技,12.09,12.23,11.66,11.66,11.65,0.44,3.7768,3.1853,14329703,172190592.13,5545279991.94,5438887991.94,7983
2016-04-01,'002214,大立科技,11.65,11.84,11.41,11.74,11.78,-0.13,-1.1036,1.8209,8191824,95200536.47,5343466658.9,5240946658.9,4788
2016-03-31,'002214,大立科技,11.78,11.98,11.65,11.7,11.66,0.12,1.0292,3.2435,14591343,172017985.24,5403093325.48,5299429325.48,7816
2016-03-30,'002214,大立科技,11.66,11.66,11.25,11.32,11.21,0.45,4.0143,2.9786,13399787,153482052.84,5348053325.56,5245445325.56,7379
2016-03-29,'002214,大立科技,11.21,11.81,11.01,11.81,11.76,-0.55,-4.6769,2.4116,10848834,122650029.32,5141653325.86,5043005325.86,7258
2016-03-28,'002214,大立科技,11.76,12.27,11.65,11.89,11.85,-0.09,-0.7595,3.5703,16061531,192402274.85,5393919992.16,5290431992.16,7642
2016-03-25,'002214,大立科技,11.85,12.04,11.51,11.66,11.7,0.15,1.2821,2.9304,13182945,154961354.75,5435199992.1,5330919992.1,8342
2016-03-24,'002214,大立科技,11.7,12.55,11.35,11.63,11.86,-0.16,-1.3491,5.517,24819356,299686951.39,5366399992.2,5263439992.2,14971
2016-03-23,'002214,大立科技,11.86,12.06,11.65,11.97,11.76,0.1,0.8503,2.615,11764231,139546069.92,5439786658.76,5335418658.76,7213
2016-03-22,'002214,大立科技,11.76,11.97,11.61,11.7,11.88,-0.12,-1.0101,2.3752,10685322,125869994.63,5393919992.16,5290431992.16,6634
2016-03-21,'002214,大立科技,11.88,12.04,11.59,11.92,11.68,0.2,1.7123,4.1597,18713271,221598873.28,5448959992.08,5344415992.08,9826
2016-03-18,'002214,大立科技,11.68,12.0,11.4,11.5,11.5,0.18,1.5652,3.0546,13741414,161153998.41,5357226658.88,5254442658.88,8819
2016-03-17,'002214,大立科技,11.5,11.68,11.21,11.28,11.26,0.24,2.1314,2.9767,13391299,153804211.71,5274666659.0,5173466659.0,8257
2016-03-16,'002214,大立科技,11.26,11.48,10.9,11.26,11.22,0.04,0.3565,2.4501,11022060,123709803.84,5164586659.16,5065498659.16,7327
2016-03-15,'002214,大立科技,11.22,11.45,11.08,11.28,11.55,-0.33,-2.8571,2.4491,11017762,124319746.76,5146239992.52,5047503992.52,8401
2016-03-14,'002214,大立科技,11.55,11.61,10.68,10.9,10.86,0.69,6.3536,5.1507,23171306,258781113.7,5297599992.3,5195959992.3,15111
2016-03-11,'002214,大立科技,10.86,10.88,9.9,9.91,10.02,0.84,8.3832,2.4555,11046412,114591298.85,4981119992.76,4885551992.76,7153
2016-03-10,'002214,大立科技,10.02,10.25,9.88,10.13,10.12,-0.1,-0.9881,1.1519,5181999,52064175.48,4595839993.32,4507663993.32,3432
2016-03-09,'002214,大立科技,10.12,10.26,10.01,10.21,10.38,-0.26,-2.5048,1.1594,5215976,52976300.24,4641706659.92,4552650659.92,3929
2016-03-08,'002214,大立科技,10.38,10.43,9.72,10.18,10.12,0.26,2.5692,2.0922,9412171,95553514.0,4760959993.08,4669615993.08,6298
2016-03-07,'002214,大立科技,10.12,10.3,10.0,10.0,9.93,0.19,1.9134,1.5384,6920741,70169343.65,4641706659.92,4552650659.92,4129
2016-03-04,'002214,大立科技,9.93,10.49,9.76,10.38,10.48,-0.55,-5.2481,2.0246,9108118,91868513.47,4554559993.38,4467175993.38,6259
2016-03-03,'002214,大立科技,10.48,10.83,10.4,10.51,10.5,-0.02,-0.1905,2.3772,10694248,112623640.65,4806826659.68,4714602659.68,6686
2016-03-02,'002214,大立科技,10.5,10.59,9.95,10.1,10.03,0.47,4.6859,2.2472,10109329,103985677.65,4815999993.0,4723599993.0,6518
2016-03-01,'002214,大立科技,10.03,10.18,9.57,9.99,9.92,0.11,1.1089,1.8281,8223831,81592509.15,4600426659.98,4512162659.98,5588
2016-02-29,'002214,大立科技,9.92,10.69,9.75,10.69,10.74,-0.82,-7.635,2.1604,9718923,97620655.39,4549973326.72,4462677326.72,6155
2016-02-26,'002214,大立科技,10.74,11.5,10.25,11.5,10.96,-0.22,-2.0073,2.4376,10965872,118603494.07,4926079992.84,4831567992.84,7085
2016-02-25,'002214,大立科技,10.96,12.15,10.96,12.02,12.18,-1.22,-10.0164,2.6949,12123553,138644231.27,5026986659.36,4930538659.36,9352
2016-02-24,'002214,大立科技,12.18,12.31,11.84,12.15,12.28,-0.1,-0.8143,2.5299,11381174,137339789.26,5586559991.88,5479375991.88,7744
2016-02-23,'002214,大立科技,12.28,12.5,12.0,12.46,12.58,-0.3,-2.3847,2.9244,13155689,161125438.24,5632426658.48,5524362658.48,8604
2016-02-22,'002214,大立科技,12.58,12.7,12.2,12.62,12.45,0.13,1.0442,4.3389,19519397,242814991.97,5770026658.28,5659322658.28,11632
2016-02-19,'002214,大立科技,12.45,12.46,11.83,12.2,12.29,0.16,1.3019,3.9979,17985188,217165450.75,5710399991.7,5600839991.7,10423
2016-02-18,'002214,大立科技,12.29,12.72,12.16,12.72,12.49,-0.2,-1.6013,1.9381,8719007,107380769.2,5637013325.14,5528861325.14,6018
2016-02-17,'002214,大立科技,12.49,12.64,12.2,12.52,12.52,-0.03,-0.2396,1.9973,8985186,111589844.31,5728746658.34,5618834658.34,6018
2016-02-16,'002214,大立科技,12.52,12.7,11.8,11.84,11.83,0.69,5.8326,1.9527,8784754,108021195.97,5742506658.32,5632330658.32,6259
2016-02-15,'002214,大立科技,11.83,11.98,11.01,11.16,11.67,0.16,1.371,1.3471,6060040,70059953.2,5426026658.78,5321922658.78,4320
2016-02-05,'002214,大立科技,11.67,11.91,11.57,11.64,11.62,0.05,0.4303,1.2506,5626097,66060327.05,5352639992.22,5249943992.22,4278
2016-02-04,'002214,大立科技,11.62,11.82,11.41,11.45,11.39,0.23,2.0193,1.428,6424253,74791921.57,5329706658.92,5227450658.92,4981
2016-02-03,'002214,大立科技,11.39,11.47,11.04,11.21,11.5,-0.11,-0.9565,1.8276,8221939,92353207.19,5224213325.74,5123981325.74,5134
2016-02-02,'002214,大立科技,11.5,11.55,10.98,11.0,10.98,0.52,4.7359,1.7408,7831373,89238893.0,5274666659.0,5173466659.0,5642
2016-02-01,'002214,大立科技,10.98,11.49,10.73,11.36,11.56,-0.58,-5.0173,1.5945,7173297,79658950.33,5036159992.68,4939535992.68,6230
2016-01-29,'002214,大立科技,11.56,11.65,10.88,11.0,11.0,0.56,5.0909,1.8925,8513877,96291570.73,5302186658.96,5200458658.96,6140
2016-01-28,'002214,大立科技,11.0,11.74,10.9,11.36,11.63,-0.63,-5.417,1.4475,6511989,74161351.67,5045333326.0,4948533326.0,5411
2016-01-27,'002214,大立科技,11.63,11.95,10.7,11.89,11.71,-0.08,-0.6832,1.9869,8938518,101019704.99,5334293325.58,5231949325.58,6799
2016-01-26,'002214,大立科技,11.71,12.72,11.31,12.28,12.53,-0.82,-6.5443,2.5449,11448731,139946668.2,5370986658.86,5267938658.86,8063
2016-01-25,'002214,大立科技,12.53,12.66,11.89,11.89,11.83,0.7,5.9172,2.4986,11240566,139864637.2,5747093324.98,5636829324.98,8404
2016-01-22,'002214,大立科技,11.83,11.97,11.35,11.89,11.57,0.26,2.2472,1.4009,6302103,73547482.33,5426026658.78,5321922658.78,5020
2016-01-21,'002214,大立科技,11.57,12.49,11.54,12.01,12.26,-0.69,-5.6281,2.3631,10630854,127912168.65,5306773325.62,5204957325.62,7303
2016-01-20,'002214,大立科技,12.26,12.85,12.16,12.39,12.55,-0.29,-2.3108,2.7386,12320089,153652859.38,5623253325.16,5515365325.16,9456
2016-01-19,'002214,大立科技,12.55,12.65,11.6,11.6,11.75,0.8,6.8085,3.8307,17233232,212364862.38,5756266658.3,5645826658.3,12033
2016-01-18,'002214,大立科技,11.75,12.02,10.72,10.89,11.01,0.74,6.7212,3.7302,16780858,193536199.27,5389333325.5,5285933325.5,10449
2016-01-15,'002214,大立科技,11.01,11.41,10.44,10.8,10.98,0.03,0.2732,4.381,19708608,216628774.91,5049919992.66,4953031992.66,12454
2016-01-14,'002214,大立科技,10.98,11.1,9.85,10.28,10.8,0.18,1.6667,3.9709,17863760,186568375.63,5036159992.68,4939535992.68,10606
2016-01-13,'002214,大立科技,10.8,12.33,10.8,12.15,12.0,-1.2,-10.0,3.6957,16625592,192370311.53,4953599992.8,4858559992.8,11077
2016-01-12,'002214,大立科技,12.0,12.46,11.78,11.96,11.95,0.05,0.4184,2.0617,9275013,112169408.56,5503999992.0,5398399992.0,7206
2016-01-11,'002214,大立科技,11.95,13.1,11.9,12.5,13.0,-1.05,-8.0769,3.4421,15484871,194855022.55,5481066658.7,5375906658.7,10146
2016-01-08,'002214,大立科技,13.0,13.5,11.78,13.2,13.09,-0.09,-0.6875,4.6936,21115155,267889705.85,5962666658.0,5848266658.0,13690
2016-01-07,'002214,大立科技,13.09,14.25,13.09,14.25,14.54,-1.45,-9.9725,0.8427,3791200,51135265.0,6003946657.94,5888754657.94,2567
2016-01-06,'002214,大立科技,14.54,14.7,13.9,14.3,14.3,0.24,1.6783,3.6661,16492381,236426120.11,6669013323.64,6541061323.64,10385
2016-01-05,'002214,大立科技,14.3,14.58,13.21,13.3,14.29,0.01,0.07,4.1671,18746393,262774632.11,6558933323.8,6433093323.8,12551
2016-01-04,'002214,大立科技,14.29,16.11,14.29,15.85,15.88,-1.59,-10.0126,3.1817,14313553,213929299.14,6554346657.14,6428594657.14,9701
