日期,股票代码,名称,收盘价,最高价,最低价,开盘价,前收盘,涨跌额,涨跌幅,换手率,成交量,成交金额,总市值,流通市值,成交笔数
2016-10-12,'002116,中国海诚,13.87,13.93,13.76,13.8,13.83,0.04,0.2892,0.6733,2792415,38602038.54,5752182905.3,5752182905.3,1978
2016-10-11,'002116,中国海诚,13.83,13.83,13.7,13.81,13.8,0.03,0.2174,0.6203,2572627,35461265.26,5735594057.7,5735594057.7,2048
2016-10-10,'002116,中国海诚,13.8,13.82,13.6,13.72,13.69,0.11,0.8035,0.8943,3708921,50933706.5,5723152422.0,5723152422.0,3153
2016-09-30,'002116,中国海诚,13.69,13.72,13.52,13.62,13.54,0.15,1.1078,0.3172,1315543,17974345.27,5677533091.1,5677533091.1,1302
2016-09-29,'002116,中国海诚,13.54,13.7,13.54,13.57,13.56,-0.02,-0.1475,0.2356,977271,13303161.05,5615324912.6,5615324912.6,1375
2016-09-28,'002116,中国海诚,13.56,13.77,13.52,13.54,13.54,0.02,0.1477,0.5284,2191589,29875779.91,5623619336.4,5623619336.4,2031
2016-09-27,'002116,中国海诚,13.54,13.56,13.36,13.47,13.49,0.05,0.3706,0.425,1762619,23739998.7,5615324912.6,5615324912.6,1848
2016-09-26,'002116,中国海诚,13.49,13.78,13.47,13.53,13.67,-0.18,-1.3168,0.7221,2994632,40742203.28,5594588853.1,5594588853.1,3157
2016-09-23,'002116,中国海诚,13.67,13.91,13.43,13.91,13.99,-0.32,-2.2873,1.4774,6127267,83429309.98,5669238667.3,5669238667.3,4799
2016-09-22,'002116,中国海诚,13.99,14.65,13.94,14.56,14.57,-0.58,-3.9808,2.2327,9259468,131419946.74,5801949448.1,5801949448.1,6922
2016-09-21,'002116,中国海诚,14.57,14.66,14.52,14.61,14.67,-0.1,-0.6817,0.4686,1943448,28346742.88,6042487738.3,6042487738.3,1427
2016-09-20,'002116,中国海诚,14.67,14.72,14.38,14.65,14.55,0.12,0.8247,0.8652,3588216,52414371.38,6083959857.3,6083959857.3,2650
2016-09-19,'002116,中国海诚,14.55,14.66,14.29,14.29,14.36,0.19,1.3231,0.6817,2827121,41005524.01,6034193314.5,6034193314.5,1942
2016-09-14,'002116,中国海诚,14.36,14.57,13.96,14.1,14.13,0.23,1.6277,0.7855,3257500,46531008.05,5955396288.4,5955396288.4,2673
2016-09-13,'002116,中国海诚,14.13,14.21,13.99,14.16,14.06,0.07,0.4979,0.4463,1850997,26089352.91,5860010414.7,5860010414.7,1456
2016-09-12,'002116,中国海诚,14.06,14.38,14.0,14.38,14.57,-0.51,-3.5003,0.8357,3465657,49097134.06,5830979931.4,5830979931.4,2765
2016-09-09,'002116,中国海诚,14.57,14.86,14.56,14.81,14.85,-0.28,-1.8855,1.0358,4295792,62952722.23,6042487738.3,6042487738.3,3099
2016-09-08,'002116,中国海诚,14.85,14.87,14.46,14.52,14.54,0.31,2.132,1.3293,5512928,81251762.02,6158609671.5,6158609671.5,3837
2016-09-07,'002116,中国海诚,14.54,14.89,14.52,14.69,14.65,-0.11,-0.7509,1.2946,5369101,79203876.46,6030046102.6,6030046102.6,4388
2016-09-06,'002116,中国海诚,14.65,14.66,14.36,14.58,14.58,0.07,0.4801,0.9295,3854894,56071661.09,6075665433.5,6075665433.5,3309
2016-09-05,'002116,中国海诚,14.58,14.71,14.5,14.64,14.65,-0.07,-0.4778,1.0476,4344437,63432596.75,6046634950.2,6046634950.2,4207
2016-09-02,'002116,中国海诚,14.65,14.68,14.11,14.11,14.26,0.39,2.7349,2.1483,8909597,129462569.59,6075665433.5,6075665433.5,7013
2016-09-01,'002116,中国海诚,14.26,14.45,14.18,14.2,14.25,0.01,0.0702,0.8404,3485502,49995626.27,5913924169.4,5913924169.4,2770
2016-08-31,'002116,中国海诚,14.25,14.3,14.16,14.25,14.24,0.01,0.0702,0.4372,1813080,25782283.2,5909776957.5,5909776957.5,1691
2016-08-30,'002116,中国海诚,14.24,14.43,14.15,14.36,14.28,-0.04,-0.2801,0.5104,2116595,30177207.55,5905629745.6,5905629745.6,2139
2016-08-29,'002116,中国海诚,14.28,14.46,14.14,14.33,14.22,0.06,0.4219,0.5457,2263116,32371016.07,5922218593.2,5922218593.2,1791
2016-08-26,'002116,中国海诚,14.22,14.4,14.14,14.19,14.15,0.07,0.4947,0.459,1903552,27204904.7,5897335321.8,5897335321.8,2040
2016-08-25,'002116,中国海诚,14.15,14.32,13.94,14.23,14.31,-0.16,-1.1181,0.7317,3034529,42745559.03,5868304838.5,5868304838.5,2611
2016-08-24,'002116,中国海诚,14.31,14.43,14.21,14.36,14.35,-0.04,-0.2787,0.4755,1971957,28229588.77,5934660228.9,5934660228.9,1888
2016-08-23,'002116,中国海诚,14.35,14.6,14.11,14.2,14.2,0.15,1.0563,0.6644,2755412,39653633.77,5951249076.5,5951249076.5,2928
2016-08-22,'002116,中国海诚,14.2,14.66,14.2,14.6,14.6,-0.4,-2.7397,0.8548,3545112,50872514.96,5889040898.0,5889040898.0,3423
2016-08-19,'002116,中国海诚,14.6,14.7,14.42,14.7,14.68,-0.08,-0.545,1.0708,4440687,64560450.9,6054929374.0,6054929374.0,4616
2016-08-18,'002116,中国海诚,14.68,14.68,14.35,14.41,14.36,0.32,2.2284,1.8021,7473867,108613665.64,6088107069.2,6088107069.2,7781
2016-08-17,'002116,中国海诚,14.36,14.45,14.2,14.27,14.27,0.09,0.6307,0.9192,3812302,54600053.58,5955396288.4,5955396288.4,3683
2016-08-16,'002116,中国海诚,14.27,14.34,14.19,14.24,14.27,0.0,0.0,0.7361,3052751,43547664.81,5918071381.3,5918071381.3,2462
2016-08-15,'002116,中国海诚,14.27,14.46,13.92,14.02,14.0,0.27,1.9286,0.8693,3605148,51291322.32,5918071381.3,5918071381.3,2818
2016-08-12,'002116,中国海诚,14.0,14.02,13.81,13.82,13.85,0.15,1.083,0.3645,1511828,21037906.35,5806096660.0,5806096660.0,1359
2016-08-11,'002116,中国海诚,13.85,14.19,13.83,14.13,14.17,-0.32,-2.2583,0.5769,2392342,33421532.48,5743888481.5,5743888481.5,1913
2016-08-10,'002116,中国海诚,14.17,14.42,14.16,14.28,14.28,-0.11,-0.7703,0.505,2094480,29896832.04,5876599262.3,5876599262.3,1680
2016-08-09,'002116,中国海诚,14.28,14.3,14.13,14.18,14.24,0.04,0.2809,0.6339,2629060,37437352.16,5922218593.2,5922218593.2,1757
2016-08-08,'002116,中国海诚,14.24,14.28,13.8,14.01,14.0,0.24,1.7143,0.5133,2128947,29980152.75,5905629745.6,5905629745.6,1893
2016-08-05,'002116,中国海诚,14.0,14.24,13.9,13.96,13.97,0.03,0.2147,0.7142,2962053,41775085.55,5806096660.0,5806096660.0,2099
2016-08-04,'002116,中国海诚,13.97,14.0,13.77,13.91,14.0,-0.03,-0.2143,0.5602,2323436,32296713.03,5793655024.3,5793655024.3,1964
2016-08-03,'002116,中国海诚,14.0,14.31,13.91,14.08,14.09,-0.09,-0.6388,0.8749,3628574,51083000.05,5806096660.0,5806096660.0,2420
2016-08-02,'002116,中国海诚,14.09,14.09,13.63,13.72,13.68,0.41,2.9971,0.6554,2718111,37837348.03,5843421567.1,5843421567.1,2705
2016-08-01,'002116,中国海诚,13.68,13.92,13.5,13.86,13.92,-0.24,-1.7241,0.7516,3116892,42567218.26,5673385879.2,5673385879.2,2164
2016-07-29,'002116,中国海诚,13.92,14.31,13.88,14.3,14.25,-0.33,-2.3158,0.7662,3177690,44683499.9,5772918964.8,5772918964.8,2521
2016-07-28,'002116,中国海诚,14.55,14.62,14.16,14.49,14.48,0.07,0.4834,0.8872,3679548,53218099.93,6034193314.5,6034193314.5,2532
2016-07-27,'002116,中国海诚,14.48,15.46,14.19,15.36,15.37,-0.89,-5.7905,1.7785,7375647,109201429.98,6005162831.2,6005162831.2,5253
2016-07-26,'002116,中国海诚,15.37,15.4,15.1,15.21,15.13,0.24,1.5863,0.8647,3586214,54667135.06,6374264690.3,6374264690.3,2748
2016-07-25,'002116,中国海诚,15.13,15.29,15.01,15.1,15.19,-0.06,-0.395,0.6327,2623952,39754337.69,6274731604.7,6274731604.7,2127
2016-07-22,'002116,中国海诚,15.19,15.34,15.1,15.28,15.28,-0.09,-0.589,0.9489,3929090,59681407.06,6289515440.04,6289515440.04,3022
2016-07-21,'002116,中国海诚,15.28,15.58,15.24,15.26,15.28,0.0,0.0,0.9102,3768867,58095569.01,6326780508.48,6326780508.48,3249
2016-07-20,'002116,中国海诚,15.28,15.48,15.23,15.45,15.41,-0.13,-0.8436,0.7839,3245690,49864032.28,6326780508.48,6326780508.48,2503
2016-07-19,'002116,中国海诚,15.41,15.5,15.19,15.45,15.62,-0.21,-1.3444,1.4977,6201181,94895059.46,6380607829.56,6380607829.56,4678
2016-07-18,'002116,中国海诚,15.62,15.97,15.07,15.11,15.31,0.31,2.0248,2.2835,9322095,145275356.3,6376762079.82,6376762079.82,7868
2016-07-15,'002116,中国海诚,15.31,15.5,15.1,15.1,14.81,0.5,3.3761,2.3403,9553983,146286499.87,6250206622.41,6250206622.41,7490
2016-07-14,'002116,中国海诚,14.81,14.96,14.68,14.9,14.97,-0.16,-1.0688,0.8536,3484956,51579044.05,6046084916.91,6046084916.91,2763
2016-07-13,'002116,中国海诚,14.97,15.31,14.83,14.88,14.85,0.12,0.8081,1.8548,7572022,113829579.01,6111403862.67,6111403862.67,5792
2016-07-12,'002116,中国海诚,14.85,14.87,14.3,14.5,14.5,0.35,2.4138,1.2282,5014115,73385999.6,6062414653.35,6062414653.35,3688
2016-07-11,'002116,中国海诚,14.5,14.89,14.49,14.78,14.75,-0.25,-1.6949,1.112,4539842,66711937.4,5919529459.5,5919529459.5,3694
2016-07-08,'002116,中国海诚,14.75,15.1,14.65,14.9,14.96,-0.21,-1.4037,1.0722,4377151,65002716.98,6021590312.25,6021590312.25,3327
2016-07-07,'002116,中国海诚,14.96,15.14,14.7,14.95,14.96,0.0,0.0,1.1981,4891313,72830416.36,6107321428.56,6107321428.56,3787
2016-07-06,'002116,中国海诚,14.96,15.19,14.8,15.0,15.21,-0.25,-1.6437,1.4067,5742572,85798523.85,6107321428.56,6107321428.56,4685
2016-07-05,'002116,中国海诚,15.21,16.0,15.11,15.58,15.14,0.07,0.4624,2.3716,9681938,149400163.58,6209382281.31,6209382281.31,7643
2016-07-04,'002116,中国海诚,15.14,15.35,14.64,14.77,14.83,0.31,2.0904,1.7568,7172003,107588646.13,6180805242.54,6180805242.54,6771
2016-07-01,'002116,中国海诚,14.83,15.08,14.74,14.91,14.86,-0.03,-0.2019,1.4785,6035908,90078581.89,6054249785.13,6054249785.13,4564
2016-06-30,'002116,中国海诚,14.86,15.3,14.68,14.87,14.98,-0.12,-0.8011,1.7922,7316614,109167133.74,6066497087.46,6066497087.46,5486
2016-06-29,'002116,中国海诚,14.98,15.31,14.19,14.33,14.3,0.68,4.7552,3.458,14116986,209988803.53,6115486296.78,6115486296.78,10186
2016-06-28,'002116,中国海诚,14.3,14.36,14.07,14.11,14.21,0.09,0.6334,1.316,5372560,76438354.28,5837880777.3,5837880777.3,4029
2016-06-27,'002116,中国海诚,14.21,14.3,13.71,13.71,13.86,0.35,2.5253,1.4451,5899596,83205618.03,5801138870.31,5801138870.31,4308
2016-06-24,'002116,中国海诚,13.86,14.1,13.39,13.87,13.9,-0.04,-0.2878,1.597,6519450,90097358.64,5658253676.46,5658253676.46,4577
2016-06-23,'002116,中国海诚,13.9,14.13,13.77,14.1,14.16,-0.26,-1.8362,1.1257,4595404,64085828.02,5674583412.9,5674583412.9,3518
2016-06-22,'002116,中国海诚,14.16,14.19,13.6,13.69,13.7,0.46,3.3577,1.9944,8141808,113437904.88,5780726699.76,5780726699.76,5079
2016-06-21,'002116,中国海诚,13.7,14.55,13.59,14.46,14.45,-0.75,-5.1903,2.9309,11965199,168491177.6,5592934730.7,5592934730.7,7608
2016-06-20,'002116,中国海诚,14.45,14.69,14.12,14.31,14.4,0.05,0.3472,1.8957,7738913,111255227.8,5899117288.95,5899117288.95,5529
2016-06-17,'002116,中国海诚,14.4,14.87,14.02,14.78,14.47,-0.07,-0.4838,4.0954,16719088,241417622.83,5878705118.4,5878705118.4,10447
2016-06-16,'002116,中国海诚,14.47,14.47,13.3,13.3,13.15,1.32,10.038,4.3453,17739272,248970331.74,5907282157.17,5907282157.17,9621
2016-06-15,'002116,中国海诚,13.15,13.51,12.1,12.2,12.28,0.87,7.0847,2.2404,9146377,120290634.76,5368400854.65,5368400854.65,6314
2016-06-14,'002116,中国海诚,12.28,12.47,12.15,12.28,12.4,-0.12,-0.9677,0.9269,3783845,46576172.33,5013229087.08,5013229087.08,3123
2016-06-13,'002116,中国海诚,12.4,13.19,12.37,13.13,13.3,-0.9,-6.7669,1.1753,4798049,61492106.55,5062218296.4,5062218296.4,4523
2016-06-08,'002116,中国海诚,13.3,13.38,13.13,13.28,13.34,-0.04,-0.2999,0.7145,2916702,38658311.51,5429637366.3,5429637366.3,2290
2016-06-07,'002116,中国海诚,13.34,13.42,13.15,13.35,13.48,-0.14,-1.0386,0.963,3931322,52233633.54,5445967102.74,5445967102.74,3294
2016-06-06,'002116,中国海诚,13.48,13.66,12.96,13.2,13.16,0.32,2.4316,1.5653,6390438,85137589.12,5503121180.28,5503121180.28,5586
2016-06-03,'002116,中国海诚,13.16,13.24,12.96,13.17,13.07,0.09,0.6886,0.933,3808854,49964118.62,5372483288.76,5372483288.76,2663
2016-06-02,'002116,中国海诚,13.07,13.09,12.9,12.98,13.03,0.04,0.307,0.7776,3174500,41315877.74,5335741381.77,5335741381.77,2486
2016-06-01,'002116,中国海诚,13.03,13.3,12.84,12.9,12.92,0.11,0.8514,1.2253,5002190,65159907.98,5319411645.33,5319411645.33,4233
2016-05-31,'002116,中国海诚,12.92,12.95,12.43,12.43,12.41,0.51,4.1096,0.9232,3768752,48257371.16,5274504870.12,5274504870.12,3126
2016-05-30,'002116,中国海诚,12.41,12.68,12.28,12.51,12.68,-0.27,-2.1293,0.3988,1627940,20308998.62,5066300730.51,5066300730.51,1733
2016-05-27,'002116,中国海诚,12.68,12.8,12.6,12.7,12.57,0.11,0.8751,0.6024,2459361,31254073.81,5176526451.48,5176526451.48,1959
2016-05-26,'002116,中国海诚,12.57,12.8,12.1,12.63,12.65,-0.08,-0.6324,0.7262,2964616,36698102.99,5131619676.27,5131619676.27,2734
2016-05-25,'002116,中国海诚,12.65,12.84,12.61,12.73,12.66,-0.01,-0.079,0.6035,2463726,31365377.95,5164279149.15,5164279149.15,1921
2016-05-24,'002116,中国海诚,12.66,13.13,12.6,13.07,13.19,-0.53,-4.0182,0.91,3714964,47491159.82,5168361583.26,5168361583.26,3422
2016-05-23,'002116,中国海诚,13.19,13.27,12.73,12.84,12.78,0.41,3.2081,1.1165,4557919,59075697.89,5384730591.09,5384730591.09,4167
2016-05-20,'002116,中国海诚,12.78,12.8,12.31,12.5,12.71,0.07,0.5507,0.6852,2797268,35086743.24,5217350792.58,5217350792.58,2971
2016-05-19,'002116,中国海诚,12.71,13.18,12.47,12.5,12.72,-0.01,-0.0786,1.0998,4489921,57407425.81,5188773753.81,5188773753.81,4751
2016-05-18,'002116,中国海诚,12.72,13.35,12.31,12.55,12.46,0.26,2.0867,1.35,5511405,70945486.03,5192856187.92,5192856187.92,5846
2016-05-17,'002116,中国海诚,12.46,12.56,12.3,12.47,12.47,-0.01,-0.0802,0.3724,1520411,18893062.51,5086712901.06,5086712901.06,1331
2016-05-16,'002116,中国海诚,12.47,12.49,12.15,12.32,12.32,0.15,1.2175,0.4491,1833435,22637005.0,5090795335.17,5090795335.17,1780
2016-05-13,'002116,中国海诚,12.32,12.44,12.2,12.25,12.25,0.07,0.5714,0.4035,1647355,20231907.16,5029558823.52,5029558823.52,1261
2016-05-12,'002116,中国海诚,12.25,12.45,12.09,12.45,12.5,-0.25,-2.0,0.4659,1902103,23284109.77,5000981784.75,5000981784.75,1759
2016-05-11,'002116,中国海诚,12.5,12.74,12.45,12.68,12.64,-0.14,-1.1076,0.4601,1878151,23671220.17,5103042637.5,5103042637.5,1608
2016-05-10,'002116,中国海诚,12.64,12.73,12.6,12.62,12.58,0.06,0.4769,0.286,1167445,14781814.05,5160196715.04,5160196715.04,1478
2016-05-09,'002116,中国海诚,12.58,13.01,12.58,12.91,13.03,-0.45,-3.4536,0.6277,2562366,32545805.62,5135702110.38,5135702110.38,2554
2016-05-06,'002116,中国海诚,13.03,13.88,12.98,13.86,13.77,-0.74,-5.374,1.0629,4339162,57784330.98,5319411645.33,5319411645.33,3304
2016-05-05,'002116,中国海诚,13.77,13.83,13.56,13.7,13.77,0.0,0.0,0.4885,1994351,27279919.07,5621511769.47,5621511769.47,1779
2016-05-04,'002116,中国海诚,13.77,13.91,13.42,13.7,13.58,0.19,1.3991,0.7997,3264742,44723886.12,5621511769.47,5621511769.47,2715
2016-05-03,'002116,中国海诚,13.58,13.68,13.0,13.11,13.1,0.48,3.6641,0.8003,3267163,44024376.93,5543945521.38,5543945521.38,3407
2016-04-29,'002116,中国海诚,13.1,13.19,13.01,13.19,13.12,-0.02,-0.1524,0.2658,1084976,14234011.48,5347988684.1,5347988684.1,1059
2016-04-28,'002116,中国海诚,13.12,13.33,12.91,13.18,13.28,-0.16,-1.2048,0.3931,1604882,21006573.8,5356153552.32,5356153552.32,1633
2016-04-27,'002116,中国海诚,13.28,13.35,13.0,13.0,13.2,0.08,0.6061,0.5636,2300991,30474744.97,5421472498.08,5421472498.08,1824
2016-04-26,'002116,中国海诚,13.2,13.2,12.95,12.96,13.0,0.2,1.5385,0.5293,2160827,28228728.9,5388813025.2,5388813025.2,1876
2016-04-25,'002116,中国海诚,13.0,13.04,12.7,13.04,13.03,-0.03,-0.2302,0.4833,1973042,25394700.43,5307164343.0,5307164343.0,1673
2016-04-22,'002116,中国海诚,13.03,13.14,12.82,12.9,12.95,0.08,0.6178,0.4927,2011300,26083676.3,5319411645.33,5319411645.33,1691
2016-04-21,'002116,中国海诚,12.95,13.46,12.9,13.4,13.34,-0.39,-2.9235,1.0591,4323503,56846364.21,5286752172.45,5286752172.45,3532
2016-04-20,'002116,中国海诚,13.34,14.39,13.2,14.31,14.3,-0.96,-6.7133,1.2494,5100592,69644228.57,5445967102.74,5445967102.74,4815
2016-04-19,'002116,中国海诚,14.3,14.5,14.1,14.31,14.28,0.02,0.1401,0.6963,2842609,40547022.26,5837880777.3,5837880777.3,2240
2016-04-18,'002116,中国海诚,14.28,14.57,14.22,14.55,14.55,-0.27,-1.8557,0.831,3392623,48581757.06,5829715909.08,5829715909.08,2852
2016-04-15,'002116,中国海诚,14.55,14.64,14.3,14.39,14.4,0.15,1.0417,1.4241,5813998,84324488.92,5939941630.05,5939941630.05,4466
2016-04-14,'002116,中国海诚,14.4,14.61,14.23,14.3,14.16,0.24,1.6949,1.9532,7973908,114877477.86,5878705118.4,5878705118.4,5152
2016-04-13,'002116,中国海诚,14.16,14.37,14.0,14.15,14.09,0.07,0.4968,2.0556,8391898,119295863.44,5780726699.76,5780726699.76,4745
2016-04-12,'002116,中国海诚,14.09,14.17,13.94,14.17,14.2,-0.11,-0.7746,0.6726,2743545,38526479.45,5747723780.64,5747723780.64,2089
2016-04-11,'002116,中国海诚,14.2,14.31,14.02,14.07,13.86,0.34,2.4531,1.2496,5097526,72208827.95,5792596003.2,5792596003.2,4734
2016-04-08,'002116,中国海诚,13.86,14.0,13.61,13.84,13.93,-0.07,-0.5025,0.7298,2976967,41184458.22,5653900042.56,5653900042.56,2317
2016-04-07,'002116,中国海诚,13.93,14.39,13.9,14.33,14.26,-0.33,-2.3142,1.0162,4145230,58212210.39,5682455093.28,5682455093.28,3450
2016-04-06,'002116,中国海诚,14.26,14.46,14.08,14.15,14.24,0.02,0.1404,1.217,4964657,70852112.71,5817071760.96,5817071760.96,3597
2016-04-05,'002116,中国海诚,14.24,14.4,13.7,13.7,13.78,0.46,3.3382,1.348,5499070,77746827.91,5808913175.04,5808913175.04,4348
2016-04-01,'002116,中国海诚,13.78,13.97,13.52,13.7,13.75,0.03,0.2182,0.847,3455296,47488269.77,5621265698.88,5621265698.88,2770
2016-03-31,'002116,中国海诚,13.75,13.95,13.71,13.73,13.74,0.01,0.0728,0.9436,3849255,53203624.9,5609027820.0,5609027820.0,2624
2016-03-30,'002116,中国海诚,13.74,13.77,13.41,13.5,13.25,0.49,3.6981,0.7095,2894355,39339540.19,5604948527.04,5604948527.04,2705
2016-03-29,'002116,中国海诚,13.25,13.75,13.17,13.63,13.61,-0.36,-2.6451,0.9248,3772434,50684750.89,5405063172.0,5405063172.0,3478
2016-03-28,'002116,中国海诚,13.61,14.6,13.57,14.4,14.15,-0.54,-3.8163,1.8864,7695308,108177230.97,5551917718.56,5551917718.56,6163
2016-03-25,'002116,中国海诚,14.15,14.36,13.35,13.38,13.45,0.7,5.2045,2.1964,8959912,125300629.44,5772199538.4,5772199538.4,5995
2016-03-24,'002116,中国海诚,13.45,13.86,13.29,13.51,13.66,-0.21,-1.5373,1.7039,6950901,94645425.25,5486649031.2,5486649031.2,4624
2016-03-23,'002116,中国海诚,13.66,13.74,13.37,13.45,13.47,0.19,1.4105,1.017,4148800,56433901.14,5572314183.36,5572314183.36,3334
2016-03-22,'002116,中国海诚,13.47,13.61,13.23,13.3,13.51,-0.04,-0.2961,1.1185,4562741,61310824.43,5494807617.12,5494807617.12,3613
2016-03-21,'002116,中国海诚,13.51,13.83,13.3,13.37,13.27,0.24,1.8086,1.9782,8069847,108715297.17,5511124788.96,5511124788.96,5184
2016-03-18,'002116,中国海诚,13.27,13.42,12.75,12.86,12.8,0.47,3.6719,1.7357,7080349,93326839.88,5413221757.92,5413221757.92,4904
2016-03-17,'002116,中国海诚,12.8,12.85,12.37,12.45,12.33,0.47,3.8118,1.1113,4533430,57449489.87,5221494988.8,5221494988.8,3554
2016-03-16,'002116,中国海诚,12.33,12.83,12.26,12.7,12.53,-0.2,-1.5962,0.7287,2972381,37270834.61,5029768219.68,5029768219.68,2579
2016-03-15,'002116,中国海诚,12.53,12.75,12.35,12.48,12.5,0.03,0.24,0.8493,3464577,43518741.4,5111354078.88,5111354078.88,2769
2016-03-14,'002116,中国海诚,12.5,12.66,12.17,12.18,12.0,0.5,4.1667,1.1562,4716437,58832720.44,5099116200.0,5099116200.0,3547
2016-03-11,'002116,中国海诚,12.0,12.17,11.86,12.1,12.09,-0.09,-0.7444,0.6523,2661110,31981548.12,4895151552.0,4895151552.0,1950
2016-03-10,'002116,中国海诚,12.09,12.46,12.08,12.45,12.32,-0.23,-1.8669,0.4942,2015849,24734456.06,4931865188.64,4931865188.64,1765
2016-03-09,'002116,中国海诚,12.32,12.53,12.21,12.3,12.67,-0.35,-2.7624,0.5696,2323578,28723347.42,5025688926.72,5025688926.72,1981
2016-03-08,'002116,中国海诚,12.67,12.76,11.76,12.38,12.29,0.38,3.0919,1.1018,4494722,55258057.61,5168464180.32,5168464180.32,3750
2016-03-07,'002116,中国海诚,12.29,12.5,12.13,12.2,12.06,0.23,1.9071,0.7113,2901629,35781072.07,5013451047.84,5013451047.84,2448
2016-03-04,'002116,中国海诚,12.06,12.79,11.9,12.57,12.6,-0.54,-4.2857,1.1116,4534589,55918127.46,4919627309.76,4919627309.76,3786
2016-03-03,'002116,中国海诚,12.6,13.14,12.51,12.6,12.6,0.0,0.0,1.5438,6297455,80587232.21,5139909129.6,5139909129.6,4545
2016-03-02,'002116,中国海诚,12.6,12.75,11.78,11.89,11.88,0.72,6.0606,1.6727,6823513,83273521.61,5139909129.6,5139909129.6,5004
2016-03-01,'002116,中国海诚,11.88,12.02,11.34,11.77,11.61,0.27,2.3256,1.0905,4448611,52028847.18,4846200036.48,4846200036.48,3609
2016-02-29,'002116,中国海诚,11.61,12.73,11.41,12.73,12.68,-1.07,-8.4385,1.2782,5214286,61121064.14,4736059126.56,4736059126.56,4401
2016-02-26,'002116,中国海诚,12.68,13.5,12.51,13.13,13.28,-0.6,-4.5181,1.7168,7003258,90396091.71,5172543473.28,5172543473.28,5872
2016-02-25,'002116,中国海诚,13.28,14.47,13.28,14.47,14.76,-1.48,-10.0271,2.3561,9611037,132910728.12,5417301050.88,5417301050.88,8371
2016-02-24,'002116,中国海诚,14.76,14.98,13.5,13.62,13.62,1.14,8.37,3.5667,14549532,212896886.31,6021036408.96,6021036408.96,12051
2016-02-23,'002116,中国海诚,13.62,13.68,13.35,13.53,13.42,0.2,1.4903,1.2427,5069342,68614368.6,5555997011.52,5555997011.52,3903
2016-02-22,'002116,中国海诚,13.42,13.64,13.28,13.4,13.25,0.17,1.283,1.0487,4277920,57395711.66,5474411152.32,5474411152.32,3665
2016-02-19,'002116,中国海诚,13.25,13.32,13.02,13.13,13.13,0.12,0.9139,0.7871,3210847,42348956.39,5405063172.0,5405063172.0,2209
2016-02-18,'002116,中国海诚,13.13,13.47,13.03,13.3,13.21,-0.08,-0.6056,1.1746,4791546,63332606.39,5356111656.48,5356111656.48,3508
2016-02-17,'002116,中国海诚,13.21,13.28,12.72,12.86,12.83,0.38,2.9618,1.4511,5919350,77316190.0,5388746000.16,5388746000.16,4368
2016-02-16,'002116,中国海诚,12.83,12.94,12.15,12.18,12.09,0.74,6.1208,1.1467,4677679,59077891.82,5233732867.68,5233732867.68,3568
2016-02-15,'002116,中国海诚,12.09,12.18,11.73,12.0,12.41,-0.32,-2.5786,0.6222,2538320,30480126.02,4931865188.64,4931865188.64,2653
2016-02-05,'002116,中国海诚,12.41,12.76,12.39,12.69,12.54,-0.13,-1.0367,0.6181,2521568,31731973.07,5062402563.36,5062402563.36,2297
2016-02-04,'002116,中国海诚,12.54,12.68,12.33,12.44,12.32,0.22,1.7857,0.7908,3226023,40501239.03,5115433371.84,5115433371.84,2546
2016-02-03,'002116,中国海诚,12.32,12.45,12.09,12.27,12.41,-0.09,-0.7252,0.6498,2650722,32481914.74,5025688926.72,5025688926.72,2286
2016-02-02,'002116,中国海诚,12.41,12.62,11.86,12.1,12.02,0.39,3.2446,0.9481,3867429,47873772.44,5062402563.36,5062402563.36,3378
2016-02-01,'002116,中国海诚,12.02,12.1,11.72,11.91,12.0,0.02,0.1667,0.6676,2723262,32510775.94,4903310137.92,4903310137.92,2520
2016-01-29,'002116,中国海诚,12.0,12.25,11.6,11.61,11.6,0.4,3.4483,0.9369,3821870,45745128.97,4895151552.0,4895151552.0,3214
2016-01-28,'002116,中国海诚,11.6,12.44,11.58,12.23,12.57,-0.97,-7.7168,0.9745,3975386,47892070.62,4731979833.6,4731979833.6,3588
2016-01-27,'002116,中国海诚,12.57,13.38,11.8,13.31,13.07,-0.5,-3.8256,1.6323,6658663,83333559.41,5127671250.72,5127671250.72,5697
2016-01-26,'002116,中国海诚,13.07,14.5,12.97,13.29,13.42,-0.35,-2.608,2.1127,8611978,117801262.78,5327812819.16,5327812819.16,7949
2016-01-25,'002116,中国海诚,13.42,13.59,13.27,13.5,13.26,0.16,1.2066,0.612,2494917,33527864.11,5470485694.96,5470485694.96,2682
2016-01-22,'002116,中国海诚,13.26,13.5,12.95,13.41,13.17,0.09,0.6834,0.7279,2967093,39262902.16,5405263808.88,5405263808.88,2512
2016-01-21,'002116,中国海诚,13.17,13.92,13.17,13.48,13.84,-0.67,-4.841,0.9333,3804625,51560656.23,5368576497.96,5368576497.96,3245
2016-01-20,'002116,中国海诚,13.84,14.29,13.76,13.9,14.04,-0.2,-1.4245,1.2361,5038847,70521860.45,5641693145.92,5641693145.92,4157
2016-01-19,'002116,中国海诚,14.04,14.15,13.12,13.3,13.31,0.73,5.4846,1.4015,5713047,78397167.79,5723220503.52,5723220503.52,4928
2016-01-18,'002116,中国海诚,13.31,13.78,12.72,12.72,13.11,0.2,1.5256,1.2006,4894194,65017137.34,5425645648.28,5425645648.28,4260
2016-01-15,'002116,中国海诚,13.11,13.89,12.93,13.79,13.84,-0.73,-5.2746,0.896,3652561,48752838.52,5344118290.68,5344118290.68,3325
2016-01-14,'002116,中国海诚,13.84,13.9,13.08,13.17,13.49,0.35,2.5945,0.8284,3376764,45676970.33,5641693145.92,5641693145.92,2812
2016-01-13,'002116,中国海诚,13.49,14.19,13.4,14.1,13.9,-0.41,-2.9496,0.9242,3767379,52329328.33,5499020270.12,5499020270.12,2845
2016-01-12,'002116,中国海诚,13.9,14.2,13.55,14.0,13.72,0.18,1.312,0.704,2869646,39745735.54,5666151353.2,5666151353.2,2983
2016-01-11,'002116,中国海诚,13.72,15.22,13.7,15.22,15.22,-1.5,-9.8555,1.1397,4645790,67044159.68,5592776731.36,5592776731.36,4265
2016-01-08,'002116,中国海诚,15.22,15.63,14.2,15.35,14.98,0.24,1.6021,1.0075,4107007,62066989.14,6204231913.36,6204231913.36,3898
2016-01-07,'002116,中国海诚,14.98,16.24,14.92,16.12,16.43,-1.45,-8.8253,0.2217,903600,14060111.1,6106399084.24,6106399084.24,842
2016-01-06,'002116,中国海诚,16.43,16.6,15.88,16.46,16.3,0.13,0.7975,1.0036,4091185,66499208.32,6697472426.84,6697472426.84,3983
2016-01-05,'002116,中国海诚,16.3,16.93,15.28,15.5,16.02,0.28,1.7478,1.6238,6619343,106489136.36,6644479644.4,6644479644.4,7199
2016-01-04,'002116,中国海诚,16.02,17.9,16.01,17.85,17.76,-1.74,-9.7973,0.7744,3156709,53438489.05,6530341343.76,6530341343.76,3502
