日期,股票代码,名称,收盘价,最高价,最低价,开盘价,前收盘,涨跌额,涨跌幅,换手率,成交量,成交金额,总市值,流通市值,成交笔数
2016-10-12,'000056,皇庭国际,12.8,12.94,12.73,12.76,12.91,-0.11,-0.8521,0.5331,1529689,19585559.39,14691646310.4,3672681139.2,1660
2016-10-11,'000056,皇庭国际,12.91,13.0,12.6,12.75,12.74,0.17,1.3344,1.1213,3217269,41215742.02,14817902645.9,3704243242.74,2522
2016-10-10,'000056,皇庭国际,12.74,12.89,12.52,12.53,12.5,0.24,1.92,0.7715,2213752,28076630.28,14622779218.3,3655465446.36,1945
2016-09-30,'000056,皇庭国际,12.5,12.58,12.33,12.49,12.39,0.11,0.8878,0.4168,1195800,14910766.0,14347310850.0,3586602675.0,1084
2016-09-29,'000056,皇庭国际,12.39,12.55,12.36,12.46,12.45,-0.06,-0.4819,0.3957,1135300,14134080.0,14221054514.5,3555040571.46,1124
2016-09-28,'000056,皇庭国际,12.45,12.7,12.38,12.62,12.67,-0.22,-1.7364,0.4532,1300306,16286588.96,14289921606.6,3572256264.3,1139
2016-09-27,'000056,皇庭国际,12.67,12.7,12.49,12.64,12.58,0.09,0.7154,0.3115,893683,11284628.11,14542434277.6,3635380471.38,814
2016-09-26,'000056,皇庭国际,12.58,12.96,12.57,12.76,12.81,-0.23,-1.7955,0.5492,1575883,20039197.06,14439133639.4,3609556932.12,1836
2016-09-23,'000056,皇庭国际,12.81,12.85,12.58,12.75,12.76,0.05,0.3918,0.5514,1581981,20133454.5,14703124159.1,3675550421.34,2302
2016-09-22,'000056,皇庭国际,12.76,12.94,12.72,12.72,12.71,0.05,0.3934,0.9385,2692873,34620419.4,14645734915.7,3661204010.64,1696
2016-09-21,'000056,皇庭国际,12.71,12.83,12.52,12.56,12.5,0.21,1.68,0.768,2203575,28009698.3,14588345672.3,3646857599.94,1634
2016-09-20,'000056,皇庭国际,12.5,12.68,12.48,12.63,12.63,-0.13,-1.0293,0.4215,1209365,15185024.37,14347310850.0,3586602675.0,872
2016-09-19,'000056,皇庭国际,12.63,12.7,12.4,12.59,12.5,0.13,1.04,0.5213,1495674,18874729.84,14496522882.8,3623903342.82,1111
2016-09-14,'000056,皇庭国际,12.5,12.59,12.22,12.31,12.3,0.2,1.626,0.6937,1990439,24868718.51,14347310850.0,3586602675.0,1596
2016-09-13,'000056,皇庭国际,12.3,12.39,12.21,12.35,12.19,0.11,0.9024,0.5005,1436005,17638553.08,14117753876.4,3529217032.2,1151
2016-09-12,'000056,皇庭国际,12.19,12.5,12.16,12.5,12.58,-0.39,-3.1002,0.8374,2402812,29490580.28,13991497540.9,3497654928.66,1807
2016-09-09,'000056,皇庭国际,12.58,12.76,12.56,12.75,12.75,-0.17,-1.3333,0.6958,1996500,25208536.94,14439133639.4,3609556932.12,2127
2016-09-08,'000056,皇庭国际,12.75,12.76,12.58,12.58,12.63,0.12,0.9501,0.5254,1507521,19112069.53,14634257067.0,3658334728.5,1390
2016-09-07,'000056,皇庭国际,12.63,12.93,12.6,12.87,12.84,-0.21,-1.6355,0.7875,2259601,28837107.62,14496522882.8,3623903342.82,1861
2016-09-06,'000056,皇庭国际,12.84,12.9,12.5,12.65,12.66,0.18,1.4218,0.6498,1864461,23634334.7,14737557705.1,3684158267.76,1706
2016-09-05,'000056,皇庭国际,12.66,12.83,12.6,12.63,12.7,-0.04,-0.315,0.6375,1829097,23222545.44,14530956428.9,3632511189.24,1458
2016-09-02,'000056,皇庭国际,12.7,12.99,12.5,12.89,12.89,-0.19,-1.474,1.0418,2989297,38032443.58,14576867823.6,3643988317.8,2562
2016-09-01,'000056,皇庭国际,12.89,13.42,12.89,13.32,13.31,-0.42,-3.1555,1.1164,3203200,41904908.1,14794946948.5,3698504678.46,2622
2016-08-31,'000056,皇庭国际,13.31,13.4,13.1,13.22,13.19,0.12,0.9098,0.8599,2467417,32776504.27,15277016593.1,3819014528.34,1886
2016-08-30,'000056,皇庭国际,13.19,13.35,13.16,13.24,13.3,-0.11,-0.8271,0.5636,1616992,21406309.58,15139282408.9,3784583142.66,1575
2016-08-29,'000056,皇庭国际,13.3,13.48,13.2,13.38,13.36,-0.06,-0.4491,0.6743,1934843,25718108.04,15265538744.4,3816145246.2,1808
2016-08-26,'000056,皇庭国际,13.36,13.65,13.36,13.6,13.61,-0.25,-1.8369,1.0077,2891408,38996429.4,15334405836.5,3833360939.04,2393
2016-08-25,'000056,皇庭国际,13.61,13.62,13.0,13.31,13.4,0.21,1.5672,1.5361,4407565,58537696.87,15621352053.5,3905092992.54,3350
2016-08-24,'000056,皇庭国际,13.4,13.72,13.33,13.63,13.63,-0.23,-1.6875,1.8022,5171113,69495044.58,15380317231.2,3844838067.6,4790
2016-08-23,'000056,皇庭国际,13.63,13.89,13.3,13.78,13.64,-0.01,-0.0733,1.8167,5212746,71079208.95,15644307750.8,3910831556.82,3953
2016-08-22,'000056,皇庭国际,13.64,14.49,13.6,14.2,14.28,-0.64,-4.4818,3.012,8642154,119847156.99,15655785599.5,3913700838.96,6739
2016-08-19,'000056,皇庭国际,14.28,14.65,13.33,13.4,13.37,0.91,6.8063,4.286,12297711,171036825.02,16390367915.0,4097334895.92,9361
2016-08-18,'000056,皇庭国际,13.37,13.78,12.89,13.06,13.01,0.36,2.7671,2.9881,8573707,114694415.48,15345883685.2,3836230221.18,5704
2016-08-17,'000056,皇庭国际,13.01,13.24,12.91,13.0,13.03,-0.02,-0.1535,1.4546,4173578,54545685.47,14932681132.7,3732936064.14,2693
2016-08-16,'000056,皇庭国际,13.03,13.27,12.92,13.15,13.15,-0.12,-0.9125,1.5005,4305226,56085641.44,14955636830.0,3738674628.42,3402
2016-08-15,'000056,皇庭国际,13.15,13.2,12.56,12.69,12.72,0.43,3.3805,2.4037,6896901,89325071.28,15093371014.2,3773106014.1,4868
2016-08-12,'000056,皇庭国际,12.72,12.79,12.33,12.63,12.63,0.09,0.7126,0.9872,2832581,35649596.51,14599823521.0,3649726882.08,2346
2016-08-11,'000056,皇庭国际,12.63,12.8,12.56,12.7,12.74,-0.11,-0.8634,0.6241,1790670,22753885.92,14496522882.8,3623903342.82,1571
2016-08-10,'000056,皇庭国际,12.74,12.87,12.51,12.68,12.68,0.06,0.4732,0.9082,2605970,33036258.78,14622779218.3,3655465446.36,2089
2016-08-09,'000056,皇庭国际,12.68,12.82,12.51,12.72,12.75,-0.07,-0.549,0.8628,2475636,31199913.72,14553912126.2,3638249753.52,1823
2016-08-08,'000056,皇庭国际,12.75,12.85,12.51,12.73,12.77,-0.02,-0.1566,0.8063,2313574,29385825.88,14634257067.0,3658334728.5,1889
2016-08-05,'000056,皇庭国际,12.77,12.9,12.6,12.65,12.59,0.18,1.4297,1.4312,4106441,52328726.49,14657212764.4,3664073292.78,3021
2016-08-04,'000056,皇庭国际,12.59,12.85,12.48,12.57,12.65,-0.06,-0.4743,0.5915,1697128,21478385.32,14450611488.1,3612426214.26,1433
2016-08-03,'000056,皇庭国际,12.65,12.73,12.31,12.46,12.52,0.13,1.0383,1.0054,2884868,36376085.34,14519478580.2,3629641907.1,2446
2016-08-02,'000056,皇庭国际,12.52,12.6,12.23,12.23,12.24,0.28,2.2876,1.0873,3119802,38861423.26,14370266547.4,3592341239.28,3670
2016-08-01,'000056,皇庭国际,12.24,12.37,11.91,12.24,12.24,0.0,0.0,0.7354,2109954,25584717.2,14048886784.3,3512001339.36,2173
2016-07-29,'000056,皇庭国际,12.24,12.48,12.19,12.32,12.32,-0.08,-0.6494,0.5585,1602364,19727992.66,14048886784.3,3512001339.36,2018
2016-07-28,'000056,皇庭国际,12.32,12.51,12.07,12.32,12.3,0.02,0.1626,0.8087,2320409,28541791.49,14140709573.8,3534955596.48,2099
2016-07-27,'000056,皇庭国际,12.3,12.94,12.1,12.86,12.87,-0.57,-4.4289,1.6859,4837383,60569802.73,14117753876.4,3529217032.2,5677
2016-07-26,'000056,皇庭国际,12.87,13.09,12.56,12.6,12.59,0.28,2.224,1.6405,4706977,60709474.41,14771991251.2,3692766114.18,4267
2016-07-25,'000056,皇庭国际,12.59,12.7,12.45,12.54,12.6,-0.01,-0.0794,0.6196,1777710,22337896.74,14450611488.1,3612426214.26,1740
2016-07-22,'000056,皇庭国际,12.6,12.77,12.53,12.61,12.72,-0.12,-0.9434,0.8455,2425946,30690707.46,14462089336.8,3615295496.4,2603
2016-07-21,'000056,皇庭国际,12.72,12.91,12.66,12.9,12.81,-0.09,-0.7026,1.0861,3116388,39791338.62,14599823521.0,3649726882.08,3275
2016-07-20,'000056,皇庭国际,12.81,12.88,12.57,12.57,12.44,0.37,2.9743,2.0232,5805182,74117698.51,14703124159.1,3675550421.34,4373
2016-07-19,'000056,皇庭国际,12.44,12.5,12.31,12.4,12.41,0.03,0.2417,0.6819,1956555,24315281.4,14278443757.9,3569386982.16,1688
2016-07-18,'000056,皇庭国际,12.41,12.6,12.26,12.6,12.64,-0.23,-1.8196,1.1224,3220411,39913153.58,14244010211.9,3560779135.74,3323
2016-07-15,'000056,皇庭国际,12.64,12.99,12.6,12.92,12.84,-0.2,-1.5576,1.3125,3765925,47690407.22,14508000731.5,3626772624.96,3594
2016-07-14,'000056,皇庭国际,12.84,13.13,12.7,12.79,12.51,0.33,2.6379,2.9704,8523058,110180568.7,14737557705.1,3684158267.76,6912
2016-07-13,'000056,皇庭国际,12.51,12.68,12.38,12.49,12.42,0.09,0.7246,1.0525,3019809,37771468.32,14358788698.7,3589471957.14,2276
2016-07-12,'000056,皇庭国际,12.42,12.57,12.13,12.39,12.35,0.07,0.5668,0.9313,2672275,32957650.24,14255488060.6,3563648417.88,2173
2016-07-11,'000056,皇庭国际,12.35,12.7,12.33,12.68,12.65,-0.3,-2.3715,0.9603,2755298,34401350.45,14175143119.8,3543563442.9,2388
2016-07-08,'000056,皇庭国际,12.65,12.99,12.61,12.99,12.79,-0.14,-1.0946,0.8245,2365706,30085137.96,14519478580.2,3629641907.1,1878
2016-07-07,'000056,皇庭国际,25.57,25.87,25.35,25.6,25.84,-0.27,-1.0449,1.1069,1588014,40610741.06,14674429537.4,3668377215.99,2230
2016-07-06,'000056,皇庭国际,25.84,26.14,25.71,25.81,25.8,0.04,0.155,1.246,1787497,46258545.18,14829380494.6,3707112524.88,2460
2016-07-05,'000056,皇庭国际,25.8,25.85,25.52,25.71,25.69,0.11,0.4282,1.2573,1803760,46375190.89,14806424797.2,3701373960.6,2268
2016-07-04,'000056,皇庭国际,25.69,25.91,25.4,25.51,25.46,0.23,0.9034,1.9968,2864755,73516645.52,14743296629.5,3685592908.83,2937
2016-07-01,'000056,皇庭国际,25.46,25.98,25.32,25.98,25.48,-0.02,-0.0785,0.8752,1255539,32111068.75,14611301369.6,3652596164.22,1650
2016-06-30,'000056,皇庭国际,25.48,25.95,25.36,25.55,25.75,-0.27,-1.0485,1.1881,1704558,43540497.25,14622779218.3,3655465446.36,2264
2016-06-29,'000056,皇庭国际,25.75,26.29,25.56,25.9,26.0,-0.25,-0.9615,1.4792,2122143,54821654.75,14777730175.5,3694200755.25,3113
2016-06-28,'000056,皇庭国际,26.0,26.4,25.5,26.05,26.55,-0.55,-2.0716,1.9787,2838746,73164914.09,14921203284.0,3730066782.0,4832
2016-06-27,'000056,皇庭国际,26.55,27.04,25.43,25.8,26.15,0.4,1.5296,4.6479,6668042,176641634.11,15236844122.7,3808972040.85,9896
2016-06-24,'000056,皇庭国际,26.15,26.4,22.77,24.18,24.18,1.97,8.1472,3.3113,4750478,118843283.76,15007287149.1,3751586398.05,4779
2016-06-23,'000056,皇庭国际,24.18,24.44,24.11,24.3,24.33,-0.15,-0.6165,0.6315,905970,21946720.36,13876719054.1,3468962107.26,1045
2016-06-22,'000056,皇庭国际,24.33,24.5,23.91,24.45,24.0,0.33,1.375,0.864,1239589,30127251.78,13962802919.2,3490481723.31,1448
2016-06-21,'000056,皇庭国际,24.0,24.5,23.8,24.5,24.3,-0.3,-1.2346,0.8254,1184153,28566337.93,13773418416.0,3443138568.0,2560
2016-06-20,'000056,皇庭国际,24.3,24.48,24.01,24.01,24.23,0.07,0.2889,0.6569,942361,22778375.59,13945586146.2,3486177800.1,1242
2016-06-17,'000056,皇庭国际,24.23,24.47,24.07,24.4,24.1,0.13,0.5394,0.7257,1041151,25271241.09,13905413675.8,3476135312.61,1249
2016-06-16,'000056,皇庭国际,24.1,24.47,24.06,24.13,24.34,-0.24,-0.986,0.641,919607,22277523.92,13830807659.4,3457484978.7,1590
2016-06-15,'000056,皇庭国际,24.34,24.53,23.48,23.68,23.93,0.41,1.7133,0.9515,1365059,33008305.08,13968541843.6,3491916364.38,1593
2016-06-14,'000056,皇庭国际,23.93,24.37,23.7,24.05,24.07,-0.14,-0.5816,0.6313,905726,21711076.8,13733245945.6,3433096080.51,1517
2016-06-13,'000056,皇庭国际,24.07,24.72,24.07,24.7,25.0,-0.93,-3.72,0.8455,1213000,29632381.7,13813590886.4,3453181055.49,1582
2016-06-08,'000056,皇庭国际,25.0,25.39,24.67,24.89,24.82,0.18,0.7252,1.2846,1842929,46104437.62,14347310850.0,3586602675.0,2047
2016-06-07,'000056,皇庭国际,24.82,24.98,24.66,24.95,24.9,-0.08,-0.3213,0.6213,891321,22077554.06,14244010211.9,3560779135.74,1295
2016-06-06,'000056,皇庭国际,24.9,25.37,24.62,25.37,25.35,-0.45,-1.7751,0.9654,1384966,34658195.65,14289921606.6,3572256264.3,1805
2016-06-03,'000056,皇庭国际,25.35,25.7,25.15,25.15,25.12,0.23,0.9156,1.0167,1458601,37066716.85,14548173201.9,3636815112.45,1926
2016-06-02,'000056,皇庭国际,25.12,25.26,24.87,24.89,25.02,0.1,0.3997,0.7689,1103129,27677075.65,14416177942.1,3603818367.84,1418
2016-06-01,'000056,皇庭国际,25.02,25.15,24.83,25.04,24.96,0.06,0.2404,0.8388,1203350,30134411.71,14358788698.7,3589471957.14,1622
2016-05-31,'000056,皇庭国际,24.96,25.1,24.21,24.21,24.18,0.78,3.2258,1.1782,1690235,42011864.55,14324355152.6,3580864110.72,1864
2016-05-30,'000056,皇庭国际,24.18,24.45,24.01,24.45,24.54,-0.36,-1.467,0.4761,683016,16564270.23,13876719054.1,3468962107.26,1077
2016-05-27,'000056,皇庭国际,24.54,24.86,24.52,24.71,24.71,-0.17,-0.688,0.6816,977786,24104533.43,14083320330.4,3520609185.78,1202
2016-05-26,'000056,皇庭国际,24.71,24.88,24.28,24.61,24.7,0.01,0.0405,0.6235,894505,21960204.23,14180882044.1,3544998083.97,1269
2016-05-25,'000056,皇庭国际,24.7,25.26,24.59,25.18,24.92,-0.22,-0.8828,0.727,1043049,25968574.72,14175143119.8,3543563442.9,1573
2016-05-24,'000056,皇庭国际,24.92,25.6,24.85,25.48,25.66,-0.74,-2.8839,0.8222,1179579,29570943.02,14301399455.3,3575125546.44,1882
2016-05-23,'000056,皇庭国际,25.66,25.97,24.48,25.67,26.0,-0.34,-1.3077,1.5507,2224689,56167402.13,14726079856.4,3681288985.62,3578
2016-05-20,'000056,皇庭国际,26.0,26.57,25.35,25.88,26.37,-0.37,-1.4031,3.4587,4961954,129767236.82,14921203284.0,3730066782.0,6922
2016-05-19,'000056,皇庭国际,26.37,26.6,24.01,24.01,24.36,2.01,8.2512,2.7658,3967902,98724295.61,15133543484.6,3783148501.59,2690
2016-05-18,'000056,皇庭国际,24.36,25.19,23.6,25.19,25.19,-0.83,-3.295,0.8747,1254892,30584674.41,13980019692.2,3494785646.52,1486
2016-05-17,'000056,皇庭国际,25.19,25.78,25.15,25.44,25.3,-0.11,-0.4348,0.6327,907667,23036755.51,14456350412.5,3613860855.33,1071
2016-05-16,'000056,皇庭国际,25.3,25.84,25.22,25.58,25.66,-0.36,-1.403,0.6966,999312,25319595.86,14519478580.2,3629641907.1,1178
2016-05-13,'000056,皇庭国际,25.66,26.09,25.61,25.79,25.93,-0.27,-1.0413,0.4478,642462,16632640.04,14726079856.4,3681288985.62,824
2016-05-12,'000056,皇庭国际,25.93,26.07,24.68,25.64,25.71,0.22,0.8557,0.8373,1201194,30678958.11,14881030813.6,3720024294.51,1171
2016-05-11,'000056,皇庭国际,25.71,26.0,25.2,25.63,25.19,0.52,2.0643,0.8053,1155377,29559932.83,14754774478.1,3688462190.97,1415
2016-05-10,'000056,皇庭国际,25.19,26.16,23.4,23.4,25.99,-0.8,-3.0781,1.474,2114713,53691660.42,14456350412.5,3613860855.33,1864
2016-05-09,'000056,皇庭国际,25.99,26.85,25.7,26.85,26.86,-0.87,-3.239,1.3668,1960916,50937409.64,14915464359.7,3728632140.93,2439
2016-05-06,'000056,皇庭国际,26.86,28.88,26.6,28.88,28.43,-1.57,-5.5223,2.7053,3881071,108448643.58,15414750777.2,3853445914.02,4483
2016-05-05,'000056,皇庭国际,28.43,28.5,27.28,27.41,27.61,0.82,2.9699,1.1781,1690140,47007266.95,16315761898.6,4078684562.01,2306
2016-05-04,'000056,皇庭国际,27.61,28.08,27.42,27.54,27.55,0.06,0.2178,0.829,1189333,32943231.28,15845170102.7,3961043994.27,1939
2016-05-03,'000056,皇庭国际,27.55,27.6,26.79,27.19,26.89,0.66,2.4544,0.9805,1406708,38443343.28,15810736556.7,3952436147.85,1855
2016-04-29,'000056,皇庭国际,26.89,27.27,26.66,26.73,26.91,-0.02,-0.0743,0.5369,770202,20702445.89,15431967550.3,3857749837.23,1227
2016-04-28,'000056,皇庭国际,26.91,27.62,26.68,27.29,27.05,-0.14,-0.5176,0.907,1301197,35150003.2,15443445398.9,3860619119.37,1941
2016-04-27,'000056,皇庭国际,27.05,27.62,27.02,27.4,27.39,-0.34,-1.2413,0.7538,1081450,29562158.5,15523790339.7,3880704094.35,1504
2016-04-26,'000056,皇庭国际,27.39,27.39,26.94,27.14,27.02,0.37,1.3694,0.7124,1022064,27783449.92,15718913767.3,3929481890.73,1500
2016-04-25,'000056,皇庭国际,27.02,27.26,26.69,26.8,27.26,-0.24,-0.8804,0.5174,742255,20021552.78,15506573566.7,3876400171.14,1129
2016-04-22,'000056,皇庭国际,27.26,27.3,26.21,26.76,26.79,0.47,1.7544,0.7114,1020658,27567980.7,15644307750.8,3910831556.82,1536
2016-04-21,'000056,皇庭国际,26.79,27.45,26.5,27.05,27.19,-0.4,-1.4711,1.1749,1685573,45430332.04,15374578306.9,3843403426.53,2290
2016-04-20,'000056,皇庭国际,27.19,28.3,25.68,27.81,27.99,-0.8,-2.8582,2.2612,3244062,88071577.96,15604135280.5,3900789069.33,4287
2016-04-19,'000056,皇庭国际,27.99,28.79,27.45,28.42,28.41,-0.42,-1.4784,2.8807,4132815,115672656.4,16063249227.7,4015560354.93,4910
2016-04-18,'000056,皇庭国际,28.41,30.2,28.2,30.2,30.59,-2.18,-7.1265,4.4273,6351620,182498400.77,16304284049.9,4075815279.87,6544
2016-04-15,'000056,皇庭国际,30.59,31.26,29.96,30.61,30.02,0.57,1.8987,5.4987,7888698,241279207.78,17555369556.1,4388567033.13,5859
2016-04-14,'000056,皇庭国际,30.02,30.02,28.87,29.17,29.17,0.85,2.914,2.4129,3461578,101902041.31,17228250868.7,4306792492.14,3046
2016-04-13,'000056,皇庭国际,29.17,29.44,28.8,28.95,28.79,0.38,1.3199,1.7291,2480612,72235136.16,16740442299.8,4184848001.19,2397
2016-04-12,'000056,皇庭国际,28.79,29.69,28.4,29.52,29.6,-0.81,-2.7365,1.2661,1816380,52662215.5,16522363174.9,4130331640.53,2380
2016-04-11,'000056,皇庭国际,29.6,30.45,29.55,29.88,29.6,0.0,0.0,2.0529,2945200,88373204.23,16987216046.4,4246537567.2,3003
2016-04-08,'000056,皇庭国际,29.6,29.83,29.01,29.48,29.36,0.24,0.8174,1.1453,1643068,48223468.5,16987216046.4,4246537567.2,2120
2016-04-07,'000056,皇庭国际,29.36,29.95,29.02,29.56,29.56,-0.2,-0.6766,1.1945,1713649,50573241.53,16849481862.2,4212106181.52,2370
2016-04-06,'000056,皇庭国际,29.56,30.15,29.2,29.6,29.74,-0.18,-0.6052,1.9034,2730682,80920766.2,16964260349.0,4240799002.92,2905
2016-04-05,'000056,皇庭国际,29.74,30.6,29.15,29.87,29.74,0.0,0.0,2.8746,4124020,122938380.36,17067560987.2,4266622542.18,3068
2016-04-01,'000056,皇庭国际,29.74,30.97,29.63,30.69,30.64,-0.9,-2.9373,2.3375,3353437,101050592.38,17067560987.2,4266622542.18,2994
2016-03-31,'000056,皇庭国际,30.64,30.7,29.85,29.85,30.73,-0.09,-0.2929,2.3293,3341669,101088151.17,17584064177.8,4395740238.48,3916
2016-03-30,'000056,皇庭国际,30.73,31.0,28.6,28.6,28.39,2.34,8.2423,5.6188,8060970,239561009.75,17635714496.8,4408652008.11,8335
2016-03-29,'000056,皇庭国际,28.39,28.45,26.68,27.4,27.4,0.99,3.6131,1.8319,2628137,72797357.19,16292806201.3,4072945997.73,2867
2016-03-28,'000056,皇庭国际,27.4,28.1,27.13,27.13,27.13,0.27,0.9952,1.8051,2589691,71403587.97,15724652691.6,3930916531.8,3703
2016-03-25,'000056,皇庭国际,27.13,27.28,26.55,26.73,26.8,0.33,1.2313,0.8632,1238397,33467179.76,15569701734.4,3892181222.91,1878
2016-03-24,'000056,皇庭国际,26.8,27.55,26.8,27.55,27.84,-1.04,-3.7356,1.7246,2474230,66951352.25,15380317231.2,3844838067.6,4920
2016-03-23,'000056,皇庭国际,27.84,28.42,27.5,27.81,28.69,-0.85,-2.9627,1.8788,2695347,74968447.93,15977165362.6,3994040738.88,4242
2016-03-22,'000056,皇庭国际,28.69,29.99,27.56,28.17,28.38,0.31,1.0923,4.3354,6219745,178889546.91,16464973931.5,4115985229.83,8020
2016-03-21,'000056,皇庭国际,28.38,28.44,26.28,27.03,26.49,1.89,7.1348,3.2974,4730576,127964931.14,16287067276.9,4071511356.66,4468
2016-03-18,'000056,皇庭国际,26.49,26.54,25.82,25.91,25.8,0.69,2.6744,1.1609,1665420,43896364.46,15202410576.7,3800364194.43,1983
2016-03-17,'000056,皇庭国际,25.8,25.98,25.21,25.73,25.37,0.43,1.6949,0.8312,1192487,30621955.42,14806424797.2,3701373960.6,1232
2016-03-16,'000056,皇庭国际,25.37,25.7,25.0,25.2,25.45,-0.08,-0.3143,0.3631,520933,13164971.29,14559651050.6,3639684394.59,895
2016-03-15,'000056,皇庭国际,25.45,26.15,25.23,26.01,26.01,-0.56,-2.153,0.4455,639110,16420388.02,14605562445.3,3651161523.15,1082
2016-03-14,'000056,皇庭国际,26.01,26.57,25.38,25.97,25.22,0.79,3.1324,0.8281,1187975,30965560.03,14926942208.3,3731501423.07,1200
2016-03-11,'000056,皇庭国际,25.22,25.5,24.65,24.75,25.18,0.04,0.1589,0.4624,663368,16710495.54,14473567185.5,3618164778.54,1112
2016-03-10,'000056,皇庭国际,25.18,25.45,24.55,25.25,25.27,-0.09,-0.3562,0.7549,1083037,27177223.68,14450611488.1,3612426214.26,1183
2016-03-09,'000056,皇庭国际,25.27,25.46,24.48,24.81,25.58,-0.31,-1.2119,0.4472,641583,16134354.56,14502261807.2,3625337983.89,1046
2016-03-08,'000056,皇庭国际,25.58,26.6,24.24,26.6,26.21,-0.63,-2.4037,0.7944,1139674,28625666.92,14680168461.7,3669811857.06,2411
2016-03-07,'000056,皇庭国际,26.21,26.49,25.4,25.98,26.24,-0.03,-0.1143,0.9626,1381035,35785999.28,15041720695.1,3760194244.47,1792
2016-03-04,'000056,皇庭国际,26.24,26.82,24.01,26.0,26.31,-0.07,-0.2661,1.936,2777420,72633268.8,15058937468.2,3764498167.68,2517
2016-03-03,'000056,皇庭国际,26.31,27.2,25.24,25.61,25.78,0.53,2.0559,2.1753,3120819,82501480.3,15099109938.5,3774540655.17,2535
2016-03-02,'000056,皇庭国际,25.78,25.78,24.02,24.02,24.02,1.76,7.3272,1.3925,1997757,49722446.53,14794946948.5,3698504678.46,2177
2016-03-01,'000056,皇庭国际,24.02,24.85,23.16,23.35,23.36,0.66,2.8253,1.2309,1765942,42634785.37,13784896264.7,3446007850.14,2226
2016-02-29,'000056,皇庭国际,23.36,24.82,22.43,24.82,24.87,-1.51,-6.0716,1.4908,2138736,49929819.01,13406127258.2,3351321539.52,2165
2016-02-26,'000056,皇庭国际,24.87,25.69,24.28,25.0,24.98,-0.11,-0.4404,1.0957,1571887,39183764.69,14272704833.6,3567952341.09,1552
2016-02-25,'000056,皇庭国际,24.98,27.4,24.74,27.14,27.45,-2.47,-8.9982,1.6763,2404927,62014206.81,14335833001.3,3583733392.86,2553
2016-02-24,'000056,皇庭国际,27.45,27.98,26.38,27.0,27.0,0.45,1.6667,1.2103,1736363,47038103.25,15753347313.3,3938089737.15,2006
2016-02-23,'000056,皇庭国际,27.0,27.84,26.88,27.83,27.79,-0.79,-2.8427,1.3793,1978840,53954696.28,15495095718.0,3873530889.0,2094
2016-02-22,'000056,皇庭国际,27.79,28.88,27.24,28.78,28.08,-0.29,-1.0328,3.045,4368470,122327866.76,15948470740.9,3986867533.53,3990
2016-02-19,'000056,皇庭国际,28.08,28.08,26.38,26.6,26.28,1.8,6.8493,3.2996,4733699,129351355.38,16114899546.7,4028472124.56,3550
2016-02-18,'000056,皇庭国际,26.28,26.69,25.2,25.2,25.43,0.85,3.3425,2.062,2958197,77555920.64,15081893165.5,3770236731.96,3048
2016-02-17,'000056,皇庭国际,25.43,25.66,24.61,24.61,24.85,0.58,2.334,1.4751,2116255,53643063.46,14594084596.6,3648292241.01,2069
2016-02-16,'000056,皇庭国际,24.85,24.95,23.79,23.79,23.87,0.98,4.1056,1.7523,2513952,61806467.64,14261226984.9,3565083058.95,1814
2016-02-15,'000056,皇庭国际,23.87,24.0,22.88,23.02,24.4,-0.53,-2.1721,0.6445,924632,21741321.1,13698812399.6,3424488234.09,1151
2016-02-05,'000056,皇庭国际,24.4,25.26,23.85,25.07,25.07,-0.67,-2.6725,1.2574,1803943,43816376.6,14002975389.6,3500524210.8,1805
2016-02-04,'000056,皇庭国际,25.07,25.44,24.9,24.9,24.9,0.17,0.6827,0.9562,1371838,34510070.63,14387483320.4,3596645162.49,1349
2016-02-03,'000056,皇庭国际,24.9,25.25,24.6,25.03,25.27,-0.37,-1.4642,1.2034,1726499,42975230.36,14289921606.6,3572256264.3,1673
2016-02-02,'000056,皇庭国际,25.27,25.7,24.31,24.8,25.04,0.23,0.9185,1.375,1972594,49760581.89,14502261807.2,3625337983.89,1891
2016-02-01,'000056,皇庭国际,25.04,25.37,24.05,25.37,25.4,-0.36,-1.4173,0.8446,1211679,30193303.0,14370266547.4,3592341239.28,1940
2016-01-29,'000056,皇庭国际,25.4,25.6,24.51,24.81,25.0,0.4,1.6,1.1507,1650907,41633274.26,14576867823.6,3643988317.8,1782
2016-01-28,'000056,皇庭国际,25.0,25.69,24.28,24.3,25.31,-0.31,-1.2248,1.6402,2353027,59052427.04,14347310850.0,3586602675.0,2565
2016-01-27,'000056,皇庭国际,25.31,25.5,22.76,25.2,25.29,0.02,0.0791,3.0247,4339350,103081435.45,14525217504.5,3631076548.17,3921
2016-01-26,'000056,皇庭国际,25.29,27.9,25.29,27.9,28.1,-2.81,-10.0,1.6421,2355773,62573039.21,14513739655.9,3628207266.03,2023
2016-01-25,'000056,皇庭国际,28.1,28.42,27.3,27.3,27.59,0.51,1.8485,1.6141,2315665,64930845.7,16126377395.4,4031341406.7,1625
2016-01-22,'000056,皇庭国际,27.59,28.62,25.88,26.77,26.49,1.1,4.1525,2.2395,3212875,88371228.58,15833692254.1,3958174712.13,2649
2016-01-21,'000056,皇庭国际,26.49,27.9,26.49,27.4,28.0,-1.51,-5.3929,0.7571,1086192,29719157.06,15202410576.7,3800364194.43,1336
2016-01-20,'000056,皇庭国际,28.0,28.87,27.0,27.8,27.89,0.11,0.3944,1.8453,2647364,74056841.03,16068988152.0,4016994996.0,2127
2016-01-19,'000056,皇庭国际,27.89,28.1,26.09,26.34,26.44,1.45,5.4841,1.8167,2606288,70975511.64,16005859984.3,4001213944.23,2307
2016-01-18,'000056,皇庭国际,26.44,26.89,25.52,25.52,27.29,-0.85,-3.1147,1.6711,2397402,62896356.22,15173715955.0,3793190989.08,2722
2016-01-15,'000056,皇庭国际,27.29,28.35,26.61,26.99,27.38,-0.09,-0.3287,1.5355,2202948,60281131.21,15661524523.9,3915135480.03,2187
2016-01-14,'000056,皇庭国际,27.38,27.49,25.0,25.8,26.68,0.7,2.6237,1.9537,2802811,73117085.6,15713174842.9,3928047249.66,2331
2016-01-13,'000056,皇庭国际,26.68,28.13,25.4,27.67,27.66,-0.98,-3.543,2.0068,2878976,76859528.45,15311450139.1,3827622374.76,2570
2016-01-12,'000056,皇庭国际,27.66,29.05,27.65,28.05,28.95,-1.29,-4.456,1.5857,2274857,64286978.47,15873864724.4,3968217199.62,2249
2016-01-11,'000056,皇庭国际,28.95,29.48,27.2,28.1,29.47,-0.52,-1.7645,4.0204,5767894,164145461.58,16614185964.3,4153285897.65,4009
2016-01-08,'000056,皇庭国际,29.47,30.35,27.55,30.35,29.22,0.25,0.8556,4.8189,6913416,199673628.17,16912610030.0,4227887233.29,4159
2016-01-07,'000056,皇庭国际,29.22,31.99,29.16,31.99,32.4,-3.18,-9.8148,0.6414,920183,27549542.78,16769136921.5,4192021206.54,662
2016-01-06,'000056,皇庭国际,32.4,32.5,30.5,31.55,31.09,1.31,4.2136,2.7732,3978489,125821434.99,18594114861.6,4648237066.8,3423
2016-01-05,'000056,皇庭国际,31.09,31.8,29.18,30.0,31.2,-0.11,-0.3526,3.3313,4779220,145823967.48,17842315773.1,4460299086.63,3411
2016-01-04,'000056,皇庭国际,31.2,34.28,30.98,33.53,33.83,-2.63,-7.7742,1.7789,2552023,81818628.14,17905443940.8,4476080138.4,2346
