日期,股票代码,名称,收盘价,最高价,最低价,开盘价,前收盘,涨跌额,涨跌幅,换手率,成交量,成交金额,总市值,流通市值,成交笔数
2016-10-12,'002614,蒙发利,0.0,0.0,0.0,0.0,15.96,None,None,0.0,0,0.0,8857081800.0,8710808400.0,0
2016-10-11,'002614,蒙发利,0.0,0.0,0.0,0.0,15.96,None,None,0.0,0,0.0,8857081800.0,8710808400.0,0
2016-10-10,'002614,蒙发利,0.0,0.0,0.0,0.0,15.96,None,None,0.0,0,0.0,8857081800.0,8710808400.0,0
2016-09-30,'002614,蒙发利,15.96,16.37,15.32,15.74,15.95,0.01,0.0627,6.9364,37858095,599423543.94,8857081800.0,8710808400.0,30161
2016-09-29,'002614,蒙发利,15.95,16.5,15.63,15.9,16.09,-0.14,-0.8701,8.1248,44344452,714906283.44,8851532250.0,8705350500.0,35779
2016-09-28,'002614,蒙发利,16.09,16.7,15.71,16.68,16.8,-0.71,-4.2262,9.5335,52033053,837277043.84,8929225950.0,8781761100.0,42850
2016-09-27,'002614,蒙发利,16.8,16.8,14.9,15.48,15.27,1.53,10.0196,12.1739,66443794,1044344624.72,9323244000.0,9169272000.0,47388
2016-09-26,'002614,蒙发利,15.27,15.27,13.41,13.78,13.88,1.39,10.0144,7.6372,41683244,600804211.98,8474162850.0,8334213300.0,26465
2016-09-23,'002614,蒙发利,13.88,14.81,13.87,14.7,14.78,-0.9,-6.0893,4.669,25483054,363443923.76,7702775400.0,7575565200.0,21046
2016-09-22,'002614,蒙发利,14.78,15.24,14.74,15.04,15.13,-0.35,-2.3133,5.0624,27629878,413302727.0,8202234900.0,8066776200.0,22452
2016-09-21,'002614,蒙发利,15.13,15.27,14.61,14.81,14.97,0.16,1.0688,6.4937,35442112,528285251.89,8396469150.0,8257802700.0,24044
2016-09-20,'002614,蒙发利,14.97,15.15,14.1,14.28,14.29,0.68,4.7586,6.8243,37246121,542648792.9,8307676350.0,8170476300.0,22645
2016-09-19,'002614,蒙发利,14.29,14.42,13.81,14.25,14.48,-0.19,-1.3122,3.9734,21686519,306277962.48,7930306950.0,7799339100.0,16995
2016-09-14,'002614,蒙发利,14.48,15.4,14.21,15.3,14.56,-0.08,-0.5495,7.4797,40823478,593879848.97,8035748400.0,7903039200.0,34287
2016-09-13,'002614,蒙发利,14.56,14.68,13.99,14.12,14.1,0.46,3.2624,7.0052,38233480,548355864.69,8080144800.0,7946702400.0,22814
2016-09-12,'002614,蒙发利,14.1,14.15,13.75,14.04,14.17,-0.07,-0.494,2.9546,16125828,225196205.54,7824865500.0,7695639000.0,10945
2016-09-09,'002614,蒙发利,14.17,14.43,13.91,14.18,14.32,-0.15,-1.0475,5.8657,32014647,453383381.98,7863712350.0,7733844300.0,20548
2016-09-08,'002614,蒙发利,14.32,14.37,13.01,13.03,13.1,1.22,9.313,6.9597,37985244,525858793.39,7946955600.0,7815712800.0,23557
2016-09-07,'002614,蒙发利,13.1,13.18,12.78,12.88,12.87,0.23,1.7871,2.0446,11159296,145015895.8,7269910500.0,7149849000.0,7638
2016-09-06,'002614,蒙发利,12.87,12.94,12.53,12.71,12.71,0.16,1.2589,0.8301,4530346,57791512.6,7142270850.0,7024317300.0,3604
2016-09-05,'002614,蒙发利,12.71,13.02,12.68,12.98,12.76,-0.05,-0.3918,0.8655,4723570,60617567.25,7053478050.0,6936990900.0,3506
2016-09-02,'002614,蒙发利,12.76,12.78,12.48,12.62,12.65,0.11,0.8696,0.9686,5286498,66609280.99,7081225800.0,6964280400.0,4019
2016-09-01,'002614,蒙发利,12.65,12.89,12.65,12.79,12.87,-0.22,-1.7094,0.7432,4056143,51706832.22,7020180750.0,6904243500.0,3692
2016-08-31,'002614,蒙发利,12.87,12.97,12.67,12.88,12.83,0.04,0.3118,0.7163,3909619,50162614.74,7142270850.0,7024317300.0,3483
2016-08-30,'002614,蒙发利,12.83,12.93,12.81,12.83,12.9,-0.07,-0.5426,0.7719,4213210,54227687.1,7120072650.0,7002485700.0,3622
2016-08-29,'002614,蒙发利,12.9,13.05,12.73,12.77,12.59,0.31,2.4623,1.5444,8429132,108933635.61,7158919500.0,7040691000.0,7260
2016-08-26,'002614,蒙发利,12.59,12.78,12.5,12.62,12.63,-0.04,-0.3167,0.9535,5204080,65909701.42,6986883450.0,6871496100.0,4545
2016-08-25,'002614,蒙发利,12.63,12.77,12.33,12.71,12.8,-0.17,-1.3281,1.4919,8142707,102231126.12,7009081650.0,6893327700.0,7120
2016-08-24,'002614,蒙发利,12.8,12.96,12.73,12.79,12.79,0.01,0.0782,1.0014,5465390,70193726.19,7103424000.0,6986112000.0,6879
2016-08-23,'002614,蒙发利,12.79,12.93,12.63,12.78,12.89,-0.1,-0.7758,1.6478,8993710,114895396.8,7097874450.0,6980654100.0,8727
2016-08-22,'002614,蒙发利,12.89,13.97,12.88,13.9,13.87,-0.98,-7.0656,3.1083,16964827,226656123.23,7153369950.0,7035233100.0,15350
2016-08-19,'002614,蒙发利,13.87,14.05,13.6,13.88,13.96,-0.09,-0.6447,2.2201,12116977,166856025.81,7697225850.0,7570107300.0,9338
2016-08-18,'002614,蒙发利,13.96,14.1,13.55,13.56,13.6,0.36,2.6471,3.1735,17320708,239724716.26,7747171800.0,7619228400.0,12937
2016-08-17,'002614,蒙发利,13.6,13.79,13.51,13.78,13.85,-0.25,-1.8051,1.9106,10427922,142230801.91,7547388000.0,7422744000.0,8025
2016-08-16,'002614,蒙发利,13.85,14.15,13.64,13.71,13.7,0.15,1.0949,3.0483,16637350,230379757.13,7686126750.0,7559191500.0,11885
2016-08-15,'002614,蒙发利,13.7,13.84,13.38,13.51,13.58,0.12,0.8837,2.8873,15758595,215013416.75,7602883500.0,7477323000.0,11214
2016-08-12,'002614,蒙发利,13.58,13.6,13.35,13.44,13.43,0.15,1.1169,2.1629,11805133,159406057.11,7536288900.0,7411828200.0,8709
2016-08-11,'002614,蒙发利,13.43,13.82,13.35,13.71,13.78,-0.35,-2.5399,2.5227,13768572,187145303.39,7453045650.0,7329959700.0,10757
2016-08-10,'002614,蒙发利,13.78,13.97,13.62,13.85,13.87,-0.09,-0.6489,3.0158,16459665,227181389.57,7647279900.0,7520986200.0,13076
2016-08-09,'002614,蒙发利,13.87,13.99,13.63,13.97,14.15,-0.28,-1.9788,4.3287,23625868,325640245.84,7697225850.0,7570107300.0,18446
2016-08-08,'002614,蒙发利,14.15,14.37,13.76,14.35,14.31,-0.16,-1.1181,4.2878,23402641,327686043.48,7852613250.0,7722928500.0,17723
2016-08-05,'002614,蒙发利,14.31,14.59,14.17,14.3,14.33,-0.02,-0.1396,4.3677,23838366,342937134.99,7941406050.0,7810254900.0,19394
2016-08-04,'002614,蒙发利,14.33,14.45,14.01,14.3,14.55,-0.22,-1.512,4.9082,26788615,381572777.13,7952505150.0,7821170700.0,20271
2016-08-03,'002614,蒙发利,14.55,14.8,13.57,13.7,13.87,0.68,4.9027,6.7291,36726621,513820983.9,8074595250.0,7941244500.0,22760
2016-08-02,'002614,蒙发利,13.87,14.05,13.02,13.08,13.17,0.7,5.3151,5.1671,28201571,382435114.7,7697225850.0,7570107300.0,15654
2016-08-01,'002614,蒙发利,13.17,13.32,12.75,13.3,13.38,-0.21,-1.5695,1.9941,10883557,141977876.46,7308757350.0,7188054300.0,7821
2016-07-29,'002614,蒙发利,13.38,13.54,13.13,13.33,13.52,-0.14,-1.0355,3.0892,16856865,224580438.48,7425297900.0,7301064600.0,11512
2016-07-28,'002614,蒙发利,13.52,13.55,12.55,12.71,12.9,0.62,4.8062,5.0606,27614360,359201721.22,7502991600.0,7377458400.0,18548
2016-07-27,'002614,蒙发利,12.9,12.99,11.94,12.47,12.5,0.4,3.2,3.0972,16900459,211764935.98,7158919500.0,7039143000.0,10646
2016-07-26,'002614,蒙发利,12.5,12.5,12.3,12.31,12.28,0.22,1.7915,1.0463,5709293,70972215.24,6936937500.0,6820875000.0,5459
2016-07-25,'002614,蒙发利,12.28,12.46,12.2,12.33,12.4,-0.12,-0.9677,0.663,3617910,44657803.72,6814847400.0,6700827600.0,5232
2016-07-22,'002614,蒙发利,12.4,12.62,12.4,12.55,12.65,-0.25,-1.9763,0.6955,3795334,47366658.54,6881442000.0,6766308000.0,4016
2016-07-21,'002614,蒙发利,12.65,12.81,12.47,12.55,12.58,0.07,0.5564,1.0241,5588275,70767438.39,7020180750.0,6902725500.0,10311
2016-07-20,'002614,蒙发利,12.58,12.94,12.57,12.59,12.65,-0.07,-0.5534,1.0808,5897342,75068282.53,6981333900.0,6864528600.0,5624
2016-07-19,'002614,蒙发利,12.65,12.7,12.43,12.58,12.65,0.0,0.0,0.6722,3667765,45947759.95,7020180750.0,6902725500.0,3396
2016-07-18,'002614,蒙发利,12.65,12.83,12.5,12.75,12.75,-0.1,-0.7843,0.622,3394327,42950166.22,7020180750.0,6902725500.0,3432
2016-07-15,'002614,蒙发利,12.75,12.9,12.62,12.76,12.76,-0.01,-0.0784,0.8314,4536751,57847259.81,7075676250.0,6957292500.0,7474
2016-07-14,'002614,蒙发利,12.76,12.85,12.64,12.78,12.85,-0.09,-0.7004,0.6763,3690490,46912644.35,7081225800.0,6962749200.0,4540
2016-07-13,'002614,蒙发利,12.85,13.03,12.66,12.69,12.7,0.15,1.1811,1.6049,8757660,112553195.08,7131171750.0,7011859500.0,6900
2016-07-12,'002614,蒙发利,12.7,12.86,12.34,12.34,12.41,0.29,2.3368,1.7422,9506406,119896847.65,7047928500.0,6930009000.0,7544
2016-07-11,'002614,蒙发利,12.41,12.63,12.33,12.36,12.35,0.06,0.4858,1.1861,6472115,80763120.43,6886991550.0,6771764700.0,4515
2016-07-08,'002614,蒙发利,12.35,12.58,12.3,12.5,12.5,-0.15,-1.2,0.8233,4492284,55674260.77,6853694250.0,6739024500.0,4376
2016-07-07,'002614,蒙发利,12.5,12.78,12.31,12.59,12.63,-0.13,-1.0293,1.4812,8082431,101356419.32,6936937500.0,6820875000.0,7298
2016-07-06,'002614,蒙发利,12.63,12.88,12.1,12.11,12.16,0.47,3.8651,2.0012,10919719,135723200.44,7009081650.0,6891812100.0,8338
2016-07-05,'002614,蒙发利,12.16,12.25,12.08,12.2,12.19,-0.03,-0.2461,0.9396,5127059,62382459.9,6748252800.0,6635347200.0,4785
2016-07-04,'002614,蒙发利,12.19,12.22,11.78,11.78,11.88,0.31,2.6094,1.0613,5791035,70067215.37,6764901450.0,6651717300.0,5108
2016-07-01,'002614,蒙发利,11.88,12.1,11.86,12.07,12.01,-0.13,-1.0824,0.7137,3894489,46604150.36,6592865400.0,6482559600.0,3641
2016-06-30,'002614,蒙发利,12.01,12.2,11.82,11.98,11.92,0.09,0.755,1.0159,5543237,66594073.34,6665009550.0,6553496700.0,4590
2016-06-29,'002614,蒙发利,11.92,11.98,11.82,11.88,11.89,0.03,0.2523,0.8772,4786678,56941759.13,6615063600.0,6504386400.0,3851
2016-06-28,'002614,蒙发利,11.89,11.96,11.61,11.7,11.73,0.16,1.364,1.1106,6060182,71619262.49,6598414950.0,6488016300.0,5010
2016-06-27,'002614,蒙发利,11.73,11.78,11.22,11.3,11.43,0.3,2.6247,0.7804,4258222,49418312.47,6509622150.0,6400709100.0,3893
2016-06-24,'002614,蒙发利,11.43,11.8,11.11,11.76,11.7,-0.27,-2.3077,0.9213,5027157,57799808.06,6343135650.0,6237008100.0,4471
2016-06-23,'002614,蒙发利,11.7,11.78,11.57,11.68,11.66,0.04,0.3431,0.6694,3652645,42713307.14,6492973500.0,6384339000.0,3071
2016-06-22,'002614,蒙发利,11.66,11.67,11.4,11.47,11.43,0.23,2.0122,0.5166,2818735,32553127.25,6470775300.0,6362512200.0,2713
2016-06-21,'002614,蒙发利,11.43,11.76,11.4,11.7,11.6,-0.17,-1.4655,0.6916,3773836,43749025.92,6343135650.0,6237008100.0,3305
2016-06-20,'002614,蒙发利,11.6,11.8,11.5,11.75,11.71,-0.11,-0.9394,0.6076,3315567,38439786.04,6437478000.0,6329772000.0,2980
2016-06-17,'002614,蒙发利,11.71,11.88,11.45,11.47,11.5,0.21,1.8261,0.8438,4604410,53986631.5,6498523050.0,6389795700.0,4235
2016-06-16,'002614,蒙发利,11.5,11.74,11.46,11.59,11.6,-0.1,-0.8621,0.6692,3651803,42276981.13,6381982500.0,6275205000.0,3537
2016-06-15,'002614,蒙发利,11.6,11.69,11.15,11.17,11.35,0.25,2.2026,0.7356,4013823,46327399.41,6437478000.0,6329772000.0,3906
2016-06-14,'002614,蒙发利,11.35,11.43,11.15,11.18,11.22,0.13,1.1586,0.5973,3259539,36768505.8,6298739250.0,6193354500.0,3013
2016-06-13,'002614,蒙发利,11.22,11.75,11.21,11.55,11.75,-0.53,-4.5106,0.7793,4252269,48919880.64,6226595100.0,6122417400.0,4288
2016-06-08,'002614,蒙发利,11.75,11.96,11.6,11.91,11.96,-0.21,-1.7559,1.1342,6188907,72554337.32,6520721250.0,6411622500.0,5137
2016-06-07,'002614,蒙发利,11.96,12.2,11.9,12.2,12.15,-0.19,-1.5638,0.7752,4229924,50706916.13,6637261800.0,6526213200.0,3953
2016-06-06,'002614,蒙发利,12.15,12.2,11.95,12.02,11.98,0.17,1.419,1.1453,6249685,75625198.15,6742703250.0,6629890500.0,4968
2016-06-03,'002614,蒙发利,11.98,12.15,11.91,12.11,12.08,-0.1,-0.8278,1.1006,6005706,72063829.99,6648360900.0,6537126600.0,5338
2016-06-02,'002614,蒙发利,12.08,12.4,11.75,11.8,11.86,0.22,1.855,1.6674,9098289,109820421.2,6703856400.0,6591693600.0,7423
2016-06-01,'002614,蒙发利,11.86,12.05,11.82,11.92,11.92,-0.06,-0.5034,1.0543,5752742,68534812.33,6581766300.0,6471646200.0,4897
2016-05-31,'002614,蒙发利,11.92,11.96,11.47,11.47,11.47,0.45,3.9233,1.1351,6193846,73169067.27,6615063600.0,6504386400.0,5860
2016-05-30,'002614,蒙发利,11.57,11.75,11.42,11.46,11.65,-0.08,-0.6867,0.5887,3212386,37233625.35,6420829350.0,6313401900.0,3469
2016-05-27,'002614,蒙发利,11.65,11.85,11.4,11.42,11.42,0.23,2.014,1.2412,6772871,78696656.54,6465225750.0,6357055500.0,6557
2016-05-26,'002614,蒙发利,11.42,11.42,11.07,11.34,11.35,0.07,0.6167,0.5808,3169091,35624941.77,6337586100.0,6231551400.0,3179
2016-05-25,'002614,蒙发利,11.35,11.64,11.27,11.58,11.45,-0.1,-0.8734,0.6318,3447301,39535944.07,6298739250.0,6193354500.0,3513
2016-05-24,'002614,蒙发利,11.45,11.54,11.33,11.42,11.39,0.06,0.5268,0.7352,4011509,45888447.89,6354234750.0,6247921500.0,4028
2016-05-23,'002614,蒙发利,11.39,11.45,11.24,11.25,11.25,0.14,1.2444,0.5733,3128366,35557598.61,6320937450.0,6215181300.0,2950
2016-05-20,'002614,蒙发利,11.25,11.26,10.96,11.07,11.16,0.09,0.8065,0.5099,2782409,31021914.32,6243243750.0,6138787500.0,2596
2016-05-19,'002614,蒙发利,11.16,11.4,11.1,11.21,11.2,-0.04,-0.3571,0.6802,3711862,41829124.38,6193297800.0,6089677200.0,3368
2016-05-18,'002614,蒙发利,11.2,11.5,11.0,11.43,11.69,-0.49,-4.1916,1.1056,6032692,67706695.98,6215496000.0,6111504000.0,5734
2016-05-17,'002614,蒙发利,11.69,12.22,11.25,11.48,11.4,0.29,2.5439,1.4868,8112807,95269087.69,6487423950.0,6378882300.0,7280
2016-05-16,'002614,蒙发利,11.4,11.41,11.1,11.25,11.22,0.18,1.6043,0.4843,2642766,29791268.37,6326487000.0,6220638000.0,2835
2016-05-13,'002614,蒙发利,11.22,11.49,11.07,11.15,11.14,0.08,0.7181,0.5386,2939134,33114498.36,6226595100.0,6122417400.0,2842
2016-05-12,'002614,蒙发利,11.14,11.27,10.79,11.05,11.21,-0.07,-0.6244,0.6201,3383476,37231576.05,6182198700.0,6078763800.0,3252
2016-05-11,'002614,蒙发利,11.21,11.5,11.11,11.42,11.37,-0.16,-1.4072,0.5264,2872483,32424792.14,6221045550.0,6116960700.0,3260
2016-05-10,'002614,蒙发利,11.37,11.48,11.28,11.39,11.31,0.06,0.5305,0.4668,2547327,28981076.34,6309838350.0,6204267900.0,2555
2016-05-09,'002614,蒙发利,11.31,11.91,11.23,11.9,12.02,-0.71,-5.9068,1.0572,5768852,66351293.74,6276541050.0,6171527700.0,5935
2016-05-06,'002614,蒙发利,12.02,12.65,12.01,12.62,12.6,-0.58,-4.6032,1.2846,7009912,85943638.86,6670559100.0,6558953400.0,7099
2016-05-05,'002614,蒙发利,12.6,12.66,12.5,12.56,12.55,0.05,0.3984,1.3276,7244220,91130461.8,6992433000.0,6875442000.0,5741
2016-05-04,'002614,蒙发利,12.55,12.65,12.3,12.39,12.46,0.09,0.7223,1.3157,7179520,90027649.94,6964685250.0,6848158500.0,5942
2016-05-03,'002614,蒙发利,12.46,12.46,11.9,11.95,12.04,0.42,3.4884,1.0704,5780422,70768417.72,6914739300.0,6728400000.0,5597
2016-04-29,'002614,蒙发利,12.04,12.23,11.98,12.06,12.15,-0.11,-0.9053,0.6711,3624077,43781926.6,6681658200.0,6501600000.0,3338
2016-04-28,'002614,蒙发利,12.15,12.36,11.83,12.32,12.29,-0.14,-1.1391,1.0319,5572030,67208074.9,6742703250.0,6561000000.0,5698
2016-04-27,'002614,蒙发利,12.29,12.56,12.28,12.54,12.5,-0.21,-1.68,0.8601,4644489,57771048.86,6820396950.0,6636600000.0,4401
2016-04-26,'002614,蒙发利,12.5,12.56,12.31,12.41,12.52,-0.02,-0.1597,1.072,5788924,71951401.99,6936937500.0,6750000000.0,5401
2016-04-25,'002614,蒙发利,12.52,12.95,12.34,12.95,13.1,-0.58,-4.4275,2.012,10864936,136971973.43,6948036600.0,6760800000.0,9051
2016-04-22,'002614,蒙发利,13.1,13.18,11.98,12.09,12.24,0.86,7.0261,2.5694,13874840,173514716.76,7269910500.0,7074000000.0,10007
2016-04-21,'002614,蒙发利,12.24,12.56,12.21,12.41,12.45,-0.21,-1.6867,1.0417,5625043,69799771.19,6792649200.0,6609600000.0,5189
2016-04-20,'002614,蒙发利,12.45,13.5,12.1,13.45,13.32,-0.87,-6.5315,2.2966,12401713,157308760.78,6909189750.0,6723000000.0,11339
2016-04-19,'002614,蒙发利,13.32,13.52,13.2,13.35,13.24,0.08,0.6042,1.0622,5736073,76406695.29,7392000600.0,7192800000.0,4948
2016-04-18,'002614,蒙发利,13.24,13.42,13.18,13.42,13.54,-0.3,-2.2157,1.0432,5633278,74686840.24,7347604200.0,7149600000.0,5610
2016-04-15,'002614,蒙发利,13.54,13.78,13.43,13.75,13.68,-0.14,-1.0234,1.2162,6567586,89044745.08,7514090700.0,7311600000.0,5864
2016-04-14,'002614,蒙发利,13.68,13.78,13.4,13.65,13.64,0.04,0.2933,1.5084,8145333,110637510.0,7585218000.0,7387200000.0,7465
2016-04-13,'002614,蒙发利,13.64,13.95,13.45,13.48,13.6,0.04,0.2941,2.8376,15322944,210201031.96,7563039000.0,7365600000.0,13521
2016-04-12,'002614,蒙发利,13.6,13.6,12.96,13.26,13.27,0.33,2.4868,2.0806,11235031,149643965.9,7544940000.0,7344000000.0,9600
2016-04-11,'002614,蒙发利,13.27,13.39,12.89,12.96,12.82,0.45,3.5101,1.6462,8889270,117293414.48,7361864250.0,7165800000.0,7781
2016-04-08,'002614,蒙发利,12.82,12.89,12.61,12.84,13.01,-0.19,-1.4604,1.2277,6629839,84543248.34,7112215500.0,6922800000.0,6201
2016-04-07,'002614,蒙发利,13.01,13.58,13.01,13.57,13.45,-0.44,-3.2714,1.607,8677786,114592755.38,7217622750.0,7025400000.0,8441
2016-04-06,'002614,蒙发利,13.45,13.81,13.22,13.35,13.45,0.0,0.0,1.6576,8950816,120790442.93,7461723750.0,7263000000.0,8556
2016-04-05,'002614,蒙发利,13.45,13.47,13.0,13.15,13.15,0.3,2.2814,1.692,9136540,121760597.75,7461723750.0,7263000000.0,7863
2016-04-01,'002614,蒙发利,13.15,13.38,12.91,13.33,13.55,-0.4,-2.952,1.7584,9495246,124769951.8,7295291250.0,7101000000.0,9004
2016-03-31,'002614,蒙发利,13.55,13.6,12.83,12.99,12.9,0.65,5.0388,2.6065,14074856,185343349.99,7517201250.0,7317000000.0,12721
2016-03-30,'002614,蒙发利,12.9,12.9,12.5,12.59,12.4,0.5,4.0323,1.4799,7991274,101476873.64,7156597500.0,6966000000.0,7798
2016-03-29,'002614,蒙发利,12.4,12.8,12.2,12.73,12.73,-0.33,-2.5923,1.1363,6136039,76591159.19,6879210000.0,6696000000.0,6898
2016-03-28,'002614,蒙发利,12.73,13.14,12.67,12.96,12.84,-0.11,-0.8567,1.3522,7301829,94479397.28,7062285750.0,6874200000.0,7349
2016-03-25,'002614,蒙发利,12.84,12.93,12.57,12.59,12.71,0.13,1.0228,1.1232,6065297,77363550.8,7123311000.0,6933600000.0,5812
2016-03-24,'002614,蒙发利,12.71,13.13,12.69,12.9,13.02,-0.31,-2.381,1.8978,10248266,132429854.78,7051190250.0,6863400000.0,10019
2016-03-23,'002614,蒙发利,13.02,13.1,12.75,12.88,13.12,-0.1,-0.7622,1.908,10303122,133203262.31,7223170500.0,7030800000.0,10532
2016-03-22,'002614,蒙发利,13.12,13.79,12.52,12.65,12.7,0.42,3.3071,3.7082,20024140,265146786.89,7278648000.0,7084800000.0,19085
2016-03-21,'002614,蒙发利,12.7,12.82,12.47,12.7,12.44,0.26,2.09,2.3777,12839793,161878674.32,7045642500.0,6858000000.0,10995
2016-03-18,'002614,蒙发利,12.44,12.59,11.76,11.76,11.75,0.69,5.8723,2.4948,13471951,164656838.56,6901401000.0,6717600000.0,12537
2016-03-17,'002614,蒙发利,11.75,11.82,11.33,11.35,11.27,0.48,4.2591,1.5795,8529182,99051031.25,6518606250.0,6345000000.0,8296
2016-03-16,'002614,蒙发利,11.27,11.63,11.15,11.58,11.46,-0.19,-1.6579,1.0148,5479721,62357131.79,6252314250.0,6085800000.0,5252
2016-03-15,'002614,蒙发利,11.46,11.74,11.43,11.69,11.62,-0.16,-1.3769,1.0822,5844046,67685761.28,6357721500.0,6188400000.0,5395
2016-03-14,'002614,蒙发利,11.62,11.79,11.3,11.39,11.13,0.49,4.4025,1.3506,7293012,84799438.44,6446485500.0,6274800000.0,7352
2016-03-11,'002614,蒙发利,11.13,11.33,10.85,11.06,11.28,-0.15,-1.3298,0.845,4562815,50910091.78,6174645750.0,6010200000.0,4751
2016-03-10,'002614,蒙发利,11.28,11.8,11.26,11.72,11.63,-0.35,-3.0095,1.1885,6418052,73836730.67,6257862000.0,6091200000.0,6593
2016-03-09,'002614,蒙发利,11.63,12.11,11.17,11.33,11.64,-0.01,-0.0859,1.9125,10327323,121395256.14,6452033250.0,6280200000.0,10729
2016-03-08,'002614,蒙发利,11.64,11.67,10.73,11.32,11.44,0.2,1.7483,1.5349,8288562,93286737.08,6457581000.0,6285600000.0,8312
2016-03-07,'002614,蒙发利,11.44,11.76,11.25,11.3,11.23,0.21,1.87,1.2515,6758367,77833794.83,6346626000.0,6177600000.0,6150
2016-03-04,'002614,蒙发利,11.23,11.96,11.1,11.75,11.85,-0.62,-5.2321,1.6775,9058421,104601085.45,6230123250.0,6064200000.0,9348
2016-03-03,'002614,蒙发利,11.85,12.7,11.7,11.79,11.81,0.04,0.3387,2.4703,13339683,161066288.93,6574083750.0,6399000000.0,13068
2016-03-02,'002614,蒙发利,11.81,11.99,11.13,11.25,11.39,0.42,3.6874,1.9903,10747511,124509283.18,6551892750.0,6377400000.0,10108
2016-03-01,'002614,蒙发利,11.39,11.67,10.38,10.66,10.61,0.78,7.3516,1.9001,10260751,112626401.86,6318887250.0,6150600000.0,10094
2016-02-29,'002614,蒙发利,10.61,11.84,10.55,11.54,11.72,-1.11,-9.471,1.7327,9356393,101251701.22,5886162750.0,5729400000.0,8759
2016-02-26,'002614,蒙发利,11.72,12.21,11.38,12.21,11.95,-0.23,-1.9247,1.47,7937812,93744295.96,6501963000.0,6328800000.0,7872
2016-02-25,'002614,蒙发利,11.95,13.17,11.95,13.01,13.28,-1.33,-10.0151,2.2942,12388718,154687214.77,6629561250.0,6453000000.0,13766
2016-02-24,'002614,蒙发利,13.28,13.95,13.1,13.48,13.22,0.06,0.4539,2.8387,15329155,206761457.91,7367412000.0,7171200000.0,15152
2016-02-23,'002614,蒙发利,13.22,13.28,12.88,12.99,12.99,0.23,1.7706,2.2479,12138507,159077042.76,7334125500.0,7138800000.0,11295
2016-02-22,'002614,蒙发利,12.99,13.06,12.81,12.93,12.76,0.23,1.8025,1.7134,9252294,119705709.76,7206527250.0,7014600000.0,7775
2016-02-19,'002614,蒙发利,12.76,12.92,12.4,12.63,12.79,-0.03,-0.2346,1.9191,10363307,131146455.77,7078929000.0,6890400000.0,8587
2016-02-18,'002614,蒙发利,12.79,13.33,12.7,12.96,12.89,-0.1,-0.7758,2.4711,13343848,173402508.95,7095572250.0,6906600000.0,11303
2016-02-17,'002614,蒙发利,12.89,13.14,12.58,12.81,12.85,0.04,0.3113,1.6521,8921319,114997327.59,7151049750.0,6960600000.0,8363
2016-02-16,'002614,蒙发利,12.85,12.98,12.48,12.58,12.45,0.4,3.2129,1.8476,9977113,127899259.39,7128858750.0,6939000000.0,10781
2016-02-15,'002614,蒙发利,12.45,12.68,11.64,11.65,12.21,0.24,1.9656,1.4979,8088514,97790765.12,6906948750.0,6723000000.0,8550
2016-02-05,'002614,蒙发利,12.21,12.96,12.19,12.28,12.24,-0.03,-0.2451,1.6211,8754202,109211986.06,6773802750.0,6593400000.0,9167
2016-02-04,'002614,蒙发利,12.24,12.4,12.05,12.3,12.21,0.03,0.2457,1.5859,8563745,105125077.01,6790446000.0,6609600000.0,8830
2016-02-03,'002614,蒙发利,12.21,12.44,11.33,11.6,11.69,0.52,4.4482,1.9618,10593708,125007058.65,6773802750.0,6593400000.0,10101
2016-02-02,'002614,蒙发利,11.69,11.74,10.95,10.95,10.83,0.86,7.9409,1.7961,9698999,111319434.22,6485319750.0,6312600000.0,9022
2016-02-01,'002614,蒙发利,10.83,10.95,10.58,10.68,10.78,0.05,0.4638,1.2769,6895341,74097309.12,6008213250.0,5848200000.0,6446
2016-01-29,'002614,蒙发利,10.78,11.0,10.04,10.1,10.01,0.77,7.6923,2.1153,11422405,119797165.49,5980474500.0,5821200000.0,9914
2016-01-28,'002614,蒙发利,10.01,10.76,10.0,10.33,10.75,-0.74,-6.8837,1.1549,6236521,65068797.24,5553297750.0,5405400000.0,5596
2016-01-27,'002614,蒙发利,10.75,11.38,10.1,11.38,11.13,-0.38,-3.4142,1.5321,8273214,88251461.83,5963831250.0,5805000000.0,7421
2016-01-26,'002614,蒙发利,11.13,12.19,11.13,12.19,12.37,-1.24,-10.0243,1.5918,8595974,100341684.86,6174645750.0,6010200000.0,8292
2016-01-25,'002614,蒙发利,12.37,12.45,11.95,12.15,11.99,0.38,3.1693,1.7001,9180597,112119403.64,6862566750.0,6679800000.0,7442
2016-01-22,'002614,蒙发利,11.99,12.13,11.4,12.02,11.81,0.18,1.5241,1.6134,8712318,103070933.32,6651752250.0,6474600000.0,8743
2016-01-21,'002614,蒙发利,11.81,12.61,11.81,12.07,12.39,-0.58,-4.6812,1.6593,8960269,109811201.18,6551892750.0,6377400000.0,8326
2016-01-20,'002614,蒙发利,12.39,12.81,12.27,12.58,12.77,-0.38,-2.9757,2.0531,11086641,138745670.01,6873662250.0,6690600000.0,10779
2016-01-19,'002614,蒙发利,12.77,12.91,11.98,12.06,12.06,0.71,5.8872,2.5492,13765736,170110210.34,7084476750.0,6895800000.0,11083
2016-01-18,'002614,蒙发利,12.06,12.49,11.28,11.28,11.85,0.21,1.7722,1.9349,10448617,126313369.66,6690586500.0,6512400000.0,8692
2016-01-15,'002614,蒙发利,11.85,12.53,11.5,12.15,12.15,-0.3,-2.4691,2.1904,11828321,143208313.91,6574083750.0,6399000000.0,10974
2016-01-14,'002614,蒙发利,12.15,12.3,10.72,11.0,11.45,0.7,6.1135,1.8077,9761789,113739217.17,6740516250.0,6561000000.0,9524
2016-01-13,'002614,蒙发利,11.45,12.9,11.45,12.7,12.67,-1.22,-9.629,1.3348,7207729,89470218.69,6352173750.0,6183000000.0,7370
2016-01-12,'002614,蒙发利,12.67,12.89,12.2,12.89,12.66,0.01,0.079,1.2922,6977786,88051279.91,7028999250.0,6841800000.0,7709
2016-01-11,'002614,蒙发利,12.66,14.01,12.66,13.57,14.07,-1.41,-10.0213,1.6692,9013888,120190370.89,7023451500.0,6836400000.0,9679
2016-01-08,'002614,蒙发利,14.07,14.98,13.36,14.98,14.54,-0.47,-3.2325,2.0917,11295026,160304369.49,7805684250.0,7597800000.0,13152
2016-01-07,'002614,蒙发利,14.54,15.64,14.54,15.64,16.15,-1.61,-9.969,0.4618,2493854,37554053.43,8066428500.0,7851600000.0,2739
2016-01-06,'002614,蒙发利,16.15,16.33,15.2,16.02,15.81,0.34,2.1505,2.627,14186047,224664408.87,8959616250.0,8721000000.0,15730
2016-01-05,'002614,蒙发利,15.81,17.15,15.71,15.82,17.45,-1.64,-9.3983,3.1855,17201532,279586469.58,8770992750.0,8537400000.0,18954
2016-01-04,'002614,蒙发利,17.45,19.21,17.45,19.21,19.39,-1.94,-10.0052,1.7082,9224287,168029107.38,9680823750.0,9423000000.0,10857
