日期,股票代码,名称,收盘价,最高价,最低价,开盘价,前收盘,涨跌额,涨跌幅,换手率,成交量,成交金额,总市值,流通市值,成交笔数
2016-10-12,'002723,金莱特,25.66,25.98,24.7,25.13,25.36,0.3,1.183,5.195,3184535,80493521.51,4790722000.0,1572958000.0,4215
2016-10-11,'002723,金莱特,25.36,25.5,24.5,24.62,24.62,0.74,3.0057,5.7971,3553645,88827536.9,4734712000.0,1554568000.0,4694
2016-10-10,'002723,金莱特,24.62,24.63,24.02,24.45,24.04,0.58,2.4126,2.3953,1468300,35927111.0,4596554000.0,1509206000.0,2176
2016-09-30,'002723,金莱特,24.04,24.27,23.8,23.86,24.06,-0.02,-0.0831,1.6824,1031300,24843082.78,4488268000.0,1473652000.0,1507
2016-09-29,'002723,金莱特,24.06,24.3,23.8,23.89,23.9,0.16,0.6695,2.0897,1280993,30840658.22,4492002000.0,1474878000.0,1719
2016-09-28,'002723,金莱特,23.9,23.94,23.62,23.87,23.73,0.17,0.7164,1.2257,751376,17869151.32,4462130000.0,1465070000.0,1141
2016-09-27,'002723,金莱特,23.73,23.74,23.21,23.3,23.51,0.22,0.9358,1.6117,987944,23250954.72,4430391000.0,1454649000.0,1467
2016-09-26,'002723,金莱特,23.51,24.4,23.5,24.3,24.51,-1.0,-4.08,2.8057,1719911,41216016.64,4389317000.0,1441163000.0,2553
2016-09-23,'002723,金莱特,24.51,24.7,24.09,24.4,24.43,0.08,0.3275,3.6133,2214943,53954196.89,4576017000.0,1502463000.0,2974
2016-09-22,'002723,金莱特,24.43,24.67,23.4,23.56,23.4,1.03,4.4017,5.6231,3446943,83860293.5,4561081000.0,1497559000.0,4890
2016-09-21,'002723,金莱特,23.4,23.52,23.25,23.31,23.31,0.09,0.3861,1.0876,666701,15617691.9,4368780000.0,1434420000.0,915
2016-09-20,'002723,金莱特,23.31,23.61,23.2,23.55,23.58,-0.27,-1.145,1.4704,901325,21043496.2,4351977000.0,1428903000.0,1327
2016-09-19,'002723,金莱特,23.58,23.8,23.3,23.5,23.5,0.08,0.3404,1.4062,861981,20346594.24,4402386000.0,1445454000.0,1180
2016-09-14,'002723,金莱特,23.5,23.55,22.9,23.07,23.15,0.35,1.5119,2.1712,1330950,31009603.14,4387450000.0,1440550000.0,1595
2016-09-13,'002723,金莱特,23.15,23.56,23.0,23.42,23.32,-0.17,-0.729,1.9758,1211154,28191018.64,4322105000.0,1419095000.0,1723
2016-09-12,'002723,金莱特,23.32,23.88,23.32,23.88,24.5,-1.18,-4.8163,3.2931,2018696,47513714.12,4353844000.0,1429516000.0,3025
2016-09-09,'002723,金莱特,24.5,24.92,24.49,24.83,24.83,-0.33,-1.329,2.755,1688804,41626279.37,4574150000.0,1501850000.0,2150
2016-09-08,'002723,金莱特,24.83,24.99,24.41,24.6,24.75,0.08,0.3232,3.4236,2098690,51907944.84,4635761000.0,1522079000.0,2989
2016-09-07,'002723,金莱特,24.75,24.88,24.35,24.56,24.55,0.2,0.8147,4.5013,2759315,67926532.6,4620825000.0,1517175000.0,3510
2016-09-06,'002723,金莱特,24.55,24.62,23.8,24.24,24.1,0.45,1.8672,4.2018,2575687,62788898.57,4583485000.0,1504915000.0,3400
2016-09-05,'002723,金莱特,24.1,24.42,23.83,23.87,23.91,0.19,0.7946,2.07,1268900,30611224.23,4499470000.0,1477330000.0,1913
2016-09-02,'002723,金莱特,23.91,24.27,23.63,24.0,24.1,-0.19,-0.7884,3.031,1858016,44292153.96,4463997000.0,1465683000.0,2608
2016-09-01,'002723,金莱特,24.1,24.94,24.1,24.59,24.81,-0.71,-2.8617,4.6347,2841100,69506572.14,4499470000.0,1477330000.0,4057
2016-08-31,'002723,金莱特,24.81,25.5,24.29,24.29,24.35,0.46,1.8891,6.8747,4214202,105516892.13,4632027000.0,1520853000.0,5633
2016-08-30,'002723,金莱特,24.35,25.16,24.3,24.31,24.55,-0.2,-0.8147,3.2173,1972197,48658123.22,4546145000.0,1492655000.0,2684
2016-08-29,'002723,金莱特,24.55,24.95,24.35,24.5,24.96,-0.41,-1.6426,3.4158,2093859,51616263.84,4583485000.0,1504915000.0,3171
2016-08-26,'002723,金莱特,24.96,24.96,23.6,23.74,23.57,1.39,5.8973,5.2105,3194006,77674925.75,4660032000.0,1530048000.0,4251
2016-08-25,'002723,金莱特,23.57,24.0,23.0,23.88,24.17,-0.6,-2.4824,3.1281,1917507,45014374.38,4400519000.0,1444841000.0,2909
2016-08-24,'002723,金莱特,24.17,24.64,24.03,24.05,24.08,0.09,0.3738,2.8619,1754331,42653903.67,4512539000.0,1481621000.0,2514
2016-08-23,'002723,金莱特,24.08,24.48,23.8,23.8,23.8,0.28,1.1765,3.8095,2335216,56406716.48,4495736000.0,1476104000.0,3267
2016-08-22,'002723,金莱特,23.8,25.24,23.8,25.24,25.31,-1.51,-5.966,5.7534,3526820,85887839.87,4443460000.0,1458940000.0,5234
2016-08-19,'002723,金莱特,25.31,25.68,24.75,25.45,25.24,0.07,0.2773,6.6075,4050388,102036838.16,4725377000.0,1551503000.0,5643
2016-08-18,'002723,金莱特,25.24,26.3,25.08,25.2,25.77,-0.53,-2.0567,9.1529,5610751,143326312.19,4712308000.0,1547212000.0,8132
2016-08-17,'002723,金莱特,25.77,25.78,23.4,23.5,23.44,2.33,9.9403,14.0538,8615006,214153308.93,4811259000.0,1579701000.0,9403
2016-08-16,'002723,金莱特,23.44,23.88,23.42,23.58,23.58,-0.14,-0.5937,3.1143,1909080,45015617.6,4376248000.0,1436872000.0,2780
2016-08-15,'002723,金莱特,23.58,23.84,22.7,22.7,22.52,1.06,4.7069,6.0349,3699412,86556022.4,4402386000.0,1445454000.0,4069
2016-08-12,'002723,金莱特,22.52,22.62,22.13,22.37,22.4,0.12,0.5357,1.8997,1164523,26022491.74,4204484000.0,1380476000.0,1644
2016-08-11,'002723,金莱特,22.4,23.15,22.35,23.11,23.11,-0.71,-3.0723,2.3041,1412438,32017779.33,4182080000.0,1373120000.0,2238
2016-08-10,'002723,金莱特,23.11,23.39,23.09,23.39,23.39,-0.28,-1.1971,1.9061,1168427,27108471.36,4314637000.0,1416643000.0,1588
2016-08-09,'002723,金莱特,23.39,23.55,23.22,23.32,23.35,0.04,0.1713,2.1341,1308232,30584792.2,4366913000.0,1433807000.0,1601
2016-08-08,'002723,金莱特,23.35,23.5,22.31,23.01,23.01,0.34,1.4776,2.1973,1346925,31075984.24,4359445000.0,1431355000.0,2096
2016-08-05,'002723,金莱特,23.01,23.33,22.93,23.0,23.16,-0.15,-0.6477,1.9367,1187169,27419640.36,4295967000.0,1410513000.0,1562
2016-08-04,'002723,金莱特,23.16,23.25,22.55,22.8,22.83,0.33,1.4455,2.3693,1452388,33395242.02,4323972000.0,1419708000.0,2273
2016-08-03,'002723,金莱特,22.83,23.16,22.42,22.68,22.78,0.05,0.2195,2.5376,1555544,35601250.5,4262361000.0,1399479000.0,1996
2016-08-02,'002723,金莱特,22.78,22.85,21.75,21.9,21.9,0.88,4.0183,5.0373,3087855,68841834.97,4253026000.0,1396414000.0,3273
2016-08-01,'002723,金莱特,21.9,23.47,21.33,23.47,23.41,-1.51,-6.4502,4.4278,2714250,60072854.38,4088730000.0,1342470000.0,3829
2016-07-29,'002723,金莱特,23.41,23.7,23.31,23.6,23.63,-0.22,-0.931,2.5619,1570470,36840677.74,4370647000.0,1435033000.0,1870
2016-07-28,'002723,金莱特,23.63,23.65,23.2,23.2,23.41,0.22,0.9398,3.7563,2302625,53997040.78,4411721000.0,1448519000.0,3214
2016-07-27,'002723,金莱特,23.41,25.08,23.0,24.9,25.14,-1.73,-6.8815,9.2176,5650369,135045801.33,4370647000.0,1435033000.0,7837
2016-07-26,'002723,金莱特,25.14,25.32,24.02,24.15,24.15,0.99,4.0994,10.1092,6196964,154323342.8,4693638000.0,1541082000.0,9165
2016-07-25,'002723,金莱特,24.15,24.24,23.4,23.51,23.68,0.47,1.9848,4.5149,2767643,65946919.85,4508805000.0,1480395000.0,3544
2016-07-22,'002723,金莱特,23.68,24.0,23.5,24.0,24.05,-0.37,-1.5385,5.0921,3121443,74017802.28,4421056000.0,1451584000.0,3424
2016-07-21,'002723,金莱特,24.05,24.44,23.6,23.85,24.03,0.02,0.0832,4.2975,2634386,63379743.9,4490135000.0,1474265000.0,3882
2016-07-20,'002723,金莱特,24.03,24.2,23.53,23.8,23.74,0.29,1.2216,4.6203,2832234,67677312.67,4486401000.0,1473039000.0,4068
2016-07-19,'002723,金莱特,23.74,23.84,23.41,23.49,23.48,0.26,1.1073,4.3063,2639744,62389566.26,4432258000.0,1455262000.0,3521
2016-07-18,'002723,金莱特,23.48,23.9,23.41,23.9,24.0,-0.52,-2.1667,5.2163,3197592,75304748.15,4383716000.0,1439324000.0,4537
2016-07-15,'002723,金莱特,24.0,24.5,23.95,24.4,24.49,-0.49,-2.0008,4.8061,2946162,71050648.6,4480800000.0,1471200000.0,4133
2016-07-14,'002723,金莱特,24.49,24.77,24.06,24.36,24.42,0.07,0.2867,4.5007,2758928,67504359.12,4572283000.0,1501237000.0,3834
2016-07-13,'002723,金莱特,24.42,24.65,24.26,24.5,24.34,0.08,0.3287,5.1412,3151532,76914441.18,4559214000.0,1496946000.0,4197
2016-07-12,'002723,金莱特,24.34,25.0,23.75,24.86,24.78,-0.44,-1.7756,7.9425,4868777,117868712.86,4544278000.0,1492042000.0,7300
2016-07-11,'002723,金莱特,24.78,25.7,24.68,25.7,25.8,-1.02,-3.9535,11.6651,7150687,179223721.14,4626426000.0,1519014000.0,10058
2016-07-08,'002723,金莱特,25.8,26.0,24.9,25.2,25.26,0.54,2.1378,16.1463,9897705,252147961.71,4816860000.0,1581540000.0,13233
2016-07-07,'002723,金莱特,25.26,25.36,24.0,24.41,24.46,0.8,3.2706,13.9897,8575683,211756274.64,4716042000.0,1548438000.0,10838
2016-07-06,'002723,金莱特,24.46,24.46,23.75,24.35,24.45,0.01,0.0409,7.8942,4839148,117137790.48,4566682000.0,1499398000.0,6285
2016-07-05,'002723,金莱特,24.45,24.55,24.01,24.29,24.2,0.25,1.0331,9.0516,5548632,135008248.69,4564815000.0,1498785000.0,7977
2016-07-04,'002723,金莱特,24.2,24.29,23.4,23.97,24.3,-0.1,-0.4115,10.7933,6616318,158117929.05,4518140000.0,1483460000.0,9031
2016-07-01,'002723,金莱特,24.3,24.82,24.22,24.74,24.74,-0.44,-1.7785,7.8679,4823038,117621351.88,4536810000.0,1489590000.0,7109
2016-06-30,'002723,金莱特,24.74,25.44,24.4,25.36,25.73,-0.99,-3.8476,11.735,7193580,178502275.68,4618958000.0,1516562000.0,10420
2016-06-29,'002723,金莱特,25.73,26.17,24.62,25.01,24.88,0.85,3.4164,19.1637,11747343,301106362.62,4803791000.0,1577249000.0,15976
2016-06-28,'002723,金莱特,24.88,25.34,24.31,25.32,25.38,-0.5,-1.9701,11.6652,7150757,177438048.53,4645096000.0,1525144000.0,10955
2016-06-27,'002723,金莱特,25.38,25.86,24.71,24.99,25.43,-0.05,-0.1966,15.1808,9305828,236658580.78,4738446000.0,1555794000.0,12620
2016-06-24,'002723,金莱特,25.48,26.2,23.3,24.26,24.99,0.49,1.9608,18.8876,11578127,287497593.44,4757116000.0,1561924000.0,15959
2016-06-23,'002723,金莱特,24.99,24.99,23.76,24.75,24.95,0.04,0.1603,11.9828,7345467,177659583.22,4665633000.0,1531887000.0,10288
2016-06-22,'002723,金莱特,24.95,24.95,23.6,24.05,24.26,0.69,2.8442,14.9342,9154645,221869272.78,4658165000.0,1529435000.0,12247
2016-06-21,'002723,金莱特,24.26,25.86,24.2,25.65,26.15,-1.89,-7.2275,18.8411,11549624,290371104.77,4529342000.0,1487138000.0,16729
2016-06-20,'002723,金莱特,26.15,26.25,25.15,25.3,25.6,0.55,2.1484,18.2026,11158178,287641576.72,4882205000.0,1602995000.0,14805
2016-06-17,'002723,金莱特,25.6,26.93,25.19,26.05,27.17,-1.57,-5.7784,28.6724,17576188,457441422.79,4779520000.0,1569280000.0,22862
2016-06-16,'002723,金莱特,27.17,27.57,25.5,25.81,25.06,2.11,8.4198,44.1178,27044221,725369944.51,5072639000.0,1665521000.0,28993
2016-06-15,'002723,金莱特,25.06,25.06,23.01,23.39,22.78,2.28,10.0088,18.7029,11464885,279094244.47,4678702000.0,1536178000.0,10914
2016-06-14,'002723,金莱特,22.78,22.78,20.34,20.34,20.71,2.07,9.9952,15.4968,9499532,206203765.26,4253026000.0,1396414000.0,11431
2016-06-13,'002723,金莱特,20.71,22.7,20.71,22.3,23.01,-2.3,-9.9957,14.9193,9145525,199427547.1,3866557000.0,1269523000.0,12415
2016-06-08,'002723,金莱特,23.01,23.79,22.01,22.2,22.75,0.26,1.1429,22.879,14024809,324455574.71,4295967000.0,1410513000.0,18148
2016-06-07,'002723,金莱特,22.75,23.93,21.05,21.35,21.75,1.0,4.5977,24.0664,14752716,329131786.85,4247425000.0,1394575000.0,19980
2016-06-06,'002723,金莱特,21.75,22.02,20.42,20.7,20.16,1.59,7.8869,22.3096,13675757,292437847.37,4060725000.0,1333275000.0,15518
2016-06-03,'002723,金莱特,20.16,20.16,19.52,20.16,18.33,1.83,9.9836,4.5581,2794121,56271269.76,3763872000.0,1235808000.0,1907
2016-06-02,'002723,金莱特,0.0,0.0,0.0,0.0,18.33,None,None,0.0,0,0.0,3422211000.0,1123629000.0,0
2016-06-01,'002723,金莱特,0.0,0.0,0.0,0.0,18.33,None,None,0.0,0,0.0,3422211000.0,1123629000.0,0
2016-05-31,'002723,金莱特,0.0,0.0,0.0,0.0,18.33,None,None,0.0,0,0.0,3422211000.0,1123629000.0,0
2016-05-30,'002723,金莱特,0.0,0.0,0.0,0.0,18.33,None,None,0.0,0,0.0,3422211000.0,1123629000.0,0
2016-05-27,'002723,金莱特,0.0,0.0,0.0,0.0,18.33,None,None,0.0,0,0.0,3422211000.0,1123629000.0,0
2016-05-26,'002723,金莱特,0.0,0.0,0.0,0.0,18.33,None,None,0.0,0,0.0,3422211000.0,1123629000.0,0
2016-05-25,'002723,金莱特,0.0,0.0,0.0,0.0,18.33,None,None,0.0,0,0.0,3422211000.0,1123629000.0,0
2016-05-24,'002723,金莱特,0.0,0.0,0.0,0.0,18.33,None,None,0.0,0,0.0,3422211000.0,1123629000.0,0
2016-05-23,'002723,金莱特,0.0,0.0,0.0,0.0,18.33,None,None,0.0,0,0.0,3422211000.0,1123629000.0,0
2016-05-20,'002723,金莱特,18.33,18.43,17.8,18.09,18.34,-0.01,-0.0545,3.7294,2286125,41566025.91,3422211000.0,1123629000.0,2835
2016-05-19,'002723,金莱特,18.34,18.86,17.98,18.18,18.4,-0.06,-0.3261,5.6171,3443305,63288925.29,3424078000.0,1124242000.0,3693
2016-05-18,'002723,金莱特,18.4,19.0,18.17,18.98,19.21,-0.81,-4.2166,5.5395,3395702,62743374.44,3435280000.0,1127920000.0,4086
2016-05-17,'002723,金莱特,19.21,20.17,19.2,19.54,19.6,-0.39,-1.9898,6.8621,4206476,83052279.05,3586507000.0,1177573000.0,5181
2016-05-16,'002723,金莱特,19.6,19.89,18.48,18.64,18.83,0.77,4.0892,5.7378,3517273,67218142.91,3659320000.0,1201480000.0,4625
2016-05-13,'002723,金莱特,18.83,19.24,18.51,18.51,18.72,0.11,0.5876,4.2722,2618874,49627391.55,3515561000.0,1154279000.0,3866
2016-05-12,'002723,金莱特,18.72,19.1,18.08,18.85,19.33,-0.61,-3.1557,5.8389,3579258,66226258.31,3495024000.0,1147536000.0,4932
2016-05-11,'002723,金莱特,19.33,20.2,19.17,20.0,20.46,-1.13,-5.523,8.4929,5206178,101811625.84,3608911000.0,1184929000.0,7791
2016-05-10,'002723,金莱特,20.46,22.28,20.46,22.0,22.73,-2.27,-9.9868,13.5457,8303532,174083838.34,3819882000.0,1254198000.0,10867
2016-05-09,'002723,金莱特,22.73,23.58,21.08,21.3,21.9,0.83,3.79,23.5463,14433908,323671127.05,4243691000.0,1393349000.0,15686
2016-05-06,'002723,金莱特,21.9,22.55,20.2,21.73,21.73,0.17,0.7823,16.6144,10184650,220277400.82,4088730000.0,1342470000.0,8939
2016-05-05,'002723,金莱特,21.73,22.15,21.4,21.76,21.87,-0.14,-0.6401,3.5674,2186792,47513143.06,4056991000.0,1332049000.0,2781
2016-05-04,'002723,金莱特,21.87,22.3,21.7,22.15,22.14,-0.27,-1.2195,4.3228,2649893,58209295.79,4083129000.0,1340631000.0,3324
2016-05-03,'002723,金莱特,22.14,22.28,21.2,21.23,21.53,0.61,2.8333,5.2784,3235640,70610046.55,4133538000.0,1357182000.0,3973
2016-04-29,'002723,金莱特,21.53,22.32,21.47,21.9,21.9,-0.37,-1.6895,6.4009,3923732,85813102.34,4019651000.0,1319789000.0,4881
2016-04-28,'002723,金莱特,21.9,21.96,20.08,20.4,20.5,1.4,6.8293,6.536,4006586,84195769.74,4088730000.0,1342470000.0,4992
2016-04-27,'002723,金莱特,20.5,20.9,20.19,20.33,20.32,0.18,0.8858,2.7812,1704863,35121812.23,3827350000.0,1256650000.0,2419
2016-04-26,'002723,金莱特,20.32,20.33,19.83,19.83,19.91,0.41,2.0593,1.9387,1188417,23873581.92,3793744000.0,1245616000.0,1699
2016-04-25,'002723,金莱特,19.91,20.29,19.5,20.27,20.27,-0.36,-1.776,1.549,949507,18903731.76,3717197000.0,1220483000.0,1481
2016-04-22,'002723,金莱特,20.27,20.38,19.2,19.76,19.76,0.51,2.581,2.3192,1421648,28332678.66,3784409000.0,1242551000.0,1978
2016-04-21,'002723,金莱特,19.76,20.47,19.6,20.24,20.24,-0.48,-2.3715,2.6234,1608151,32281161.65,3689192000.0,1211288000.0,2416
2016-04-20,'002723,金莱特,20.24,22.08,19.89,21.85,22.0,-1.76,-8.0,7.3571,4509901,93872917.07,3778808000.0,1240712000.0,5218
2016-04-19,'002723,金莱特,22.0,22.34,21.7,22.34,22.08,-0.08,-0.3623,3.104,1902754,41792926.82,4107400000.0,1348600000.0,2379
2016-04-18,'002723,金莱特,22.08,22.16,21.61,22.13,22.35,-0.27,-1.2081,4.1933,2570498,56243192.66,4122336000.0,1353504000.0,3069
2016-04-15,'002723,金莱特,22.35,22.5,21.38,21.65,21.5,0.85,3.9535,7.4232,4550420,100208926.56,4172745000.0,1370055000.0,5585
2016-04-14,'002723,金莱特,21.5,21.53,21.05,21.25,21.21,0.29,1.3673,3.8107,2335961,49797303.45,4014050000.0,1317950000.0,2870
2016-04-13,'002723,金莱特,21.21,21.78,21.1,21.1,21.1,0.11,0.5213,4.2878,2628395,56438496.65,3959907000.0,1300173000.0,3305
2016-04-12,'002723,金莱特,21.1,21.84,20.85,21.7,21.8,-0.7,-3.211,3.8979,2389407,50741149.62,3939370000.0,1293430000.0,3426
2016-04-11,'002723,金莱特,21.8,21.98,21.19,21.19,21.17,0.63,2.9759,4.865,2982243,64607410.77,4070060000.0,1336340000.0,3988
2016-04-08,'002723,金莱特,21.17,21.93,20.56,21.01,21.45,-0.28,-1.3054,5.6176,3443619,72748628.45,3952439000.0,1297721000.0,4487
2016-04-07,'002723,金莱特,21.45,22.29,20.76,21.15,21.15,0.3,1.4184,8.8043,5397065,116782496.15,4004715000.0,1314885000.0,7040
2016-04-06,'002723,金莱特,21.15,21.45,20.61,20.8,21.26,-0.11,-0.5174,5.1763,3173093,66748940.68,3948705000.0,1296495000.0,4551
2016-04-05,'002723,金莱特,21.26,21.5,20.01,20.01,20.1,1.16,5.7711,7.2902,4468923,93957780.86,3969242000.0,1303238000.0,5848
2016-04-01,'002723,金莱特,20.1,20.1,19.36,19.84,19.84,0.26,1.3105,3.2386,1985284,39354550.0,3752670000.0,1232130000.0,2867
2016-03-31,'002723,金莱特,19.84,20.14,19.8,19.89,19.95,-0.11,-0.5514,3.8185,2340723,46719903.5,3704128000.0,1216192000.0,3072
2016-03-30,'002723,金莱特,19.95,19.95,19.1,19.3,18.99,0.96,5.0553,3.851,2360689,45956266.51,3724665000.0,1222935000.0,3553
2016-03-29,'002723,金莱特,18.99,19.97,18.74,19.97,19.81,-0.82,-4.1393,4.0525,2484180,47642873.57,3545433000.0,1164087000.0,3726
2016-03-28,'002723,金莱特,19.81,20.74,19.7,20.74,20.13,-0.32,-1.5897,4.6292,2837727,57302698.79,3698527000.0,1214353000.0,3884
2016-03-25,'002723,金莱特,20.13,20.28,19.58,19.58,20.0,0.13,0.65,4.2544,2607971,51906107.58,3758271000.0,1233969000.0,3898
2016-03-24,'002723,金莱特,20.0,20.92,19.77,20.0,20.32,-0.32,-1.5748,7.6116,4665914,95201476.31,3734000000.0,1226000000.0,6919
2016-03-23,'002723,金莱特,20.32,20.61,19.8,20.1,20.59,-0.27,-1.3113,7.9871,4896087,98470299.21,3793744000.0,1245616000.0,6404
2016-03-22,'002723,金莱特,20.59,21.35,19.07,19.21,19.41,1.18,6.0793,12.7024,7786591,161650310.31,3844153000.0,1262167000.0,9366
2016-03-21,'002723,金莱特,19.41,19.6,18.9,19.57,19.2,0.21,1.0938,8.349,5117923,98785451.14,3623847000.0,1189833000.0,6021
2016-03-18,'002723,金莱特,19.2,20.1,18.74,18.79,19.03,0.17,0.8933,13.5883,8329655,161933506.16,3584640000.0,1176960000.0,10276
2016-03-17,'002723,金莱特,19.03,19.33,17.0,17.18,17.65,1.38,7.8187,17.4131,10674208,193710111.92,3552901000.0,1166539000.0,11118
2016-03-16,'002723,金莱特,17.65,18.37,17.0,17.15,16.7,0.95,5.6886,14.9698,9176475,165377874.76,3295255000.0,1081945000.0,9937
2016-03-15,'002723,金莱特,16.7,17.0,16.53,17.0,17.04,-0.34,-1.9953,3.1249,1915572,32179097.43,3117890000.0,1023710000.0,2544
2016-03-14,'002723,金莱特,17.04,17.16,16.2,16.36,16.14,0.9,5.5762,5.4689,3352421,56365777.23,3181368000.0,1044552000.0,4699
2016-03-11,'002723,金莱特,16.14,16.28,15.51,15.57,15.88,0.26,1.6373,2.5501,1563227,24887583.95,3013338000.0,989382000.0,2022
2016-03-10,'002723,金莱特,15.88,16.44,15.83,16.16,16.15,-0.27,-1.6718,2.292,1404995,22666404.28,2964796000.0,973444000.0,1921
2016-03-09,'002723,金莱特,16.15,16.38,15.69,16.28,16.65,-0.5,-3.003,2.7528,1687478,27218158.79,3015205000.0,989995000.0,2353
2016-03-08,'002723,金莱特,16.65,16.67,15.62,16.34,16.38,0.27,1.6484,4.2966,2633831,42527283.08,3108555000.0,1020645000.0,3374
2016-03-07,'002723,金莱特,16.38,16.4,15.74,15.74,15.62,0.76,4.8656,4.0046,2454817,39748608.79,3058146000.0,1004094000.0,3046
2016-03-04,'002723,金莱特,15.62,16.48,15.26,16.38,16.47,-0.85,-5.1609,4.0068,2456143,39172194.08,2916254000.0,957506000.0,3128
2016-03-03,'002723,金莱特,16.47,17.0,16.26,16.45,16.42,0.05,0.3045,4.5013,2759298,45831771.15,3074949000.0,1009611000.0,3385
2016-03-02,'002723,金莱特,16.42,16.5,15.55,15.56,15.65,0.77,4.9201,5.0191,3076719,49330923.92,3065614000.0,1006546000.0,3490
2016-03-01,'002723,金莱特,15.65,15.87,15.0,15.26,15.16,0.49,3.2322,4.4684,2739102,41928619.5,2921855000.0,959345000.0,3304
2016-02-29,'002723,金莱特,15.16,16.65,15.05,16.65,16.72,-1.56,-9.3301,5.1283,3143669,48293842.35,2830372000.0,929308000.0,3770
2016-02-26,'002723,金莱特,16.72,17.58,15.94,17.58,16.57,0.15,0.9053,4.7705,2924298,48784598.54,3121624000.0,1024936000.0,3510
2016-02-25,'002723,金莱特,16.57,18.48,16.57,18.46,18.41,-1.84,-9.9946,5.4804,3359489,58325067.54,3093619000.0,1015741000.0,4607
2016-02-24,'002723,金莱特,18.41,18.57,17.86,18.15,18.27,0.14,0.7663,4.0986,2512455,45762562.8,3437147000.0,1128533000.0,3221
2016-02-23,'002723,金莱特,18.27,18.8,17.92,18.8,18.79,-0.52,-2.7674,4.8211,2955349,54287147.72,3411009000.0,1119951000.0,3830
2016-02-22,'002723,金莱特,18.79,18.94,18.41,18.66,18.5,0.29,1.5676,5.5838,3422861,64028325.0,3508093000.0,1151827000.0,4278
2016-02-19,'002723,金莱特,18.5,18.5,17.86,18.2,18.61,-0.11,-0.5911,7.6641,4698103,85243698.76,3453950000.0,1134050000.0,5288
2016-02-18,'002723,金莱特,18.61,19.48,17.72,17.77,17.71,0.9,5.0819,12.6403,7748533,147181576.4,3474487000.0,1140793000.0,7496
2016-02-17,'002723,金莱特,17.71,17.8,17.16,17.72,17.72,-0.01,-0.0564,5.1324,3146132,54985624.2,3306457000.0,1085623000.0,4013
2016-02-16,'002723,金莱特,17.72,17.9,17.08,17.09,16.98,0.74,4.3581,4.0879,2505890,44138709.07,3308324000.0,1086236000.0,3075
2016-02-15,'002723,金莱特,16.98,17.3,16.0,16.37,16.76,0.22,1.3126,3.7918,2324373,39158978.65,3170166000.0,1040874000.0,2867
2016-02-05,'002723,金莱特,16.76,17.27,16.76,16.91,17.04,-0.28,-1.6432,2.839,1740322,29473953.57,3129092000.0,1027388000.0,2486
2016-02-04,'002723,金莱特,17.04,17.25,16.5,16.66,16.75,0.29,1.7313,3.289,2016137,34393310.99,3181368000.0,1044552000.0,2620
2016-02-03,'002723,金莱特,16.75,16.85,16.0,16.28,16.46,0.29,1.7618,2.7806,1704527,27900074.71,3127225000.0,1026775000.0,2460
2016-02-02,'002723,金莱特,16.46,16.55,15.51,15.51,15.51,0.95,6.1251,5.119,3137971,50779921.89,3073082000.0,1008998000.0,3516
2016-02-01,'002723,金莱特,15.51,15.63,14.97,15.04,15.3,0.21,1.3725,3.8672,2370605,36456482.61,2895717000.0,950763000.0,2745
2016-01-29,'002723,金莱特,15.3,15.69,14.42,14.45,14.6,0.7,4.7945,4.8276,2959301,44669491.73,2856510000.0,937890000.0,3658
2016-01-28,'002723,金莱特,14.6,16.18,14.6,15.98,16.22,-1.62,-9.9877,4.343,2662248,41066439.02,2725820000.0,894980000.0,3304
2016-01-27,'002723,金莱特,16.22,16.78,15.06,16.78,15.99,0.23,1.4384,6.0604,3715018,58837805.87,3028274000.0,994286000.0,3776
2016-01-26,'002723,金莱特,15.99,17.35,15.88,17.25,17.36,-1.37,-7.8917,6.014,3686565,62035529.62,2985333000.0,980187000.0,4361
2016-01-25,'002723,金莱特,17.36,17.5,16.8,17.02,16.77,0.59,3.5182,4.2332,2594947,44665024.23,3241112000.0,1064168000.0,3409
2016-01-22,'002723,金莱特,16.77,17.0,15.91,16.63,16.43,0.34,2.0694,5.5275,3388334,56069768.75,3130959000.0,1028001000.0,4144
2016-01-21,'002723,金莱特,16.43,17.82,16.43,17.04,17.67,-1.24,-7.0175,6.1633,3778118,65058894.67,3067481000.0,1007159000.0,4710
2016-01-20,'002723,金莱特,17.67,17.93,17.0,17.08,17.34,0.33,1.9031,7.1063,4356167,76364620.43,3298989000.0,1083171000.0,5381
2016-01-19,'002723,金莱特,17.34,17.4,16.34,16.57,16.57,0.77,4.647,6.1826,3789933,64009004.34,3237378000.0,1062942000.0,4958
2016-01-18,'002723,金莱特,16.57,16.81,15.3,15.7,16.0,0.57,3.5625,5.3547,3282442,53522772.32,3093619000.0,1015741000.0,4113
2016-01-15,'002723,金莱特,16.0,16.94,15.8,16.2,16.39,-0.39,-2.3795,7.5847,4649423,75990266.35,2987200000.0,980800000.0,5808
2016-01-14,'002723,金莱特,16.39,16.39,14.5,14.75,15.48,0.91,5.8786,7.9127,4850478,74991908.11,3060013000.0,1004707000.0,5497
2016-01-13,'002723,金莱特,15.48,16.95,15.3,16.6,16.41,-0.93,-5.6673,6.1127,3747057,61517334.5,2890116000.0,948924000.0,4373
2016-01-12,'002723,金莱特,16.41,17.45,15.8,17.23,17.23,-0.82,-4.7591,7.9865,4895753,80995054.22,3063747000.0,1005933000.0,4926
2016-01-11,'002723,金莱特,17.23,19.09,17.23,19.09,19.14,-1.91,-9.9791,4.9499,3034265,54383710.5,3216841000.0,1056199000.0,4029
2016-01-08,'002723,金莱特,19.14,20.3,17.5,19.78,19.31,-0.17,-0.8804,5.8545,3588809,68575309.46,3573438000.0,1173282000.0,5128
2016-01-07,'002723,金莱特,19.31,20.87,19.31,20.5,21.45,-2.14,-9.9767,1.4347,879500,17535916.0,3605177000.0,1183703000.0,1262
2016-01-06,'002723,金莱特,21.45,21.58,20.55,21.1,20.9,0.55,2.6316,4.8903,2997767,63464683.09,4004715000.0,1314885000.0,4764
2016-01-05,'002723,金莱特,20.9,22.19,20.41,20.41,22.68,-1.78,-7.8483,8.3005,5088185,107913023.57,3902030000.0,1281170000.0,7162
2016-01-04,'002723,金莱特,22.68,25.0,22.68,25.0,25.2,-2.52,-10.0,7.0802,4340149,102081926.36,4234356000.0,1390284000.0,6097
