日期,股票代码,名称,收盘价,最高价,最低价,开盘价,前收盘,涨跌额,涨跌幅,换手率,成交量,成交金额,总市值,流通市值,成交笔数
2016-10-12,'000719,大地传媒,0.0,0.0,0.0,0.0,11.06,None,None,0.0,0,0.0,11316633463.9,7378651825.58,0
2016-10-11,'000719,大地传媒,0.0,0.0,0.0,0.0,11.06,None,None,0.0,0,0.0,11316633463.9,7378651825.58,0
2016-10-10,'000719,大地传媒,0.0,0.0,0.0,0.0,11.06,None,None,0.0,0,0.0,11316633463.9,7378651825.58,0
2016-09-30,'000719,大地传媒,0.0,0.0,0.0,0.0,11.06,None,None,0.0,0,0.0,11316633463.9,7378651825.58,0
2016-09-29,'000719,大地传媒,0.0,0.0,0.0,0.0,11.06,None,None,0.0,0,0.0,11316633463.9,7378651825.58,0
2016-09-28,'000719,大地传媒,0.0,0.0,0.0,0.0,11.06,None,None,0.0,0,0.0,11316633463.9,7378651825.58,0
2016-09-27,'000719,大地传媒,0.0,0.0,0.0,0.0,11.06,None,None,0.0,0,0.0,11316633463.9,7378651825.58,0
2016-09-26,'000719,大地传媒,0.0,0.0,0.0,0.0,11.06,None,None,0.0,0,0.0,11316633463.9,7378651825.58,0
2016-09-23,'000719,大地传媒,0.0,0.0,0.0,0.0,11.06,None,None,0.0,0,0.0,11316633463.9,7378651825.58,0
2016-09-22,'000719,大地传媒,0.0,0.0,0.0,0.0,11.06,None,None,0.0,0,0.0,11316633463.9,7378651825.58,0
2016-09-21,'000719,大地传媒,0.0,0.0,0.0,0.0,11.06,None,None,0.0,0,0.0,11316633463.9,7378651825.58,0
2016-09-20,'000719,大地传媒,11.06,11.15,11.03,11.15,11.13,-0.07,-0.6289,0.1847,1232124,13641752.97,11316633463.9,7378651825.58,756
2016-09-19,'000719,大地传媒,11.13,11.14,11.01,11.05,11.05,0.08,0.724,0.5902,3937655,43546527.76,11388257726.4,7425352153.59,1929
2016-09-14,'000719,大地传媒,11.05,11.09,10.91,11.02,11.04,0.01,0.0906,0.3684,2457907,27035714.24,11306401426.5,7371980350.15,1624
2016-09-13,'000719,大地传媒,11.04,11.08,10.98,11.03,10.97,0.07,0.6381,0.3069,2047722,22577251.55,11296169389.0,7365308874.72,1489
2016-09-12,'000719,大地传媒,10.97,11.11,10.96,11.06,11.22,-0.25,-2.2282,0.6069,4049011,44703699.99,11224545126.5,7318608546.71,2657
2016-09-09,'000719,大地传媒,11.22,11.43,11.2,11.4,11.4,-0.18,-1.5789,0.7799,5202923,58821217.05,11480346063.8,7485395432.46,2743
2016-09-08,'000719,大地传媒,11.4,11.5,11.31,11.35,11.32,0.08,0.7067,0.7564,5046115,57566682.77,11664522738.6,7605481990.2,3247
2016-09-07,'000719,大地传媒,11.32,11.44,11.25,11.28,11.3,0.02,0.177,1.1922,7953782,90422476.11,11582666438.7,7552110186.76,4678
2016-09-06,'000719,大地传媒,11.3,11.32,11.02,11.14,11.13,0.17,1.5274,0.9186,6128349,68490644.29,11562202363.7,7538767235.9,3633
2016-09-05,'000719,大地传媒,11.13,11.18,11.07,11.09,11.08,0.05,0.4513,0.6619,4415881,49094757.65,11388257726.4,7425352153.59,2428
2016-09-02,'000719,大地传媒,11.08,11.19,11.0,11.11,11.12,-0.04,-0.3597,0.9151,6105201,67783094.22,11337097538.9,7391994776.44,3752
2016-09-01,'000719,大地传媒,11.12,11.27,11.12,11.2,11.18,-0.06,-0.5367,0.9873,6586548,73811943.5,11378025688.9,7418680678.16,2872
2016-08-31,'000719,大地传媒,11.18,11.21,11.07,11.19,11.18,0.0,0.0,0.5787,3860650,43007590.25,11439417913.8,7458709530.74,2548
2016-08-30,'000719,大地传媒,11.18,11.35,11.15,11.27,11.26,-0.08,-0.7105,0.7478,4988622,55988959.27,11439417913.8,7458709530.74,2964
2016-08-29,'000719,大地传媒,11.26,11.28,11.16,11.24,11.28,-0.02,-0.1773,0.6256,4173559,46794620.77,11521274213.7,7512081334.18,2801
2016-08-26,'000719,大地传媒,11.28,11.39,11.12,11.2,11.21,0.07,0.6244,0.9526,6355173,71546978.2,11541738288.7,7525424285.04,3614
2016-08-25,'000719,大地传媒,11.21,11.22,11.02,11.18,11.22,-0.01,-0.0891,0.6027,4021104,44709678.29,11470114026.3,7478723957.03,2899
2016-08-24,'000719,大地传媒,11.22,11.34,11.18,11.29,11.29,-0.07,-0.62,0.6444,4298883,48401845.23,11480346063.8,7485395432.46,2626
2016-08-23,'000719,大地传媒,11.29,11.29,11.04,11.05,11.08,0.21,1.8953,0.9509,6343606,71134395.49,11551970326.2,7532095760.47,3818
2016-08-22,'000719,大地传媒,11.08,11.26,11.08,11.18,11.15,-0.07,-0.6278,0.632,4216065,47079068.48,11337097538.9,7391994776.44,2586
2016-08-19,'000719,大地传媒,11.15,11.2,11.11,11.13,11.17,-0.02,-0.1791,0.4716,3146505,35078202.02,11408721801.4,7438695104.45,1915
2016-08-18,'000719,大地传媒,11.17,11.24,11.11,11.2,11.2,-0.03,-0.2679,0.6366,4247200,47390449.79,11429185876.3,7452038055.31,2589
2016-08-17,'000719,大地传媒,11.2,11.28,11.13,11.15,11.13,0.07,0.6289,0.7459,4976235,55755000.96,11459881988.8,7472052481.6,3048
2016-08-16,'000719,大地传媒,11.13,11.33,11.11,11.15,11.16,-0.03,-0.2688,0.862,5751012,64372466.2,11388257726.4,7425352153.59,3261
2016-08-15,'000719,大地传媒,11.16,11.21,10.86,10.88,10.88,0.28,2.5735,1.078,7191853,79793854.73,11418953838.8,7445366579.88,4270
2016-08-12,'000719,大地传媒,10.88,10.89,10.72,10.74,10.75,0.13,1.2093,0.4703,3137636,33895587.58,11132456789.1,7258565267.84,1886
2016-08-11,'000719,大地传媒,10.75,10.99,10.75,10.92,10.96,-0.21,-1.9161,0.5198,3467736,37625554.56,10999440301.8,7171836087.25,2471
2016-08-10,'000719,大地传媒,10.96,11.1,10.86,10.92,10.91,0.05,0.4583,0.6837,4561120,50164067.81,11214313089.0,7311937071.28,3112
2016-08-09,'000719,大地传媒,10.91,10.91,10.79,10.82,10.83,0.08,0.7387,0.4487,2993596,32510576.04,11163152901.6,7278579694.13,2023
2016-08-08,'000719,大地传媒,10.83,10.83,10.61,10.7,10.71,0.12,1.1204,0.5177,3453946,37078724.24,11081296601.7,7225207890.69,2004
2016-08-05,'000719,大地传媒,10.71,10.78,10.68,10.78,10.77,-0.06,-0.5571,0.3645,2431445,26085427.39,10958512151.8,7145150185.53,2148
2016-08-04,'000719,大地传媒,10.77,10.78,10.66,10.72,10.72,0.05,0.4664,0.4585,3059109,32777921.85,11019904376.7,7185179038.11,1718
2016-08-03,'000719,大地传媒,10.72,10.78,10.68,10.77,10.77,-0.05,-0.4643,0.4433,2957253,31767455.89,10968744189.3,7151821660.96,2218
2016-08-02,'000719,大地传媒,10.77,10.8,10.64,10.7,10.71,0.06,0.5602,0.4594,3064923,32948570.89,11019904376.7,7185179038.11,2612
2016-08-01,'000719,大地传媒,10.71,10.74,10.5,10.68,10.72,-0.01,-0.0933,0.6851,4570715,48706627.25,10958512151.8,7145150185.53,3010
2016-07-29,'000719,大地传媒,10.72,10.78,10.64,10.75,10.75,-0.03,-0.2791,0.5094,3398246,36418901.48,10968744189.3,7151821660.96,2937
2016-07-28,'000719,大地传媒,10.75,10.78,10.53,10.66,10.66,0.09,0.8443,0.8421,5618312,59961120.63,10999440301.8,7171836087.25,3476
2016-07-27,'000719,大地传媒,10.66,11.2,10.52,11.15,11.14,-0.48,-4.3088,1.4749,9839632,107104404.98,10907351964.3,7111792808.38,5908
2016-07-26,'000719,大地传媒,11.14,11.16,10.96,11.0,11.03,0.11,0.9973,0.8591,5731364,63511688.0,11398489763.9,7432023629.02,3098
2016-07-25,'000719,大地传媒,11.03,11.15,10.86,10.93,10.95,0.08,0.7306,0.8487,5661877,62354892.11,11285937351.5,7358637399.29,3417
2016-07-22,'000719,大地传媒,10.95,11.11,10.93,11.07,11.09,-0.14,-1.2624,0.6658,4441764,48940400.3,11204081051.5,7305265595.85,3115
2016-07-21,'000719,大地传媒,11.09,11.18,11.04,11.1,11.09,0.0,0.0,0.8445,5634115,62648421.19,11347329576.4,7398666251.87,3527
2016-07-20,'000719,大地传媒,11.09,11.25,11.08,11.11,11.04,0.05,0.4529,1.1349,7571450,84438825.67,11347329576.4,7398666251.87,4067
2016-07-19,'000719,大地传媒,11.04,11.1,10.95,10.98,10.99,0.05,0.455,0.7105,4739972,52268156.1,11296169389.0,7365308874.72,3312
2016-07-18,'000719,大地传媒,10.99,11.11,10.88,11.1,11.15,-0.16,-1.435,1.2941,8633864,94750709.18,11245009201.5,7331951497.57,5336
2016-07-15,'000719,大地传媒,11.15,11.36,11.06,11.36,11.45,-0.3,-2.6201,1.8791,12536636,140072438.73,11408721801.4,7438695104.45,6488
2016-07-14,'000719,大地传媒,11.45,11.55,11.36,11.55,11.57,-0.12,-1.0372,1.0463,6980666,79845378.77,11715682926.0,7638839367.35,4655
2016-07-13,'000719,大地传媒,11.57,11.61,11.3,11.4,11.27,0.3,2.6619,1.6701,11142289,127990907.5,11838467375.9,7718897072.51,7400
2016-07-12,'000719,大地传媒,11.27,11.29,11.06,11.26,11.22,0.05,0.4456,1.1723,7821080,87575430.72,11531506251.2,7518752809.61,4610
2016-07-11,'000719,大地传媒,11.22,11.44,10.92,10.95,10.95,0.27,2.4658,1.5383,10262490,115013955.19,11480346063.8,7485395432.46,6575
2016-07-08,'000719,大地传媒,10.95,11.12,10.84,10.87,10.91,0.04,0.3666,0.9283,6193029,68166396.38,11204081051.5,7305265595.85,4107
2016-07-07,'000719,大地传媒,10.91,10.95,10.82,10.85,10.89,0.02,0.1837,0.8345,5567373,60586532.24,11163152901.6,7278579694.13,3105
2016-07-06,'000719,大地传媒,10.89,10.93,10.72,10.76,10.81,0.08,0.7401,0.8163,5446192,58972449.52,11142688826.6,7265236743.27,3279
2016-07-05,'000719,大地传媒,10.81,10.83,10.7,10.7,10.74,0.07,0.6518,0.9383,6260124,67326081.6,11060832526.7,7211864939.83,3259
2016-07-04,'000719,大地传媒,10.74,10.79,10.5,10.5,10.57,0.17,1.6083,0.9307,6209447,66325680.28,10989208264.3,7165164611.82,3865
2016-07-01,'000719,大地传媒,10.57,10.64,10.53,10.59,10.56,0.01,0.0947,0.6113,4078444,43215937.85,10815263626.9,7051749529.51,2729
2016-06-30,'000719,大地传媒,10.56,10.63,10.52,10.57,10.54,0.02,0.1898,0.6841,4563997,48245039.68,10805031589.4,7045078054.08,2421
2016-06-29,'000719,大地传媒,10.54,10.65,10.52,10.54,10.57,-0.03,-0.2838,0.89,5937911,62768304.84,10784567514.5,7031735103.22,3165
2016-06-28,'000719,大地传媒,10.57,10.59,10.22,10.28,10.35,0.22,2.1256,1.2703,8474463,88156756.99,10815263626.9,7051749529.51,4470
2016-06-27,'000719,大地传媒,10.35,10.35,10.12,10.12,10.18,0.17,1.6699,0.756,5043910,51712148.01,10590158802.1,6904977070.05,2659
2016-06-24,'000719,大地传媒,10.18,10.4,10.07,10.35,10.35,-0.17,-1.6425,0.8118,5415926,55480361.49,10416214164.8,6791561987.74,3141
2016-06-23,'000719,大地传媒,10.35,10.45,10.29,10.41,10.43,-0.08,-0.767,0.5605,3739604,38760003.01,10590158802.1,6904977070.05,2388
2016-06-22,'000719,大地传媒,10.43,10.43,10.24,10.29,10.27,0.16,1.5579,0.6378,4254978,44053375.05,10672015102.1,6958348873.49,2544
2016-06-21,'000719,大地传媒,10.27,10.44,10.21,10.35,10.29,-0.02,-0.1944,0.6926,4620484,47797692.44,10508302502.2,6851605266.61,2910
2016-06-20,'000719,大地传媒,10.29,10.35,10.17,10.32,10.29,0.0,0.0,0.4959,3308639,33896035.12,10528766577.2,6864948217.47,2355
2016-06-17,'000719,大地传媒,10.29,10.43,10.22,10.29,10.25,0.04,0.3902,0.6309,4209340,43516038.86,10528766577.2,6864948217.47,2710
2016-06-16,'000719,大地传媒,10.25,10.46,10.22,10.39,10.44,-0.19,-1.8199,0.7163,4778956,49325588.81,10487838427.2,6838262315.75,2885
2016-06-15,'000719,大地传媒,10.44,10.55,10.1,10.15,10.21,0.23,2.2527,0.9165,6114153,63574256.02,10682247139.6,6965020348.92,3071
2016-06-14,'000719,大地传媒,10.21,10.33,10.14,10.27,10.29,-0.08,-0.7775,0.6122,4084486,41731626.28,10446910277.3,6811576414.03,2608
2016-06-13,'000719,大地传媒,10.29,10.73,10.28,10.65,10.77,-0.48,-4.4568,0.9249,6170174,65047437.26,10528766577.2,6864948217.47,3790
2016-06-08,'000719,大地传媒,10.77,10.86,10.68,10.83,10.83,-0.06,-0.554,0.7735,5160166,55589570.01,11019904376.7,7185179038.11,3257
2016-06-07,'000719,大地传媒,10.83,10.89,10.73,10.86,10.86,-0.03,-0.2762,0.6586,4393888,47458020.13,11081296601.7,7225207890.69,5484
2016-06-06,'000719,大地传媒,10.86,10.93,10.74,10.82,10.81,0.05,0.4625,0.9678,6456943,69953332.89,11111992714.1,7245222316.98,6855
2016-06-03,'000719,大地传媒,10.81,10.86,10.68,10.83,10.82,-0.01,-0.0924,1.0581,7058946,75976452.43,11060832526.7,7211864939.83,4144
2016-06-02,'000719,大地传媒,14.25,14.29,14.02,14.03,14.17,0.08,0.5646,1.3456,6905317,97797971.96,11215887249.8,7312963456.5,6822
2016-06-01,'000719,大地传媒,14.17,14.27,14.1,14.15,14.15,0.02,0.1413,0.977,5014036,71133375.19,11152920865.2,7271908223.06,4110
2016-05-31,'000719,大地传媒,14.15,14.22,13.51,13.58,13.53,0.62,4.5824,1.4552,7467993,104066639.62,11137179269.0,7261644414.7,6049
2016-05-30,'000719,大地传媒,13.53,13.67,13.45,13.65,13.61,-0.08,-0.5878,0.6991,3587801,48703540.18,10649189788.7,6943466355.54,5638
2016-05-27,'000719,大地传媒,13.61,13.68,13.48,13.52,13.52,0.09,0.6657,0.4915,2522159,34264362.77,10712156173.3,6984521588.98,4709
2016-05-26,'000719,大地传媒,13.52,13.59,13.34,13.5,13.51,0.01,0.074,0.7482,3839477,51619609.27,10641318990.6,6938334451.36,5276
2016-05-25,'000719,大地传媒,13.51,13.77,13.48,13.64,13.59,-0.08,-0.5887,0.4881,2504939,34118599.61,10633448192.6,6933202547.18,4631
2016-05-24,'000719,大地传媒,13.59,13.74,13.45,13.74,13.72,-0.13,-0.9475,0.5329,2734590,37031896.22,10696414577.1,6974257780.62,7047
2016-05-23,'000719,大地传媒,13.72,13.83,13.62,13.7,13.68,0.04,0.2924,0.592,3038220,41760832.56,10798734952.0,7040972534.96,2703
2016-05-20,'000719,大地传媒,13.68,13.69,13.29,13.34,13.47,0.21,1.559,0.5412,2777631,37691075.37,10767251759.8,7020444918.24,2309
2016-05-19,'000719,大地传媒,13.47,13.73,13.01,13.01,13.47,0.0,0.0,0.7061,3623560,49225119.24,10601965000.3,6912674930.46,3223
2016-05-18,'000719,大地传媒,13.47,13.68,13.35,13.65,13.75,-0.28,-2.0364,0.6525,3348749,45259711.08,10601965000.3,6912674930.46,2927
2016-05-17,'000719,大地传媒,13.75,13.87,13.59,13.85,13.84,-0.09,-0.6503,0.7916,4062568,55733502.26,10822347346.2,7056368247.5,3171
2016-05-16,'000719,大地传媒,13.84,13.86,13.59,13.62,13.65,0.19,1.3919,0.6407,3287947,45084639.96,10893184528.9,7102555385.12,2733
2016-05-13,'000719,大地传媒,13.65,13.96,13.58,13.81,13.81,-0.16,-1.1586,0.6956,3569937,49065373.34,10743639365.5,7005049205.7,2862
2016-05-12,'000719,大地传媒,13.81,13.88,13.55,13.7,13.84,-0.03,-0.2168,0.7183,3686437,50490732.69,10869572134.7,7087159672.58,3025
2016-05-11,'000719,大地传媒,13.84,14.12,13.83,13.96,13.88,-0.04,-0.2882,0.7023,3604157,50342007.48,10893184528.9,7102555385.12,2989
2016-05-10,'000719,大地传媒,13.88,14.05,13.8,14.01,13.95,-0.07,-0.5018,0.5231,2684594,37363217.59,10924667721.2,7123083001.84,2404
2016-05-09,'000719,大地传媒,13.95,14.48,13.88,14.43,14.5,-0.55,-3.7931,0.9076,4657604,66075380.38,10979763307.6,7159006331.1,4407
2016-05-06,'000719,大地传媒,14.5,15.16,14.47,15.09,15.13,-0.63,-4.1639,1.222,6271077,92755795.64,11412657201.5,7441261061.0,4737
2016-05-05,'000719,大地传媒,15.13,15.15,14.86,14.96,14.98,0.15,1.0013,0.8676,4452191,66712212.25,11908517479.9,7764571024.34,3275
2016-05-04,'000719,大地传媒,14.98,15.06,14.8,14.81,14.95,0.03,0.2007,1.0802,5543336,82855085.42,11790455508.9,7687592461.64,4645
2016-05-03,'000719,大地传媒,14.95,14.99,14.47,14.53,14.49,0.46,3.1746,1.3658,7009016,103729649.39,11766843114.6,7672196749.1,6478
2016-04-29,'000719,大地传媒,14.49,14.72,14.42,14.6,14.72,-0.23,-1.5625,0.99,5080462,73957597.62,11404786403.4,7436129156.82,4151
2016-04-28,'000719,大地传媒,14.72,14.77,14.38,14.56,14.59,0.13,0.891,0.919,4716231,68870924.38,11585814759.0,7554162952.96,3727
2016-04-27,'000719,大地传媒,14.59,14.82,14.52,14.63,14.68,-0.09,-0.6131,0.6454,3311952,48647399.81,11483494384.1,7487448198.62,3033
2016-04-26,'000719,大地传媒,14.68,14.68,14.44,14.46,14.51,0.17,1.1716,0.6238,3201512,46572784.23,11554331566.8,7533635336.24,3205
2016-04-25,'000719,大地传媒,14.51,14.62,14.26,14.62,14.67,-0.16,-1.0907,0.6204,3183601,45841705.24,11420527999.6,7446392965.18,3221
2016-04-22,'000719,大地传媒,14.67,14.76,14.39,14.52,14.65,0.02,0.1365,0.7346,3770114,54882201.13,11546460768.7,7528503432.06,6482
2016-04-21,'000719,大地传媒,14.65,14.98,14.58,14.86,14.9,-0.25,-1.6779,0.874,4485207,66388801.46,11530719172.5,7518239623.7,3942
2016-04-20,'000719,大地传媒,14.9,15.8,14.61,15.7,15.7,-0.8,-5.0955,1.4068,7219766,109236291.55,11727489124.3,7646537228.2,5989
2016-04-19,'000719,大地传媒,15.7,15.79,15.49,15.79,15.62,0.08,0.5122,0.8038,4125280,64441812.72,12357152969.9,8057089562.6,3212
2016-04-18,'000719,大地传媒,15.62,15.86,15.51,15.83,15.93,-0.31,-1.946,0.927,4757425,74423107.69,12294186585.3,8016034329.16,4858
2016-04-15,'000719,大地传媒,15.93,16.06,15.75,16.05,15.98,-0.05,-0.3129,0.9692,4974029,79041908.31,12538181325.5,8175123358.74,5133
2016-04-14,'000719,大地传媒,15.98,16.0,15.72,15.8,15.7,0.28,1.7834,1.195,6132754,97340273.1,12577535315.9,8200782879.64,4977
2016-04-13,'000719,大地传媒,15.7,16.04,15.62,15.71,15.58,0.12,0.7702,1.7662,9064169,143642530.64,12357152969.9,8057089562.6,7328
2016-04-12,'000719,大地传媒,15.58,15.97,15.4,15.91,15.73,-0.15,-0.9536,1.3512,6934210,108305018.57,12262703393.1,7995506712.44,5736
2016-04-11,'000719,大地传媒,15.73,15.78,15.18,15.18,15.08,0.65,4.3103,1.3663,7011779,108778992.31,12380765364.1,8072485275.14,5730
2016-04-08,'000719,大地传媒,15.08,15.24,14.9,15.1,15.2,-0.12,-0.7895,0.944,4844760,72895754.96,11869163489.6,7738911503.44,3831
2016-04-07,'000719,大地传媒,15.2,15.76,15.13,15.66,15.61,-0.41,-2.6265,1.2151,6235696,95744308.79,11963613066.4,7800494353.6,5026
2016-04-06,'000719,大地传媒,15.61,15.84,15.36,15.45,15.5,0.11,0.7097,1.4148,7260778,113288670.58,12286315787.3,8010902424.98,5837
2016-04-05,'000719,大地传媒,15.5,15.63,14.96,15.0,15.03,0.47,3.1271,1.5702,8058062,123772399.25,12199737008.5,7954451479.0,6191
2016-04-01,'000719,大地传媒,15.03,15.19,14.73,15.06,15.16,-0.13,-0.8575,0.9005,4621120,69148316.56,11829809499.2,7713251982.54,4487
2016-03-31,'000719,大地传媒,15.16,15.39,15.06,15.07,15.03,0.13,0.8649,1.4137,7254994,110507186.06,11932129874.1,7779966736.88,5749
2016-03-30,'000719,大地传媒,15.03,15.04,14.64,14.64,14.52,0.51,3.5124,0.7758,3981096,59095272.99,11829809499.2,7713251982.54,4014
2016-03-29,'000719,大地传媒,14.52,14.85,14.43,14.81,14.78,-0.26,-1.7591,0.9025,4631708,67667866.79,11428398797.6,7451524869.36,3969
2016-03-28,'000719,大地传媒,14.78,15.2,14.72,15.01,14.97,-0.19,-1.2692,1.0637,5458991,82039962.32,11633039547.5,7584954378.04,4659
2016-03-25,'000719,大地传媒,14.97,15.08,14.79,14.8,14.88,0.09,0.6048,0.7453,3824672,57052648.95,11782584710.8,7682460557.46,3542
2016-03-24,'000719,大地传媒,14.88,15.16,14.88,15.08,15.23,-0.35,-2.2981,0.9756,5006737,75270393.24,11711747528.2,7636273419.84,4514
2016-03-23,'000719,大地传媒,15.23,15.24,15.05,15.07,15.15,0.08,0.5281,1.0506,5391412,81674085.77,11987225460.6,7815890066.14,4606
2016-03-22,'000719,大地传媒,15.15,15.44,15.01,15.1,15.24,-0.09,-0.5906,1.445,7415455,113007708.34,11924259076.0,7774834832.7,5607
2016-03-21,'000719,大地传媒,15.24,15.4,14.9,15.33,15.15,0.09,0.5941,2.5365,13017109,197278686.42,11995096258.7,7821021970.32,7477
2016-03-18,'000719,大地传媒,15.15,15.2,14.56,14.66,14.6,0.55,3.7671,1.4481,7431440,111465823.82,11924259076.0,7774834832.7,6439
2016-03-17,'000719,大地传媒,14.6,14.79,13.93,13.93,14.05,0.55,3.9146,1.1101,5696738,82154116.63,11491365182.2,7492580102.8,5425
2016-03-16,'000719,大地传媒,14.05,14.45,13.91,14.31,14.24,-0.19,-1.3343,0.6205,3184373,44913262.52,11058471288.4,7210325372.9,2878
2016-03-15,'000719,大地传媒,14.24,14.53,14.08,14.37,14.21,0.03,0.2111,0.8349,4284472,61340128.09,11208016451.7,7307831552.32,3473
2016-03-14,'000719,大地传媒,14.21,14.48,13.84,13.94,13.74,0.47,3.4207,1.0438,5356713,76343480.76,11184404057.5,7292435839.78,4444
2016-03-11,'000719,大地传媒,13.74,13.82,13.53,13.56,13.7,0.04,0.292,0.5929,3042840,41579514.7,10814476548.2,7051236343.32,2665
2016-03-10,'000719,大地传媒,13.7,14.06,13.56,13.88,13.96,-0.26,-1.8625,0.5331,2736014,37872102.62,10782993355.9,7030708726.6,2685
2016-03-09,'000719,大地传媒,13.96,14.11,13.67,13.9,14.18,-0.22,-1.5515,0.5483,2814061,39120986.02,10987634105.7,7164138235.28,2567
2016-03-08,'000719,大地传媒,14.18,14.19,13.31,13.94,13.99,0.19,1.3581,1.0735,5509164,75791107.24,11160791663.3,7277040127.24,4825
2016-03-07,'000719,大地传媒,13.99,14.17,13.76,13.87,13.71,0.28,2.0423,0.8386,4303613,60309128.77,11011246499.9,7179533947.82,4777
2016-03-04,'000719,大地传媒,13.71,14.16,13.58,14.06,14.15,-0.44,-3.1095,0.8631,4429176,61446358.28,10790864154.0,7035840630.78,4208
2016-03-03,'000719,大地传媒,14.15,14.4,14.01,14.15,14.15,0.0,0.0,1.0093,5179655,73782480.56,11137179269.0,7261644414.7,3649
2016-03-02,'000719,大地传媒,14.15,14.27,13.48,13.58,13.53,0.62,4.5824,1.1933,6124137,85071717.42,11137179269.0,7261644414.7,4527
2016-03-01,'000719,大地传媒,13.53,13.64,13.08,13.19,13.21,0.32,2.4224,1.2108,6213670,82931258.85,10649189788.7,6943466355.54,4422
2016-02-29,'000719,大地传媒,13.21,14.09,12.98,14.09,14.16,-0.95,-6.709,1.0996,5643211,75594762.77,10397324250.5,6779245421.78,4647
2016-02-26,'000719,大地传媒,14.16,14.43,13.87,14.09,13.81,0.35,2.5344,0.8311,4265368,60096998.07,11145050067.1,7266776318.88,3702
2016-02-25,'000719,大地传媒,13.81,15.31,13.77,15.28,15.3,-1.49,-9.7386,1.361,6984651,101755367.95,10869572134.7,7087159672.58,4903
2016-02-24,'000719,大地传媒,15.3,15.42,14.97,15.19,15.3,0.0,0.0,0.7081,3634115,55153369.21,12042321047.1,7851813395.4,4367
2016-02-23,'000719,大地传媒,15.3,15.65,15.1,15.4,15.38,-0.08,-0.5202,1.1672,5990085,92407937.27,12042321047.1,7851813395.4,4596
2016-02-22,'000719,大地传媒,15.38,15.45,15.15,15.34,15.05,0.33,2.1927,1.1295,5796252,88835067.65,12105287431.7,7892868628.84,4283
2016-02-19,'000719,大地传媒,15.05,15.23,14.73,15.04,15.06,-0.01,-0.0664,0.769,3946280,59352006.12,11845551095.4,7723515790.9,3122
2016-02-18,'000719,大地传媒,15.06,15.44,15.0,15.12,15.11,-0.05,-0.3309,1.0381,5327654,80876586.62,11853421893.4,7728647695.08,4007
2016-02-17,'000719,大地传媒,15.11,15.2,14.72,15.05,15.08,0.03,0.1989,1.0668,5474878,81888216.33,11892775883.8,7754307215.98,4769
2016-02-16,'000719,大地传媒,15.08,15.08,14.4,14.45,14.33,0.75,5.2338,1.1959,6137064,90699823.91,11869163489.6,7738911503.44,4373
2016-02-15,'000719,大地传媒,14.33,14.56,13.51,14.0,14.46,-0.13,-0.899,0.6323,3244706,45890127.21,11278853634.3,7354018689.94,2811
2016-02-05,'000719,大地传媒,14.46,14.93,14.44,14.48,14.48,-0.02,-0.1381,0.6199,3181040,46421296.3,11381174009.2,7420733444.28,3321
2016-02-04,'000719,大地传媒,14.48,14.65,14.33,14.35,14.27,0.21,1.4716,0.7245,3717978,53963438.23,11396915605.4,7430997252.64,3269
2016-02-03,'000719,大地传媒,14.27,14.42,13.9,14.21,14.4,-0.13,-0.9028,0.7634,3917672,55385726.99,11231628845.9,7323227264.86,3850
2016-02-02,'000719,大地传媒,14.4,14.55,13.91,14.02,14.06,0.34,2.4182,0.6975,3579287,51420058.17,11333949220.8,7389942019.2,3943
2016-02-01,'000719,大地传媒,14.06,14.34,13.65,13.84,13.73,0.33,2.4035,0.9031,4634585,65141963.99,11066342086.4,7215457277.08,4282
2016-01-29,'000719,大地传媒,13.73,13.93,13.17,13.21,13.05,0.68,5.2107,0.7518,3858034,52271001.22,10806605750.1,7046104439.14,4049
2016-01-28,'000719,大地传媒,13.05,14.32,13.05,14.1,14.04,-0.99,-7.0513,0.8817,4524675,62321056.95,10271391481.4,6697134954.9,3561
2016-01-27,'000719,大地传媒,14.04,14.59,13.7,14.3,14.21,-0.17,-1.1963,0.7209,3699422,52286938.34,11050600490.3,7205193468.72,4139
2016-01-26,'000719,大地传媒,14.21,15.55,14.15,15.51,15.67,-1.46,-9.3172,0.6634,3404440,51062268.94,11184404057.5,7292435839.78,3599
2016-01-25,'000719,大地传媒,15.67,15.95,15.55,15.8,15.59,0.08,0.5131,0.5282,2710565,42703067.12,12333540575.7,8041693850.06,3225
2016-01-22,'000719,大地传媒,15.59,15.74,15.06,15.39,15.17,0.42,2.7686,0.5346,2743721,42261796.55,12270574191.1,8000638616.62,2736
2016-01-21,'000719,大地传媒,15.17,15.89,15.17,15.46,15.7,-0.53,-3.3758,0.6717,3446886,53598808.59,11940000672.2,7785098641.06,3371
2016-01-20,'000719,大地传媒,15.7,16.13,15.53,15.98,16.08,-0.38,-2.3632,0.7316,3754383,59431046.99,12357152969.9,8057089562.6,3733
2016-01-19,'000719,大地传媒,16.08,16.14,15.25,15.59,15.47,0.61,3.9431,0.7125,3656556,57856339.26,12656243296.6,8252101921.44,3489
2016-01-18,'000719,大地传媒,15.47,15.72,15.0,15.1,15.3,0.17,1.1111,0.7426,3811107,58669777.95,12176124614.3,7939055766.46,3795
2016-01-15,'000719,大地传媒,15.3,16.22,15.18,16.02,16.21,-0.91,-5.6138,0.7713,3958142,61897320.25,12042321047.1,7851813395.4,4036
2016-01-14,'000719,大地传媒,16.21,16.3,15.2,15.2,15.81,0.4,2.53,0.7768,3986418,62770867.75,12758563671.5,8318816675.78,3664
2016-01-13,'000719,大地传媒,15.81,16.5,15.73,16.26,16.23,-0.42,-2.5878,0.7614,3907410,63297634.99,12443731748.7,8113540508.58,3420
2016-01-12,'000719,大地传媒,16.23,16.51,15.78,16.3,16.1,0.13,0.8075,0.7262,3726900,60430265.38,12774305267.6,8329080484.14,3951
2016-01-11,'000719,大地传媒,16.1,17.36,16.07,16.98,17.25,-1.15,-6.6667,0.7594,3897043,65567090.34,12671984892.7,8262365729.8,4720
2016-01-08,'000719,大地传媒,17.25,17.58,16.5,17.2,16.83,0.42,2.4955,0.7438,3816864,65526805.49,13577126670.8,8852534710.5,4727
2016-01-07,'000719,大地传媒,16.83,18.35,16.75,18.35,18.6,-1.77,-9.5161,0.1925,988000,17311696.46,13246553151.8,8636994734.94,809
2016-01-06,'000719,大地传媒,18.6,18.8,18.1,18.1,18.09,0.51,2.8192,0.8698,4463555,82314600.14,14639684410.2,9545341774.8,4694
2016-01-05,'000719,大地传媒,18.09,18.4,17.51,17.69,18.42,-0.33,-1.7915,1.0715,5498814,99130846.69,14238273708.6,9283614661.62,6078
2016-01-04,'000719,大地传媒,18.42,20.44,18.4,20.44,20.4,-1.98,-9.7059,0.821,4213360,82336212.59,14498010044.9,9452967499.56,4514
