日期,股票代码,名称,收盘价,最高价,最低价,开盘价,前收盘,涨跌额,涨跌幅,换手率,成交量,成交金额,总市值,流通市值,成交笔数
2016-10-12,'000977,浪潮信息,27.15,27.47,26.62,26.7,26.86,0.29,1.0797,2.7069,25978955,705658321.46,27130525685.1,26056554166.8,19349
2016-10-11,'000977,浪潮信息,26.86,27.15,26.71,27.0,26.96,-0.1,-0.3709,2.1393,20531412,552049116.53,26840733698.0,25778233698.7,16714
2016-10-10,'000977,浪潮信息,26.96,27.58,26.31,26.68,26.16,0.8,3.0581,3.9637,38040448,1024536056.49,26940661969.4,25874206273.9,27184
2016-09-30,'000977,浪潮信息,26.16,26.45,25.73,25.83,25.96,0.2,0.7704,1.6105,15455919,404379752.67,26141235798.2,25106425672.3,10536
2016-09-29,'000977,浪潮信息,25.96,26.36,25.83,25.89,25.89,0.07,0.2704,1.5172,14561333,380151983.14,25941379255.4,24914480521.9,11459
2016-09-28,'000977,浪潮信息,25.89,26.49,25.82,26.49,26.53,-0.64,-2.4124,2.0517,19690868,513062716.15,25871429465.5,24847299719.3,14529
2016-09-27,'000977,浪潮信息,26.53,26.53,25.85,26.02,26.05,0.48,1.8426,2.5705,24670138,645857047.33,26510970402.4,25461524200.6,17492
2016-09-26,'000977,浪潮信息,26.05,27.39,25.92,27.1,27.1,-1.05,-3.8745,3.6957,35468325,941067457.83,26031314699.7,25000855839.6,26571
2016-09-23,'000977,浪潮信息,27.1,27.78,26.49,26.59,26.55,0.55,2.0716,4.8502,46548904,1267272906.01,27080561549.4,26008567879.2,39979
2016-09-22,'000977,浪潮信息,26.55,26.74,26.2,26.53,26.33,0.22,0.8355,3.1454,30187088,798311778.04,26530956056.7,25480718715.6,21102
2016-09-21,'000977,浪潮信息,26.33,26.87,25.03,25.32,25.4,0.93,3.6614,4.6492,44619189,1162629559.02,26311113859.6,25269579050.2,32815
2016-09-20,'000977,浪潮信息,25.4,25.87,25.1,25.26,25.25,0.15,0.5941,2.2553,21644730,552851907.69,25381780935.6,24377034100.8,15613
2016-09-19,'000977,浪潮信息,25.25,25.29,24.91,25.15,25.17,0.08,0.3178,1.5789,15153426,380411748.97,25231888528.5,24233075238.0,10359
2016-09-14,'000977,浪潮信息,25.17,25.35,24.4,24.6,24.79,0.38,1.5329,1.9983,19178568,478439180.75,25151945911.4,24156297177.8,13100
2016-09-13,'000977,浪潮信息,24.79,24.86,24.42,24.7,24.52,0.27,1.1011,1.1347,10890164,268614610.27,24772218480.1,23791601392.1,8792
2016-09-12,'000977,浪潮信息,24.52,25.14,24.39,24.99,25.49,-0.97,-3.8054,2.057,19741487,488853455.09,24502412147.3,23532475439.0,16060
2016-09-09,'000977,浪潮信息,25.49,26.14,25.21,25.41,25.4,0.09,0.3543,3.4079,32706671,840793587.28,25471716379.9,24463409418.5,24343
2016-09-08,'000977,浪潮信息,25.4,25.71,25.07,25.2,25.06,0.34,1.3567,2.5283,24264462,617430054.53,25381780935.6,24377034100.8,18981
2016-09-07,'000977,浪潮信息,25.06,25.4,24.76,25.0,24.92,0.14,0.5618,2.3976,23009965,577738970.57,25042024812.8,24050727345.1,17213
2016-09-06,'000977,浪潮信息,24.92,24.95,24.24,24.35,24.45,0.47,1.9223,1.5843,15205280,375578017.85,24902125232.9,23916365739.8,12376
2016-09-05,'000977,浪潮信息,24.45,24.98,24.38,24.51,24.4,0.05,0.2049,1.1283,10828488,267265931.24,24432462357.3,23465294636.4,8210
2016-09-02,'000977,浪潮信息,24.4,24.7,24.15,24.51,24.65,-0.25,-1.0142,1.1835,11357927,277595609.56,24382498221.6,23417308348.8,9742
2016-09-01,'000977,浪潮信息,24.65,25.15,24.58,24.64,24.6,0.05,0.2033,1.7288,16591539,412687581.6,24632318900.1,23657239786.8,13346
2016-08-31,'000977,浪潮信息,24.6,24.81,24.33,24.65,24.68,-0.08,-0.3241,1.1115,10667749,261565032.45,24582354764.4,23609253499.2,8946
2016-08-30,'000977,浪潮信息,24.68,25.14,24.21,24.21,24.15,0.53,2.1946,2.6137,25084651,620597111.04,24662297381.5,23686031559.4,21001
2016-08-29,'000977,浪潮信息,24.15,24.56,24.05,24.39,24.55,-0.4,-1.6293,1.6759,16083825,389568499.75,24132677543.1,23177376910.8,11256
2016-08-26,'000977,浪潮信息,24.55,24.83,24.37,24.55,24.5,0.05,0.2041,1.4136,13566391,334270995.88,24532390628.7,23561267211.6,9415
2016-08-25,'000977,浪潮信息,24.5,24.7,24.07,24.7,24.74,-0.24,-0.9701,1.8981,18216424,444215076.73,24482426493.0,23513280924.0,13482
2016-08-24,'000977,浪潮信息,24.74,25.07,24.6,24.99,24.97,-0.23,-0.9211,1.341,12870358,318858255.88,24722254344.4,23743615104.5,9738
2016-08-23,'000977,浪潮信息,24.97,25.18,24.65,24.97,25.06,-0.09,-0.3591,1.6614,15944893,396506938.31,24952089368.6,23964352027.4,11277
2016-08-22,'000977,浪潮信息,25.06,25.5,24.66,24.79,24.86,0.2,0.8045,2.5112,24100764,607843093.96,25042024812.8,24050727345.1,17782
2016-08-19,'000977,浪潮信息,24.86,25.05,24.63,25.0,24.98,-0.12,-0.4804,1.3565,13018713,323247363.26,24842168270.0,23858782194.7,11731
2016-08-18,'000977,浪潮信息,24.98,25.77,24.97,25.24,25.24,-0.26,-1.0301,2.5802,24763180,626911398.99,24962082195.7,23973949285.0,21671
2016-08-17,'000977,浪潮信息,25.24,25.49,24.71,24.78,24.86,0.38,1.5286,3.0183,28967529,730553484.0,25221895701.4,24223477980.5,22371
2016-08-16,'000977,浪潮信息,24.86,25.03,24.71,24.93,25.08,-0.22,-0.8772,2.3278,22340713,555241002.03,24842168270.0,23858782194.7,16908
2016-08-15,'000977,浪潮信息,25.08,25.25,23.5,23.7,23.69,1.39,5.8675,3.682,35336893,868262576.25,25062010467.1,24069921860.2,27471
2016-08-12,'000977,浪潮信息,23.69,23.85,23.3,23.47,23.4,0.29,1.2393,1.1433,10972978,258075315.12,23673007494.7,22735903064.9,8754
2016-08-11,'000977,浪潮信息,23.4,24.04,23.37,24.04,24.09,-0.69,-2.8643,1.7836,17117457,404841731.5,23383215507.6,22457582596.8,14544
2016-08-10,'000977,浪潮信息,24.09,24.59,24.08,24.3,24.22,-0.13,-0.5367,1.5518,14893503,362040916.13,24072720580.3,23119793365.7,12526
2016-08-09,'000977,浪潮信息,24.22,24.23,23.84,24.01,24.02,0.2,0.8326,1.4496,13912207,334077921.99,24202627333.1,23244557713.4,10653
2016-08-08,'000977,浪潮信息,24.02,24.1,23.5,23.67,23.74,0.28,1.1794,1.1463,11001373,262415327.47,24002770790.3,23052612563.0,9348
2016-08-05,'000977,浪潮信息,23.74,24.13,23.62,23.95,24.02,-0.28,-1.1657,1.2547,12041487,287227018.42,23722971630.4,22783889352.5,9859
2016-08-04,'000977,浪潮信息,24.02,24.2,23.5,23.74,23.82,0.2,0.8396,1.5335,14717697,351189790.44,24002770790.3,23052612563.0,13117
2016-08-03,'000977,浪潮信息,23.82,24.15,23.61,23.79,23.77,0.05,0.2103,1.3847,13289461,317590235.22,23802914247.5,22860667412.6,11494
2016-08-02,'000977,浪潮信息,23.77,23.83,23.37,23.37,23.38,0.39,1.6681,1.2005,11521641,272030402.46,23752950111.8,22812681125.0,10220
2016-08-01,'000977,浪潮信息,23.38,24.09,23.18,24.09,24.2,-0.82,-3.3884,1.9854,19054150,447296525.07,23363229853.3,22438388081.8,16542
2016-07-29,'000977,浪潮信息,24.2,25.16,24.1,25.12,25.16,-0.96,-3.8156,3.0695,29458315,720894173.68,24182641678.8,23225363198.4,25057
2016-07-28,'000977,浪潮信息,25.16,26.11,24.85,25.17,25.51,-0.35,-1.372,5.1744,49659789,1264404040.37,25141953084.2,24146699920.3,39190
2016-07-27,'000977,浪潮信息,25.51,25.73,23.64,25.15,25.0,0.51,2.04,6.9728,66920185,1682977859.96,25491702034.1,24482603933.5,49823
2016-07-26,'000977,浪潮信息,25.0,25.18,24.66,24.68,24.83,0.17,0.6847,2.2684,21770143,541896008.08,24982067850.0,23993143800.0,18747
2016-07-25,'000977,浪潮信息,24.83,25.33,24.51,24.7,24.75,0.08,0.3232,3.1561,30289851,754810550.81,24812189788.6,23829990422.2,24235
2016-07-22,'000977,浪潮信息,24.75,24.88,23.9,24.23,24.2,0.55,2.2727,3.7721,36201486,885238464.59,24732247171.5,23753212362.0,28486
2016-07-21,'000977,浪潮信息,24.2,24.46,23.78,23.84,23.75,0.45,1.8947,2.6308,25248921,610809671.86,24182641678.8,23225363198.4,19103
2016-07-20,'000977,浪潮信息,23.75,24.04,23.65,24.04,23.97,-0.22,-0.9178,1.1991,11507718,274245738.69,23732964457.5,22793486610.0,9570
2016-07-19,'000977,浪潮信息,23.97,23.97,23.61,23.82,23.82,0.15,0.6297,1.1383,10924716,259969884.85,23952806654.6,23004626275.4,9545
2016-07-18,'000977,浪潮信息,23.82,24.09,23.6,23.92,24.16,-0.34,-1.4073,1.5668,15036606,358401998.33,23802914247.5,22860667412.6,12315
2016-07-15,'000977,浪潮信息,24.16,24.58,24.04,24.58,24.5,-0.34,-1.3878,1.7353,16654322,404087082.41,24142670370.2,23186974168.3,13362
2016-07-14,'000977,浪潮信息,24.5,24.58,24.3,24.45,24.4,0.1,0.4098,1.9332,18553007,453348709.48,24482426493.0,23513280924.0,14446
2016-07-13,'000977,浪潮信息,24.4,24.64,24.27,24.63,24.57,-0.17,-0.6919,2.541,24386944,595311543.05,24382498221.6,23417308348.8,19868
2016-07-12,'000977,浪潮信息,24.57,24.66,23.63,24.05,23.97,0.6,2.5031,3.7563,36050154,873029066.4,24552376283.0,23580461726.6,29850
2016-07-11,'000977,浪潮信息,23.97,24.52,23.67,23.7,23.6,0.37,1.5678,4.0266,38644308,935943285.2,23952806654.6,23004626275.4,32168
2016-07-08,'000977,浪潮信息,23.6,23.87,23.41,23.75,23.77,-0.17,-0.7152,1.6466,15803043,373828075.86,23583072050.4,22649527747.2,13310
2016-07-07,'000977,浪潮信息,23.77,24.1,23.41,24.01,24.08,-0.31,-1.2874,2.3454,22509793,532910921.32,23752950111.8,22812681125.0,20815
2016-07-06,'000977,浪潮信息,24.08,24.5,23.78,23.85,23.75,0.33,1.3895,3.7053,35560591,860671285.68,24062727753.1,23110196108.2,30251
2016-07-05,'000977,浪潮信息,23.75,23.96,23.55,23.76,23.82,-0.07,-0.2939,2.2892,21969885,522449817.54,23732964457.5,22793486610.0,17059
2016-07-04,'000977,浪潮信息,23.82,23.96,22.91,23.05,23.13,0.69,2.9831,2.6278,25219844,593950708.48,23802914247.5,22860667412.6,19599
2016-07-01,'000977,浪潮信息,23.13,23.6,23.07,23.58,23.45,-0.32,-1.3646,1.7745,17030542,397256913.1,23113409174.8,22198456643.8,14222
2016-06-30,'000977,浪潮信息,23.45,23.9,23.35,23.55,23.38,0.07,0.2994,1.7066,16378229,386246264.47,23433179643.3,22505568884.4,14408
2016-06-29,'000977,浪潮信息,23.38,23.9,23.31,23.9,23.53,-0.15,-0.6375,1.8066,17338197,407617033.17,23363229853.3,22438388081.8,15735
2016-06-28,'000977,浪潮信息,23.53,23.75,23.06,23.23,23.56,-0.03,-0.1273,3.1146,29892001,699807125.58,23513122260.4,22582346944.6,23129
2016-06-27,'000977,浪潮信息,23.56,23.75,22.07,22.1,22.33,1.23,5.5083,3.9148,37571790,871034105.27,23543100741.8,22611138717.1,32288
2016-06-24,'000977,浪潮信息,22.33,23.0,21.6,22.71,22.98,-0.65,-2.8285,2.2638,21725986,488514139.31,22313983003.6,21430676042.2,19812
2016-06-23,'000977,浪潮信息,22.98,23.48,22.47,22.73,22.73,0.25,1.0999,2.277,21853241,501567629.62,22963516767.7,22054497781.0,20148
2016-06-22,'000977,浪潮信息,22.73,22.73,22.0,22.07,22.25,0.48,2.1573,1.5243,14629313,327399533.41,22713696089.2,21814566343.0,14276
2016-06-21,'000977,浪潮信息,22.25,23.49,22.18,23.36,22.64,-0.39,-1.7226,2.7602,26490461,607208223.88,22234040386.5,21353897982.0,24113
2016-06-20,'000977,浪潮信息,22.64,22.65,21.71,22.1,22.11,0.53,2.3971,2.0007,19200986,427296926.16,22623760645.0,21728191025.3,15783
2016-06-17,'000977,浪潮信息,22.11,22.56,21.95,22.09,22.06,0.05,0.2267,1.2727,12214104,271882953.11,22094140806.5,21219536376.7,11524
2016-06-16,'000977,浪潮信息,22.06,22.43,22.01,22.29,22.21,-0.15,-0.6754,1.3166,12636138,280317597.12,22044176670.8,21171550089.1,12025
2016-06-15,'000977,浪潮信息,22.21,22.35,21.2,21.24,21.56,0.65,3.0148,1.7745,17029893,375318670.08,22194069077.9,21315508951.9,15357
2016-06-14,'000977,浪潮信息,21.56,21.85,21.38,21.52,21.52,0.04,0.1859,1.3206,12674209,273445238.3,21544535313.8,20691687213.1,12605
2016-06-13,'000977,浪潮信息,21.52,23.18,21.5,23.12,23.5,-1.98,-8.4255,3.0001,28792443,646631555.55,21504564005.3,20653298183.0,26440
2016-06-08,'000977,浪潮信息,23.5,23.73,23.28,23.6,23.53,-0.03,-0.1275,1.6584,15915826,374185878.19,23483143779.0,22553555172.0,14708
2016-06-07,'000977,浪潮信息,23.53,23.8,23.28,23.49,23.51,0.02,0.0851,1.5538,14912338,350844586.02,23513122260.4,22582346944.6,12822
2016-06-06,'000977,浪潮信息,23.51,24.15,23.31,24.0,23.81,-0.3,-1.26,1.7707,16993510,402293765.3,23493136606.1,22563152429.5,15218
2016-06-03,'000977,浪潮信息,23.81,24.15,23.52,23.74,23.71,0.1,0.4218,2.7982,26855028,638921210.32,23792921420.3,22851070155.1,22529
2016-06-02,'000977,浪潮信息,23.71,23.83,23.45,23.79,23.78,-0.07,-0.2944,2.1011,20164712,476231077.86,23692993148.9,22755097579.9,17888
2016-06-01,'000977,浪潮信息,23.78,23.93,23.52,23.7,23.78,0.0,0.0,2.8835,27673355,656515436.79,23762942938.9,22822278382.6,25884
2016-05-31,'000977,浪潮信息,23.78,23.96,22.53,22.53,22.44,1.34,5.9715,3.6641,35165783,823742947.7,23762942938.9,22822278382.6,33121
2016-05-30,'000977,浪潮信息,22.44,22.92,22.13,22.31,22.78,-0.34,-1.4925,1.8929,18167026,409078829.67,22423904102.2,21536245874.9,17727
2016-05-27,'000977,浪潮信息,22.78,23.35,22.5,22.5,22.14,0.64,2.8907,3.2998,31669278,728756097.28,22763660224.9,21862552630.6,34429
2016-05-26,'000977,浪潮信息,22.14,22.15,21.2,21.73,21.78,0.36,1.6529,1.6256,15601078,338551317.51,22124119288.0,21248328149.3,15565
2016-05-25,'000977,浪潮信息,21.78,22.24,21.63,21.93,21.71,0.07,0.3224,1.4966,14363439,316019366.27,21764377510.9,20902826878.6,14151
2016-05-24,'000977,浪潮信息,21.71,22.08,21.53,22.08,21.99,-0.28,-1.2733,1.2772,12257778,267038250.81,21694427720.9,20835646075.9,11632
2016-05-23,'000977,浪潮信息,21.99,22.35,21.6,21.67,21.48,0.51,2.3743,2.0489,19663597,432726806.09,21974226880.9,21104369286.5,17688
2016-05-20,'000977,浪潮信息,21.48,21.53,20.78,20.94,21.24,0.24,1.1299,1.1503,11039339,234731732.04,21464592696.7,20614909153.0,11020
2016-05-19,'000977,浪潮信息,21.24,21.86,21.08,21.15,21.08,0.16,0.759,1.5759,15123898,325089207.41,21224764845.4,20384574972.5,14664
2016-05-18,'000977,浪潮信息,21.13,21.45,20.74,21.45,21.75,-0.62,-2.8506,1.7134,16443943,346003406.88,21114843746.8,20279005139.8,14581
2016-05-17,'000977,浪潮信息,21.75,22.15,21.34,21.62,21.53,0.22,1.0218,1.8516,17770540,386460209.08,21734399029.5,20874035106.0,16714
2016-05-16,'000977,浪潮信息,21.53,21.53,20.82,21.14,21.15,0.38,1.7967,1.2956,12434475,263920493.68,21514556832.4,20662895440.6,12280
2016-05-13,'000977,浪潮信息,21.15,21.77,20.98,21.38,21.46,-0.31,-1.4445,1.1427,10967168,234727376.94,21134829401.1,20298199654.8,10571
2016-05-12,'000977,浪潮信息,21.46,21.55,20.67,21.01,21.41,0.05,0.2335,1.3272,12737166,269742336.0,21444607042.4,20595714637.9,11288
2016-05-11,'000977,浪潮信息,21.41,21.86,21.29,21.85,21.6,-0.19,-0.8796,0.9126,8758672,189127903.81,21394642906.7,20547728350.3,9234
2016-05-10,'000977,浪潮信息,21.6,21.91,21.39,21.5,21.64,-0.04,-0.1848,1.1555,11089450,240212110.12,21584506622.4,20730076243.2,10465
2016-05-09,'000977,浪潮信息,21.64,22.81,21.4,22.81,23.0,-1.36,-5.913,2.3308,22369146,492303151.16,21624477931.0,20768465273.3,20389
2016-05-06,'000977,浪潮信息,23.0,24.33,23.0,24.15,24.13,-1.13,-4.683,2.5065,24055181,564928106.23,22983502422.0,22073692296.0,24164
2016-05-05,'000977,浪潮信息,24.13,24.19,23.84,23.97,24.04,0.09,0.3744,1.3551,13005432,312755096.57,24112691888.8,23158182395.8,12564
2016-05-04,'000977,浪潮信息,24.04,24.3,23.9,24.13,24.16,-0.12,-0.4967,1.9405,18623021,448070215.55,24022756444.6,23071807078.1,18067
2016-05-03,'000977,浪潮信息,24.16,24.2,23.11,23.37,23.06,1.1,4.7702,2.6345,25284275,602452686.91,24142670370.2,23186974168.3,22683
2016-04-29,'000977,浪潮信息,23.06,23.44,23.03,23.05,23.37,-0.31,-1.3265,1.5312,14695491,340977061.5,23043459384.8,22131275841.1,12597
2016-04-28,'000977,浪潮信息,23.37,23.94,22.82,23.83,23.75,-0.38,-1.6,2.29,21977356,511765633.47,23353237026.2,22428790824.2,19259
2016-04-27,'000977,浪潮信息,23.75,24.32,23.55,24.27,24.2,-0.45,-1.8595,1.9768,18972070,454030060.22,23732964457.5,22793486610.0,17732
2016-04-26,'000977,浪潮信息,24.2,24.2,23.64,23.71,23.61,0.59,2.4989,1.7185,16493033,394625474.78,24182641678.8,23225363198.4,15803
2016-04-25,'000977,浪潮信息,23.61,24.0,23.3,24.0,24.06,-0.45,-1.8703,1.554,14914505,352535549.37,23593064877.5,22659125004.7,15982
2016-04-22,'000977,浪潮信息,24.06,24.06,23.28,23.5,23.67,0.39,1.6477,1.6676,16004837,379903990.78,24042742098.8,23091001593.1,16440
2016-04-21,'000977,浪潮信息,23.67,24.47,23.67,24.11,24.37,-0.7,-2.8724,2.2258,21361995,513781186.38,23653021840.4,22716708549.8,23470
2016-04-20,'000977,浪潮信息,24.37,26.35,23.5,25.75,25.35,-0.98,-3.8659,4.6982,45089708,1136027197.83,24352519740.2,23388516576.2,46725
2016-04-19,'000977,浪潮信息,25.35,25.5,24.9,25.31,25.2,0.15,0.5952,2.1924,21040631,530513032.93,25331816799.9,24329047813.2,19186
2016-04-18,'000977,浪潮信息,25.2,25.68,24.49,25.66,25.95,-0.75,-2.8902,2.8832,27671197,694713259.49,25181924392.8,24185088950.4,26652
2016-04-15,'000977,浪潮信息,25.95,26.47,25.73,26.47,26.18,-0.23,-0.8785,2.7084,25993073,676136592.47,25931386428.3,24904883264.4,26449
2016-04-14,'000977,浪潮信息,26.18,26.65,25.8,26.25,26.46,-0.28,-1.0582,3.4536,33145516,864568878.02,26161221452.5,25125620187.4,35100
2016-04-13,'000977,浪潮信息,26.46,27.25,26.2,27.0,26.58,-0.12,-0.4515,8.3171,79821084,2132316894.58,26441020612.4,25394343397.9,63231
2016-04-12,'000977,浪潮信息,26.58,26.58,25.26,25.94,24.16,2.42,10.0166,3.9898,38290755,1004289619.59,26560934538.1,25509510488.2,18818
2016-04-11,'000977,浪潮信息,24.16,24.58,23.91,23.91,23.66,0.5,2.1133,1.9526,18740037,454950332.45,24142670370.2,23186974168.3,16723
2016-04-08,'000977,浪潮信息,23.66,24.21,23.26,24.14,24.4,-0.74,-3.0328,2.6693,25617624,606492950.7,23643029013.2,22707111292.3,22683
2016-04-07,'000977,浪潮信息,24.4,25.34,24.38,25.01,25.0,-0.6,-2.4,2.2438,21534181,535819934.8,24382498221.6,23417308348.8,21753
2016-04-06,'000977,浪潮信息,25.0,25.4,24.59,25.15,25.47,-0.47,-1.8453,3.0302,29081628,728068835.94,24982067850.0,23993143800.0,25812
2016-04-05,'000977,浪潮信息,25.47,25.71,24.6,25.29,25.32,0.15,0.5924,4.0013,38401522,970468251.56,25451730725.6,24444214903.4,30899
2016-04-01,'000977,浪潮信息,25.32,25.67,24.93,25.53,25.59,-0.27,-1.0551,2.5526,24498192,619013093.6,25301838318.5,24300256040.6,22730
2016-03-31,'000977,浪潮信息,25.59,26.17,24.89,25.77,25.49,0.1,0.3923,4.7225,45322949,1156168955.06,25571644651.3,24559381993.7,39869
2016-03-30,'000977,浪潮信息,25.49,25.6,23.99,24.2,24.7,0.79,3.1984,6.0117,57696136,1432330917.72,25471716379.9,24463409418.5,44588
2016-03-29,'000977,浪潮信息,24.7,24.84,23.41,23.68,23.75,0.95,4.0,5.45,52304976,1265333600.46,24682283035.8,23705226074.4,40950
2016-03-28,'000977,浪潮信息,23.75,25.1,23.12,23.18,22.88,0.87,3.8024,5.1002,48947552,1175849851.76,23732964457.5,22793486610.0,38126
2016-03-25,'000977,浪潮信息,22.88,23.23,22.45,22.81,23.0,-0.12,-0.5217,2.1304,20445948,466156798.69,22863588496.3,21958525205.8,17308
2016-03-24,'000977,浪潮信息,23.0,23.8,22.68,22.97,23.12,-0.12,-0.519,3.497,33561499,780696008.0,22983502422.0,22073692296.0,28607
2016-03-23,'000977,浪潮信息,23.12,23.36,22.52,22.7,22.82,0.3,1.3146,2.4669,23675022,544132444.23,23103416347.7,22188859386.2,19762
2016-03-22,'000977,浪潮信息,22.82,23.29,22.38,22.58,22.81,0.01,0.0438,2.7031,25941935,593580118.01,22803631533.5,21900941660.6,23641
2016-03-21,'000977,浪潮信息,22.81,22.92,22.45,22.85,22.46,0.35,1.5583,3.3253,31914145,724336177.92,22793638706.3,21891344403.1,26018
2016-03-18,'000977,浪潮信息,22.46,22.96,21.45,21.62,21.43,1.03,4.8063,3.5633,34197645,763260655.96,22443889756.4,21555440389.9,30484
2016-03-17,'000977,浪潮信息,21.43,21.47,20.4,20.44,20.35,1.08,5.3071,2.6456,25390931,536009208.06,21414628561.0,20566922865.4,22263
2016-03-16,'000977,浪潮信息,20.35,21.24,20.25,21.11,20.8,-0.45,-2.1635,1.4004,13439867,277639824.56,20335403229.9,19530419053.2,12678
2016-03-15,'000977,浪潮信息,20.8,21.21,20.65,21.19,21.2,-0.4,-1.8868,1.4721,14127730,295746396.59,20785080451.2,19962295641.6,13683
2016-03-14,'000977,浪潮信息,21.2,21.58,20.32,20.6,20.09,1.11,5.5251,2.5716,24680692,523080741.68,21184793536.8,20346185942.4,22689
2016-03-11,'000977,浪潮信息,20.09,20.37,19.78,19.95,19.95,0.14,0.7018,0.8921,8562091,172327894.8,20075589724.3,19280890357.7,9086
2016-03-10,'000977,浪潮信息,19.95,20.67,19.87,20.58,20.36,-0.41,-2.0138,1.0435,10014877,202432988.71,19935690144.3,19146528752.4,10246
2016-03-09,'000977,浪潮信息,20.36,20.9,20.05,20.09,20.77,-0.41,-1.974,1.1171,10720853,220374218.17,20345396057.0,19540016310.7,10356
2016-03-08,'000977,浪潮信息,20.77,20.83,19.51,20.63,20.7,0.07,0.3382,1.3911,13350514,270183181.5,20755101969.8,19933503869.0,14144
2016-03-07,'000977,浪潮信息,20.7,21.3,20.51,20.8,20.27,0.43,2.1214,1.2391,11892216,248313636.03,20685152179.8,19866323066.4,12817
2016-03-04,'000977,浪潮信息,20.27,21.0,20.01,20.8,21.23,-0.96,-4.5219,2.3064,22135430,454612453.65,20255460612.8,19453640993.0,19238
2016-03-03,'000977,浪潮信息,21.23,22.26,20.51,20.68,20.66,0.57,2.759,3.0944,29697646,638950072.81,21214772018.2,20374977715.0,27154
2016-03-02,'000977,浪潮信息,20.66,20.87,19.58,19.68,19.8,0.86,4.3434,2.178,20903077,422983832.78,20645180871.2,19827934036.3,18340
2016-03-01,'000977,浪潮信息,19.8,20.08,18.61,19.4,19.4,0.4,2.0619,2.1118,20267679,393487018.63,19785797737.2,19002569889.6,16904
2016-02-29,'000977,浪潮信息,19.4,21.19,18.99,21.19,20.95,-1.55,-7.3986,2.1775,20897758,410755607.5,19386084651.6,18618679588.8,18825
2016-02-26,'000977,浪潮信息,20.95,21.5,20.35,21.2,20.85,0.1,0.4796,1.5831,15193330,319727038.85,20934972858.3,20106254504.4,14675
2016-02-25,'000977,浪潮信息,20.85,23.23,20.61,22.9,22.9,-2.05,-8.952,3.0058,28847512,637834988.91,20835044586.9,20010281929.2,27317
2016-02-24,'000977,浪潮信息,22.9,23.18,22.32,22.77,22.98,-0.08,-0.3481,1.5715,15081926,343048325.72,22883574150.6,21977719720.8,13957
2016-02-23,'000977,浪潮信息,22.98,23.58,22.61,23.36,23.37,-0.39,-1.6688,1.754,16833345,389566102.92,22963516767.7,22054497781.0,16190
2016-02-22,'000977,浪潮信息,23.37,23.53,22.9,23.32,22.96,0.41,1.7857,2.1776,20898779,485107828.02,23353237026.2,22428790824.2,17453
2016-02-19,'000977,浪潮信息,22.96,23.24,22.4,22.41,22.57,0.39,1.728,2.0157,19345006,442960109.94,22943531113.4,22035303265.9,17132
2016-02-18,'000977,浪潮信息,22.57,23.3,22.53,23.15,22.94,-0.37,-1.6129,1.7141,16450724,374649544.69,22553810855.0,21661010222.6,15311
2016-02-17,'000977,浪潮信息,22.94,23.13,22.4,22.75,22.8,0.14,0.614,2.3259,22321822,508994219.37,22923545459.2,22016108750.9,20038
2016-02-16,'000977,浪潮信息,22.8,22.87,21.65,21.65,21.32,1.48,6.9418,2.4327,23347297,524910155.35,22783645879.2,21881747145.6,20628
2016-02-15,'000977,浪潮信息,21.32,21.56,20.51,20.57,21.79,-0.47,-2.157,1.1805,11329107,238602809.39,21304707462.5,20461353032.6,10705
2016-02-05,'000977,浪潮信息,21.79,22.25,21.75,22.1,22.09,-0.3,-1.3581,1.355,13004010,285844352.76,21774370338.1,20912424136.1,11427
2016-02-04,'000977,浪潮信息,22.09,22.58,21.66,21.66,21.62,0.47,2.1739,1.9079,18310155,405576979.22,22074155152.3,21200341861.7,15874
2016-02-03,'000977,浪潮信息,21.62,21.75,21.0,21.42,21.78,-0.16,-0.7346,1.5844,15205507,324540310.93,21604492276.7,20749270758.2,14373
2016-02-02,'000977,浪潮信息,21.78,22.1,20.75,20.8,20.66,1.12,5.4211,1.941,18628544,403161896.25,21764377510.9,20902826878.6,18570
2016-02-01,'000977,浪潮信息,20.66,21.29,20.2,20.68,20.83,-0.17,-0.8161,1.5622,14992484,312874003.22,20645180871.2,19827934036.3,14476
2016-01-29,'000977,浪潮信息,20.83,21.2,19.81,20.0,19.82,1.01,5.0959,1.7781,17065110,350497051.16,20815058932.6,19991087414.2,16905
2016-01-28,'000977,浪潮信息,19.82,21.18,19.67,20.18,20.7,-0.88,-4.2512,2.0482,19656917,401171085.35,19805783391.5,19021764404.6,16528
2016-01-27,'000977,浪潮信息,20.7,21.57,19.38,21.55,21.02,-0.32,-1.5224,2.2153,21261181,433513262.76,19866323066.4,19866323066.4,19846
2016-01-26,'000977,浪潮信息,21.02,23.27,21.02,23.19,23.35,-2.33,-9.9786,2.3592,22641910,498817722.41,20173435307.0,20173435307.0,22628
2016-01-25,'000977,浪潮信息,23.35,23.71,23.08,23.45,23.17,0.18,0.7769,1.3572,13025427,305037941.07,22409596309.2,22409596309.2,12532
2016-01-22,'000977,浪潮信息,23.17,23.66,22.38,23.48,23.02,0.15,0.6516,1.7247,16552731,381097231.12,22236845673.8,22236845673.8,17965
2016-01-21,'000977,浪潮信息,23.02,24.78,23.02,24.03,24.43,-1.41,-5.7716,2.0097,19287709,463121497.35,22092886811.0,22092886811.0,20576
2016-01-20,'000977,浪潮信息,24.43,25.18,24.31,24.94,25.19,-0.76,-3.0171,2.4323,23343005,577755266.02,23446100121.4,23446100121.4,22409
2016-01-19,'000977,浪潮信息,25.19,25.46,24.03,24.14,24.13,1.06,4.3929,2.4318,23338598,577606344.07,24175491692.9,24175491692.9,22823
2016-01-18,'000977,浪潮信息,24.13,24.65,23.08,23.15,23.75,0.38,1.6,2.0502,19676690,474803225.69,23158182395.8,23158182395.8,19357
2016-01-15,'000977,浪潮信息,23.75,25.36,23.5,24.7,25.41,-1.66,-6.5329,2.4776,23778224,580502941.88,22793486610.0,22793486610.0,25859
2016-01-14,'000977,浪潮信息,25.41,25.6,22.5,23.0,24.15,1.26,5.2174,2.8054,26924490,655283667.89,24386631358.3,24386631358.3,28672
2016-01-13,'000977,浪潮信息,24.15,26.3,23.75,26.07,25.75,-1.6,-6.2136,2.9523,28334011,712235939.62,23177376910.8,23177376910.8,29564
2016-01-12,'000977,浪潮信息,25.75,26.16,24.21,25.0,24.6,1.15,4.6748,3.1847,30564061,774214673.15,24712938114.0,24712938114.0,30148
2016-01-11,'000977,浪潮信息,24.6,27.21,24.0,25.23,25.3,-0.7,-2.7668,4.3602,41846057,1078031733.59,23609253499.2,23609253499.2,41311
2016-01-08,'000977,浪潮信息,25.3,26.17,23.15,25.6,24.98,0.32,1.281,2.8178,27042963,680580448.88,24281061525.6,24281061525.6,27918
2016-01-07,'000977,浪潮信息,24.98,27.07,24.98,27.0,27.75,-2.77,-9.982,0.855,8205856,210521530.67,23973949285.0,23973949285.0,8353
2016-01-06,'000977,浪潮信息,27.75,28.2,27.01,27.25,26.93,0.82,3.0449,2.8609,27456909,762109589.9,26632389618.0,26632389618.0,27765
2016-01-05,'000977,浪潮信息,26.93,28.47,25.8,26.3,28.54,-1.61,-5.6412,3.7983,36453549,988991248.59,25845414501.4,25845414501.4,35065
2016-01-04,'000977,浪潮信息,28.54,32.1,28.54,31.71,31.71,-3.17,-9.9968,2.4653,23660165,705746015.52,27390572962.1,27390572962.1,26533
