日期,股票代码,名称,收盘价,最高价,最低价,开盘价,前收盘,涨跌额,涨跌幅,换手率,成交量,成交金额,总市值,流通市值,成交笔数
2016-10-12,'000566,海南海药,13.91,14.0,13.73,13.95,13.73,0.18,1.311,1.7916,17738122,246073187.64,18583471562.2,13771865799.1,7305
2016-10-11,'000566,海南海药,13.73,13.91,13.55,13.61,13.61,0.12,0.8817,1.5272,15120748,207532513.27,18342995294.7,13593653301.4,6784
2016-10-10,'000566,海南海药,13.61,13.65,13.35,13.53,13.42,0.19,1.4158,1.376,13623050,183712534.56,18182677783.0,13474844969.5,6153
2016-09-30,'000566,海南海药,13.42,13.85,13.26,13.26,13.32,0.1,0.7508,1.0498,10393527,140960651.34,17928841722.9,13286731777.4,6068
2016-09-29,'000566,海南海药,13.32,13.5,13.32,13.43,13.43,-0.11,-0.8191,1.019,10088710,135202949.31,17795243796.5,13187724834.2,4733
2016-09-28,'000566,海南海药,13.43,13.48,13.17,13.24,13.09,0.34,2.5974,1.4355,14212284,189577344.1,17942201515.5,13296632471.8,8225
2016-09-27,'000566,海南海药,13.09,13.15,12.91,13.12,12.98,0.11,0.8475,0.9331,9238331,120397067.47,17487968565.8,12960008864.9,4452
2016-09-26,'000566,海南海药,12.98,13.33,12.97,13.09,13.1,-0.12,-0.916,1.1164,11053517,145383649.56,17341010846.7,12851101227.4,6116
2016-09-23,'000566,海南海药,13.1,13.21,12.99,13.09,13.08,0.02,0.1529,0.8955,8865919,116056481.76,17501328358.4,12969909559.2,4371
2016-09-22,'000566,海南海药,13.08,13.25,12.99,13.14,13.03,0.05,0.3837,1.3256,13124091,172081667.01,17474608773.1,12950108170.6,5908
2016-09-21,'000566,海南海药,13.03,13.3,12.94,13.19,13.19,-0.16,-1.213,1.6242,16080394,209815998.6,17407809809.9,12900604699.0,6541
2016-09-20,'000566,海南海药,13.19,13.55,13.1,13.49,13.49,-0.3,-2.2239,1.2042,11922227,157987774.81,17621566492.2,13059015808.1,6946
2016-09-19,'000566,海南海药,13.49,13.59,13.38,13.38,13.42,0.07,0.5216,0.7132,7061017,95175341.74,18022360271.4,13356036637.7,3783
2016-09-14,'000566,海南海药,13.42,13.67,13.18,13.3,13.42,0.0,0.0,1.2825,12697913,170117519.41,17928841722.9,13286731777.4,5505
2016-09-13,'000566,海南海药,13.42,13.53,13.25,13.51,13.39,0.03,0.224,1.3787,13649977,182735998.36,17928841722.9,13286731777.4,6221
2016-09-12,'000566,海南海药,13.39,13.77,13.13,13.76,14.05,-0.66,-4.6975,3.1681,31366207,422901429.04,17888762345.0,13257029694.5,13964
2016-09-09,'000566,海南海药,14.05,14.54,14.05,14.46,14.45,-0.4,-2.7682,2.1752,21536092,307416962.61,18770508659.2,13910475519.6,11064
2016-09-08,'000566,海南海药,14.45,14.73,14.22,14.29,14.25,0.2,1.4035,3.5017,34668997,503488281.44,15760338484.8,14306503292.4,16890
2016-09-07,'000566,海南海药,14.25,14.43,14.03,14.13,14.24,0.01,0.0702,2.0578,20373961,289890306.86,15542202312.0,14108489406.0,10753
2016-09-06,'000566,海南海药,14.24,14.46,14.04,14.2,13.85,0.39,2.8159,2.964,29345643,418280676.48,15531295503.4,14098588711.7,16229
2016-09-05,'000566,海南海药,13.85,13.98,13.72,13.85,13.82,0.03,0.2171,1.2528,12403423,171491901.88,15105929966.4,13712461633.2,5378
2016-09-02,'000566,海南海药,13.82,13.92,13.67,13.88,13.89,-0.07,-0.504,1.5214,15063060,207581111.98,15073209540.5,13682759550.2,7085
2016-09-01,'000566,海南海药,13.89,14.19,13.82,14.1,14.12,-0.23,-1.6289,1.6777,16610107,231656028.07,15149557201.0,13752064410.5,7654
2016-08-31,'000566,海南海药,14.12,14.26,13.69,14.04,14.01,0.11,0.7852,2.2281,22059352,308607348.35,15400413799.7,13979780379.8,10696
2016-08-30,'000566,海南海药,14.01,14.22,13.91,14.01,14.16,-0.15,-1.0593,2.0759,20552753,288000182.06,15280438904.6,13870872742.3,9957
2016-08-29,'000566,海南海药,14.16,14.67,14.11,14.5,14.5,-0.34,-2.3448,3.0174,29874265,425953139.05,15444041034.2,14019383157.1,15245
2016-08-26,'000566,海南海药,14.5,14.75,14.08,14.08,14.06,0.44,3.1294,3.8179,37800247,545322199.48,15814872528.0,14356006764.0,20542
2016-08-25,'000566,海南海药,14.06,14.19,13.64,13.8,13.9,0.16,1.1511,2.7273,27001972,376455490.03,15334972947.8,13920376213.9,13996
2016-08-24,'000566,海南海药,13.9,14.08,13.6,13.86,13.76,0.14,1.0174,2.7285,27013766,374072368.14,15160464009.6,13761965104.8,13474
2016-08-23,'000566,海南海药,13.76,14.43,13.7,14.16,14.16,-0.4,-2.8249,4.4507,44065224,618311106.86,15007768688.6,13623355384.3,24347
2016-08-22,'000566,海南海药,14.16,14.86,13.92,13.97,13.91,0.25,1.7973,6.3389,62759978,906109819.49,15444041034.2,14019383157.1,30736
2016-08-19,'000566,海南海药,13.91,14.23,13.35,13.39,13.39,0.52,3.8835,5.7381,56811521,783658338.2,15171370818.2,13771865799.1,25474
2016-08-18,'000566,海南海药,13.39,13.7,13.35,13.43,13.5,-0.11,-0.8148,3.9192,38802909,525306900.03,14604216769.0,13257029694.5,18691
2016-08-17,'000566,海南海药,13.5,13.76,12.99,13.24,13.21,0.29,2.1953,5.772,57146968,764577187.04,14724191664.0,13365937332.0,29416
2016-08-16,'000566,海南海药,13.21,13.29,12.48,12.56,12.56,0.65,5.1752,5.8086,57509129,739535542.55,14407894213.4,13078817196.7,26169
2016-08-15,'000566,海南海药,12.56,12.72,12.36,12.38,12.3,0.26,2.1138,4.1141,40732928,511123285.19,13698951651.8,12435272065.9,17538
2016-08-12,'000566,海南海药,12.3,12.33,12.11,12.12,12.2,0.1,0.8197,1.5594,15439462,188660540.84,13415374627.2,12177854013.6,7346
2016-08-11,'000566,海南海药,12.2,12.46,12.12,12.43,12.44,-0.24,-1.9293,2.0181,19981016,245073487.96,13306306540.8,12078847070.4,9845
2016-08-10,'000566,海南海药,12.44,12.57,12.28,12.57,12.44,0.0,0.0,2.2259,22037711,273397731.74,13568069948.2,12316463734.1,12082
2016-08-09,'000566,海南海药,12.44,12.63,12.21,12.24,12.2,0.24,1.9672,3.6251,35891081,445839494.99,13568069948.2,12316463734.1,18186
2016-08-08,'000566,海南海药,12.2,12.2,11.88,12.04,12.14,0.06,0.4942,2.8223,27943202,336104069.59,13306306540.8,12078847070.4,12507
2016-08-05,'000566,海南海药,12.14,12.34,12.04,12.1,12.15,-0.01,-0.0823,3.056,30256454,368365181.9,13240865689.0,12019442904.5,13784
2016-08-04,'000566,海南海药,12.15,12.33,11.98,12.3,12.34,-0.19,-1.5397,2.9277,28985850,351455982.76,13251772497.6,12029343598.8,14858
2016-08-03,'000566,海南海药,12.34,12.51,12.18,12.38,12.48,-0.14,-1.1218,3.4298,33957834,418377547.63,13459001861.8,12217456790.9,15884
2016-08-02,'000566,海南海药,12.48,12.58,11.98,12.22,12.28,0.2,1.6287,4.6605,46142283,569373375.91,13611697182.7,12356066511.4,20578
2016-08-01,'000566,海南海药,12.28,12.46,11.91,12.21,12.34,-0.06,-0.4862,3.1774,31458468,381691378.2,13393561009.9,12158052625.0,17317
2016-07-29,'000566,海南海药,12.34,12.63,11.88,12.5,12.58,-0.24,-1.9078,5.3957,53421139,652561445.46,13459001861.8,12217456790.9,27089
2016-07-28,'000566,海南海药,12.58,12.93,12.32,12.63,12.85,-0.27,-2.1012,7.6093,75337554,950438747.82,13720765269.1,12455073454.6,35580
2016-07-27,'000566,海南海药,12.85,12.95,12.3,12.43,12.43,0.42,3.3789,11.9712,118523577,1497324469.27,14015249102.4,12722392201.2,57744
2016-07-26,'000566,海南海药,12.43,12.43,11.32,11.34,11.3,1.13,10.0,9.2041,91127056,1119883388.66,13557163139.5,12306563039.8,34116
2016-07-25,'000566,海南海药,11.3,11.33,11.2,11.3,11.25,0.05,0.4444,1.0784,10676584,120290928.39,12324693763.2,11187784581.6,4266
2016-07-22,'000566,海南海药,11.25,11.4,11.2,11.4,11.4,-0.15,-1.3158,1.1502,11388224,128683851.48,12270159720.0,11138281110.0,4689
2016-07-21,'000566,海南海药,11.4,11.48,11.35,11.4,11.43,-0.03,-0.2625,1.3198,13066559,149212073.54,12433761849.6,11286791524.8,4651
2016-07-20,'000566,海南海药,11.43,11.5,11.31,11.32,11.34,0.09,0.7937,1.3703,13566881,154894454.22,12466482275.5,11316493607.8,5048
2016-07-19,'000566,海南海药,11.34,11.46,11.22,11.32,11.33,0.01,0.0883,0.9514,9419315,106475430.56,12368320997.8,11227387358.9,4653
2016-07-18,'000566,海南海药,11.33,11.53,11.33,11.47,11.46,-0.13,-1.1344,1.0019,9919244,112945726.4,12357414189.1,11217486664.6,4946
2016-07-15,'000566,海南海药,11.46,11.58,11.33,11.4,11.39,0.07,0.6146,1.3231,13099319,150547338.14,12499202701.4,11346195690.7,6281
2016-07-14,'000566,海南海药,11.39,11.49,11.26,11.48,11.41,-0.02,-0.1753,1.3893,13754984,156223762.63,12422855041.0,11276890830.5,5966
2016-07-13,'000566,海南海药,11.41,11.65,11.37,11.57,11.44,-0.03,-0.2622,1.7546,17371735,199159533.71,12444668658.2,11296692219.1,7927
2016-07-12,'000566,海南海药,11.44,11.62,11.25,11.28,11.26,0.18,1.5986,2.1428,21214940,242249751.34,12477389084.2,11326394302.1,9831
2016-07-11,'000566,海南海药,11.26,11.76,11.24,11.69,11.66,-0.4,-3.4305,3.1209,30899194,355149420.42,12281066528.6,11148181804.3,13984
2016-07-08,'000566,海南海药,11.66,11.99,11.56,11.79,11.77,-0.11,-0.9346,2.5129,24879758,292336283.9,12717338874.2,11544209577.1,13896
2016-07-07,'000566,海南海药,11.77,11.79,11.12,11.23,11.21,0.56,4.9955,3.5462,35109712,404171020.3,12837313769.3,11653117214.6,17673
2016-07-06,'000566,海南海药,11.21,11.27,10.84,10.84,10.86,0.35,3.2228,2.3782,23545597,261271518.1,12226532485.4,11098678332.7,9862
2016-07-05,'000566,海南海药,10.86,10.96,10.79,10.93,10.93,-0.07,-0.6404,1.4303,14160956,154009525.93,11844794183.0,10752154031.5,5796
2016-07-04,'000566,海南海药,10.93,10.98,10.54,10.61,10.66,0.27,2.5328,1.9603,19408283,210816208.38,11921141843.5,10821458891.8,7848
2016-07-01,'000566,海南海药,10.66,10.99,10.66,10.98,10.91,-0.25,-2.2915,1.6222,16060452,173611986.23,11626658010.2,10554140145.1,7123
2016-06-30,'000566,海南海药,10.91,10.96,10.66,10.7,10.75,0.16,1.4884,1.8374,18191362,196320963.99,11899328226.2,10801657503.1,8550
2016-06-29,'000566,海南海药,10.75,10.92,10.4,10.7,10.52,0.23,2.1863,2.5144,24894513,265556912.32,11724819288.0,10643246394.0,11785
2016-06-28,'000566,海南海药,10.52,10.66,10.03,10.08,10.1,0.42,4.1584,2.3696,23460915,244625408.75,11473962689.3,10415530424.6,12250
2016-06-27,'000566,海南海药,10.1,10.15,9.69,9.75,9.79,0.31,3.1665,1.3784,13647092,136439011.94,11015876726.4,9999701263.2,6176
2016-06-24,'000566,海南海药,9.79,10.06,9.5,10.0,10.01,-0.22,-2.1978,1.3974,13835599,136070375.67,10677765658.6,9692779739.28,6767
2016-06-23,'000566,海南海药,10.01,10.07,9.95,10.07,10.08,-0.07,-0.6944,0.8316,8233687,82311810.88,10917715448.6,9910595014.32,3666
2016-06-22,'000566,海南海药,10.08,10.09,9.91,9.95,9.93,0.15,1.5106,0.8043,7963504,79539031.91,10994063109.1,9979899874.56,3785
2016-06-21,'000566,海南海药,9.93,10.23,9.88,10.11,10.02,-0.09,-0.8982,1.1655,11539408,116012939.32,10830460979.5,9831389459.76,5767
2016-06-20,'000566,海南海药,10.02,10.07,9.83,10.02,10.0,0.02,0.2,0.8439,8355353,83311818.42,10928622257.3,9920495708.64,4101
2016-06-17,'000566,海南海药,10.0,10.25,9.86,9.86,9.89,0.11,1.1122,1.3688,13551592,136532371.13,10906808640.0,9900694320.0,6045
2016-06-16,'000566,海南海药,9.89,10.1,9.78,10.0,10.06,-0.17,-1.6899,1.4183,14041781,139625192.88,10786833745.0,9791786682.48,6423
2016-06-15,'000566,海南海药,10.06,10.19,9.65,9.7,9.9,0.16,1.6162,1.7649,17473475,175709375.33,10972249491.8,9960098485.92,6864
2016-06-14,'000566,海南海药,9.9,9.97,9.7,9.88,9.92,-0.02,-0.2016,1.014,10038901,99026043.99,10797740553.6,9801687376.8,5503
2016-06-13,'000566,海南海药,9.92,10.5,9.92,10.5,10.63,-0.71,-6.6792,2.0905,20697730,211685312.04,10819554170.9,9821488765.44,10470
2016-06-08,'000566,海南海药,10.63,10.79,10.62,10.67,10.74,-0.11,-1.0242,1.5021,14871918,159177808.42,11593937584.3,10524438062.2,6527
2016-06-07,'000566,海南海药,10.74,10.85,10.51,10.62,10.58,0.16,1.5123,1.8902,18714155,200207236.36,11713912479.4,10633345699.7,7916
2016-06-06,'000566,海南海药,10.58,10.65,10.46,10.57,10.55,0.03,0.2844,1.3852,13714238,144650396.33,11539403541.1,10474934590.6,5898
2016-06-03,'000566,海南海药,10.55,10.67,10.36,10.5,10.53,0.02,0.1899,1.8988,18799777,198007536.64,11506683115.2,10445232507.6,8119
2016-06-02,'000566,海南海药,10.53,10.62,10.37,10.56,10.55,-0.02,-0.1896,1.6573,16408881,171729975.82,11484869497.9,10425431119.0,7561
2016-06-01,'000566,海南海药,10.55,10.78,10.48,10.53,10.58,-0.03,-0.2836,1.943,19237537,204726086.44,11506683115.2,10445232507.6,8843
2016-05-31,'000566,海南海药,10.58,10.59,10.1,10.2,10.16,0.42,4.1339,2.2851,22623641,236016840.97,11539403541.1,10474934590.6,10014
2016-05-30,'000566,海南海药,20.32,20.46,19.81,19.96,20.1,0.22,1.0945,1.1324,5605707,113201946.97,11081317578.2,10059105429.1,5180
2016-05-27,'000566,海南海药,20.1,20.19,19.98,20.07,20.14,-0.04,-0.1986,1.0068,4984071,100096462.93,10961342683.2,9950197791.6,4378
2016-05-26,'000566,海南海药,20.14,20.45,19.5,20.11,20.28,-0.14,-0.6903,1.9866,9834550,195689248.85,10983156300.5,9969999180.24,7561
2016-05-25,'000566,海南海药,20.28,20.74,20.2,20.6,20.24,0.04,0.1976,1.7995,8908321,182536038.35,11059503961.0,10039304040.5,6595
2016-05-24,'000566,海南海药,20.24,20.64,20.12,20.31,20.37,-0.13,-0.6382,1.0417,5156693,104862720.92,11037690343.7,10019502651.8,4081
2016-05-23,'000566,海南海药,20.37,20.55,20.2,20.3,20.2,0.17,0.8416,1.3,6435671,130946336.68,11108584599.8,10083857164.9,4509
2016-05-20,'000566,海南海药,20.2,20.23,19.71,19.9,20.06,0.14,0.6979,1.0288,5093065,101958761.24,11015876726.4,9999701263.2,4078
2016-05-19,'000566,海南海药,20.06,20.65,19.85,19.85,19.98,0.08,0.4004,1.7374,8600537,173913922.5,10939529065.9,9930396402.96,6252
2016-05-18,'000566,海南海药,19.98,20.95,19.6,20.91,21.19,-1.21,-5.7102,1.7278,8552974,173394518.72,10895901831.4,9890793625.68,7162
2016-05-17,'000566,海南海药,21.19,21.55,20.61,21.0,20.84,0.35,1.6795,1.6779,8306043,175147781.23,11555763754.1,10489785632.0,6214
2016-05-16,'000566,海南海药,20.84,20.94,20.2,20.2,20.67,0.17,0.8224,1.0437,5166912,107070302.98,11364894602.9,10316523481.4,3850
2016-05-13,'000566,海南海药,20.67,21.16,20.51,20.71,20.66,0.01,0.0484,0.9121,4515294,94073579.99,11272186729.4,10232367579.7,3881
2016-05-12,'000566,海南海药,20.66,20.82,20.2,20.53,21.0,-0.34,-1.619,1.0175,5036867,103459006.29,11266733325.1,10227417232.6,4731
2016-05-11,'000566,海南海药,21.0,21.41,20.78,21.15,21.0,0.0,0.0,1.3355,6610973,139488146.99,11452149072.0,10395729036.0,4906
2016-05-10,'000566,海南海药,21.0,21.59,20.88,21.4,21.32,-0.32,-1.5009,1.1097,5493342,116549323.52,11452149072.0,10395729036.0,5018
2016-05-09,'000566,海南海药,21.32,22.4,21.15,22.37,22.8,-1.48,-6.4912,1.68,8316584,180752490.97,11626658010.2,10554140145.1,7278
2016-05-06,'000566,海南海药,22.8,23.69,22.3,23.47,23.41,-0.61,-2.6057,2.2029,10905167,250540054.13,12433761849.6,11286791524.8,8202
2016-05-05,'000566,海南海药,23.41,23.49,23.01,23.01,23.16,0.25,1.0794,1.2104,5991690,139300468.25,12766419513.1,11588762701.6,5050
2016-05-04,'000566,海南海药,23.16,23.53,22.91,23.0,23.02,0.14,0.6082,2.1813,10798137,251926040.8,12630084405.1,11465004022.6,8156
2016-05-03,'000566,海南海药,23.02,23.2,21.98,22.0,21.98,1.04,4.7316,2.1216,10502548,238593445.06,12553736744.6,11395699162.3,8187
2016-04-29,'000566,海南海药,21.98,22.27,21.89,21.89,22.01,-0.03,-0.1363,1.0071,4985650,110176887.11,11986582695.4,10880863057.7,4298
2016-04-28,'000566,海南海药,22.01,22.49,21.52,22.31,22.31,-0.3,-1.3447,1.168,5782054,126882483.82,12002942908.3,10895714099.2,5711
2016-04-27,'000566,海南海药,22.31,22.68,22.26,22.33,22.36,-0.05,-0.2236,1.4277,7067398,158737164.8,12166545037.9,11044224514.0,6226
2016-04-26,'000566,海南海药,22.36,22.45,21.86,22.2,22.47,-0.11,-0.4895,1.6686,8260297,183439393.01,12193812059.5,11068976249.8,6467
2016-04-25,'000566,海南海药,22.47,22.52,21.58,22.28,22.38,0.09,0.4021,1.8166,8992572,197909555.93,12253799507.0,11123430068.5,6840
2016-04-22,'000566,海南海药,22.38,22.39,21.88,22.06,22.3,0.08,0.3587,1.3862,6861948,152125133.0,12204718868.2,11078876944.1,5790
2016-04-21,'000566,海南海药,22.3,22.85,21.8,22.28,22.42,-0.12,-0.5352,2.4052,11906447,266153467.84,12161091633.6,11039274166.8,9580
2016-04-20,'000566,海南海药,22.42,24.55,21.98,24.44,24.3,-1.88,-7.7366,3.1153,15421721,354500878.99,12226532485.4,11098678332.7,12879
2016-04-19,'000566,海南海药,24.3,24.75,24.12,24.64,24.47,-0.17,-0.6947,1.6211,8025075,195487369.81,13251772497.6,12029343598.8,6474
2016-04-18,'000566,海南海药,24.47,24.8,24.3,24.79,25.05,-0.58,-2.3154,1.9243,9526113,233279072.18,13344480371.0,12113499500.5,7537
2016-04-15,'000566,海南海药,25.05,25.3,24.9,25.15,25.15,-0.1,-0.3976,1.8746,9280163,232276682.61,13660777821.6,12400619635.8,7263
2016-04-14,'000566,海南海药,25.15,25.15,24.78,25.04,24.9,0.25,1.004,2.2159,10969464,274179795.37,13715311864.8,12450123107.4,8068
2016-04-13,'000566,海南海药,24.9,25.58,24.69,24.85,24.62,0.28,1.1373,3.5395,17521825,440767886.2,13578976756.8,12326364428.4,14160
2016-04-12,'000566,海南海药,24.62,25.19,24.32,24.95,25.12,-0.5,-1.9904,2.4439,12098241,298049223.62,13426281435.8,12187754707.9,9866
2016-04-11,'000566,海南海药,25.12,25.25,24.3,24.46,24.19,0.93,3.8446,3.7589,18607711,464737955.8,13698951651.8,12435272065.9,13600
2016-04-08,'000566,海南海药,24.19,24.39,23.7,24.25,24.58,-0.39,-1.5867,2.6239,12989325,312351090.96,13191785050.1,11974889780.0,11160
2016-04-07,'000566,海南海药,24.58,25.33,24.32,25.27,25.1,-0.52,-2.0717,3.6922,18277736,450976991.59,13404467818.6,12167953319.3,15882
2016-04-06,'000566,海南海药,25.1,25.27,24.15,24.2,24.6,0.5,2.0325,4.3374,21471661,529311847.03,13688044843.2,12425371371.6,18253
2016-04-05,'000566,海南海药,24.6,24.77,23.6,23.95,23.58,1.02,4.3257,4.7464,23496137,569719997.78,13415374627.2,12177854013.6,19464
2016-04-01,'000566,海南海药,23.58,23.75,22.43,23.15,23.32,0.26,1.1149,3.2105,15893306,366291903.22,12859127386.6,11672918603.3,12898
2016-03-31,'000566,海南海药,23.32,23.76,23.2,23.22,23.14,0.18,0.7779,3.031,15004734,351611354.01,12717338874.2,11544209577.1,10615
2016-03-30,'000566,海南海药,23.14,23.19,22.32,22.32,22.14,1.0,4.5167,2.3242,11505619,261716292.64,12619177596.5,11455103328.2,9511
2016-03-29,'000566,海南海药,22.14,23.09,21.86,22.88,23.12,-0.98,-4.2388,2.5645,12695343,283386957.15,12073837164.5,10960068612.2,11466
2016-03-28,'000566,海南海药,23.12,24.05,22.96,23.29,23.16,-0.04,-0.1727,3.2858,16266044,382438659.58,12608270787.8,11445202633.9,12602
2016-03-25,'000566,海南海药,23.16,23.3,22.9,22.99,23.21,-0.05,-0.2154,1.9429,9617917,221942612.06,12630084405.1,11465004022.6,7601
2016-03-24,'000566,海南海药,23.21,24.08,22.89,23.3,23.46,-0.25,-1.0656,3.706,18346023,429362222.85,12657351426.7,11489755758.4,14317
2016-03-23,'000566,海南海药,23.46,23.57,23.15,23.3,23.54,-0.08,-0.3398,2.8319,14019081,327380850.84,12793686534.7,11613514437.4,10266
2016-03-22,'000566,海南海药,23.54,23.99,23.31,23.5,23.69,-0.15,-0.6332,3.319,16430245,388384966.95,12837313769.3,11653117214.6,12610
2016-03-21,'000566,海南海药,23.69,23.8,22.8,23.19,22.89,0.8,3.495,4.6584,23060846,537790258.22,12919114834.1,11727372422.0,16192
2016-03-18,'000566,海南海药,22.89,23.41,21.22,21.27,21.28,1.61,7.5658,5.8978,29195968,654144930.78,12482842488.5,11331344649.2,20716
2016-03-17,'000566,海南海药,21.28,21.58,20.36,20.5,20.46,0.82,4.0078,3.8009,18815839,395541858.23,11604844393.0,10534338756.5,12979
2016-03-16,'000566,海南海药,20.46,21.08,20.21,20.81,20.8,-0.34,-1.6346,1.6745,8289124,170624747.8,11157665238.7,10128410289.4,7502
2016-03-15,'000566,海南海药,20.8,21.15,20.55,20.91,21.12,-0.32,-1.5152,1.9602,9703714,202207914.97,11343080985.6,10296722092.8,8378
2016-03-14,'000566,海南海药,21.12,21.48,20.45,20.6,20.12,1.0,4.9702,2.9649,14677289,309442579.93,11517589923.8,10455133201.9,12602
2016-03-11,'000566,海南海药,20.12,20.15,19.66,19.81,19.97,0.15,0.7511,1.4397,7127238,142116842.46,10972249491.8,9960098485.92,6080
2016-03-10,'000566,海南海药,19.97,20.42,19.9,20.24,20.14,-0.17,-0.8441,1.6202,8020738,161303240.49,10890448427.0,9885843278.52,7018
2016-03-09,'000566,海南海药,20.14,20.5,19.78,19.96,20.78,-0.64,-3.0799,2.074,10267155,206672056.76,10983156300.5,9969999180.24,8859
2016-03-08,'000566,海南海药,20.78,20.88,19.45,20.57,20.5,0.28,1.3659,2.6687,13210871,265967633.49,11332174177.0,10286821398.5,11683
2016-03-07,'000566,海南海药,20.5,20.9,20.0,20.19,19.8,0.7,3.5354,1.9541,9673566,198191755.79,11179478856.0,10148211678.0,9021
2016-03-04,'000566,海南海药,19.8,20.99,19.26,20.84,20.82,-1.02,-4.8991,2.6718,13226490,266573430.89,10797740553.6,9801687376.8,12279
2016-03-03,'000566,海南海药,20.82,21.8,20.78,21.1,21.02,-0.2,-0.9515,3.4734,17194685,366176437.56,11353987794.2,10306622787.1,14865
2016-03-02,'000566,海南海药,21.02,21.02,18.82,19.22,19.11,1.91,9.9948,3.7979,18800983,371687115.43,11463055880.6,10405629730.3,14409
2016-03-01,'000566,海南海药,19.11,19.4,18.21,18.7,18.66,0.45,2.4116,2.7049,13390112,251236725.15,10421455655.5,9460113422.76,11389
2016-02-29,'000566,海南海药,18.66,20.79,18.62,20.69,20.69,-2.03,-9.8115,3.4975,17313664,330387947.21,10176052461.1,9237347800.56,13808
2016-02-26,'000566,海南海药,20.69,21.78,20.05,21.51,21.51,-0.82,-3.8122,3.0663,15179426,317927396.61,11283093538.1,10242268274.0,14991
2016-02-25,'000566,海南海药,21.51,24.1,21.51,23.79,23.9,-2.39,-10.0,3.7164,18397277,419184189.29,11730272692.3,10648196741.2,16534
2016-02-24,'000566,海南海药,23.9,24.29,23.16,24.0,24.15,-0.25,-1.0352,2.9605,14655369,348105681.84,13033636324.8,11831329712.4,13565
2016-02-23,'000566,海南海药,24.15,24.85,23.68,23.97,23.95,0.2,0.8351,3.6119,17880181,432709058.21,13169971432.8,11955088391.4,16048
2016-02-22,'000566,海南海药,23.95,24.21,23.59,23.95,23.55,0.4,1.6985,3.3869,16766233,400501735.34,13060903346.4,11856081448.2,12652
2016-02-19,'000566,海南海药,23.55,23.89,23.39,23.76,23.83,-0.28,-1.175,3.2987,16329708,385108437.95,12842767173.6,11658067561.8,11812
2016-02-18,'000566,海南海药,23.83,24.64,23.62,24.46,24.06,-0.23,-0.9559,3.5717,17681285,423086760.98,12995462494.6,11796677282.3,17856
2016-02-17,'000566,海南海药,24.06,24.4,23.08,23.44,22.85,1.21,5.2954,6.0467,29933459,714268135.0,13120890793.9,11910535267.0,24612
2016-02-16,'000566,海南海药,22.85,22.85,21.16,21.26,20.77,2.08,10.0144,2.3404,11586014,256057477.16,12461028871.2,11311543260.6,8530
2016-02-15,'000566,海南海药,20.77,21.0,20.0,20.11,21.18,-0.41,-1.9358,1.9763,9783615,200304390.71,11326720772.6,10281871051.3,8379
2016-02-05,'000566,海南海药,21.18,21.98,21.15,21.98,21.86,-0.68,-3.1107,2.1587,10686364,230056170.63,11550310349.8,10484835284.9,8860
2016-02-04,'000566,海南海药,21.86,22.1,21.46,21.46,21.37,0.49,2.2929,3.3868,16765931,365588080.42,11921141843.5,10821458891.8,11368
2016-02-03,'000566,海南海药,21.37,21.46,20.71,21.08,21.47,-0.1,-0.4658,2.2543,11159479,235316226.67,11653925031.8,10578891880.9,8698
2016-02-02,'000566,海南海药,21.47,21.87,20.56,20.68,20.56,0.91,4.4261,2.9128,14419602,307510075.41,11708459075.0,10628395352.5,10675
2016-02-01,'000566,海南海药,20.56,21.1,20.21,20.84,21.01,-0.45,-2.1418,2.3398,11582883,240047451.55,11212199281.9,10177913761.0,9009
2016-01-29,'000566,海南海药,21.01,21.47,19.68,20.16,19.96,1.05,5.2605,3.7579,18602772,384695080.06,11457602476.3,10400679383.2,13273
2016-01-28,'000566,海南海药,19.96,21.38,19.61,20.63,21.13,-1.17,-5.5372,3.647,18054047,372552961.91,10884995022.7,9880892931.36,13011
2016-01-27,'000566,海南海药,21.13,23.1,20.8,22.9,23.11,-1.98,-8.5677,6.5012,32183235,681364627.33,11523043328.2,10460083549.1,20223
2016-01-26,'000566,海南海药,23.11,25.4,23.11,25.4,25.68,-2.57,-10.0078,2.7555,13640568,328945981.7,12602817383.5,11440252286.8,13012
2016-01-25,'000566,海南海药,25.68,25.9,25.23,25.7,25.34,0.34,1.3418,2.244,11108451,285006565.03,14004342293.8,12712491506.9,8711
2016-01-22,'000566,海南海药,25.34,25.95,24.46,25.7,25.29,0.05,0.1977,2.2705,11239783,284214370.39,13818926546.9,12544179703.4,11419
2016-01-21,'000566,海南海药,25.29,27.16,25.08,26.11,26.67,-1.38,-5.1744,3.2401,16039797,421548123.68,13791659525.3,12519427967.6,15207
2016-01-20,'000566,海南海药,26.67,28.08,25.77,26.0,26.07,0.6,2.3015,4.6613,23074995,615966762.65,14544229321.4,13202575875.7,19348
2016-01-19,'000566,海南海药,26.07,26.25,24.78,25.13,25.25,0.82,3.2475,3.5894,17768919,454857904.49,14217025062.2,12905555046.1,13485
2016-01-18,'000566,海南海药,25.25,25.73,24.03,24.3,24.8,0.45,1.8145,2.7403,13565542,340969529.85,13769845908.0,12499626579.0,10868
2016-01-15,'000566,海南海药,24.8,26.8,24.55,26.0,26.29,-1.49,-5.6676,3.0734,15214408,391222696.09,13524442713.6,12276860956.8,15162
2016-01-14,'000566,海南海药,26.29,26.29,23.68,23.91,24.94,1.35,5.413,2.9373,14540768,368265680.02,14336999957.3,13014462683.6,13523
2016-01-13,'000566,海南海药,24.94,26.75,24.94,25.9,25.65,-0.71,-2.768,3.5056,17353828,451899501.6,13600790374.1,12346165817.0,17171
2016-01-12,'000566,海南海药,25.65,26.0,23.91,25.65,25.65,0.0,0.0,3.7722,18673817,467122430.22,13987982080.8,12697640465.4,16482
2016-01-11,'000566,海南海药,25.65,28.0,25.65,28.0,28.5,-2.85,-10.0,3.6233,17936730,477683180.0,13987982080.8,12697640465.4,15036
2016-01-08,'000566,海南海药,28.5,29.78,26.3,29.42,28.99,-0.49,-1.6902,3.5983,17813025,505728926.21,15542202312.0,14108489406.0,15986
2016-01-07,'000566,海南海药,28.99,31.15,28.99,31.15,32.21,-3.22,-9.9969,0.8884,4397832,130741676.98,15809419123.7,14351056416.8,4594
2016-01-06,'000566,海南海药,32.21,32.87,30.86,32.6,31.7,0.51,1.6088,3.3998,16829973,535499248.81,17565415314.7,15945068202.4,16460
2016-01-05,'000566,海南海药,31.7,33.83,31.47,31.7,34.97,-3.27,-9.3509,3.4816,17235340,558452537.79,17287291694.4,15692600497.2,17282
2016-01-04,'000566,海南海药,34.97,39.5,34.97,39.3,38.86,-3.89,-10.0103,2.3694,11729219,427887323.14,19070554907.0,17311364018.5,12304
