日期,股票代码,名称,收盘价,最高价,最低价,开盘价,前收盘,涨跌额,涨跌幅,换手率,成交量,成交金额,总市值,流通市值,成交笔数
2016-10-12,'002192,融捷股份,27.91,28.04,27.56,27.65,27.77,0.14,0.5041,2.393,4558480,126914457.18,7246976715.73,5316624575.04,5465
2016-10-11,'002192,融捷股份,27.77,28.2,27.6,28.2,28.15,-0.38,-1.3499,2.9801,5676876,157645195.8,7210624987.31,5289955730.88,7486
2016-10-10,'002192,融捷股份,28.15,28.29,27.73,27.73,27.6,0.55,1.9928,3.3724,6424094,179981151.16,7309293964.45,5362342593.6,9364
2016-09-30,'002192,融捷股份,27.6,27.79,27.32,27.4,27.6,0.0,0.0,3.1038,5912516,163149645.67,7166483602.8,5257572134.4,7725
2016-09-29,'002192,融捷股份,27.6,27.94,27.22,27.79,27.79,-0.19,-0.6837,4.5761,8717082,239475349.7,7166483602.8,5257572134.4,10536
2016-09-28,'002192,融捷股份,27.79,28.45,27.53,28.38,28.38,-0.59,-2.0789,6.9243,13190197,367741017.5,7215818091.37,5293765565.76,15907
2016-09-27,'002192,融捷股份,28.38,28.38,25.8,25.8,25.8,2.58,10.0,11.2154,21364472,596249255.99,7369014661.14,5406155694.72,21585
2016-09-26,'002192,融捷股份,25.8,26.09,25.54,26.09,26.07,-0.27,-1.0357,1.7719,3375253,87038164.6,6699104237.4,4914686995.2,4737
2016-09-23,'002192,融捷股份,26.07,26.47,25.91,26.47,26.35,-0.28,-1.0626,1.4944,2846682,74261145.33,6769211142.21,4966119766.08,3658
2016-09-22,'002192,融捷股份,26.35,26.67,26.28,26.61,26.39,-0.04,-0.1516,1.3685,2606903,68881056.97,6841914599.05,5019457454.4,3833
2016-09-21,'002192,融捷股份,26.39,26.77,26.28,26.68,26.56,-0.17,-0.6401,1.4261,2716627,72014944.86,6852300807.17,5027077124.16,3682
2016-09-20,'002192,融捷股份,26.56,26.87,26.03,26.37,26.32,0.24,0.9119,2.0167,3841649,101388699.5,6896442191.68,5059460720.64,5039
2016-09-19,'002192,融捷股份,26.32,26.56,26.11,26.11,26.1,0.22,0.8429,1.6536,3150061,82926414.17,6834124942.96,5013742702.08,4531
2016-09-14,'002192,融捷股份,26.1,26.18,25.61,26.0,26.38,-0.28,-1.0614,2.1338,4064748,105241948.65,6777000798.3,4971834518.4,5424
2016-09-13,'002192,融捷股份,26.38,26.68,26.28,26.58,26.32,0.06,0.228,1.5669,2984881,78893990.77,6849704255.14,5025172206.72,4957
2016-09-12,'002192,融捷股份,26.32,28.01,26.31,28.01,28.4,-2.08,-7.3239,3.8735,7378618,199099814.69,6834124942.96,5013742702.08,10261
2016-09-09,'002192,融捷股份,28.4,28.85,28.3,28.75,28.62,-0.22,-0.7687,1.4362,2735818,77996147.69,7374207765.2,5409965529.6,4773
2016-09-08,'002192,融捷股份,28.62,29.24,28.5,28.88,28.88,-0.26,-0.9003,2.3141,4408193,127065764.05,7431331909.86,5451873713.28,6522
2016-09-07,'002192,融捷股份,28.88,29.5,28.83,29.49,29.46,-0.58,-1.9688,2.6982,5139829,149882661.67,7498842262.64,5501401566.72,7242
2016-09-06,'002192,融捷股份,29.46,29.48,28.21,28.38,28.23,1.23,4.3571,3.2468,6184922,179607312.68,7649442280.38,5611886778.24,8184
2016-09-05,'002192,融捷股份,28.23,28.59,28.19,28.44,28.43,-0.2,-0.7035,1.0881,2072669,58852116.84,7330066380.69,5377581933.12,3094
2016-09-02,'002192,融捷股份,28.43,29.0,28.15,29.0,28.97,-0.54,-1.864,1.8895,3599335,102716358.46,7381997421.29,5415680281.92,6404
2016-09-01,'002192,融捷股份,28.97,29.25,28.96,28.99,29.02,-0.05,-0.1723,0.9782,1863431,54197842.2,7522211230.91,5518545823.68,3023
2016-08-31,'002192,融捷股份,29.02,29.18,28.9,29.0,28.95,0.07,0.2418,1.0601,2019350,58647657.66,7535193991.06,5528070410.88,3022
2016-08-30,'002192,融捷股份,28.95,29.19,28.82,29.02,28.9,0.05,0.173,0.9263,1764488,51181021.08,7517018126.85,5514735988.8,2707
2016-08-29,'002192,融捷股份,28.9,29.25,28.82,28.84,28.99,-0.09,-0.3105,0.9824,1871450,54296104.7,7504035366.7,5505211401.6,3223
2016-08-26,'002192,融捷股份,28.99,29.28,28.95,29.05,29.06,-0.07,-0.2409,1.1578,2205456,64267909.26,7527404334.97,5522355658.56,3508
2016-08-25,'002192,融捷股份,29.06,29.55,28.8,29.51,29.65,-0.59,-1.9899,1.509,2874481,83375932.5,7545580199.18,5535690080.64,4529
2016-08-24,'002192,融捷股份,29.65,29.97,29.47,29.5,29.44,0.21,0.7133,1.507,2870745,85488836.79,7698776768.95,5648080209.6,4023
2016-08-23,'002192,融捷股份,29.44,30.08,29.2,29.86,29.86,-0.42,-1.4066,1.7132,3263439,96217961.29,7644249176.32,5608076943.36,4650
2016-08-22,'002192,融捷股份,29.86,30.64,29.85,30.25,30.25,-0.39,-1.2893,1.4712,2802563,84579138.61,7753304361.58,5688083475.84,4340
2016-08-19,'002192,融捷股份,30.25,30.69,30.0,30.5,30.75,-0.5,-1.626,2.0422,3890239,117726808.3,7854569890.75,5762375256.0,5523
2016-08-18,'002192,融捷股份,30.75,31.48,30.46,30.65,30.65,0.1,0.3263,2.4841,4731968,146475769.14,7984397492.25,5857621128.0,6933
2016-08-17,'002192,融捷股份,30.65,31.16,30.38,30.81,31.12,-0.47,-1.5103,2.885,5495619,168599979.56,7958431971.95,5838571953.6,8043
2016-08-16,'002192,融捷股份,31.12,31.37,29.61,29.7,29.77,1.35,4.5348,5.5386,10550559,323436307.08,8080469917.36,5928103073.28,14429
2016-08-15,'002192,融捷股份,29.77,29.97,28.68,29.47,29.18,0.59,2.0219,2.883,5491788,162003498.23,7729935393.31,5670939218.88,8119
2016-08-12,'002192,融捷股份,29.18,29.61,28.82,28.83,28.81,0.37,1.2843,1.8607,3544422,103595141.88,7576738823.54,5558549089.92,5258
2016-08-11,'002192,融捷股份,28.81,29.86,28.81,29.71,29.85,-1.04,-3.4841,1.9736,3759520,109934341.85,7480666398.43,5488067144.64,6218
2016-08-10,'002192,融捷股份,29.85,30.28,29.57,29.71,29.76,0.09,0.3024,2.6898,5123861,153426552.98,7750707809.55,5686178558.4,7647
2016-08-09,'002192,融捷股份,29.76,29.87,28.88,28.96,29.01,0.75,2.5853,2.6107,4973170,146050142.14,7727338841.28,5669034301.44,7205
2016-08-08,'002192,融捷股份,29.01,29.33,28.53,28.76,28.73,0.28,0.9746,1.8327,3491199,101266498.36,7532597439.03,5526165493.44,5216
2016-08-05,'002192,融捷股份,28.73,29.42,28.6,29.42,29.43,-0.7,-2.3785,2.4282,4625519,133686800.35,7459893982.19,5472827805.12,6743
2016-08-04,'002192,融捷股份,29.43,30.09,28.38,28.69,28.78,0.65,2.2585,3.6651,6981670,204708786.85,7641652624.29,5606172025.92,9164
2016-08-03,'002192,融捷股份,28.78,29.36,28.7,28.92,29.05,-0.27,-0.9294,1.7182,3272973,95010653.47,7472876742.34,5482352392.32,4896
2016-08-02,'002192,融捷股份,29.05,29.2,28.5,28.52,28.52,0.53,1.8583,2.0704,3943945,114086955.61,7542983647.15,5533785163.2,5389
2016-08-01,'002192,融捷股份,28.52,29.19,28.0,29.19,29.19,-0.67,-2.2953,2.1794,4151597,118108573.67,7405366389.56,5432824538.88,5592
2016-07-29,'002192,融捷股份,29.19,29.44,28.55,29.07,29.25,-0.06,-0.2051,2.6155,4982346,144695729.06,7579335375.57,5560454007.36,6617
2016-07-28,'002192,融捷股份,29.25,30.29,28.36,30.14,30.18,-0.93,-3.0815,4.3336,8255193,241523095.1,7594914687.75,5571883512.0,11648
2016-07-27,'002192,融捷股份,30.18,33.65,30.11,33.5,33.46,-3.28,-9.8027,5.7992,11047041,345580985.99,7836394026.54,5749040833.92,16458
2016-07-26,'002192,融捷股份,33.46,33.97,33.2,33.2,33.17,0.29,0.8743,2.2309,4249661,142449523.16,8688063092.38,6373853754.24,5556
2016-07-25,'002192,融捷股份,33.17,34.13,32.76,32.78,33.11,0.06,0.1812,2.2128,4215156,140999135.53,8612763083.51,6318611148.48,7145
2016-07-22,'002192,融捷股份,33.11,33.82,32.91,33.6,33.91,-0.8,-2.3592,3.0562,5821888,193543749.25,8597183771.33,6307181643.84,9156
2016-07-21,'002192,融捷股份,33.91,34.84,33.88,34.44,34.83,-0.92,-2.6414,3.4105,6496680,223493573.52,8804907933.73,6459575039.04,10407
2016-07-20,'002192,融捷股份,34.83,35.29,33.08,33.3,33.18,1.65,4.9729,5.8856,11211536,385150104.05,9043790720.49,6634827443.52,16843
2016-07-19,'002192,融捷股份,33.18,33.63,32.8,33.6,33.73,-0.55,-1.6306,3.6112,6879086,227637608.53,8615359635.54,6320516065.92,10113
2016-07-18,'002192,融捷股份,33.73,35.25,33.7,35.01,35.2,-1.47,-4.1761,5.0229,9568224,327048574.75,8758169997.19,6425286525.12,14785
2016-07-15,'002192,融捷股份,35.2,35.8,35.14,35.7,35.89,-0.69,-1.9225,3.0169,5746874,203461821.07,9139863145.6,6705309388.8,8527
2016-07-14,'002192,融捷股份,35.89,36.22,35.5,35.65,35.68,0.21,0.5886,2.801,5335699,191685465.75,9319025235.67,6836748692.16,7496
2016-07-13,'002192,融捷股份,35.68,36.06,35.53,35.93,35.62,0.06,0.1684,2.911,5545146,198540617.58,9264497643.04,6796745425.92,7274
2016-07-12,'002192,融捷股份,35.62,36.19,34.71,35.89,35.88,-0.26,-0.7246,4.3007,8192480,289104946.41,9248918330.86,6785315921.28,12417
2016-07-11,'002192,融捷股份,35.88,36.55,35.85,36.1,36.33,-0.45,-1.2386,3.2563,6202892,224871121.61,9316428683.64,6834843774.72,8526
2016-07-08,'002192,融捷股份,36.33,36.87,36.26,36.7,36.99,-0.66,-1.7843,3.5636,6788374,247755538.85,9433273524.99,6920565059.52,10129
2016-07-07,'002192,融捷股份,36.99,37.64,36.3,36.49,36.7,0.29,0.7902,6.2468,11899589,439693961.38,9604645958.97,7046289610.56,15681
2016-07-06,'002192,融捷股份,36.7,37.42,36.56,37.1,36.95,-0.25,-0.6766,3.4517,6575295,242523305.49,9529345950.1,6991047004.8,9639
2016-07-05,'002192,融捷股份,36.95,37.47,36.53,36.93,36.83,0.12,0.3258,3.7424,7128944,263696657.66,9594259750.85,7038669940.8,10437
2016-07-04,'002192,融捷股份,36.83,37.18,36.01,36.3,36.55,0.28,0.7661,3.2071,6109178,224609675.32,9563101126.49,7015810931.52,8913
2016-07-01,'002192,融捷股份,36.55,37.38,36.5,36.93,36.95,-0.4,-1.0825,3.3798,6438265,236676487.47,9490397669.65,6962473243.2,9770
2016-06-30,'002192,融捷股份,36.95,38.01,36.72,38.0,38.08,-1.13,-2.9674,4.9455,9420686,349848771.05,9594259750.85,7038669940.8,14071
2016-06-29,'002192,融捷股份,38.08,38.6,37.8,37.86,37.93,0.15,0.3955,5.5936,10655295,406994279.07,9887670130.24,7253925611.52,14562
2016-06-28,'002192,融捷股份,37.93,38.42,37.3,37.76,37.88,0.05,0.132,4.4352,8448695,319990722.39,9848721849.79,7225351849.92,12592
2016-06-27,'002192,融捷股份,37.88,37.88,36.59,36.6,37.1,0.78,2.1024,4.1443,7894602,294263642.17,9835739089.64,7215827262.72,10349
2016-06-24,'002192,融捷股份,37.1,37.84,35.36,37.0,37.42,-0.32,-0.8552,5.0233,9569013,353588913.32,9633208031.3,7067243702.4,13633
2016-06-23,'002192,融捷股份,37.42,37.96,37.16,37.5,38.26,-0.84,-2.1955,3.8797,7390538,277448775.33,9716297696.26,7128201060.48,11253
2016-06-22,'002192,融捷股份,38.26,38.43,37.2,38.01,37.99,0.27,0.7107,4.4598,8495596,321856074.73,9934408066.78,7288214125.44,13024
2016-06-21,'002192,融捷股份,37.99,40.3,37.8,40.06,40.16,-2.17,-5.4034,9.1838,17494288,683887069.75,9864301161.97,7236781354.56,25566
2016-06-20,'002192,融捷股份,40.16,40.45,38.9,39.13,39.84,0.32,0.8032,9.4527,18006540,714409722.58,10427752952.5,7650148439.04,24457
2016-06-17,'002192,融捷股份,39.84,41.36,38.05,38.5,38.6,1.24,3.2124,10.8497,20667784,814997070.62,10344663287.5,7589191080.96,26658
2016-06-16,'002192,融捷股份,38.6,39.9,37.24,37.25,37.35,1.25,3.3467,9.1964,17518306,681974465.93,10022690835.8,7352981318.4,24488
2016-06-15,'002192,融捷股份,37.35,38.0,35.15,35.37,35.85,1.5,4.1841,5.7109,10878831,404668360.78,9698121832.05,7114866638.4,16577
2016-06-14,'002192,融捷股份,35.85,36.62,35.61,35.9,36.3,-0.45,-1.2397,4.9601,9448536,340179300.32,9308639027.55,6829129022.4,13513
2016-06-13,'002192,融捷股份,36.3,39.3,36.3,39.0,40.0,-3.7,-9.25,7.152,13624015,519800923.26,9425483868.9,6914850307.2,20839
2016-06-08,'002192,融捷股份,40.0,41.29,38.26,39.6,39.76,0.24,0.6036,8.425,16048903,636218631.12,10386208120.0,7619669760.0,23265
2016-06-07,'002192,融捷股份,39.76,40.8,39.68,39.8,39.73,0.03,0.0755,5.5622,10595447,425369573.5,10323890871.3,7573951741.44,15220
2016-06-06,'002192,融捷股份,39.73,40.19,38.9,39.44,39.32,0.41,1.0427,5.5603,10591853,419424986.34,10316101215.2,7568236989.12,14374
2016-06-03,'002192,融捷股份,39.32,40.2,39.29,40.05,39.85,-0.53,-1.33,5.9014,11241719,445340472.89,10209642582.0,7490135374.08,15651
2016-06-02,'002192,融捷股份,39.85,40.0,39.2,39.8,40.24,-0.39,-0.9692,6.8418,13033150,516255871.18,10347259839.5,7591095998.4,18701
2016-06-01,'002192,融捷股份,40.24,41.94,38.5,38.85,38.13,2.11,5.5337,11.9178,22702390,919675649.6,10448525368.7,7665387778.56,29354
2016-05-31,'002192,融捷股份,38.13,38.35,37.06,37.19,37.15,0.98,2.638,6.7128,12787395,484460091.76,9900652890.39,7263450198.72,17035
2016-05-30,'002192,融捷股份,37.15,38.89,35.5,35.78,35.93,1.22,3.3955,6.3757,12145087,452488818.63,9646190791.45,7076768289.6,17555
2016-05-27,'002192,融捷股份,35.93,36.78,35.5,36.51,36.9,-0.97,-2.6287,3.7591,7160711,259342715.25,9329411443.79,6844368361.92,11688
2016-05-26,'002192,融捷股份,36.9,36.92,35.39,36.62,36.55,0.35,0.9576,4.2308,8059377,290969370.46,9581276990.7,7029145353.6,12485
2016-05-25,'002192,融捷股份,36.55,37.97,36.21,37.75,37.34,-0.79,-2.1157,4.7213,8993623,333351709.98,9490397669.65,6962473243.2,14035
2016-05-24,'002192,融捷股份,37.34,38.86,36.9,38.5,39.04,-1.7,-4.3545,7.1247,13571963,512731525.61,9695525280.02,7112961720.96,18576
2016-05-23,'002192,融捷股份,39.04,39.17,37.0,37.0,37.33,1.71,4.5808,6.2885,11979048,460634672.84,10136939125.1,7436797685.76,17500
2016-05-20,'002192,融捷股份,37.33,37.68,36.0,36.21,37.23,0.1,0.2686,4.8938,9322293,343596677.04,9692928727.99,7111056803.52,14045
2016-05-19,'002192,融捷股份,37.23,38.34,36.63,36.63,36.74,0.49,1.3337,6.1519,11718819,441508383.75,9666963207.69,7092007629.12,17521
2016-05-18,'002192,融捷股份,36.74,38.06,35.89,38.05,39.16,-2.42,-6.1798,8.1385,15503158,575412122.22,9539732158.22,6998666674.56,22782
2016-05-17,'002192,融捷股份,39.16,41.5,38.89,39.6,40.0,-0.84,-2.1,11.3406,21602870,867941876.13,10168097749.5,7459656695.04,30334
2016-05-16,'002192,融捷股份,40.0,40.37,36.99,37.86,38.45,1.55,4.0312,11.2203,21373733,827539208.13,10386208120.0,7619669760.0,28335
2016-05-13,'002192,融捷股份,38.45,39.98,37.8,38.2,38.99,-0.54,-1.385,8.7114,16594516,644391120.07,9983742555.35,7324407556.8,24776
2016-05-12,'002192,融捷股份,38.99,39.5,35.5,36.15,37.4,1.59,4.2513,11.0137,20980231,792359392.75,10123956365.0,7427273098.56,27939
2016-05-11,'002192,融捷股份,37.4,40.5,37.39,40.2,39.8,-2.4,-6.0302,9.8276,18720796,722478180.93,9711104592.2,7124391225.6,26042
2016-05-10,'002192,融捷股份,39.8,42.3,39.0,41.99,42.2,-2.4,-5.6872,10.2607,19545704,786784425.12,10334277079.4,7581571411.2,28660
2016-05-09,'002192,融捷股份,42.2,43.95,41.19,42.98,44.29,-2.09,-4.7189,11.3073,21539441,916112078.09,10957449566.6,8038751596.8,29642
2016-05-06,'002192,融捷股份,44.29,48.69,44.29,46.0,46.19,-1.9,-4.1134,18.0626,34407763,1590587061.77,11500128940.9,8436879341.76,46190
2016-05-05,'002192,融捷股份,46.19,46.19,41.33,41.4,41.99,4.2,10.0024,13.6308,25965538,1133505628.6,11993473826.6,8798813655.36,31242
2016-05-04,'002192,融捷股份,41.99,43.49,41.59,42.1,42.54,-0.55,-1.2929,9.0598,17258128,731243142.95,10902921974.0,7998748330.56,24625
2016-05-03,'002192,融捷股份,42.54,43.5,40.13,40.4,40.9,1.64,4.0098,10.866,20698875,865204447.57,11045732335.6,8103518789.76,28817
2016-04-29,'002192,融捷股份,40.9,41.96,39.0,41.21,42.12,-1.22,-2.8965,11.8213,22518606,912867200.19,10619897802.7,7791112329.6,31146
2016-04-28,'002192,融捷股份,42.12,42.58,39.8,41.0,41.0,1.12,2.7317,10.8957,20755414,858093311.48,10936677150.4,8023512257.28,26989
2016-04-27,'002192,融捷股份,41.0,43.0,39.51,39.52,39.34,1.66,4.2196,9.65,18382370,765336205.64,10645863323.0,7810161504.0,24042
2016-04-26,'002192,融捷股份,39.34,39.98,38.41,38.9,38.9,0.44,1.1311,5.0624,9643403,378671000.09,10214835686.0,7493945208.96,13863
2016-04-25,'002192,融捷股份,38.9,40.38,38.08,40.3,40.85,-1.95,-4.7736,7.7648,14791217,582170264.77,10100587396.7,7410128841.6,19303
2016-04-22,'002192,融捷股份,40.85,41.28,37.51,37.99,37.87,2.98,7.869,10.4282,19864804,782011781.08,10606915042.5,7781587742.4,25222
2016-04-21,'002192,融捷股份,37.87,41.65,37.87,41.15,42.08,-4.21,-10.0048,11.5474,21996900,872311274.79,9833142537.61,7213922345.28,27797
2016-04-20,'002192,融捷股份,42.08,43.48,38.8,42.3,42.21,-0.13,-0.308,14.6541,27914909,1157637301.78,10926290942.2,8015892587.52,34456
2016-04-19,'002192,融捷股份,42.21,43.36,39.87,40.92,41.3,0.91,2.2034,13.3069,25348489,1042879425.29,10960046118.6,8040656514.24,31027
2016-04-18,'002192,融捷股份,41.3,41.81,37.01,37.2,38.01,3.29,8.6556,13.21,25163954,1014691698.82,10723759883.9,7867309027.2,29114
2016-04-15,'002192,融捷股份,38.01,38.06,35.82,36.03,35.81,2.2,6.1435,9.1814,17489767,651598187.62,9869494266.03,7240591189.44,21737
2016-04-14,'002192,融捷股份,35.81,35.81,34.53,35.3,34.95,0.86,2.4607,4.227,8052180,283330527.54,9298252819.43,6821509352.64,10870
2016-04-13,'002192,融捷股份,34.95,35.5,34.45,34.65,34.45,0.5,1.4514,5.3078,10110979,354214278.54,9074949344.85,6657686452.8,13066
2016-04-12,'002192,融捷股份,34.45,36.46,33.44,36.07,36.46,-2.01,-5.5129,8.2582,15731230,545658026.4,8945121743.35,6562440580.8,18841
2016-04-11,'002192,融捷股份,36.46,37.9,36.28,37.31,36.62,-0.16,-0.4369,6.6404,12649497,470258699.82,9467028701.38,6945328986.24,16418
2016-04-08,'002192,融捷股份,36.62,37.0,35.81,36.21,37.0,-0.38,-1.027,5.9413,11317656,412157461.42,9508573533.86,6975807665.28,16066
2016-04-07,'002192,融捷股份,37.0,38.36,36.48,38.36,38.06,-1.06,-2.7851,8.2533,15721811,585540423.5,9607242511.0,7048194528.0,19897
2016-04-06,'002192,融捷股份,38.06,38.72,36.5,37.5,38.15,-0.09,-0.2359,10.3156,19650280,733356125.19,9882477026.18,7250115776.64,24205
2016-04-05,'002192,融捷股份,38.15,39.39,36.52,37.94,37.1,1.05,2.8302,11.0979,21140496,798808119.87,9905845994.45,7267260033.6,24113
2016-04-01,'002192,融捷股份,37.1,41.2,36.1,41.2,39.57,-2.47,-6.2421,15.2662,29080921,1107757101.02,9633208031.3,7067243702.4,33382
2016-03-31,'002192,融捷股份,39.57,39.57,36.15,36.29,35.97,3.6,10.0083,8.5555,16297538,624057432.52,10274556382.7,7537758310.08,14031
2016-03-30,'002192,融捷股份,35.97,36.66,33.7,34.3,34.17,1.8,5.2678,11.5633,22027186,776701756.83,9339797651.91,6851988031.68,25132
2016-03-29,'002192,融捷股份,34.17,34.3,32.78,33.0,33.3,0.87,2.6126,8.5149,16220254,546923476.76,8872418286.51,6509102892.48,20418
2016-03-28,'002192,融捷股份,33.3,34.47,32.25,33.48,33.17,0.13,0.3919,9.6723,18424862,620878237.61,8646518259.9,6343375075.2,23186
2016-03-25,'002192,融捷股份,33.17,37.2,33.17,37.01,36.85,-3.68,-9.9864,15.676,29861399,1022985602.09,8612763083.51,6318611148.48,38119
2016-03-24,'002192,融捷股份,36.85,39.18,36.2,36.2,36.95,-0.1,-0.2706,17.2308,32823285,1227468750.64,9568294230.55,7019620766.4,36326
2016-03-23,'002192,融捷股份,36.95,37.45,35.16,36.1,38.15,-1.2,-3.1455,12.3737,23570875,862856682.61,9594259750.85,7038669940.8,26846
2016-03-22,'002192,融捷股份,57.22,58.3,52.21,53.0,54.44,2.78,5.1065,11.0609,14046678,777822706.42,9904980496.18,7266625061.12,17753
2016-03-21,'002192,融捷股份,54.44,55.02,51.88,53.0,50.02,4.42,8.8365,10.994,13961817,740715370.62,9423752852.36,6913580362.24,13835
2016-03-18,'002192,融捷股份,50.02,50.02,47.29,47.43,45.47,4.55,10.0066,4.7331,6010763,295243747.58,8658635519.38,6352264689.92,4124
2016-03-17,'002192,融捷股份,45.47,45.47,41.0,41.39,41.34,4.13,9.9903,4.3874,5571752,245415589.92,7871014735.43,5774439733.12,5927
2016-03-16,'002192,融捷股份,41.34,41.6,40.0,41.01,40.3,1.04,2.5806,3.6428,4626147,189102680.15,7156097408.46,5249952464.64,4768
2016-03-15,'002192,融捷股份,40.3,42.08,39.01,39.7,39.4,0.9,2.2843,4.7933,6087208,249275433.07,6976069800.7,5117878188.8,5970
2016-03-14,'002192,融捷股份,39.4,40.2,37.81,38.1,37.28,2.12,5.6867,3.6102,4584754,180640767.63,6820276678.6,5003583142.4,4438
2016-03-11,'002192,融捷股份,37.28,37.59,36.3,36.93,36.97,0.31,0.8385,1.5232,1934406,71409502.47,6453297324.32,4734354810.88,2296
2016-03-10,'002192,融捷股份,36.97,38.39,36.55,37.89,37.56,-0.59,-1.5708,1.6347,2030207,76134963.18,6399635248.93,4591470517.12,2687
2016-03-09,'002192,融捷股份,37.56,39.18,37.19,38.1,39.26,-1.7,-4.3301,2.5725,3194875,121698869.8,6501766295.64,4664745269.76,3492
2016-03-08,'002192,融捷股份,39.26,39.66,36.0,38.05,38.18,1.08,2.8287,3.8541,4786634,181767448.53,6796042192.94,4875875912.96,5983
2016-03-07,'002192,融捷股份,38.18,39.68,37.74,38.69,38.1,0.08,0.21,2.3098,2868630,111124610.64,6609090446.42,4741745857.28,3355
2016-03-04,'002192,融捷股份,38.1,42.37,37.79,41.9,41.88,-3.78,-9.0258,2.8949,3595366,142470613.18,6595242168.9,4731810297.6,4895
2016-03-03,'002192,融捷股份,41.88,42.95,41.31,42.29,42.19,-0.31,-0.7348,2.3655,2937876,123579976.73,7249573281.72,5201265492.48,3792
2016-03-02,'002192,融捷股份,42.19,42.65,38.53,39.0,38.78,3.41,8.7932,3.859,4792637,195707841.95,7303235357.11,5239765786.24,5124
2016-03-01,'002192,融捷股份,38.78,39.7,37.01,37.82,38.7,0.08,0.2067,3.1959,3969079,152628506.48,6712952527.82,4816262554.88,4494
2016-02-29,'002192,融捷股份,38.7,41.0,37.62,40.96,41.8,-3.1,-7.4163,4.0556,5036777,193188627.18,6699104250.3,4806326995.2,5033
2016-02-26,'002192,融捷股份,41.8,43.59,40.5,42.8,43.13,-1.33,-3.0837,3.2853,4080161,171659467.17,7235725004.2,5191329932.8,5244
2016-02-25,'002192,融捷股份,43.13,48.6,43.13,48.2,47.92,-4.79,-9.9958,5.1161,6353964,285305354.21,7465952617.97,5356508612.48,7414
2016-02-24,'002192,融捷股份,47.92,48.19,45.23,46.2,46.07,1.85,4.0156,4.4443,5519627,258275237.54,8295118234.48,5951400248.32,6988
2016-02-23,'002192,融捷股份,46.07,48.8,45.43,48.79,48.85,-2.78,-5.6909,4.5374,5635236,263969090.65,7974876816.83,5721640430.72,6894
2016-02-22,'002192,融捷股份,48.85,49.75,46.0,49.31,49.0,-0.15,-0.3061,4.2981,5337948,257753341.17,8456104460.65,6066901129.6,5927
2016-02-19,'002192,融捷股份,49.0,50.26,48.36,50.21,49.68,-0.68,-1.3688,3.5059,4354179,213551846.08,8482069981.0,6085530304.0,5123
2016-02-18,'002192,融捷股份,49.68,51.56,48.95,50.0,49.85,-0.17,-0.341,4.3174,5361916,268006375.86,8599780339.92,6169982561.28,6246
2016-02-17,'002192,融捷股份,49.85,50.6,48.21,50.0,48.52,1.33,2.7411,6.8965,8565045,422152584.71,8629207929.65,6191095625.6,8631
2016-02-16,'002192,融捷股份,48.52,48.52,43.77,44.53,44.11,4.41,9.9977,4.6489,5773620,268476142.92,8398980315.88,6025916945.92,5292
2016-02-15,'002192,融捷股份,44.11,45.8,43.08,43.51,45.24,-1.13,-2.4978,7.5989,9437396,421381347.4,7635594017.59,5478219218.56,7615
2016-02-05,'002192,融捷股份,45.24,45.24,45.24,45.24,41.13,4.11,9.9927,0.5883,730692,33056506.08,7831200937.56,5618558999.04,501
2016-02-04,'002192,*ST融捷,0.0,0.0,0.0,0.0,41.13,None,None,0.0,0,0.0,7119745679.97,5108119620.48,0
2016-02-03,'002192,*ST融捷,41.13,41.14,38.2,38.32,39.18,1.95,4.977,3.3757,4192427,167170102.53,7119745679.97,5108119620.48,4365
2016-02-02,'002192,*ST融捷,39.18,40.2,38.12,38.12,38.81,0.37,0.9534,2.9364,3646818,143239160.37,6782193915.42,4865940353.28,4216
2016-02-01,'002192,*ST融捷,38.81,40.1,37.5,39.9,39.06,-0.25,-0.64,2.5052,3111269,121624828.77,6718145631.89,4819988389.76,3856
2016-01-29,'002192,*ST融捷,39.06,39.06,36.59,37.6,37.2,1.86,5.0,2.3713,2945035,112723026.99,6761421499.14,4851037013.76,3319
2016-01-28,'002192,*ST融捷,37.2,39.3,37.2,38.94,39.16,-1.96,-5.0051,2.3698,2943144,112631882.67,6439449046.8,4620035251.2,3684
2016-01-27,'002192,*ST融捷,39.16,40.6,38.57,40.0,40.6,-1.44,-3.5468,4.0311,5006382,194495638.15,6778731846.04,4863456463.36,5249
2016-01-26,'002192,*ST融捷,40.6,43.53,39.88,40.5,41.9,-1.3,-3.1026,5.3033,6586422,274441477.68,7028000841.4,5042296537.6,6312
2016-01-25,'002192,*ST融捷,41.9,45.0,41.9,44.9,44.11,-2.21,-5.0102,5.1213,6360422,274421156.76,7253035351.1,5203749382.4,6660
2016-01-22,'002192,*ST融捷,44.11,44.11,42.75,43.09,42.01,2.1,4.9988,5.4956,6825175,299232899.5,7635594017.59,5478219218.56,5519
2016-01-21,'002192,*ST融捷,42.01,45.32,42.01,43.89,44.22,-2.21,-4.9977,5.3108,6595781,290792215.2,7272076732.69,5217410776.96,7019
2016-01-20,'002192,*ST融捷,44.22,44.22,42.62,42.95,42.11,2.11,5.0107,3.9501,4905868,216056455.55,7654635399.18,5491880613.12,4346
2016-01-19,'002192,*ST融捷,42.11,42.11,40.1,40.1,40.1,2.01,5.0125,2.5099,3117176,129726551.69,7289387079.59,5229830226.56,3285
2016-01-18,'002192,*ST融捷,40.1,40.81,37.6,38.0,38.89,1.21,3.1113,2.9909,3714511,145637252.35,6941449106.9,4980199289.6,4498
2016-01-15,'002192,*ST融捷,38.89,39.6,36.8,37.0,37.71,1.18,3.1291,6.2509,7763259,304369829.79,6731993909.41,4829923949.44,7329
2016-01-14,'002192,*ST融捷,37.71,37.71,34.11,34.12,35.91,1.8,5.0125,4.2933,5332049,189484285.8,6527731815.99,4683374444.16,5461
2016-01-13,'002192,*ST融捷,35.91,38.5,35.91,38.06,37.8,-1.89,-5.0,3.0815,3826992,141103577.79,6216145571.79,4459824351.36,4111
2016-01-12,'002192,*ST融捷,37.8,39.45,37.3,38.16,39.26,-1.46,-3.7188,2.7342,3395681,130110398.08,6543311128.2,4694551948.8,4199
2016-01-11,'002192,*ST融捷,39.26,41.4,39.26,39.4,41.33,-2.07,-5.0085,3.217,3995306,159942406.25,6796042192.94,4875875912.96,4262
2016-01-08,'002192,*ST融捷,41.33,42.99,41.33,42.75,43.51,-2.18,-5.0103,4.2773,5312233,220817200.39,7154366373.77,5132958519.68,4969
2016-01-07,'002192,*ST融捷,43.51,44.47,43.51,44.13,45.8,-2.29,-5.0,0.769,955100,41721520.0,7531731936.19,5403702520.96,878
2016-01-06,'002192,*ST融捷,45.8,45.98,42.99,45.49,45.13,0.67,1.4846,4.1381,5139303,228013672.67,7928138880.2,5688107916.8,5632
2016-01-05,'002192,*ST融捷,45.13,47.0,45.13,45.13,47.5,-2.37,-4.9895,4.1028,5095473,231916418.18,7812159555.97,5604897604.48,4424
2016-01-04,'002192,*ST融捷,47.5,51.7,47.5,51.0,50.0,-2.5,-5.0,3.2266,4007271,194977180.38,8222414777.5,5899238560.0,4122
