日期,股票代码,名称,收盘价,最高价,最低价,开盘价,前收盘,涨跌额,涨跌幅,换手率,成交量,成交金额,总市值,流通市值,成交笔数
2016-10-12,'002487,大金重工,8.95,8.97,8.85,8.88,8.92,0.03,0.3363,0.9394,5072582,45280916.92,4833000000.0,4833000000.0,3956
2016-10-11,'002487,大金重工,8.92,8.97,8.88,8.93,8.95,-0.03,-0.3352,1.0779,5820591,51952319.05,4816800000.0,4816800000.0,4031
2016-10-10,'002487,大金重工,8.95,8.97,8.73,8.78,8.75,0.2,2.2857,0.9987,5392733,47735396.52,4833000000.0,4833000000.0,4285
2016-09-30,'002487,大金重工,8.75,8.76,8.67,8.72,8.72,0.03,0.344,0.3291,1777150,15490429.76,4725000000.0,4725000000.0,1467
2016-09-29,'002487,大金重工,8.72,8.8,8.68,8.73,8.71,0.01,0.1148,0.4296,2319702,20226161.94,4708800000.0,4708800000.0,2057
2016-09-28,'002487,大金重工,8.71,8.8,8.58,8.64,8.61,0.1,1.1614,0.5496,2968076,25780302.39,4703400000.0,4703400000.0,2636
2016-09-27,'002487,大金重工,8.61,8.65,8.5,8.56,8.54,0.07,0.8197,0.6011,3246116,27793691.94,4649400000.0,4649400000.0,3084
2016-09-26,'002487,大金重工,8.54,8.8,8.52,8.7,8.77,-0.23,-2.6226,0.7935,4284787,37286098.38,4611600000.0,4611600000.0,4751
2016-09-23,'002487,大金重工,8.77,8.85,8.72,8.8,8.76,0.01,0.1142,0.558,3013250,26441457.62,4735800000.0,4735800000.0,4245
2016-09-22,'002487,大金重工,8.76,8.87,8.75,8.78,8.76,0.0,0.0,0.5982,3230052,28493055.98,4730400000.0,4730400000.0,2930
2016-09-21,'002487,大金重工,8.76,8.81,8.68,8.72,8.72,0.04,0.4587,0.6777,3659764,32040850.6,4730400000.0,4730400000.0,2544
2016-09-20,'002487,大金重工,8.72,8.8,8.69,8.79,8.75,-0.03,-0.3429,0.5664,3058476,26673617.13,4708800000.0,4708800000.0,2425
2016-09-19,'002487,大金重工,8.75,8.75,8.54,8.58,8.57,0.18,2.1004,0.7278,3930107,34126772.64,4725000000.0,4725000000.0,3735
2016-09-14,'002487,大金重工,8.57,8.62,8.51,8.58,8.61,-0.04,-0.4646,0.4643,2507006,21464598.43,4627800000.0,4627800000.0,1957
2016-09-13,'002487,大金重工,8.61,8.64,8.53,8.62,8.53,0.08,0.9379,0.5252,2835868,24374763.4,4649400000.0,4649400000.0,2173
2016-09-12,'002487,大金重工,8.53,8.76,8.5,8.76,8.83,-0.3,-3.3975,1.1088,5987489,51425239.53,4606200000.0,4606200000.0,5460
2016-09-09,'002487,大金重工,8.83,8.98,8.82,8.86,8.85,-0.02,-0.226,0.9377,5063481,45203785.39,4768200000.0,4768200000.0,3947
2016-09-08,'002487,大金重工,8.85,8.93,8.8,8.82,8.82,0.03,0.3401,0.7583,4094809,36333184.89,4779000000.0,4779000000.0,3204
2016-09-07,'002487,大金重工,8.82,9.0,8.77,8.81,8.79,0.03,0.3413,1.6352,8829877,78586141.82,4762800000.0,4762800000.0,6203
2016-09-06,'002487,大金重工,8.79,8.81,8.56,8.59,8.59,0.2,2.3283,1.1906,6429123,55953663.06,4746600000.0,4746600000.0,4296
2016-09-05,'002487,大金重工,8.59,8.66,8.54,8.58,8.56,0.03,0.3505,0.7415,4003866,34470438.88,4638600000.0,4638600000.0,2779
2016-09-02,'002487,大金重工,8.56,8.67,8.47,8.64,8.64,-0.08,-0.9259,0.9031,4876840,41830699.32,4622400000.0,4622400000.0,3792
2016-09-01,'002487,大金重工,8.64,8.77,8.62,8.76,8.75,-0.11,-1.2571,0.7503,4051382,35229153.96,4665600000.0,4665600000.0,2782
2016-08-31,'002487,大金重工,8.75,8.75,8.64,8.72,8.73,0.02,0.2291,0.7184,3879504,33724316.54,4725000000.0,4725000000.0,2910
2016-08-30,'002487,大金重工,8.73,8.82,8.72,8.77,8.77,-0.04,-0.4561,0.6251,3375764,29601416.27,4714200000.0,4714200000.0,2497
2016-08-29,'002487,大金重工,8.77,8.85,8.68,8.72,8.71,0.06,0.6889,0.5248,2833850,24859706.51,4735800000.0,4735800000.0,2743
2016-08-26,'002487,大金重工,8.71,8.83,8.7,8.81,8.77,-0.06,-0.6842,0.6981,3769538,33062403.14,4703400000.0,4703400000.0,3599
2016-08-25,'002487,大金重工,8.77,8.85,8.63,8.85,8.89,-0.12,-1.3498,0.8399,4535214,39531684.36,4735800000.0,4735800000.0,3756
2016-08-24,'002487,大金重工,8.89,8.94,8.83,8.93,8.84,0.05,0.5656,0.4928,2661251,23593011.57,4800600000.0,4800600000.0,2177
2016-08-23,'002487,大金重工,8.84,8.95,8.78,8.88,8.88,-0.04,-0.4505,0.7846,4236793,37524433.0,4773600000.0,4773600000.0,3475
2016-08-22,'002487,大金重工,8.88,9.08,8.88,9.02,9.03,-0.15,-1.6611,0.8866,4787476,42850805.63,4795200000.0,4795200000.0,4722
2016-08-19,'002487,大金重工,9.03,9.07,8.95,9.04,9.02,0.01,0.1109,0.8873,4791192,43231930.52,4876200000.0,4876200000.0,3615
2016-08-18,'002487,大金重工,9.02,9.12,9.02,9.06,9.11,-0.09,-0.9879,0.9412,5082269,45989725.02,4870800000.0,4870800000.0,3933
2016-08-17,'002487,大金重工,9.11,9.17,9.0,9.05,9.06,0.05,0.5519,1.056,5702298,51888414.24,4919400000.0,4919400000.0,3846
2016-08-16,'002487,大金重工,9.06,9.16,9.04,9.14,9.14,-0.08,-0.8753,1.4001,7560367,68688457.32,4892400000.0,4892400000.0,5451
2016-08-15,'002487,大金重工,9.14,9.24,9.02,9.15,9.13,0.01,0.1095,1.8604,10046146,91835829.02,4935600000.0,4935600000.0,7957
2016-08-12,'002487,大金重工,9.13,9.15,9.03,9.1,9.16,-0.03,-0.3275,0.8945,4830545,43947572.96,4930200000.0,4930200000.0,4508
2016-08-11,'002487,大金重工,9.16,9.16,8.9,9.13,9.14,0.02,0.2188,1.3062,7053273,63592123.82,4946400000.0,4946400000.0,6960
2016-08-10,'002487,大金重工,9.14,9.28,9.08,9.22,9.22,-0.08,-0.8677,1.22,6587861,60344326.04,4935600000.0,4935600000.0,6371
2016-08-09,'002487,大金重工,9.22,9.28,8.81,8.85,8.92,0.3,3.3632,2.2039,11901079,108941631.69,4978800000.0,4978800000.0,11982
2016-08-08,'002487,大金重工,8.92,8.95,7.8,8.53,8.59,0.33,3.8417,1.4598,7882881,69589151.01,4816800000.0,4816800000.0,6844
2016-08-05,'002487,大金重工,8.59,8.64,8.52,8.58,8.59,0.0,0.0,0.4728,2553230,21935875.39,4638600000.0,4638600000.0,1919
2016-08-04,'002487,大金重工,8.59,8.63,8.52,8.58,8.58,0.01,0.1166,0.4956,2676190,22934276.38,4638600000.0,4638600000.0,2733
2016-08-03,'002487,大金重工,8.58,8.63,8.5,8.63,8.64,-0.06,-0.6944,0.4895,2643318,22654066.26,4633200000.0,4633200000.0,2609
2016-08-02,'002487,大金重工,8.64,8.67,8.55,8.6,8.58,0.06,0.6993,0.6738,3638624,31376399.59,4665600000.0,4665600000.0,3692
2016-08-01,'002487,大金重工,8.58,8.61,8.3,8.45,8.48,0.1,1.1792,0.8724,4710956,39818041.17,4633200000.0,4633200000.0,4972
2016-07-29,'002487,大金重工,8.48,8.63,8.45,8.58,8.58,-0.1,-1.1655,0.6331,3418800,29103821.4,4579200000.0,4579200000.0,3189
2016-07-28,'002487,大金重工,8.58,8.74,8.44,8.63,8.61,-0.03,-0.3484,1.1943,6449403,55376193.01,4633200000.0,4633200000.0,4844
2016-07-27,'002487,大金重工,8.61,9.25,8.51,9.18,9.17,-0.56,-6.1069,1.5499,8369678,74139872.86,4649400000.0,4649400000.0,7244
2016-07-26,'002487,大金重工,9.17,9.17,9.02,9.07,9.07,0.1,1.1025,0.7402,3996834,36471502.08,4951800000.0,4951800000.0,3077
2016-07-25,'002487,大金重工,9.07,9.12,9.02,9.04,9.09,-0.02,-0.22,0.8475,4576499,41511035.75,4897800000.0,4897800000.0,3606
2016-07-22,'002487,大金重工,9.09,9.3,9.08,9.3,9.31,-0.22,-2.3631,1.1848,6397954,58657732.32,4908600000.0,4908600000.0,5191
2016-07-21,'002487,大金重工,9.31,9.41,9.13,9.13,9.1,0.21,2.3077,2.0989,11334245,105402865.32,5027400000.0,5027400000.0,9099
2016-07-20,'002487,大金重工,9.1,9.17,9.06,9.09,9.09,0.01,0.11,0.7836,4231694,38542013.66,4914000000.0,4914000000.0,3051
2016-07-19,'002487,大金重工,9.09,9.11,9.0,9.09,9.06,0.03,0.3311,0.8312,4488416,40653824.24,4908600000.0,4908600000.0,3203
2016-07-18,'002487,大金重工,9.06,9.23,8.98,9.18,9.26,-0.2,-2.1598,1.3574,7329802,66408139.15,4892400000.0,4892400000.0,5520
2016-07-15,'002487,大金重工,9.26,9.42,9.17,9.37,9.36,-0.1,-1.0684,1.2247,6613614,61172821.0,5000400000.0,5000400000.0,5183
2016-07-14,'002487,大金重工,9.36,9.44,9.17,9.21,9.19,0.17,1.8498,1.5591,8418959,78188227.77,5054400000.0,5054400000.0,6313
2016-07-13,'002487,大金重工,9.19,9.35,9.15,9.25,9.19,0.0,0.0,1.4208,7672233,70920663.5,4962600000.0,4962600000.0,5307
2016-07-12,'002487,大金重工,9.19,9.21,8.99,9.13,9.13,0.06,0.6572,1.2182,6578113,59970944.3,4962600000.0,4962600000.0,4799
2016-07-11,'002487,大金重工,9.13,9.35,9.13,9.2,9.21,-0.08,-0.8686,1.3263,7161888,66290398.04,4930200000.0,4930200000.0,5584
2016-07-08,'002487,大金重工,9.21,9.28,9.17,9.2,9.24,-0.03,-0.3247,0.8993,4856376,44757429.24,4973400000.0,4973400000.0,3621
2016-07-07,'002487,大金重工,9.24,9.32,9.14,9.25,9.25,-0.01,-0.1081,1.5041,8121932,74997871.46,4989600000.0,4989600000.0,6060
2016-07-06,'002487,大金重工,9.25,9.35,9.15,9.34,9.37,-0.12,-1.2807,1.7034,9198540,84968620.09,4995000000.0,4995000000.0,6922
2016-07-05,'002487,大金重工,9.37,9.56,9.3,9.49,9.46,-0.09,-0.9514,2.1369,11539321,108216372.83,5059800000.0,5059800000.0,9423
2016-07-04,'002487,大金重工,9.46,9.88,8.91,8.98,9.02,0.44,4.878,3.2748,17683979,165716435.65,5108400000.0,5108400000.0,14370
2016-07-01,'002487,大金重工,9.02,9.12,8.85,8.91,8.85,0.17,1.9209,2.0666,11159397,100563764.82,4870800000.0,4870800000.0,8405
2016-06-30,'002487,大金重工,8.85,8.98,8.71,8.78,8.78,0.07,0.7973,1.798,9709034,86022405.36,4779000000.0,4779000000.0,7545
2016-06-29,'002487,大金重工,8.78,8.9,8.65,8.72,8.72,0.06,0.6881,1.7599,9503509,83504627.64,4741200000.0,4741200000.0,6590
2016-06-28,'002487,大金重工,8.72,8.74,8.54,8.61,8.61,0.11,1.2776,1.3283,7173071,61932619.87,4708800000.0,4708800000.0,5380
2016-06-27,'002487,大金重工,8.61,8.63,8.26,8.3,8.4,0.21,2.5,1.1049,5966318,50851442.09,4649400000.0,4649400000.0,4538
2016-06-24,'002487,大金重工,8.4,8.58,8.1,8.49,8.49,-0.09,-1.0601,1.0423,5628556,47275998.08,4536000000.0,4536000000.0,4978
2016-06-23,'002487,大金重工,8.49,8.63,8.39,8.57,8.58,-0.09,-1.049,0.8183,4419037,37592647.54,4584600000.0,4584600000.0,3695
2016-06-22,'002487,大金重工,8.58,8.58,8.31,8.35,8.37,0.21,2.509,0.9964,5380801,45624657.75,4633200000.0,4633200000.0,3947
2016-06-21,'002487,大金重工,8.37,8.73,8.33,8.57,8.57,-0.2,-2.3337,1.3447,7261498,61925204.4,4519800000.0,4519800000.0,6079
2016-06-20,'002487,大金重工,8.57,8.74,8.44,8.74,8.66,-0.09,-1.0393,1.0596,5722046,48821193.42,4627800000.0,4627800000.0,4390
2016-06-17,'002487,大金重工,8.66,8.67,8.37,8.41,8.35,0.31,3.7126,1.733,9358323,80095089.13,4676400000.0,4676400000.0,6740
2016-06-16,'002487,大金重工,8.35,8.57,8.35,8.39,8.39,-0.04,-0.4768,1.083,5847931,49423689.86,4509000000.0,4509000000.0,5154
2016-06-15,'002487,大金重工,8.39,8.43,8.02,8.05,8.15,0.24,2.9448,1.0162,5487636,45699696.69,4530600000.0,4530600000.0,5122
2016-06-14,'002487,大金重工,8.15,8.27,8.0,8.0,8.2,-0.05,-0.6098,0.9838,5312501,43358204.41,4401000000.0,4401000000.0,5155
2016-06-13,'002487,大金重工,8.2,8.66,8.18,8.51,8.76,-0.56,-6.3927,1.4839,8013050,67897898.42,4428000000.0,4428000000.0,6449
2016-06-08,'002487,大金重工,8.76,8.83,8.61,8.8,8.8,-0.04,-0.4545,1.2686,6850657,59560458.02,4730400000.0,4730400000.0,5520
2016-06-07,'002487,大金重工,8.8,8.89,8.61,8.69,8.68,0.12,1.3825,1.5831,8549006,75211452.29,4752000000.0,4752000000.0,6125
2016-06-06,'002487,大金重工,8.68,8.83,8.58,8.82,8.78,-0.1,-1.139,1.3598,7343155,63750708.24,4687200000.0,4687200000.0,5873
2016-06-03,'002487,大金重工,8.78,8.85,8.71,8.81,8.8,-0.02,-0.2273,1.4222,7680024,67334519.76,4741200000.0,4741200000.0,4774
2016-06-02,'002487,大金重工,8.8,8.9,8.71,8.77,8.83,-0.03,-0.3398,1.258,6793236,59709917.54,4752000000.0,4752000000.0,5023
2016-06-01,'002487,大金重工,8.83,9.06,8.6,8.6,8.65,0.18,2.0809,2.0213,10914794,97086226.13,4768200000.0,4768200000.0,8886
2016-05-31,'002487,大金重工,8.65,8.68,8.29,8.3,8.3,0.35,4.2169,1.4939,8066800,69087250.37,4671000000.0,4671000000.0,5935
2016-05-30,'002487,大金重工,8.3,8.35,8.05,8.29,8.33,-0.03,-0.3601,0.7286,3934531,32431675.27,4482000000.0,4482000000.0,4211
2016-05-27,'002487,大金重工,8.33,8.4,8.24,8.36,8.37,-0.04,-0.4779,0.5204,2809918,23367451.62,4498200000.0,4498200000.0,2417
2016-05-26,'002487,大金重工,8.37,8.41,8.16,8.37,8.37,0.0,0.0,0.7227,3902693,32268216.99,4519800000.0,4519800000.0,3683
2016-05-25,'002487,大金重工,8.37,8.55,8.33,8.49,8.43,-0.06,-0.7117,0.5205,2810448,23689371.58,4519800000.0,4519800000.0,2440
2016-05-24,'002487,大金重工,8.43,8.56,8.28,8.5,8.59,-0.16,-1.8626,1.0525,5683598,47698435.25,4552200000.0,4552200000.0,4581
2016-05-23,'002487,大金重工,8.59,8.65,8.35,8.36,8.38,0.21,2.506,1.2753,6886888,58389779.13,4638600000.0,4638600000.0,5535
2016-05-20,'002487,大金重工,8.38,8.45,8.2,8.32,8.32,0.06,0.7212,0.9825,5305486,44200467.87,4525200000.0,4525200000.0,3712
2016-05-19,'002487,大金重工,8.32,8.5,8.23,8.3,8.27,0.05,0.6046,0.8536,4609265,38591001.06,4492800000.0,4492800000.0,3533
2016-05-18,'002487,大金重工,8.27,8.65,8.21,8.65,8.7,-0.43,-4.9425,1.0091,5449167,45781054.41,4465800000.0,4465800000.0,4671
2016-05-17,'002487,大金重工,8.7,8.87,8.61,8.66,8.66,0.04,0.4619,1.1664,6298498,55036509.29,4698000000.0,4698000000.0,5495
2016-05-16,'002487,大金重工,8.66,8.66,8.45,8.55,8.57,0.09,1.0502,0.8313,4489288,38530289.15,4676400000.0,4676400000.0,3871
2016-05-13,'002487,大金重工,8.57,8.74,8.53,8.59,8.62,-0.05,-0.58,0.5367,2897921,24986114.13,4627800000.0,4627800000.0,2689
2016-05-12,'002487,大金重工,8.62,8.69,8.37,8.59,8.66,-0.04,-0.4619,0.7198,3886666,33208980.76,4654800000.0,4654800000.0,3960
2016-05-11,'002487,大金重工,8.66,8.96,8.6,8.95,8.85,-0.19,-2.1469,0.8968,4842679,42319712.56,4676400000.0,4676400000.0,5043
2016-05-10,'002487,大金重工,8.85,9.04,8.76,8.88,8.86,-0.01,-0.1129,1.2189,6582154,58442493.18,4779000000.0,4779000000.0,4804
2016-05-09,'002487,大金重工,8.88,9.09,8.85,9.09,9.16,-0.28,-3.0568,1.2015,6488140,57956339.45,4795200000.0,4795200000.0,5994
2016-05-06,'002487,大金重工,9.16,9.74,9.1,9.56,9.56,-0.4,-4.1841,1.4464,7810582,73490076.75,4946400000.0,4946400000.0,7203
2016-05-05,'002487,大金重工,9.56,9.64,9.45,9.5,9.55,0.01,0.1047,0.96,5184153,49554430.98,5162400000.0,5162400000.0,4152
2016-05-04,'002487,大金重工,9.55,9.73,9.35,9.38,9.43,0.12,1.2725,1.8993,10256192,97646043.0,5157000000.0,5157000000.0,8300
2016-05-03,'002487,大金重工,9.43,9.46,9.03,9.05,9.03,0.4,4.4297,1.7534,9468347,88430128.27,5092200000.0,5092200000.0,8553
2016-04-29,'002487,大金重工,9.03,9.14,9.0,9.13,9.15,-0.12,-1.3115,0.8182,4418135,40032600.4,4876200000.0,4876200000.0,3242
2016-04-28,'002487,大金重工,9.15,9.18,8.95,9.12,9.18,-0.03,-0.3268,1.037,5599892,50821133.17,4941000000.0,4941000000.0,4614
2016-04-27,'002487,大金重工,9.18,9.37,9.15,9.37,9.31,-0.13,-1.3963,0.8869,4789111,44267214.91,4957200000.0,4957200000.0,4091
2016-04-26,'002487,大金重工,9.31,9.36,9.12,9.29,9.31,0.0,0.0,0.7994,4316726,39928936.5,5027400000.0,5027400000.0,4440
2016-04-25,'002487,大金重工,9.31,9.39,8.93,9.19,9.19,0.12,1.3058,1.1688,6311291,57679954.27,5027400000.0,5027400000.0,6086
2016-04-22,'002487,大金重工,9.19,9.19,8.97,9.1,9.11,0.08,0.8782,1.1711,6323766,57423537.33,4962600000.0,4962600000.0,5295
2016-04-21,'002487,大金重工,9.11,9.4,9.09,9.15,9.15,-0.04,-0.4372,1.4841,8014244,74150832.83,4919400000.0,4919400000.0,7458
2016-04-20,'002487,大金重工,9.15,10.0,8.93,9.95,9.92,-0.77,-7.7621,2.2833,12330009,115800543.93,4941000000.0,4941000000.0,12099
2016-04-19,'002487,大金重工,9.92,10.08,9.83,10.08,9.92,0.0,0.0,1.074,5799630,57417453.16,5356800000.0,5356800000.0,5514
2016-04-18,'002487,大金重工,9.92,10.0,9.8,9.99,10.16,-0.24,-2.3622,1.5133,8171967,80632829.07,5356800000.0,5356800000.0,8056
2016-04-15,'002487,大金重工,10.16,10.23,10.08,10.18,10.2,-0.04,-0.3922,1.2284,6633446,67233461.18,5486400000.0,5486400000.0,5971
2016-04-14,'002487,大金重工,10.2,10.27,10.04,10.16,10.09,0.11,1.0902,1.4112,7620720,77324911.48,5508000000.0,5508000000.0,6691
2016-04-13,'002487,大金重工,10.09,10.38,10.0,10.0,10.01,0.08,0.7992,2.3732,12815233,130541541.03,5448600000.0,5448600000.0,10396
2016-04-12,'002487,大金重工,10.01,10.28,9.88,10.28,10.21,-0.2,-1.9589,1.6075,8680248,86677610.81,5405400000.0,5405400000.0,8417
2016-04-11,'002487,大金重工,10.21,10.45,10.07,10.07,9.94,0.27,2.7163,1.9218,10377649,106362924.79,5513400000.0,5513400000.0,9364
2016-04-08,'002487,大金重工,9.94,10.0,9.74,10.0,10.09,-0.15,-1.4866,1.8187,9820773,96885363.2,5367600000.0,5367600000.0,8898
2016-04-07,'002487,大金重工,10.09,10.55,10.07,10.47,10.43,-0.34,-3.2598,2.4376,13163258,134706153.21,5448600000.0,5448600000.0,12439
2016-04-06,'002487,大金重工,10.43,10.78,10.3,10.7,10.7,-0.27,-2.5234,2.728,14731438,155259481.55,5632200000.0,5632200000.0,13077
2016-04-05,'002487,大金重工,10.7,10.96,9.98,10.09,10.13,0.57,5.6269,3.9418,21285902,220423956.32,5778000000.0,5778000000.0,15787
2016-04-01,'002487,大金重工,10.13,10.5,9.85,9.97,10.05,0.08,0.796,3.428,18511079,187978814.36,5470200000.0,5470200000.0,15277
2016-03-31,'002487,大金重工,10.05,10.2,9.67,9.78,9.7,0.35,3.6082,3.3289,17975828,179296924.34,5427000000.0,5427000000.0,15419
2016-03-30,'002487,大金重工,9.7,9.79,9.35,9.37,9.24,0.46,4.9784,1.9348,10448181,99980798.39,5238000000.0,5238000000.0,8545
2016-03-29,'002487,大金重工,9.24,9.55,9.08,9.45,9.48,-0.24,-2.5316,1.5324,8274894,76527170.08,4989600000.0,4989600000.0,6714
2016-03-28,'002487,大金重工,9.48,9.77,9.41,9.63,9.58,-0.1,-1.0438,1.5967,8622083,83049406.61,5119200000.0,5119200000.0,7180
2016-03-25,'002487,大金重工,9.58,9.66,9.43,9.45,9.47,0.11,1.1616,1.1683,6309042,60217019.85,5173200000.0,5173200000.0,5354
2016-03-24,'002487,大金重工,9.47,9.78,9.47,9.66,9.83,-0.36,-3.6623,1.8731,10114832,97213300.18,5113800000.0,5113800000.0,9460
2016-03-23,'002487,大金重工,9.83,9.89,9.42,9.42,9.58,0.25,2.6096,2.3074,12459700,121317715.31,5308200000.0,5308200000.0,10255
2016-03-22,'002487,大金重工,9.58,9.75,9.51,9.7,9.82,-0.24,-2.444,2.3491,12684918,122150650.44,5173200000.0,5173200000.0,10157
2016-03-21,'002487,大金重工,9.82,9.88,9.52,9.7,9.55,0.27,2.8272,3.562,19234923,186318224.48,5302800000.0,5302800000.0,14826
2016-03-18,'002487,大金重工,9.55,9.73,8.9,9.05,8.92,0.63,7.0628,3.2984,17811233,166633599.56,5157000000.0,5157000000.0,15797
2016-03-17,'002487,大金重工,8.92,8.96,8.52,8.57,8.5,0.42,4.9412,2.4044,12983846,114414225.73,4816800000.0,4816800000.0,10171
2016-03-16,'002487,大金重工,8.5,8.75,8.41,8.72,8.63,-0.13,-1.5064,0.8995,4857117,41618024.59,4590000000.0,4590000000.0,4414
2016-03-15,'002487,大金重工,8.63,8.85,8.56,8.8,8.84,-0.21,-2.3756,1.2686,6850315,59550295.18,4660200000.0,4660200000.0,5911
2016-03-14,'002487,大金重工,8.84,8.96,8.63,8.65,8.5,0.34,4.0,1.825,9855043,86996867.59,4773600000.0,4773600000.0,8101
2016-03-11,'002487,大金重工,8.5,8.72,8.32,8.41,8.45,0.05,0.5917,1.3359,7213937,61450375.95,4590000000.0,4590000000.0,5252
2016-03-10,'002487,大金重工,8.45,8.74,8.43,8.58,8.54,-0.09,-1.0539,0.882,4762695,40749728.46,4563000000.0,4563000000.0,4608
2016-03-09,'002487,大金重工,8.54,8.69,8.42,8.55,8.79,-0.25,-2.8441,0.9531,5146619,44146418.53,4611600000.0,4611600000.0,4865
2016-03-08,'002487,大金重工,8.79,8.79,8.22,8.73,8.73,0.06,0.6873,1.4577,7871400,67080213.57,4746600000.0,4746600000.0,7482
2016-03-07,'002487,大金重工,8.73,8.83,8.45,8.46,8.39,0.34,4.0524,1.4612,7890380,68724589.13,4714200000.0,4714200000.0,6801
2016-03-04,'002487,大金重工,8.39,8.9,8.21,8.86,8.91,-0.52,-5.8361,1.6283,8793066,75483263.02,4530600000.0,4530600000.0,8370
2016-03-03,'002487,大金重工,8.91,9.18,8.81,8.93,8.89,0.02,0.225,2.0719,11188110,100499962.54,4811400000.0,4811400000.0,8514
2016-03-02,'002487,大金重工,8.89,8.94,8.3,8.35,8.48,0.41,4.8349,1.8797,10150263,88196084.48,4800600000.0,4800600000.0,9093
2016-03-01,'002487,大金重工,8.48,8.55,8.1,8.24,8.19,0.29,3.5409,1.5646,8448762,70232031.15,4579200000.0,4579200000.0,8171
2016-02-29,'002487,大金重工,8.19,9.05,8.15,9.05,9.04,-0.85,-9.4027,1.9312,10428260,87039360.95,4422600000.0,4422600000.0,9808
2016-02-26,'002487,大金重工,9.04,9.45,8.76,9.34,9.21,-0.17,-1.8458,1.8792,10147618,91705805.31,4881600000.0,4881600000.0,9288
2016-02-25,'002487,大金重工,9.21,10.1,9.21,10.09,10.23,-1.02,-9.9707,2.5502,13770937,132468999.55,4973400000.0,4973400000.0,14370
2016-02-24,'002487,大金重工,10.23,10.68,9.82,10.5,10.48,-0.25,-2.3855,2.8912,15612628,160260199.68,5524200000.0,5524200000.0,14783
2016-02-23,'002487,大金重工,10.48,10.5,10.03,10.19,10.16,0.32,3.1496,2.7995,15117099,155199988.6,5659200000.0,5659200000.0,12638
2016-02-22,'002487,大金重工,10.16,10.35,9.98,10.17,9.99,0.17,1.7017,2.1863,11806018,119489011.34,5486400000.0,5486400000.0,9438
2016-02-19,'002487,大金重工,9.99,10.08,9.82,9.82,9.95,0.04,0.402,1.677,9055601,90077912.22,5394600000.0,5394600000.0,7005
2016-02-18,'002487,大金重工,9.95,10.23,9.86,10.15,10.05,-0.1,-0.995,1.9073,10299320,103074532.86,5373000000.0,5373000000.0,9047
2016-02-17,'002487,大金重工,10.05,10.12,9.76,9.97,10.0,0.05,0.5,2.1461,11588751,115123773.51,5427000000.0,5427000000.0,10176
2016-02-16,'002487,大金重工,10.0,10.24,9.41,9.41,9.41,0.59,6.2699,2.1446,11580701,114842639.98,5400000000.0,5400000000.0,10275
2016-02-15,'002487,大金重工,9.41,9.49,9.07,9.07,9.65,-0.24,-2.487,1.5477,8357741,77815580.86,5081400000.0,5081400000.0,6325
2016-02-05,'002487,大金重工,9.65,9.85,9.6,9.85,9.7,-0.05,-0.5155,1.4199,7667237,74523821.64,5211000000.0,5211000000.0,6771
2016-02-04,'002487,大金重工,9.7,9.95,9.52,9.67,9.67,0.03,0.3102,2.5313,13668943,132930555.27,5238000000.0,5238000000.0,12838
2016-02-03,'002487,大金重工,9.67,10.03,9.01,9.2,9.3,0.37,3.9785,3.0316,16370404,154384061.83,5221800000.0,5221800000.0,14026
2016-02-02,'002487,大金重工,9.3,9.3,8.45,8.54,8.45,0.85,10.0592,2.4397,13174594,119713167.76,5022000000.0,5022000000.0,10983
2016-02-01,'002487,大金重工,8.45,8.65,8.29,8.65,8.59,-0.14,-1.6298,1.4349,7748555,65845339.74,4563000000.0,4563000000.0,5853
2016-01-29,'002487,大金重工,8.59,8.7,7.87,7.87,8.0,0.59,7.375,2.0944,11309987,94976393.78,4638600000.0,4638600000.0,9333
2016-01-28,'002487,大金重工,8.0,8.57,7.81,8.45,8.53,-0.53,-6.2134,1.4219,7678523,63281788.54,4320000000.0,4320000000.0,6512
2016-01-27,'002487,大金重工,8.53,9.01,8.01,8.9,8.8,-0.27,-3.0682,2.1058,11371101,95652786.29,4606200000.0,4606200000.0,11655
2016-01-26,'002487,大金重工,8.8,9.68,8.79,9.6,9.77,-0.97,-9.9284,1.9306,10425361,95487970.82,4752000000.0,4752000000.0,10559
2016-01-25,'002487,大金重工,9.77,9.9,9.6,9.68,9.62,0.15,1.5593,1.2282,6632146,64563325.57,5275800000.0,5275800000.0,6145
2016-01-22,'002487,大金重工,9.62,9.99,9.15,9.7,9.6,0.02,0.2083,1.8769,10135097,96919662.58,5194800000.0,5194800000.0,9431
2016-01-21,'002487,大金重工,9.6,10.36,9.6,9.92,10.12,-0.52,-5.1383,1.8664,10078681,101037601.0,5184000000.0,5184000000.0,10673
2016-01-20,'002487,大金重工,10.12,10.6,10.08,10.45,10.5,-0.38,-3.619,2.3463,12670073,130344255.86,5464800000.0,5464800000.0,11891
2016-01-19,'002487,大金重工,10.5,10.58,9.91,10.1,10.12,0.38,3.7549,2.6046,14064685,144488515.43,5670000000.0,5670000000.0,13084
2016-01-18,'002487,大金重工,10.12,10.39,9.4,9.66,9.84,0.28,2.8455,2.3203,12529681,126455649.88,5464800000.0,5464800000.0,11800
2016-01-15,'002487,大金重工,9.84,10.33,9.5,9.57,9.79,0.05,0.5107,3.1269,16885100,167527259.3,5313600000.0,5313600000.0,15282
2016-01-14,'002487,大金重工,9.79,9.88,8.46,9.0,9.32,0.47,5.0429,2.6647,14389575,133844487.66,5286600000.0,5286600000.0,14230
2016-01-13,'002487,大金重工,9.32,10.35,9.26,10.09,10.17,-0.85,-8.3579,1.8557,10020952,99488479.42,5032800000.0,5032800000.0,9758
2016-01-12,'002487,大金重工,10.17,10.38,9.49,10.1,10.27,-0.1,-0.9737,2.2931,12382506,123045670.49,5491800000.0,5491800000.0,11506
2016-01-11,'002487,大金重工,10.27,11.1,10.27,11.1,11.41,-1.14,-9.9912,2.4707,13341647,141173179.21,5545800000.0,5545800000.0,12418
2016-01-08,'002487,大金重工,11.41,11.88,10.31,11.65,11.34,0.07,0.6173,2.4386,13168283,149348342.81,6161400000.0,6161400000.0,13353
2016-01-07,'002487,大金重工,11.34,12.5,11.34,12.5,12.6,-1.26,-10.0,0.7335,3961000,46532140.0,6123600000.0,6123600000.0,3387
2016-01-06,'002487,大金重工,12.6,12.69,12.01,12.13,12.02,0.58,4.8253,2.8437,15355730,190119050.42,6804000000.0,6804000000.0,15536
2016-01-05,'002487,大金重工,12.02,12.66,11.5,11.73,12.78,-0.76,-5.9468,2.9241,15790380,190187746.09,6490800000.0,6490800000.0,17063
2016-01-04,'002487,大金重工,12.78,14.17,12.78,14.17,14.2,-1.42,-10.0,2.306,12452303,165489446.97,6901200000.0,6901200000.0,14275
