日期,股票代码,名称,收盘价,最高价,最低价,开盘价,前收盘,涨跌额,涨跌幅,换手率,成交量,成交金额,总市值,流通市值,成交笔数
2016-10-12,'000788,北大医药,14.01,14.1,13.96,14.04,14.08,-0.07,-0.4972,0.3773,2108459,29595640.24,8349783824.25,7828456817.61,1796
2016-10-11,'000788,北大医药,14.08,14.28,14.04,14.28,14.22,-0.14,-0.9845,0.6809,3804555,53748124.66,8391502944.0,7867571162.88,2350
2016-10-10,'000788,北大医药,14.22,14.27,14.0,14.01,13.94,0.28,2.0086,0.583,3257828,46233083.47,8474941183.5,7945799853.42,1833
2016-09-30,'000788,北大医药,13.94,14.04,13.75,13.8,13.8,0.14,1.0145,0.4734,2645100,36728211.2,8308064704.5,7789342472.34,1363
2016-09-29,'000788,北大医药,13.8,14.0,13.68,13.85,13.74,0.06,0.4367,0.4981,2783448,38493138.18,8224626465.0,7711113781.8,1697
2016-09-28,'000788,北大医药,13.74,13.87,13.72,13.87,13.78,-0.04,-0.2903,0.2891,1615435,22273062.94,8188867219.5,7677587200.14,862
2016-09-27,'000788,北大医药,13.78,13.83,13.58,13.7,13.64,0.14,1.0264,0.4305,2405410,32915750.58,8212706716.5,7699938254.58,1984
2016-09-26,'000788,北大医药,13.64,14.14,13.64,14.14,14.14,-0.5,-3.5361,0.5326,2976200,41388742.0,8129268477.0,7621709564.04,1848
2016-09-23,'000788,北大医药,14.14,14.26,14.0,14.15,14.13,0.01,0.0708,0.4864,2717699,38410236.17,8427262189.5,7901097744.54,1624
2016-09-22,'000788,北大医药,14.13,14.35,14.0,14.08,13.95,0.18,1.2903,0.8833,4935750,70067562.83,8421302315.25,7895509980.93,2614
2016-09-21,'000788,北大医药,13.95,14.03,13.91,13.98,13.96,-0.01,-0.0716,0.3373,1885032,26334718.4,8314024578.75,7794930235.95,1224
2016-09-20,'000788,北大医药,13.96,14.21,13.88,14.21,14.15,-0.19,-1.3428,0.6014,3360534,47005546.53,8319984453.0,7800517999.56,1929
2016-09-19,'000788,北大医药,14.15,14.19,13.98,13.98,13.95,0.2,1.4337,0.633,3537286,49878232.54,8433222063.75,7906685508.15,1885
2016-09-14,'000788,北大医药,13.95,14.21,13.88,14.01,14.0,-0.05,-0.3571,0.6805,3802257,53356304.35,8314024578.75,7794930235.95,2410
2016-09-13,'000788,北大医药,14.0,14.6,13.93,14.57,14.52,-0.52,-3.5813,1.8298,10224674,144423328.48,8343823950.0,7822869054.0,5539
2016-09-12,'000788,北大医药,14.52,14.87,14.52,14.82,14.96,-0.44,-2.9412,1.171,6543462,95951427.77,8653737411.0,8113432761.72,3484
2016-09-09,'000788,北大医药,14.96,15.45,14.92,15.37,15.22,-0.26,-1.7083,1.1511,6431812,98105426.24,8915971878.0,8359294360.56,4008
2016-09-08,'000788,北大医药,15.22,15.27,14.7,14.71,14.63,0.59,4.0328,1.8837,10525412,158454106.67,9070928608.5,8504576214.42,5741
2016-09-07,'000788,北大医药,14.63,14.86,14.6,14.82,14.81,-0.18,-1.2154,0.7229,4039304,59388345.97,8719296027.75,8174898161.43,2476
2016-09-06,'000788,北大医药,14.81,14.87,14.62,14.72,14.65,0.16,1.0922,0.561,3134587,46186755.91,8826573764.25,8275477906.41,1839
2016-09-05,'000788,北大医药,14.65,14.86,14.6,14.79,14.73,-0.08,-0.5431,0.5602,3130411,46143191.4,8731215776.25,8186073688.65,1832
2016-09-02,'000788,北大医药,14.73,15.04,14.61,14.87,14.88,-0.15,-1.0081,0.819,4576634,67736439.29,8778894770.25,8230775797.53,2578
2016-09-01,'000788,北大医药,14.88,15.09,14.87,14.98,14.98,-0.1,-0.6676,0.6074,3394235,50909520.86,8868292884.0,8314592251.68,1899
2016-08-31,'000788,北大医药,14.98,15.13,14.83,14.95,14.96,0.02,0.1337,0.5803,3242453,48445369.55,8927891626.5,8370469887.78,1963
2016-08-30,'000788,北大医药,14.96,15.1,14.85,14.95,14.94,0.02,0.1339,0.703,3928134,58654838.04,8915971878.0,8359294360.56,2234
2016-08-29,'000788,北大医药,14.94,15.3,14.8,15.15,15.15,-0.21,-1.3861,0.8787,4909860,73757014.5,8904052129.5,8348118833.34,3315
2016-08-26,'000788,北大医药,15.15,15.48,14.83,14.85,14.8,0.35,2.3649,1.4338,8011774,121698551.6,9029209488.75,8465461869.15,5171
2016-08-25,'000788,北大医药,14.8,15.15,14.56,14.74,14.75,0.05,0.339,1.1712,6544486,97376698.13,8820613890.0,8269890142.8,3917
2016-08-24,'000788,北大医药,14.75,14.95,14.7,14.85,14.94,-0.19,-1.2718,0.7079,3955379,58566014.4,8790814518.75,8241951324.75,2774
2016-08-23,'000788,北大医药,14.94,15.25,14.73,14.84,14.86,0.08,0.5384,1.3053,7293579,109414274.72,8904052129.5,8348118833.34,4015
2016-08-22,'000788,北大医药,14.86,15.35,14.7,14.79,14.8,0.06,0.4054,1.601,8946141,134967835.55,8856373135.5,8303416724.46,5463
2016-08-19,'000788,北大医药,14.8,15.15,14.42,14.49,14.42,0.38,2.6352,1.3415,7496048,111550599.5,8820613890.0,8269890142.8,5513
2016-08-18,'000788,北大医药,14.42,14.68,14.42,14.68,14.69,-0.27,-1.838,1.1361,6348158,92146764.7,8594138668.5,8057555125.62,4815
2016-08-17,'000788,北大医药,14.69,14.89,13.51,13.51,13.68,1.01,7.383,2.8573,15965722,227625281.31,8755055273.25,8208424743.09,10352
2016-08-16,'000788,北大医药,13.68,13.76,13.46,13.48,13.46,0.22,1.6345,1.0622,5935551,81049089.05,8153107974.0,7644060618.48,3602
2016-08-15,'000788,北大医药,13.46,13.49,13.11,13.35,13.22,0.24,1.8154,1.1994,6702029,89387350.06,8021990740.5,7521129819.06,3136
2016-08-12,'000788,北大医药,13.22,13.26,13.02,13.15,13.16,0.06,0.4559,0.3073,1717040,22637157.94,7878953758.5,7387023492.42,1075
2016-08-11,'000788,北大医药,13.16,13.4,13.15,13.22,13.39,-0.23,-1.7177,0.5184,2896785,38465010.65,7843194513.0,7353496910.76,1453
2016-08-10,'000788,北大医药,13.39,13.59,13.39,13.54,13.45,-0.06,-0.4461,0.5197,2904093,39071536.12,7980271620.75,7482015473.79,1626
2016-08-09,'000788,北大医药,13.45,13.58,13.35,13.45,13.44,0.01,0.0744,0.5737,3205518,43210147.33,8016030866.25,7515542055.45,1618
2016-08-08,'000788,北大医药,13.44,13.58,13.28,13.58,13.4,0.04,0.2985,0.5103,2851313,38277059.77,8010070992.0,7509954291.84,1493
2016-08-05,'000788,北大医药,13.4,13.48,13.14,13.26,13.22,0.18,1.3616,0.8316,4647050,62139046.35,7986231495.0,7487603237.4,2308
2016-08-04,'000788,北大医药,13.22,13.22,13.02,13.1,13.09,0.13,0.9931,0.462,2581662,33878602.66,7878953758.5,7387023492.42,1178
2016-08-03,'000788,北大医药,13.09,13.18,13.04,13.06,13.1,-0.01,-0.0763,0.3721,2079400,27272083.54,7801475393.25,7314382565.49,1125
2016-08-02,'000788,北大医药,13.1,13.18,12.98,13.06,13.11,-0.01,-0.0763,0.4946,2763591,36110023.1,7807435267.5,7319970329.1,1331
2016-08-01,'000788,北大医药,13.11,13.36,12.96,13.35,13.37,-0.26,-1.9447,0.7818,4368693,57085175.85,7813395141.75,7325558092.71,1759
2016-07-29,'000788,北大医药,13.37,13.43,13.02,13.25,13.17,0.2,1.5186,0.9382,5242661,69411235.48,7968351872.25,7470839946.57,2366
2016-07-28,'000788,北大医药,13.17,13.33,12.88,13.29,13.27,-0.1,-0.7536,1.0644,5947450,77995183.65,7849154387.25,7359084674.37,2907
2016-07-27,'000788,北大医药,13.27,13.79,13.05,13.7,13.77,-0.5,-3.6311,1.3689,7648940,102544174.47,7908753129.75,7414962310.47,3888
2016-07-26,'000788,北大医药,13.77,13.94,13.66,13.66,13.65,0.12,0.8791,0.8556,4781018,65833098.54,8206746842.25,7694350490.97,2774
2016-07-25,'000788,北大医药,13.65,14.08,13.39,13.44,13.5,0.15,1.1111,1.7334,9685770,133246931.87,8135228351.25,7627297327.65,4908
2016-07-22,'000788,北大医药,13.5,13.54,13.3,13.5,13.43,0.07,0.5212,0.6527,3647074,48943165.74,8045830237.5,7543480873.5,2391
2016-07-21,'000788,北大医药,13.43,13.9,13.36,13.5,13.48,-0.05,-0.3709,0.8776,4903697,66436215.22,8004111117.75,7504366528.23,3470
2016-07-20,'000788,北大医药,13.48,13.55,13.15,13.26,13.15,0.33,2.5095,1.1545,6450896,86546148.23,8033910489.0,7532305346.28,4320
2016-07-19,'000788,北大医药,13.15,13.15,13.01,13.04,13.09,0.06,0.4584,0.5485,3064617,40111967.65,7837234638.75,7347909147.15,1700
2016-07-18,'000788,北大医药,13.09,13.18,13.01,13.18,13.25,-0.16,-1.2075,0.8383,4684031,61317539.71,7801475393.25,7314382565.49,2417
2016-07-15,'000788,北大医药,13.25,13.49,13.18,13.33,13.33,-0.08,-0.6002,0.8145,4551275,60430288.33,7896833381.25,7403786783.25,2356
2016-07-14,'000788,北大医药,13.33,13.44,13.25,13.37,13.46,-0.13,-0.9658,0.621,3470216,46258415.63,7944512375.25,7448488892.13,1967
2016-07-13,'000788,北大医药,13.46,13.55,13.15,13.38,13.41,0.05,0.3729,1.1675,6523467,87374031.04,8021990740.5,7521129819.06,3319
2016-07-12,'000788,北大医药,13.41,13.48,13.13,13.44,13.4,0.01,0.0746,0.8405,4696397,62584472.9,7992191369.25,7493191001.01,2854
2016-07-11,'000788,北大医药,13.4,13.72,13.36,13.63,13.69,-0.29,-2.1183,1.2534,7003971,94486259.42,7986231495.0,7487603237.4,3680
2016-07-08,'000788,北大医药,13.69,13.74,13.36,13.6,13.61,0.08,0.5878,0.8047,4496609,61036690.26,8159067848.25,7649648382.09,2590
2016-07-07,'000788,北大医药,13.61,13.9,13.45,13.53,13.53,0.08,0.5913,1.0784,6025610,82641058.23,8111388854.25,7604946273.21,4040
2016-07-06,'000788,北大医药,13.53,13.54,13.33,13.37,13.49,0.04,0.2965,0.8187,4574952,61369282.72,8063709860.25,7560244164.33,2769
2016-07-05,'000788,北大医药,13.49,13.8,13.3,13.35,13.28,0.21,1.5813,1.7289,9660606,131598125.57,8039870363.25,7537893109.89,5205
2016-07-04,'000788,北大医药,13.28,13.34,12.95,12.95,13.13,0.15,1.1424,0.9952,5560861,73391955.9,7914713004.0,7420550074.08,3389
2016-07-01,'000788,北大医药,13.13,13.13,12.87,12.99,13.03,0.1,0.7675,0.7555,4221798,55010317.72,7825314890.25,7336733619.93,2479
2016-06-30,'000788,北大医药,13.03,13.17,12.45,12.93,12.87,0.16,1.2432,1.0216,5708212,74249661.04,7765716147.75,7280855983.83,3151
2016-06-29,'000788,北大医药,12.87,13.0,12.86,12.97,12.95,-0.08,-0.6178,0.6881,3844893,49697060.05,7670358159.75,7191451766.07,2155
2016-06-28,'000788,北大医药,12.95,12.97,12.6,12.66,12.65,0.3,2.3715,1.3971,7806392,100300486.96,7718037153.75,7236153874.95,3843
2016-06-27,'000788,北大医药,12.65,12.66,12.16,12.25,12.28,0.37,3.013,0.9648,5391005,67479140.94,7539240926.25,7068520966.65,2410
2016-06-24,'000788,北大医药,12.28,12.67,12.12,12.55,12.56,-0.28,-2.2293,1.0537,5887792,72899684.53,7318725579.0,6861773713.08,3343
2016-06-23,'000788,北大医药,12.56,12.95,12.3,12.78,12.97,-0.41,-3.1611,1.4824,8283484,104793474.59,7485602058.0,7018231094.16,3659
2016-06-22,'000788,北大医药,12.97,12.99,12.72,12.81,12.82,0.15,1.17,0.6994,3908306,50062195.17,7729956902.25,7247329402.17,2165
2016-06-21,'000788,北大医药,12.82,13.18,12.74,12.97,12.93,-0.11,-0.8507,0.889,4967421,64449755.93,7640558788.5,7163512948.02,2733
2016-06-20,'000788,北大医药,12.93,12.98,12.65,12.98,12.93,0.0,0.0,0.6928,3871046,49664374.3,7706117405.25,7224978347.73,2305
2016-06-17,'000788,北大医药,12.93,13.22,12.78,12.86,12.85,0.08,0.6226,1.0025,5601987,73050548.24,7706117405.25,7224978347.73,3235
2016-06-16,'000788,北大医药,12.85,13.08,12.73,12.99,12.99,-0.14,-1.0778,0.8164,4562115,58870425.3,7658438411.25,7180276238.85,2821
2016-06-15,'000788,北大医药,12.99,13.04,12.46,12.5,12.58,0.41,3.2591,1.2682,7086473,91129037.57,7741876650.75,7258504929.39,3554
2016-06-14,'000788,北大医药,12.58,12.81,12.44,12.77,12.83,-0.25,-1.9486,1.1335,6333619,79987161.34,7497521806.5,7029406621.38,3632
2016-06-13,'000788,北大医药,12.83,13.44,12.83,13.15,13.34,-0.51,-3.8231,1.6545,9244893,121451973.27,7646518662.75,7169100711.63,5472
2016-06-08,'000788,北大医药,13.34,13.5,12.56,12.61,12.59,0.75,5.9571,2.005,11203274,146214697.9,7950472249.5,7454076655.74,7128
2016-06-07,'000788,北大医药,12.59,12.69,12.4,12.69,12.65,-0.06,-0.4743,0.8535,4769008,59776665.46,7503481680.75,7034994384.99,2856
2016-06-06,'000788,北大医药,12.65,12.94,12.55,12.81,12.85,-0.2,-1.5564,1.2497,6982875,88842504.73,7539240926.25,7068520966.65,3488
2016-06-03,'000788,北大医药,12.85,12.98,12.76,12.94,12.94,-0.09,-0.6955,1.1274,6299559,81021226.35,7658438411.25,7180276238.85,3070
2016-06-02,'000788,北大医药,12.94,13.0,12.71,12.76,12.79,0.15,1.1728,1.2822,7164639,92064242.28,7712077279.5,7230566111.34,3507
2016-06-01,'000788,北大医药,12.79,13.13,12.76,12.9,12.92,-0.13,-1.0062,1.7017,9508575,122761257.99,7622679165.75,7146749657.19,5132
2016-05-31,'000788,北大医药,12.92,12.98,12.5,12.5,12.53,0.39,3.1125,2.0207,11291219,144731599.58,7700157531.0,7219390584.12,5438
2016-05-30,'000788,北大医药,12.53,12.63,12.15,12.35,12.38,0.15,1.2116,1.1885,6641332,82992957.76,7467722435.25,7001467803.33,3702
2016-05-27,'000788,北大医药,12.38,12.61,12.35,12.45,12.45,-0.07,-0.5622,0.8751,4889827,60960457.72,7378324321.5,6917651349.18,2981
2016-05-26,'000788,北大医药,12.45,12.48,11.92,12.25,12.23,0.22,1.7989,1.4463,8081665,98679763.63,7420043441.25,6956765694.45,4205
2016-05-25,'000788,北大医药,12.23,12.57,12.2,12.26,12.23,0.0,0.0,0.9597,5362624,66269348.46,7288926207.75,6833834895.03,3261
2016-05-24,'000788,北大医药,12.23,12.66,12.2,12.66,12.61,-0.38,-3.0135,1.2958,7240789,89270335.19,7288926207.75,6833834895.03,4238
2016-05-23,'000788,北大医药,12.61,12.75,12.1,12.35,12.31,0.3,2.437,1.8249,10197061,126955660.43,7515401429.25,7046169912.21,5870
2016-05-20,'000788,北大医药,12.31,12.35,11.81,11.9,12.09,0.22,1.8197,1.1352,6343249,76971978.08,7336605201.75,6878537003.91,3609
2016-05-19,'000788,北大医药,12.09,12.5,12.0,12.09,12.0,0.09,0.75,1.5123,8450620,103576818.44,7205487968.25,6755606204.49,4747
2016-05-18,'000788,北大医药,12.0,12.5,11.8,12.45,12.6,-0.6,-4.7619,2.6478,14795477,178812805.93,7151849100.0,6705316332.0,7959
2016-05-17,'000788,北大医药,12.6,13.16,12.52,12.66,12.66,-0.06,-0.4739,2.8857,16124360,207828356.68,7509441555.0,7040582148.6,9660
2016-05-16,'000788,北大医药,12.66,12.73,12.18,12.18,12.45,0.21,1.6867,2.0981,11723735,146917647.99,7545200800.5,7074108730.26,7334
2016-05-13,'000788,北大医药,12.45,12.96,12.28,12.33,12.59,-0.14,-1.112,2.9873,16692261,209481108.16,7420043441.25,6956765694.45,11266
2016-05-12,'000788,北大医药,12.59,12.77,11.37,11.56,11.82,0.77,6.5144,4.0342,22542249,271235585.16,7503481680.75,7034994384.99,13983
2016-05-11,'000788,北大医药,11.82,11.88,10.7,11.23,11.13,0.69,6.1995,3.2848,18354861,209514268.89,7044571363.5,6604736587.02,9570
2016-05-10,'000788,北大医药,11.13,11.72,11.0,11.63,11.81,-0.68,-5.7578,2.9283,16362910,185381480.01,6633340040.25,6219180897.93,7861
2016-05-09,'000788,北大医药,11.81,11.97,11.11,11.46,11.61,0.2,1.7227,2.8493,15921195,185301437.47,7038611489.25,6599148823.41,8423
2016-05-06,'000788,北大医药,11.61,11.9,11.29,11.51,11.56,0.05,0.4325,2.7265,15234934,176673304.21,6919414004.25,6487393551.21,7732
2016-05-05,'000788,北大医药,11.56,11.7,11.32,11.43,11.43,0.13,1.1374,1.5174,8478746,97673413.92,6889614633.0,6459454733.16,4367
2016-05-04,'000788,北大医药,11.43,11.62,10.91,10.95,11.0,0.43,3.9091,2.4365,13614667,154680169.7,6812136267.75,6386813806.23,7351
2016-05-03,'000788,北大医药,11.0,11.14,10.44,10.69,10.66,0.34,3.1895,2.1158,11822819,128669932.39,6555861675.0,6146539971.0,4574
2016-04-29,'000788,北大医药,10.66,10.8,10.59,10.75,10.8,-0.14,-1.2963,0.7663,4281700,45797706.96,6353225950.5,5956556008.26,2182
2016-04-28,'000788,北大医药,10.8,10.99,10.58,10.94,10.92,-0.12,-1.0989,0.918,5129334,55132551.79,6436664190.0,6034784698.8,2708
2016-04-27,'000788,北大医药,10.92,11.09,10.85,10.92,10.92,0.0,0.0,0.6078,3396081,37238507.25,6508182681.0,6101837862.12,2152
2016-04-26,'000788,北大医药,10.92,10.92,10.71,10.81,10.77,0.15,1.3928,0.5703,3186806,34493771.95,6508182681.0,6101837862.12,1986
2016-04-25,'000788,北大医药,10.77,10.89,10.61,10.82,10.91,-0.14,-1.2832,0.5254,2935966,31483342.54,6418784567.25,6018021407.97,1788
2016-04-22,'000788,北大医药,10.91,10.94,10.58,10.67,10.78,0.13,1.2059,0.6036,3373006,36456608.52,6502222806.75,6096250098.51,2178
2016-04-21,'000788,北大医药,10.78,11.14,10.78,11.05,11.08,-0.3,-2.7076,0.8575,4791783,52627967.11,6424744441.5,6023609171.58,3171
2016-04-20,'000788,北大医药,11.08,11.68,10.64,11.63,11.51,-0.43,-3.7359,2.1096,11787993,130390391.05,6603540669.0,6191242079.88,6215
2016-04-19,'000788,北大医药,11.51,11.79,11.45,11.71,11.69,-0.18,-1.5398,1.0067,5625380,65160061.32,6859815261.75,6431515915.11,3571
2016-04-18,'000788,北大医药,11.69,11.87,11.4,11.45,11.58,0.11,0.9499,1.5692,8768504,102132952.46,6967092998.25,6532095660.09,5281
2016-04-15,'000788,北大医药,11.58,11.78,11.55,11.7,11.72,-0.14,-1.1945,1.2263,6852403,79790963.96,6901534381.5,6470630260.38,4119
2016-04-14,'000788,北大医药,11.72,11.87,11.56,11.85,11.76,-0.04,-0.3401,1.3416,7496421,87616787.13,6984972621.0,6548858950.92,4994
2016-04-13,'000788,北大医药,11.76,11.98,11.73,11.93,11.84,-0.08,-0.6757,2.2992,12847233,152341296.13,7008812118.0,6571210005.36,8268
2016-04-12,'000788,北大医药,11.84,11.94,11.33,11.38,11.46,0.38,3.3159,2.369,13237673,153432832.64,7056491112.0,6615912114.24,7782
2016-04-11,'000788,北大医药,11.46,11.62,11.31,11.37,11.27,0.19,1.6859,2.2899,12795473,146645454.11,6830015890.5,6403577097.06,7196
2016-04-08,'000788,北大医药,11.27,11.58,11.0,11.54,11.8,-0.53,-4.4915,4.2189,23574360,267841455.97,6716778279.75,6297409588.47,11835
2016-04-07,'000788,北大医药,11.8,11.88,11.02,11.15,10.8,1.0,9.2593,6.3557,35514205,417000058.46,7032651615.0,6593561059.8,15554
2016-04-06,'000788,北大医药,10.8,10.93,10.51,10.51,10.68,0.12,1.1236,1.8239,10191686,110013710.65,6436664190.0,6034784698.8,5030
2016-04-05,'000788,北大医药,10.68,10.71,10.32,10.37,10.4,0.28,2.6923,1.9648,10979004,115735734.79,6365145699.0,5967731535.48,4929
2016-04-01,'000788,北大医药,10.4,10.68,10.15,10.65,10.74,-0.34,-3.1657,1.6807,9391517,97765258.91,6198269220.0,5811274154.4,4995
2016-03-31,'000788,北大医药,10.74,10.93,10.66,10.87,10.85,-0.11,-1.0138,1.8562,10371883,111680800.08,6400904944.5,6001258117.14,5007
2016-03-30,'000788,北大医药,10.85,10.9,10.58,10.72,10.62,0.23,2.1657,1.9768,11045697,118604945.97,6466463561.25,6062723516.85,5772
2016-03-29,'000788,北大医药,10.62,10.83,10.4,10.6,10.55,0.07,0.6635,1.9144,10697191,113545966.44,6329386453.5,5934204953.82,5797
2016-03-28,'000788,北大医药,10.55,10.96,10.46,10.58,10.6,-0.05,-0.4717,2.8007,15649885,167321784.14,6287667333.75,5895090608.55,8793
2016-03-25,'000788,北大医药,10.6,10.8,9.8,9.82,9.92,0.68,6.8548,3.6743,20531150,212490034.05,6317466705.0,5923029426.6,10645
2016-03-24,'000788,北大医药,9.92,10.15,9.83,10.05,10.21,-0.29,-2.8404,1.7552,9807475,97898530.35,5912195256.0,5543061501.12,4933
2016-03-23,'000788,北大医药,10.21,10.38,10.01,10.26,10.3,-0.09,-0.8738,1.9533,10914503,110856573.53,6085031609.25,5705106645.81,5199
2016-03-22,'000788,北大医药,10.3,10.42,10.2,10.21,10.43,-0.13,-1.2464,1.6506,9223193,95175730.66,6138670477.5,5755396518.3,4078
2016-03-21,'000788,北大医药,10.43,10.5,10.22,10.22,10.11,0.32,3.1652,1.7609,9839498,101999676.15,6216148842.75,5828037445.23,5117
2016-03-18,'000788,北大医药,10.11,10.22,9.85,9.86,9.75,0.36,3.6923,1.9374,10825825,108804506.45,6025432866.75,5649229009.71,5791
2016-03-17,'000788,北大医药,9.75,9.82,9.44,9.48,9.46,0.29,3.0655,1.1361,6348462,61285791.72,5810877393.75,5448069519.75,3631
2016-03-16,'000788,北大医药,9.46,9.67,9.3,9.61,9.54,-0.08,-0.8386,0.6934,3874679,36759938.35,5638041040.5,5286024375.06,2432
2016-03-15,'000788,北大医药,9.54,9.75,9.41,9.7,9.69,-0.15,-1.548,0.8877,4960376,47540744.34,5685720034.5,5330726483.94,2643
2016-03-14,'000788,北大医药,9.69,9.86,9.45,9.58,9.32,0.37,3.97,1.3787,7704018,74591522.9,5775118148.25,5414542938.09,4033
2016-03-11,'000788,北大医药,9.32,9.39,9.03,9.13,9.31,0.01,0.1074,0.7092,3962911,36595944.1,5554602801.0,5207795684.52,2469
2016-03-10,'000788,北大医药,9.31,9.75,9.28,9.61,9.61,-0.3,-3.1217,1.1904,6651479,63085457.1,5548642926.75,5202207920.91,3674
2016-03-09,'000788,北大医药,9.61,9.9,9.54,9.66,9.89,-0.28,-2.8311,0.954,5330904,51805462.89,5727439154.25,5369840829.21,2936
2016-03-08,'000788,北大医药,9.89,9.97,9.4,9.95,9.93,-0.04,-0.4028,1.1676,6524265,63227926.84,5894315633.25,5526298210.29,3735
2016-03-07,'000788,北大医药,9.93,10.07,9.8,9.83,9.74,0.19,1.9507,1.1598,6480693,64387982.74,5918155130.25,5548649264.73,3487
2016-03-04,'000788,北大医药,9.74,10.29,9.5,10.17,10.24,-0.5,-4.8828,1.5768,8810999,87505846.04,5804917519.5,5442481756.14,5711
2016-03-03,'000788,北大医药,10.24,10.49,9.87,9.94,9.73,0.51,5.2415,2.7049,15114367,153814168.82,6102911232.0,5721869936.64,7806
2016-03-02,'000788,北大医药,9.73,9.76,9.23,9.31,9.33,0.4,4.2872,2.4395,13631258,129361544.6,5798957645.25,5436893992.53,5660
2016-03-01,'000788,北大医药,9.33,9.42,9.0,9.25,9.13,0.2,2.1906,1.6727,9346420,85872610.14,5560562675.25,5213383448.13,4051
2016-02-29,'000788,北大医药,9.13,10.03,9.01,10.0,10.0,-0.87,-8.7,1.714,9577654,89306586.07,5441365190.25,5101628175.93,5329
2016-02-26,'000788,北大医药,10.0,10.2,9.58,10.03,9.98,0.02,0.2004,1.3693,7651440,76557953.14,5959874250.0,5587763610.0,4421
2016-02-25,'000788,北大医药,9.98,11.2,9.85,10.89,10.89,-0.91,-8.3563,2.5524,14262092,152250387.5,5947954501.5,5576588082.78,7494
2016-02-24,'000788,北大医药,10.89,11.05,10.62,10.81,10.9,-0.01,-0.0917,1.1833,6611890,71512726.07,6490303058.25,6085074571.29,3745
2016-02-23,'000788,北大医药,10.9,11.13,10.75,10.94,10.93,-0.03,-0.2745,1.2978,7251562,79378458.72,6496262932.5,6090662334.9,4033
2016-02-22,'000788,北大医药,10.93,11.09,10.83,10.91,10.81,0.12,1.1101,1.5877,8871885,97209005.41,6514142555.25,6107425625.73,4255
2016-02-19,'000788,北大医药,10.81,10.93,10.62,10.71,10.79,0.02,0.1854,0.9536,5328736,57497468.78,6442624064.25,6040372462.41,2844
2016-02-18,'000788,北大医药,10.79,11.25,10.77,10.98,10.8,-0.01,-0.0926,1.686,9421126,103428457.63,6430704315.75,6029196935.19,4915
2016-02-17,'000788,北大医药,10.8,10.98,10.55,10.62,10.65,0.15,1.4085,1.7182,9601089,103300958.71,6436664190.0,6034784698.8,4342
2016-02-16,'000788,北大医药,10.65,10.85,10.4,10.43,10.39,0.26,2.5024,2.1732,12143529,129560893.79,6347266076.25,5950968244.65,5026
2016-02-15,'000788,北大医药,10.39,10.48,9.91,10.01,10.49,-0.1,-0.9533,0.8818,4927382,50348478.92,6192309345.75,5805686390.79,3060
2016-02-05,'000788,北大医药,10.49,10.93,10.48,10.93,10.69,-0.2,-1.8709,0.9276,5182995,55017759.05,6251908088.25,5861564026.89,3126
2016-02-04,'000788,北大医药,10.69,10.72,10.29,10.31,10.23,0.46,4.4966,1.3751,7683968,80989176.74,6371105573.25,5973319299.09,3965
2016-02-03,'000788,北大医药,10.23,10.34,9.96,10.1,10.26,-0.03,-0.2924,0.8063,4505596,45481002.31,6096951357.75,5716282173.03,2868
2016-02-02,'000788,北大医药,10.26,10.42,9.89,9.9,9.94,0.32,3.2193,1.2209,6822327,69676519.79,6114830980.5,5733045463.86,3611
2016-02-01,'000788,北大医药,9.94,10.18,9.61,9.69,9.73,0.21,2.1583,1.3635,7619053,75954102.6,5924115004.5,5554237028.34,4503
2016-01-29,'000788,北大医药,9.73,9.82,9.24,9.24,9.21,0.52,5.646,1.1724,6550938,62670075.12,5798957645.25,5436893992.53,3829
2016-01-28,'000788,北大医药,9.21,9.74,9.21,9.46,9.48,-0.27,-2.8481,1.0271,5738959,54576102.22,5489044184.25,5146330284.81,3710
2016-01-27,'000788,北大医药,9.48,9.91,9.05,9.83,9.75,-0.27,-2.7692,1.7478,9766527,93058064.49,5649960789.0,5297199902.28,5427
2016-01-26,'000788,北大医药,9.75,10.74,9.73,10.66,10.81,-1.06,-9.8057,1.6508,9224131,93561391.44,5810877393.75,5448069519.75,5605
2016-01-25,'000788,北大医药,10.81,10.98,10.64,10.86,10.78,0.03,0.2783,1.1968,6687377,72405689.27,6442624064.25,6040372462.41,3998
2016-01-22,'000788,北大医药,10.78,10.93,10.18,10.84,10.75,0.03,0.2791,1.95,10895901,116026024.01,6424744441.5,6023609171.58,6179
2016-01-21,'000788,北大医药,10.75,11.38,10.41,10.52,10.65,0.1,0.939,2.9453,16457772,180392359.32,6406864818.75,6006845880.75,9043
2016-01-20,'000788,北大医药,10.65,10.75,10.28,10.63,10.58,0.07,0.6616,1.7034,9518222,100570715.24,6347266076.25,5950968244.65,4602
2016-01-19,'000788,北大医药,10.58,10.8,10.0,10.0,10.15,0.43,4.2365,1.954,10918252,114739043.42,6305546956.5,5911853899.38,4704
2016-01-18,'000788,北大医药,10.15,10.35,9.58,9.67,9.9,0.25,2.5253,1.4284,7981683,80658429.63,6049272363.75,5671580064.15,3705
2016-01-15,'000788,北大医药,9.9,10.64,9.78,10.55,10.55,-0.65,-6.1611,1.3982,7812717,79763652.85,5900275507.5,5531885973.9,3705
2016-01-14,'000788,北大医药,10.55,10.68,9.87,10.0,10.28,0.27,2.6265,1.1618,6491886,66733911.74,6287667333.75,5895090608.55,3148
2016-01-13,'000788,北大医药,10.28,10.99,10.26,10.92,10.79,-0.51,-4.7266,1.0125,5657740,60261955.47,6126750729.0,5744220991.08,3050
2016-01-12,'000788,北大医药,10.79,10.99,10.42,10.81,10.82,-0.03,-0.2773,1.0958,6123212,66015286.74,6430704315.75,6029196935.19,3078
2016-01-11,'000788,北大医药,10.82,11.8,10.82,11.49,12.02,-1.2,-9.9834,1.4768,8251996,93983259.61,6448583938.5,6045960226.02,3987
2016-01-08,'000788,北大医药,12.02,12.4,11.01,12.26,12.06,-0.04,-0.3317,1.5402,8606024,103196806.31,7163768848.5,6716491859.22,4777
2016-01-07,'000788,北大医药,12.06,13.19,12.06,13.1,13.4,-1.34,-10.0,0.3787,2116100,26542717.8,7187608345.5,6738842913.66,891
2016-01-06,'000788,北大医药,13.4,13.52,13.02,13.02,13.07,0.33,2.5249,0.7725,4316757,57485597.67,7986231495.0,7487603237.4,2973
2016-01-05,'000788,北大医药,13.07,13.78,12.5,12.51,13.56,-0.49,-3.6136,1.5094,8434205,110268894.27,7789555644.75,7303207038.27,5152
2016-01-04,'000788,北大医药,13.56,15.16,13.56,15.07,15.07,-1.51,-10.0199,0.9685,5411878,77264137.82,8081589483.0,7577007455.16,3462
