日期,股票代码,名称,收盘价,最高价,最低价,开盘价,前收盘,涨跌额,涨跌幅,换手率,成交量,成交金额,总市值,流通市值,成交笔数
2016-10-12,'000695,滨海能源,16.85,17.08,16.81,16.89,16.99,-0.14,-0.824,0.9942,2204409,37312158.4,3743186032.15,3736004562.15,2117
2016-10-11,'000695,滨海能源,16.99,17.3,16.81,16.88,16.92,0.07,0.4137,1.5908,3527126,59969097.58,3774286687.61,3767045549.61,2950
2016-10-10,'000695,滨海能源,16.92,16.93,16.65,16.83,16.74,0.18,1.0753,1.4033,3111440,52185810.86,3758736359.88,3751525055.88,2463
2016-09-30,'000695,滨海能源,16.74,16.86,16.43,16.6,16.66,0.08,0.4802,1.0994,2437644,40401715.27,3718749802.86,3711615214.86,2196
2016-09-29,'000695,滨海能源,16.66,16.77,16.24,16.36,16.38,0.28,1.7094,1.3816,3063325,50659473.71,3700977999.74,3693877507.74,2644
2016-09-28,'000695,滨海能源,16.38,16.64,16.29,16.53,16.48,-0.1,-0.6068,0.9068,2010566,32996644.68,3638776688.82,3631795532.82,1996
2016-09-27,'000695,滨海能源,16.48,16.48,15.91,16.09,16.02,0.46,2.8714,1.0763,2386283,38876462.21,3660991442.72,3653967666.72,2357
2016-09-26,'000695,滨海能源,16.02,16.52,15.99,16.39,16.39,-0.37,-2.2575,1.297,2875619,46843292.49,3558803574.78,3551975850.78,3153
2016-09-23,'000695,滨海能源,16.39,16.44,16.18,16.27,16.25,0.14,0.8615,0.8289,1837957,30003643.97,3640998164.21,3634012746.21,1670
2016-09-22,'000695,滨海能源,16.25,16.32,16.2,16.27,16.23,0.02,0.1232,0.694,1538745,25021348.58,3609897508.75,3602971758.75,1242
2016-09-21,'000695,滨海能源,16.23,16.39,16.09,16.24,16.26,-0.03,-0.1845,0.7233,1603715,25981635.4,3605454557.97,3598537331.97,1542
2016-09-20,'000695,滨海能源,16.26,16.4,16.16,16.16,16.2,0.06,0.3704,0.8967,1988143,32426888.92,3612118984.14,3605188972.14,1797
2016-09-19,'000695,滨海能源,16.2,16.32,15.85,15.9,15.8,0.4,2.5316,0.9298,2061606,33353095.58,3598790131.8,3591885691.8,1781
2016-09-14,'000695,滨海能源,15.8,15.87,15.55,15.55,15.77,0.03,0.1902,0.5422,1202101,18951664.96,3509931116.2,3503197156.2,1175
2016-09-13,'000695,滨海能源,15.77,15.88,15.0,15.81,15.63,0.14,0.8957,0.7455,1652960,25995018.0,3503266690.03,3496545516.03,1540
2016-09-12,'000695,滨海能源,15.63,16.01,15.63,16.01,16.2,-0.57,-3.5185,0.8996,1994670,31451490.55,3472166034.57,3465504528.57,1978
2016-09-09,'000695,滨海能源,16.2,16.46,16.15,16.22,16.22,-0.02,-0.1233,1.0221,2266301,36866853.1,3598790131.8,3591885691.8,1968
2016-09-08,'000695,滨海能源,16.22,16.36,16.15,16.19,16.16,0.06,0.3713,0.7244,1606211,26098660.17,3603233082.58,3596320118.58,1445
2016-09-07,'000695,滨海能源,16.16,16.29,16.1,16.1,16.12,0.04,0.2481,0.8994,1994078,32307413.6,3589904230.24,3583016838.24,1796
2016-09-06,'000695,滨海能源,16.12,16.19,15.69,15.9,15.84,0.28,1.7677,0.8452,1873901,29979688.94,3581018328.68,3574147984.68,1867
2016-09-05,'000695,滨海能源,15.84,15.96,15.72,15.79,15.7,0.14,0.8917,0.5042,1117901,17726163.45,3518817017.76,3512066009.76,1302
2016-09-02,'000695,滨海能源,15.7,15.93,15.61,15.85,15.87,-0.17,-1.0712,0.8001,1773999,27951610.24,3487716362.3,3481025022.3,1719
2016-09-01,'000695,滨海能源,15.87,16.27,15.8,16.16,16.19,-0.32,-1.9765,0.9008,1997325,31985249.35,3525481443.93,3518717649.93,1848
2016-08-31,'000695,滨海能源,16.19,16.32,16.08,16.08,16.14,0.05,0.3098,0.5696,1262823,20432106.4,3596568656.41,3589668478.41,1289
2016-08-30,'000695,滨海能源,16.14,16.27,16.07,16.11,16.12,0.02,0.1241,0.433,960116,15493543.32,3585461279.46,3578582411.46,1129
2016-08-29,'000695,滨海能源,16.12,16.37,16.08,16.21,16.18,-0.06,-0.3708,0.6197,1374070,22270833.67,3581018328.68,3574147984.68,1252
2016-08-26,'000695,滨海能源,16.18,16.4,16.05,16.14,16.08,0.1,0.6219,0.9516,2109954,34239869.28,3594347181.02,3587451265.02,1975
2016-08-25,'000695,滨海能源,16.08,16.09,15.68,16.04,16.03,0.05,0.3119,0.9476,2100954,33362110.74,3572132427.12,3565279131.12,1940
2016-08-24,'000695,滨海能源,16.03,16.18,15.92,15.94,15.86,0.17,1.0719,0.7432,1647852,26486940.38,3561025050.17,3554193064.17,2348
2016-08-23,'000695,滨海能源,15.86,16.12,15.8,15.98,15.98,-0.12,-0.7509,0.86,1906695,30327802.37,3523259968.54,3516500436.54,1977
2016-08-22,'000695,滨海能源,15.98,16.75,15.92,16.58,16.8,-0.82,-4.881,2.3491,5208401,84664336.37,3549917673.22,3543106997.22,4341
2016-08-19,'000695,滨海能源,16.8,16.85,16.03,16.03,16.05,0.75,4.6729,2.7353,6064637,100329016.42,3732078655.2,3724918495.2,4833
2016-08-18,'000695,滨海能源,16.05,16.27,16.0,16.15,16.32,-0.27,-1.6544,1.2986,2879238,46316477.38,3565468000.95,3558627490.95,2799
2016-08-17,'000695,滨海能源,16.32,16.6,15.7,15.77,15.77,0.55,3.4876,1.7405,3859167,62431475.47,3625447836.48,3618492252.48,3280
2016-08-16,'000695,滨海能源,15.77,15.85,15.6,15.8,15.72,0.05,0.3181,0.6265,1389178,21879617.07,3503266690.03,3496545516.03,1278
2016-08-15,'000695,滨海能源,15.72,15.86,15.39,15.47,15.46,0.26,1.6818,0.8354,1852312,29122711.86,3492159313.08,3485459449.08,1696
2016-08-12,'000695,滨海能源,15.46,15.46,15.2,15.26,15.26,0.2,1.3106,0.4284,949929,14563068.99,3434400952.94,3427811900.94,948
2016-08-11,'000695,滨海能源,15.26,15.65,15.26,15.56,15.56,-0.3,-1.928,0.415,920074,14207929.24,3389971445.14,3383467633.14,1189
2016-08-10,'000695,滨海能源,15.56,15.82,15.52,15.74,15.67,-0.11,-0.702,0.5921,1312810,20611642.7,3456615706.84,3449984034.84,1486
2016-08-09,'000695,滨海能源,15.67,15.68,15.5,15.57,15.6,0.07,0.4487,0.5704,1264661,19729232.45,3481051936.13,3474373382.13,1250
2016-08-08,'000695,滨海能源,15.6,15.69,15.23,15.35,15.43,0.17,1.1017,0.6299,1396576,21697105.56,3465501608.4,3458852888.4,1335
2016-08-05,'000695,滨海能源,15.43,15.64,15.41,15.58,15.67,-0.24,-1.5316,0.6409,1421000,22018206.6,3427736526.77,3421160260.77,1633
2016-08-04,'000695,滨海能源,15.67,15.95,15.35,15.42,15.61,0.06,0.3844,0.8534,1892179,29546202.8,3481051936.13,3474373382.13,2375
2016-08-03,'000695,滨海能源,15.61,16.3,15.21,15.3,15.29,0.32,2.0929,1.177,2609675,41189541.97,3467723083.79,3461070101.79,2815
2016-08-02,'000695,滨海能源,15.29,15.34,15.11,15.11,15.24,0.05,0.3281,0.5387,1194501,18202513.22,3396635871.31,3390119273.31,1807
2016-08-01,'000695,滨海能源,15.24,15.45,15.0,15.22,15.24,0.0,0.0,0.8508,1886315,28822284.08,3385528494.36,3379033206.36,1841
2016-07-29,'000695,滨海能源,15.24,15.61,15.2,15.57,15.58,-0.34,-2.1823,0.8452,1873993,28813884.48,3385528494.36,3379033206.36,2181
2016-07-28,'000695,滨海能源,15.58,16.37,15.21,16.1,16.08,-0.5,-3.1095,2.3462,5202008,81864223.23,3461058657.62,3454418461.62,4276
2016-07-27,'000695,滨海能源,16.08,17.04,16.0,16.99,17.07,-0.99,-5.7996,2.5162,5579031,91989807.76,3572132427.12,3565279131.12,6040
2016-07-26,'000695,滨海能源,17.07,17.46,16.77,16.92,16.8,0.27,1.6071,2.5619,5680261,97624689.75,3792058490.73,3784783256.73,5155
2016-07-25,'000695,滨海能源,16.8,17.15,16.29,16.29,16.3,0.5,3.0675,2.6786,5938952,99939593.64,3732078655.2,3724918495.2,5218
2016-07-22,'000695,滨海能源,16.3,16.8,16.25,16.8,17.01,-0.71,-4.174,2.1293,4721036,78074309.51,3621004885.7,3614057825.7,5079
2016-07-21,'000695,滨海能源,17.01,17.48,16.13,16.3,16.25,0.76,4.6769,3.9067,8662084,145601178.05,3778729638.39,3771479976.39,9022
2016-07-20,'000695,滨海能源,16.25,16.32,16.08,16.1,16.14,0.11,0.6815,0.7936,1759530,28562492.68,3609897508.75,3602971758.75,1677
2016-07-19,'000695,滨海能源,16.14,16.19,16.05,16.06,16.09,0.05,0.3108,0.7376,1635400,26359409.6,3585461279.46,3578582411.46,1347
2016-07-18,'000695,滨海能源,16.09,16.33,16.05,16.29,16.29,-0.2,-1.2277,0.6583,1459700,23595047.02,3574353902.51,3567496344.51,1426
2016-07-15,'000695,滨海能源,16.29,16.48,16.16,16.39,16.3,-0.01,-0.0613,0.9761,2164134,35273251.71,3618783410.31,3611840612.31,1738
2016-07-14,'000695,滨海能源,16.3,16.49,16.19,16.45,16.5,-0.2,-1.2121,0.7932,1758783,28702586.91,3621004885.7,3614057825.7,1693
2016-07-13,'000695,滨海能源,16.5,16.6,16.12,16.2,16.23,0.27,1.6636,1.369,3035256,49623928.04,3665434393.5,3658402093.5,2429
2016-07-12,'000695,滨海能源,16.23,16.24,15.85,16.05,16.05,0.18,1.1215,1.022,2266085,36537391.2,3605454557.97,3598537331.97,1687
2016-07-11,'000695,滨海能源,16.05,16.5,16.0,16.32,16.35,-0.3,-1.8349,0.9715,2154060,35113961.19,3565468000.95,3558627490.95,2408
2016-07-08,'000695,滨海能源,16.35,16.66,16.34,16.55,16.75,-0.4,-2.3881,1.3438,2979490,49044341.84,3632112262.65,3625143892.65,2757
2016-07-07,'000695,滨海能源,16.75,16.85,16.04,16.18,16.18,0.57,3.5229,1.8005,3992190,65615126.81,3720971278.25,3713832428.25,3450
2016-07-06,'000695,滨海能源,16.18,16.24,16.04,16.1,16.18,0.0,0.0,0.772,1711742,27665523.75,3594347181.02,3587451265.02,1785
2016-07-05,'000695,滨海能源,16.18,16.47,16.04,16.38,16.39,-0.21,-1.2813,1.7761,3937906,64223166.94,3594347181.02,3587451265.02,3185
2016-07-04,'000695,滨海能源,16.39,16.42,15.81,16.17,16.18,0.21,1.2979,1.0628,2356547,38309799.69,3640998164.21,3634012746.21,2331
2016-07-01,'000695,滨海能源,16.18,16.34,15.89,16.0,15.89,0.29,1.825,1.1387,2524801,40823102.43,3594347181.02,3587451265.02,2440
2016-06-30,'000695,滨海能源,15.89,16.18,15.73,15.89,15.89,0.0,0.0,0.7725,1712840,27310774.51,3529924394.71,3523152076.71,1559
2016-06-29,'000695,滨海能源,15.89,15.96,15.74,15.82,15.81,0.08,0.506,0.9057,2008214,31895819.04,3529924394.71,3523152076.71,1913
2016-06-28,'000695,滨海能源,15.81,15.83,15.45,15.67,15.69,0.12,0.7648,0.9409,2086110,32627457.12,3512152591.59,3505414369.59,2077
2016-06-27,'000695,滨海能源,15.69,15.84,15.0,15.25,15.3,0.39,2.549,1.1287,2502543,38944121.28,3485494886.91,3478807808.91,2549
2016-06-24,'000695,滨海能源,15.3,15.84,14.89,15.64,15.7,-0.4,-2.5478,1.4002,3104588,47621668.01,3398857346.7,3392336486.7,2723
2016-06-23,'000695,滨海能源,15.7,16.47,15.58,16.18,16.05,-0.35,-2.1807,1.1606,2573289,40998192.3,3487716362.3,3481025022.3,2497
2016-06-22,'000695,滨海能源,16.05,16.09,15.52,15.59,16.0,0.05,0.3125,1.2139,2691404,42463652.95,3565468000.95,3558627490.95,2769
2016-06-21,'000695,滨海能源,16.0,17.04,15.75,16.28,15.49,0.51,3.2924,2.558,5671640,92250082.92,3554360624.0,3547541424.0,4958
2016-06-20,'000695,滨海能源,15.49,15.67,15.21,15.53,15.43,0.06,0.3889,0.8049,1784542,27580564.03,3441065379.11,3434463541.11,1262
2016-06-17,'000695,滨海能源,15.43,15.53,15.33,15.43,15.43,0.0,0.0,0.8394,1861097,28722973.76,3427736526.77,3421160260.77,1650
2016-06-16,'000695,滨海能源,15.43,15.57,15.21,15.52,15.4,0.03,0.1948,0.5631,1248451,19215210.29,3427736526.77,3421160260.77,1388
2016-06-15,'000695,滨海能源,15.4,15.69,14.66,14.79,14.93,0.47,3.148,1.5104,3348970,51752302.36,3421072100.6,3414508620.6,2451
2016-06-14,'000695,滨海能源,14.93,15.06,14.65,14.8,14.87,0.06,0.4035,0.7608,1686870,25121048.8,3316662757.27,3310299591.27,1699
2016-06-13,'000695,滨海能源,14.87,16.05,14.6,16.05,16.15,-1.28,-7.9257,1.2405,2750429,42775467.7,3303333904.93,3296996310.93,2550
2016-06-08,'000695,滨海能源,16.15,16.36,15.86,16.19,16.3,-0.15,-0.9202,0.7496,1662030,26786825.83,3587682754.85,3580799624.85,1381
2016-06-07,'000695,滨海能源,16.3,16.6,16.12,16.18,16.17,0.13,0.804,0.8654,1918808,31387172.93,3621004885.7,3614057825.7,1854
2016-06-06,'000695,滨海能源,16.17,16.33,15.99,16.12,16.14,0.03,0.1859,0.7911,1753937,28282476.84,3592125705.63,3585234051.63,1393
2016-06-03,'000695,滨海能源,16.14,16.29,15.91,16.19,16.15,-0.01,-0.0619,0.956,2119758,34127546.92,3585461279.46,3578582411.46,1818
2016-06-02,'000695,滨海能源,16.15,16.24,15.91,16.05,16.05,0.1,0.6231,0.7992,1772010,28451602.42,3587682754.85,3580799624.85,1601
2016-06-01,'000695,滨海能源,16.05,16.5,15.99,16.1,16.1,-0.05,-0.3106,1.1703,2594741,41955525.17,3565468000.95,3558627490.95,2430
2016-05-31,'000695,滨海能源,16.1,16.17,15.2,15.2,15.26,0.84,5.5046,1.4725,3264818,51539894.19,3576575377.9,3569713557.9,2582
2016-05-30,'000695,滨海能源,15.26,15.65,15.15,15.25,15.27,-0.01,-0.0655,0.6985,1548789,23840990.21,3389971445.14,3383467633.14,1505
2016-05-27,'000695,滨海能源,15.27,15.5,15.2,15.39,15.52,-0.25,-1.6108,0.8105,1797147,27553304.4,3392192920.53,3385684846.53,1449
2016-05-26,'000695,滨海能源,15.52,15.53,14.98,15.3,15.44,0.08,0.5181,0.7101,1574522,24069413.18,3447729805.28,3441115181.28,1633
2016-05-25,'000695,滨海能源,15.44,16.08,15.24,15.83,15.77,-0.33,-2.0926,0.9147,2028111,31652324.64,3429958002.16,3423377474.16,2098
2016-05-24,'000695,滨海能源,15.77,16.25,15.55,15.7,15.74,0.03,0.1906,1.2606,2795115,44541653.16,3503266690.03,3496545516.03,2534
2016-05-23,'000695,滨海能源,15.74,15.98,15.2,15.27,15.2,0.54,3.5526,1.1595,2570902,39962104.56,3496602263.86,3489893875.86,2138
2016-05-20,'000695,滨海能源,15.2,15.2,14.65,14.7,15.0,0.2,1.3333,0.5279,1170400,17608352.0,3376642592.8,3370164352.8,1070
2016-05-19,'000695,滨海能源,15.0,15.38,14.9,15.05,15.02,-0.02,-0.1332,0.8,1773871,26837961.13,3332213085.0,3325820085.0,1638
2016-05-18,'000695,滨海能源,15.02,15.56,14.78,15.41,15.54,-0.52,-3.3462,0.7972,1767619,26722454.45,3336656035.78,3330254511.78,1855
2016-05-17,'000695,滨海能源,15.54,15.8,15.36,15.74,15.74,-0.2,-1.2706,0.9177,2034724,31746431.27,3452172756.06,3445549608.06,2058
2016-05-16,'000695,滨海能源,15.74,15.84,14.79,14.83,14.57,1.17,8.0302,1.7439,3866511,59549767.19,3496602263.86,3489893875.86,3516
2016-05-13,'000695,滨海能源,14.57,15.24,14.4,14.96,15.12,-0.55,-3.6376,1.3311,2951397,43722166.46,3236689643.23,3230479909.23,2753
2016-05-12,'000695,滨海能源,15.12,15.18,14.1,15.1,15.63,-0.51,-3.263,1.5534,3444146,50501595.42,3358870789.68,3352426645.68,2919
2016-05-11,'000695,滨海能源,15.63,16.3,15.6,15.91,15.88,-0.25,-1.5743,0.8698,1928445,30645524.7,3472166034.57,3465504528.57,1675
2016-05-10,'000695,滨海能源,15.88,16.3,15.73,16.03,16.13,-0.25,-1.5499,1.0845,2404502,38491487.0,3527702919.32,3520934863.32,2184
2016-05-09,'000695,滨海能源,16.13,17.49,16.13,17.29,17.92,-1.79,-9.9888,2.8143,6239808,103153647.6,3583239804.07,3576365198.07,5501
2016-05-06,'000695,滨海能源,17.92,18.98,17.75,17.85,17.64,0.28,1.5873,3.4974,7754473,142114526.62,3980883898.88,3973246394.88,7140
2016-05-05,'000695,滨海能源,17.64,17.8,17.41,17.66,17.65,-0.01,-0.0567,0.98,2172891,38182537.23,3918682587.96,3911164419.96,1949
2016-05-04,'000695,滨海能源,17.65,17.93,17.41,17.52,17.8,-0.15,-0.8427,1.0041,2226224,39270504.72,3920904063.35,3913381633.35,2439
2016-05-03,'000695,滨海能源,17.8,18.0,16.73,16.79,16.93,0.87,5.1388,1.3657,3027962,52992452.51,3954226194.2,3946639834.2,3055
2016-04-29,'000695,滨海能源,16.93,17.29,16.82,16.9,17.17,-0.24,-1.3978,0.6582,1459313,24860256.02,3760957835.27,3753742269.27,1562
2016-04-28,'000695,滨海能源,17.17,17.75,16.55,17.69,17.69,-0.52,-2.9395,1.4377,3187761,54587604.31,3814273244.63,3806955390.63,3603
2016-04-27,'000695,滨海能源,17.69,18.19,17.06,17.35,17.19,0.5,2.9087,2.0607,4569101,81308165.65,3929789964.91,3922250486.91,4721
2016-04-26,'000695,滨海能源,17.19,17.2,16.78,16.88,16.88,0.31,1.8365,0.9959,2208216,37589786.66,3818716195.41,3811389817.41,2160
2016-04-25,'000695,滨海能源,16.88,17.17,16.51,17.03,17.21,-0.33,-1.9175,1.0033,2224613,37387686.64,3749850458.32,3742656202.32,2252
2016-04-22,'000695,滨海能源,17.21,17.21,16.58,16.86,16.78,0.43,2.5626,1.5408,3416224,57922793.04,3823159146.19,3815824244.19,2869
2016-04-21,'000695,滨海能源,16.78,17.15,16.72,16.83,16.83,-0.05,-0.2971,2.0747,4600133,78010343.65,3727635704.42,3720484068.42,4016
2016-04-20,'000695,滨海能源,16.83,18.52,16.55,18.21,18.24,-1.41,-7.7303,2.9752,6596684,114398049.88,3738743081.37,3731570135.37,6061
2016-04-19,'000695,滨海能源,18.24,19.03,18.15,18.94,18.8,-0.56,-2.9787,2.0816,4615266,84885120.35,4051971111.36,4044197223.36,5193
2016-04-18,'000695,滨海能源,18.8,19.26,18.08,19.08,18.93,-0.13,-0.6867,4.0186,8910181,165771692.66,4176373733.2,4168361173.2,7936
2016-04-15,'000695,滨海能源,18.93,20.0,18.69,19.87,19.13,-0.2,-1.0455,4.4276,9816996,189038309.68,4205252913.27,4197184947.27,11859
2016-04-14,'000695,滨海能源,19.13,19.13,17.65,17.75,17.39,1.74,10.0058,4.2131,9341377,174612237.52,4249682421.07,4241529215.07,6638
2016-04-13,'000695,滨海能源,17.39,17.88,16.37,16.37,16.25,1.14,7.0154,4.2263,9370552,162867928.74,3863145703.21,3855734085.21,6625
2016-04-12,'000695,滨海能源,16.25,16.66,15.99,16.56,16.56,-0.31,-1.872,1.1604,2572810,41722483.23,3609897508.75,3602971758.75,2322
2016-04-11,'000695,滨海能源,16.56,16.75,15.8,15.8,15.68,0.88,5.6122,1.9883,4408531,72046714.55,3678763245.84,3671705373.84,3466
2016-04-08,'000695,滨海能源,15.68,15.93,15.5,15.82,16.0,-0.32,-2.0,0.9062,2009233,31573306.78,3483273411.52,3476590595.52,1824
2016-04-07,'000695,滨海能源,16.0,16.65,15.97,16.55,16.47,-0.47,-2.8537,1.1889,2636139,42550615.29,3554360624.0,3547541424.0,2357
2016-04-06,'000695,滨海能源,16.47,16.89,16.09,16.32,16.33,0.14,0.8573,1.1504,2550577,42030997.0,3658769967.33,3651750453.33,2476
2016-04-05,'000695,滨海能源,16.33,16.35,15.65,15.88,15.82,0.51,3.2238,1.3767,3052443,49168896.34,3627669311.87,3620709465.87,2728
2016-04-01,'000695,滨海能源,15.82,15.96,15.5,15.96,15.9,-0.08,-0.5031,1.0757,2385158,37443017.17,3514374066.98,3507631582.98,2286
2016-03-31,'000695,滨海能源,15.9,16.07,15.64,15.65,15.63,0.27,1.7274,1.6143,3579214,56789391.37,3532145870.1,3525369290.1,2827
2016-03-30,'000695,滨海能源,15.63,15.68,15.28,15.28,15.2,0.43,2.8289,1.0149,2250152,35019610.29,3472166034.57,3465504528.57,1947
2016-03-29,'000695,滨海能源,15.2,15.57,15.01,15.4,15.39,-0.19,-1.2346,1.5045,3335799,50800446.94,3376642592.8,3370164352.8,2005
2016-03-28,'000695,滨海能源,15.39,16.11,15.38,15.6,15.51,-0.12,-0.7737,1.4388,3190040,50327438.49,3418850625.21,3412291407.21,3017
2016-03-25,'000695,滨海能源,15.51,15.59,15.22,15.45,15.45,0.06,0.3883,1.0503,2328789,35917137.41,3445508329.89,3438897967.89,1626
2016-03-24,'000695,滨海能源,15.45,16.19,15.38,15.69,15.64,-0.19,-1.2148,1.6902,3747589,59435125.94,3432179477.55,3425594687.55,2973
2016-03-23,'000695,滨海能源,15.64,15.82,15.45,15.55,15.53,0.11,0.7083,0.9617,2132308,33284118.16,3474387509.96,3467721741.96,1775
2016-03-22,'000695,滨海能源,15.53,15.69,15.38,15.63,15.7,-0.17,-1.0828,1.1872,2632215,40824770.27,3449951280.67,3443332394.67,2329
2016-03-21,'000695,滨海能源,15.7,15.7,15.3,15.37,15.16,0.54,3.562,1.8255,4047546,62812220.62,3487716362.3,3481025022.3,3159
2016-03-18,'000695,滨海能源,15.16,15.3,14.49,14.49,14.51,0.65,4.4797,1.6871,3740574,56150033.59,3367756691.24,3361295499.24,2898
2016-03-17,'000695,滨海能源,14.51,14.57,13.83,14.1,14.07,0.44,3.1272,1.5245,3380220,48609703.76,3223360790.89,3217176628.89,2456
2016-03-16,'000695,滨海能源,14.07,14.67,13.97,14.4,14.17,-0.1,-0.7057,1.1278,2500613,35860019.27,3125615873.73,3119619239.73,2103
2016-03-15,'000695,滨海能源,14.17,14.48,14.0,14.21,14.4,-0.23,-1.5972,0.9078,2012870,28529388.59,3147830627.63,3141791373.63,1754
2016-03-14,'000695,滨海能源,14.4,14.44,13.85,13.85,13.67,0.73,5.3402,1.4969,3319018,47341808.41,3198924561.6,3192787281.6,2670
2016-03-11,'000695,滨海能源,13.67,13.8,13.23,13.56,13.58,0.09,0.6627,0.5463,1211277,16558889.25,3036756858.13,3030930704.13,1238
2016-03-10,'000695,滨海能源,13.58,14.15,13.51,13.88,13.9,-0.32,-2.3022,0.7371,1634364,22582285.13,3016763579.62,3010975783.62,1706
2016-03-09,'000695,滨海能源,13.9,14.23,13.46,13.61,13.92,-0.02,-0.1437,1.337,2964471,41229539.71,3087850792.1,3081926612.1,2538
2016-03-08,'000695,滨海能源,13.92,13.99,12.78,13.76,13.6,0.32,2.3529,1.4144,3136131,42083580.84,3092293742.88,3086361038.88,2729
2016-03-07,'000695,滨海能源,13.6,14.08,13.47,13.7,13.41,0.19,1.4169,1.8935,4198231,57736750.43,3021206530.4,3015410210.4,3605
2016-03-04,'000695,滨海能源,13.41,14.59,13.25,14.3,14.65,-1.24,-8.4642,1.9924,4417642,61229166.65,2978998497.99,2973283155.99,3903
2016-03-03,'000695,滨海能源,14.65,14.94,14.15,14.46,14.46,0.19,1.314,3.0304,6719135,97495356.7,3254461446.35,3248217616.35,4703
2016-03-02,'000695,滨海能源,14.46,14.7,13.75,13.81,13.81,0.65,4.7067,1.5965,3539857,50317418.05,3212253413.94,3206090561.94,2503
2016-03-01,'000695,滨海能源,13.81,14.06,13.04,13.88,13.76,0.05,0.3634,1.0976,2433627,33244869.43,3067857513.59,3061971691.59,2127
2016-02-29,'000695,滨海能源,13.76,15.15,13.76,15.15,15.29,-1.53,-10.0065,1.6794,3723580,51769827.87,3056750136.64,3050885624.64,2911
2016-02-26,'000695,滨海能源,15.29,15.9,14.8,15.9,15.58,-0.29,-1.8614,1.5998,3547161,54079907.46,3396635871.31,3390119273.31,2637
2016-02-25,'000695,滨海能源,15.58,17.28,15.58,17.2,17.31,-1.73,-9.9942,1.9741,4376899,70817034.2,3461058657.62,3454418461.62,3430
2016-02-24,'000695,滨海能源,17.31,17.92,16.5,17.59,17.7,-0.39,-2.2034,1.7668,3917363,67456107.42,3845373900.09,3837996378.09,3067
2016-02-23,'000695,滨海能源,17.7,17.8,17.14,17.26,17.23,0.47,2.7278,1.2042,2670053,46694659.2,3932011440.3,3924467700.3,2497
2016-02-22,'000695,滨海能源,17.23,17.48,17.07,17.3,17.07,0.16,0.9373,1.3984,3100554,53567449.75,3827602096.97,3820258670.97,2190
2016-02-19,'000695,滨海能源,17.07,17.14,16.55,16.7,16.88,0.19,1.1256,0.9753,2162497,36469905.55,3792058490.73,3784783256.73,1868
2016-02-18,'000695,滨海能源,16.88,17.51,16.83,17.1,17.07,-0.19,-1.1131,1.3901,3082075,52794166.73,3749850458.32,3742656202.32,2311
2016-02-17,'000695,滨海能源,17.07,17.14,16.6,16.89,16.92,0.15,0.8865,0.9739,2159364,36578515.68,3792058490.73,3784783256.73,1942
2016-02-16,'000695,滨海能源,16.92,17.0,16.25,16.25,16.2,0.72,4.4444,1.3023,2887367,48631949.27,3758736359.88,3751525055.88,2234
2016-02-15,'000695,滨海能源,16.2,16.36,15.85,16.1,16.64,-0.44,-2.6442,1.1798,2615960,42095385.6,3598790131.8,3591885691.8,2036
2016-02-05,'000695,滨海能源,16.64,17.19,16.15,16.35,16.14,0.5,3.0979,2.2549,4999571,83815055.5,3696535048.96,3689443080.96,2863
2016-02-04,'000695,滨海能源,16.14,16.85,15.7,15.89,15.6,0.54,3.4615,1.3253,2938491,47815787.41,3585461279.46,3578582411.46,2317
2016-02-03,'000695,滨海能源,15.6,15.7,15.09,15.44,15.62,-0.02,-0.128,0.8575,1901263,29216043.84,3465501608.4,3458852888.4,1519
2016-02-02,'000695,滨海能源,15.62,15.69,14.75,14.75,14.75,0.87,5.8983,1.681,3727153,57114656.97,3469944559.18,3463287315.18,2176
2016-02-01,'000695,滨海能源,14.75,15.3,14.48,15.08,15.06,-0.31,-2.0584,1.1595,2570845,38176212.15,3276676200.25,3270389750.25,1897
2016-01-29,'000695,滨海能源,15.06,15.3,14.31,14.58,14.53,0.53,3.6476,1.6563,3672326,54854046.66,3345541937.34,3339123365.34,2065
2016-01-28,'000695,滨海能源,14.53,15.73,14.3,15.5,15.59,-1.06,-6.7992,1.0617,2354000,35419144.26,3227803741.67,3221611055.67,1840
2016-01-27,'000695,滨海能源,15.59,16.1,14.5,16.1,15.74,-0.15,-0.953,1.1816,2619817,39915938.67,3463280133.01,3456635675.01,2220
2016-01-26,'000695,滨海能源,15.74,16.5,15.36,16.11,16.53,-0.79,-4.7792,1.6138,3578120,56941383.29,3496602263.86,3489893875.86,2632
2016-01-25,'000695,滨海能源,16.53,16.85,16.03,16.2,16.01,0.52,3.248,1.7864,3960809,65423444.44,3672098819.67,3665053733.67,2816
2016-01-22,'000695,滨海能源,16.01,16.6,15.12,16.41,16.06,-0.05,-0.3113,2.2225,4927843,77770458.37,3556582099.39,3549758637.39,3454
2016-01-21,'000695,滨海能源,16.06,16.95,16.0,16.0,16.79,-0.73,-4.3478,1.7248,3824303,62881041.06,3567689476.34,3560844704.34,2959
2016-01-20,'000695,滨海能源,16.79,17.58,16.53,16.9,17.07,-0.28,-1.6403,2.5299,5609258,95522769.02,3729857179.81,3722701281.81,4204
2016-01-19,'000695,滨海能源,17.07,17.36,15.71,15.76,15.91,1.16,7.291,3.1806,7051985,117461929.69,3792058490.73,3784783256.73,4559
2016-01-18,'000695,滨海能源,15.91,16.33,15.08,15.13,15.62,0.29,1.8566,2.6021,5769518,92165213.14,3534367345.49,3527586503.49,3305
2016-01-15,'000695,滨海能源,15.62,16.75,15.5,16.3,16.77,-1.15,-6.8575,2.5047,5553374,89623370.29,3469944559.18,3463287315.18,3708
2016-01-14,'000695,滨海能源,16.77,16.98,14.6,14.73,15.48,1.29,8.3333,3.0145,6683869,105324407.42,3725414229.03,3718266855.03,3838
2016-01-13,'000695,滨海能源,15.48,16.9,15.48,16.42,16.31,-0.83,-5.0889,2.15,4767076,77550718.78,3438843903.72,3432246327.72,3377
2016-01-12,'000695,滨海能源,16.31,16.85,15.71,16.12,16.56,-0.25,-1.5097,2.6932,5971301,97223323.16,3623226361.09,3616275039.09,3443
2016-01-11,'000695,滨海能源,16.56,18.0,16.56,17.55,18.4,-1.84,-10.0,2.8106,6231747,105832344.93,3678763245.84,3671705373.84,3788
2016-01-08,'000695,滨海能源,18.4,20.01,17.61,19.8,19.55,-1.15,-5.8824,3.9442,8745068,162027822.88,4087514717.6,4079672637.6,6065
2016-01-07,'000695,滨海能源,19.55,21.48,19.55,21.43,21.72,-2.17,-9.9908,0.5872,1301971,26085739.66,4342984387.45,4334652177.45,1036
2016-01-06,'000695,滨海能源,21.72,21.99,20.2,21.52,21.51,0.21,0.9763,2.0599,4567310,97123387.59,4825044547.08,4815787483.08,4385
2016-01-05,'000695,滨海能源,21.51,23.48,21.51,21.65,23.9,-2.39,-10.0,2.8705,6364403,139176961.34,4778393563.89,4769226001.89,5670
2016-01-04,'000695,滨海能源,23.9,26.7,23.9,26.55,26.55,-2.65,-9.9812,1.548,3432160,84497709.9,5309326182.1,5299140002.1,3345
