日期,股票代码,名称,收盘价,最高价,最低价,开盘价,前收盘,涨跌额,涨跌幅,换手率,成交量,成交金额,总市值,流通市值,成交笔数
2016-10-12,'002241,歌尔股份,31.14,31.15,30.64,31.03,31.15,-0.01,-0.0321,0.4847,7399702,229002758.07,47542517966.3,47542517966.3,6180
2016-10-11,'002241,歌尔股份,31.15,31.4,30.66,30.8,30.74,0.41,1.3338,0.7212,11010977,341435706.69,47557785313.2,47557785313.2,10130
2016-10-10,'002241,歌尔股份,30.74,30.96,30.4,30.8,30.23,0.51,1.6871,0.6107,9322887,286157296.5,46928474571.3,46928474571.3,9580
2016-09-30,'002241,歌尔股份,30.23,30.86,30.0,30.2,30.09,0.14,0.4653,0.7406,11306475,344305277.75,46149895455.1,46149895455.1,10034
2016-09-29,'002241,歌尔股份,30.09,30.17,29.18,29.18,29.28,0.81,2.7664,0.6251,9543173,284815671.86,45936167854.6,45936167854.6,10318
2016-09-28,'002241,歌尔股份,29.28,29.85,29.0,29.13,29.13,0.15,0.5149,0.5449,8317832,245558308.79,44699601023.0,44699601023.0,9717
2016-09-27,'002241,歌尔股份,29.13,29.32,28.67,29.08,29.16,-0.03,-0.1029,0.5391,8229380,238043679.54,44470607165.3,44470607165.3,11055
2016-09-26,'002241,歌尔股份,29.16,30.5,29.02,30.45,30.6,-1.44,-4.7059,0.7117,10864724,321992710.77,44516405936.9,44516405936.9,9907
2016-09-23,'002241,歌尔股份,30.6,30.84,30.2,30.3,29.8,0.8,2.6846,0.8146,12435189,379830526.89,46714746970.8,46714746970.8,12396
2016-09-22,'002241,歌尔股份,29.8,30.3,29.58,30.18,29.88,-0.08,-0.2677,0.5876,8970981,268531058.19,45493446396.4,45493446396.4,9319
2016-09-21,'002241,歌尔股份,29.88,29.97,29.06,29.23,29.26,0.62,2.1189,0.4425,6754970,200343775.16,45615576453.8,45615576453.8,7570
2016-09-20,'002241,歌尔股份,29.26,29.93,29.16,29.85,29.7,-0.44,-1.4815,0.3921,5985954,175722657.8,44669068508.7,44669068508.7,8599
2016-09-19,'002241,歌尔股份,29.7,30.7,29.63,30.58,29.54,0.16,0.5416,0.7947,12132540,365285215.13,45340783824.6,45340783824.6,13035
2016-09-14,'002241,歌尔股份,29.54,30.56,29.3,29.3,29.12,0.42,1.4423,1.0663,16278292,487396683.17,45096523709.7,45096523709.7,15391
2016-09-13,'002241,歌尔股份,29.12,29.39,28.62,28.8,28.52,0.6,2.1038,0.7607,11612490,338080435.97,44455340908.2,44455340908.2,9825
2016-09-12,'002241,歌尔股份,28.52,29.47,28.45,29.0,29.54,-1.02,-3.4529,0.8974,13700238,396655280.95,43539365477.4,43539365477.4,11604
2016-09-09,'002241,歌尔股份,29.54,31.7,29.42,31.53,31.5,-1.96,-6.2222,1.9174,29271445,880329964.81,45096523709.7,45096523709.7,23215
2016-09-08,'002241,歌尔股份,31.5,31.69,31.05,31.36,31.64,-0.14,-0.4425,0.618,9434589,295759457.9,48088710117.0,48088710117.0,10496
2016-09-07,'002241,歌尔股份,31.64,32.1,30.9,31.55,31.65,-0.01,-0.0316,1.1037,16848861,531435595.8,48302437717.5,48302437717.5,17593
2016-09-06,'002241,歌尔股份,31.65,32.11,29.9,30.05,30.07,1.58,5.2544,1.7493,26704558,832502105.26,48317703974.7,48317703974.7,23562
2016-09-05,'002241,歌尔股份,30.07,30.68,29.72,29.83,30.08,-0.01,-0.0332,1.2167,18574790,562753203.89,45905635340.3,45905635340.3,15392
2016-09-02,'002241,歌尔股份,30.08,30.35,29.22,29.58,29.72,0.36,1.2113,1.5123,23087777,688943445.21,45920901597.4,45920901597.4,17988
2016-09-01,'002241,歌尔股份,29.72,30.0,28.96,29.06,29.05,0.67,2.3064,1.0445,15945936,472687744.95,45371316339.0,45371316339.0,12866
2016-08-31,'002241,歌尔股份,29.05,29.9,28.85,29.7,29.59,-0.54,-1.8249,0.7281,11115928,324294898.39,44348477107.9,44348477107.9,10042
2016-08-30,'002241,歌尔股份,29.59,29.85,29.33,29.45,29.43,0.16,0.5437,0.4445,6785764,200934238.54,45172854995.6,45172854995.6,6038
2016-08-29,'002241,歌尔股份,29.43,29.94,29.26,29.61,29.61,-0.18,-0.6079,0.6647,10147973,300517399.58,44928594880.7,44928594880.7,9996
2016-08-26,'002241,歌尔股份,29.61,30.19,29.56,30.09,29.89,-0.28,-0.9368,0.8615,13151553,392683020.38,45203387510.0,45203387510.0,13504
2016-08-25,'002241,歌尔股份,29.89,29.96,29.01,29.38,29.6,0.29,0.9797,1.1244,17165069,507467002.1,45630842711.0,45630842711.0,16337
2016-08-24,'002241,歌尔股份,29.6,30.07,29.19,29.2,29.2,0.4,1.3699,1.6788,25629464,760773285.21,45188121252.8,45188121252.8,25083
2016-08-23,'002241,歌尔股份,29.2,29.65,28.5,28.71,28.76,0.44,1.5299,1.2208,18636891,542268637.67,44577470965.6,44577470965.6,16841
2016-08-22,'002241,歌尔股份,28.76,29.19,28.57,28.76,28.74,0.02,0.0696,0.9519,14531981,420242446.92,43905462355.2,43905462355.2,11855
2016-08-19,'002241,歌尔股份,28.74,29.43,28.64,28.9,28.71,0.03,0.1045,1.6481,25159656,730129486.62,43874930044.8,43874930044.8,24414
2016-08-18,'002241,歌尔股份,28.71,29.78,27.94,27.98,27.21,1.5,5.5127,3.1849,48621618,1406134711.9,43829131579.2,43829131579.2,36927
2016-08-17,'002241,歌尔股份,27.21,27.6,26.92,26.98,26.76,0.45,1.6816,0.9466,14451174,394560080.1,41539208299.2,41539208299.2,14940
2016-08-16,'002241,歌尔股份,26.76,27.07,26.72,26.9,26.79,-0.03,-0.112,0.534,8152849,219067102.82,40852231315.2,40852231315.2,9504
2016-08-15,'002241,歌尔股份,26.79,27.19,26.33,26.4,26.4,0.39,1.4773,1.0423,15912068,426337004.75,40898029780.8,40898029780.8,15490
2016-08-12,'002241,歌尔股份,26.4,26.49,26.04,26.19,26.15,0.25,0.956,0.5321,8122978,212837291.64,40302649728.0,40302649728.0,9621
2016-08-11,'002241,歌尔股份,26.15,27.1,26.13,27.0,26.99,-0.84,-3.1123,0.7448,11370073,301401479.79,39920995848.0,39920995848.0,13520
2016-08-10,'002241,歌尔股份,26.99,27.48,26.93,27.48,27.48,-0.49,-1.7831,0.6394,9760580,264978624.76,41203352884.8,41203352884.8,9953
2016-08-09,'002241,歌尔股份,27.48,28.22,26.13,26.13,25.95,1.53,5.896,1.5126,23092268,628262808.4,41951394489.6,41951394489.6,22948
2016-08-08,'002241,歌尔股份,25.95,25.96,25.3,25.55,25.56,0.39,1.5258,0.4436,6772391,173517958.63,39615672744.0,39615672744.0,9462
2016-08-05,'002241,歌尔股份,25.56,25.84,25.5,25.75,25.75,-0.19,-0.7379,0.2776,4237369,108935661.69,39020292691.2,39020292691.2,5516
2016-08-04,'002241,歌尔股份,25.75,25.76,25.53,25.7,25.7,0.05,0.1946,0.3177,4850613,124493524.55,39310349640.0,39310349640.0,6208
2016-08-03,'002241,歌尔股份,25.7,25.73,25.3,25.5,25.52,0.18,0.7053,0.489,7464411,190132325.12,39234018864.0,39234018864.0,9460
2016-08-02,'002241,歌尔股份,25.52,25.72,25.3,25.45,25.3,0.22,0.8696,0.3075,4694637,119866725.62,38959228070.4,38959228070.4,6415
2016-08-01,'002241,歌尔股份,25.3,25.58,25.06,25.5,25.51,-0.21,-0.8232,0.4782,7299988,184518960.44,38623372656.0,38623372656.0,8491
2016-07-29,'002241,歌尔股份,25.51,26.0,25.31,25.9,25.81,-0.3,-1.1623,0.7126,10879316,278061369.02,38943961915.2,38943961915.2,13284
2016-07-28,'002241,歌尔股份,25.81,26.65,25.5,26.5,26.5,-0.69,-2.6038,1.0614,16203312,420314281.75,39401946571.2,39401946571.2,19204
2016-07-27,'002241,歌尔股份,26.5,27.79,26.12,27.79,27.68,-1.18,-4.263,0.9793,14949699,403613161.18,40455311280.0,40455311280.0,18585
2016-07-26,'002241,歌尔股份,27.68,27.78,27.35,27.41,27.6,0.08,0.2899,0.5279,8058513,222184143.07,42256717593.6,42256717593.6,9478
2016-07-25,'002241,歌尔股份,27.6,27.6,27.15,27.24,27.33,0.27,0.9879,0.4764,7273440,198989369.24,42134588352.0,42134588352.0,7826
2016-07-22,'002241,歌尔股份,27.33,27.9,27.22,27.82,27.82,-0.49,-1.7613,0.508,7754758,212577245.31,41722402161.6,41722402161.6,9609
2016-07-21,'002241,歌尔股份,27.82,28.18,27.7,27.84,27.84,-0.02,-0.0718,0.5811,8870435,247705012.82,42470443766.4,42470443766.4,10574
2016-07-20,'002241,歌尔股份,27.84,28.04,27.4,27.66,27.7,0.14,0.5054,0.66,10076030,279438416.25,42500976076.8,42500976076.8,10926
2016-07-19,'002241,歌尔股份,27.7,27.92,27.25,27.25,27.22,0.48,1.7634,0.6586,10054490,277930639.94,42287249904.0,42287249904.0,11279
2016-07-18,'002241,歌尔股份,27.22,27.75,27.17,27.66,27.75,-0.53,-1.9099,0.7097,10834440,296676190.99,41554474454.4,41554474454.4,11586
2016-07-15,'002241,歌尔股份,27.75,28.22,27.75,28.02,27.95,-0.2,-0.7156,0.7658,11690254,326251160.79,42363580680.0,42363580680.0,8635
2016-07-14,'002241,歌尔股份,27.95,28.3,27.81,28.3,28.25,-0.3,-1.0619,0.6058,9248741,258768174.98,42668903784.0,42668903784.0,12315
2016-07-13,'002241,歌尔股份,28.25,28.47,27.72,27.85,27.7,0.55,1.9856,1.1195,17090779,480261332.87,43126888440.0,43126888440.0,20734
2016-07-12,'002241,歌尔股份,27.7,27.72,27.2,27.44,27.39,0.31,1.1318,0.608,9281786,255065840.31,42287249904.0,42287249904.0,10104
2016-07-11,'002241,歌尔股份,27.39,28.05,27.35,27.9,27.7,-0.31,-1.1191,0.911,13907517,384378168.29,41813999092.8,41813999092.8,14221
2016-07-08,'002241,歌尔股份,27.7,28.08,27.58,27.72,27.94,-0.24,-0.859,0.5101,7787121,216528053.62,42287249904.0,42287249904.0,8668
2016-07-07,'002241,歌尔股份,27.94,28.29,27.5,28.29,28.22,-0.28,-0.9922,0.7732,11803820,329724174.72,42653637628.8,42653637628.8,12912
2016-07-06,'002241,歌尔股份,28.22,28.7,28.02,28.7,28.69,-0.47,-1.6382,0.6737,10284627,290454676.01,43081089974.4,43081089974.4,10516
2016-07-05,'002241,歌尔股份,28.69,28.99,28.45,28.99,29.05,-0.36,-1.2392,0.499,7617365,218656638.26,43798599268.8,43798599268.8,7684
2016-07-04,'002241,歌尔股份,29.05,29.1,28.18,28.48,28.5,0.55,1.9298,0.7182,10964537,314720959.05,44348180856.0,44348180856.0,10060
2016-07-01,'002241,歌尔股份,28.5,28.98,28.46,28.71,28.68,-0.18,-0.6276,0.4546,6940702,198957765.74,43508429545.5,43508429545.5,8858
2016-06-30,'002241,歌尔股份,28.68,29.18,28.65,29.08,28.9,-0.22,-0.7612,0.5675,8664090,249928460.75,43783219626.8,43783219626.8,10213
2016-06-29,'002241,歌尔股份,28.9,29.3,28.77,29.11,29.05,-0.15,-0.5164,0.4241,6474538,187293336.24,44119074170.7,44119074170.7,7796
2016-06-28,'002241,歌尔股份,29.05,29.19,28.73,29.06,29.24,-0.19,-0.6498,0.6003,9164655,265435446.78,44348065905.2,44348065905.2,10297
2016-06-27,'002241,歌尔股份,29.24,29.26,27.73,27.86,28.16,1.08,3.8352,0.9164,13989563,400243957.1,44638122102.1,44638122102.1,13436
2016-06-24,'002241,歌尔股份,28.16,28.94,27.85,28.75,28.89,-0.73,-2.5268,0.8289,12653770,357975956.17,42989381614.1,42989381614.1,12151
2016-06-23,'002241,歌尔股份,28.89,29.37,28.61,28.66,28.73,0.16,0.5569,0.5837,8910645,258742680.42,44103808055.1,44103808055.1,7775
2016-06-22,'002241,歌尔股份,28.73,28.8,28.2,28.38,28.52,0.21,0.7363,0.3189,4867660,139072548.28,43859550205.0,43859550205.0,5190
2016-06-21,'002241,歌尔股份,28.52,29.25,28.48,29.01,28.95,-0.43,-1.4853,0.5002,7636313,220311658.9,43538961776.8,43538961776.8,7253
2016-06-20,'002241,歌尔股份,28.95,29.2,28.45,29.2,28.88,0.07,0.2424,0.4291,6550988,188264835.38,44195404748.8,44195404748.8,6837
2016-06-17,'002241,歌尔股份,28.88,29.23,28.54,28.54,28.5,0.38,1.3333,0.6564,10020678,290241878.79,44088541939.4,44088541939.4,10612
2016-06-16,'002241,歌尔股份,28.5,29.38,28.44,28.82,28.73,-0.23,-0.8006,0.8465,12922200,374967032.84,43508429545.5,43508429545.5,15342
2016-06-15,'002241,歌尔股份,28.73,29.18,27.5,27.65,27.93,0.8,2.8643,0.9775,14922328,428084002.19,43859550205.0,43859550205.0,13534
2016-06-14,'002241,歌尔声学,28.03,28.26,27.28,27.29,27.3,0.73,2.674,0.703,10731613,299543559.35,42790922110.9,42790922110.9,9597
2016-06-13,'002241,歌尔声学,27.3,29.0,27.3,28.81,29.31,-2.01,-6.8577,1.0875,16601777,471202899.1,41676495669.9,41676495669.9,13966
2016-06-08,'002241,歌尔声学,29.31,29.58,28.42,28.86,29.03,0.28,0.9645,1.1597,17703895,512898329.72,44744984911.5,44744984911.5,15552
2016-06-07,'002241,歌尔声学,29.03,29.8,28.88,29.3,29.48,-0.45,-1.5265,0.8122,12398757,361820187.32,44317533673.9,44317533673.9,13457
2016-06-06,'002241,歌尔声学,29.48,30.59,29.05,30.0,28.6,0.88,3.0769,1.8424,28126155,836040160.62,45004084895.9,45004084895.9,22726
2016-06-03,'002241,歌尔声学,28.6,28.85,27.7,27.93,27.62,0.98,3.5482,1.6593,25331032,719307032.19,43660679376.6,43660679376.6,24812
2016-06-02,'002241,歌尔声学,27.62,27.68,27.0,27.4,27.16,0.46,1.6937,0.8452,12903286,353004514.88,42164614139.2,42164614139.2,13369
2016-06-01,'002241,歌尔声学,27.16,27.49,27.08,27.13,27.12,0.04,0.1475,0.6385,9747030,265935292.2,41462379436.0,41462379436.0,10969
2016-05-31,'002241,歌尔声学,27.12,27.25,25.8,25.81,25.88,1.24,4.7913,0.8859,13524740,361933857.7,41401315548.7,41401315548.7,14033
2016-05-30,'002241,歌尔声学,25.88,26.25,25.64,25.75,26.08,-0.2,-0.7669,0.5039,7692104,200226071.73,39508335044.3,39508335044.3,6827
2016-05-27,'002241,歌尔声学,26.08,26.29,25.58,26.04,26.03,0.05,0.1921,0.6985,10663015,277539696.65,39813654480.5,39813654480.5,9851
2016-05-26,'002241,歌尔声学,26.03,26.88,25.15,26.6,26.72,-0.69,-2.5823,1.4608,22300756,576607060.5,39737324621.4,39737324621.4,18368
2016-05-25,'002241,歌尔声学,26.72,27.82,26.53,27.52,27.45,-0.73,-2.6594,1.0443,15941822,430787840.06,40790676676.3,40790676676.3,16696
2016-05-24,'002241,歌尔声学,27.45,27.84,27.12,27.41,27.41,0.04,0.1459,0.48,7327551,201079856.33,41905092618.4,41905092618.4,7251
2016-05-23,'002241,歌尔声学,27.41,27.97,27.1,27.1,27.06,0.35,1.2934,0.5683,8675476,239220794.12,41844028731.2,41844028731.2,8979
2016-05-20,'002241,歌尔声学,27.06,27.28,26.54,26.88,27.18,-0.12,-0.4415,0.6957,10620661,285376962.15,41309719717.9,41309719717.9,9068
2016-05-19,'002241,歌尔声学,27.18,27.89,27.1,27.35,27.3,-0.12,-0.4396,0.569,8685793,239144532.2,41492911379.6,41492911379.6,8455
2016-05-18,'002241,歌尔声学,27.3,27.96,26.7,27.96,28.05,-0.75,-2.6738,0.8135,12419336,336738284.18,41676103041.3,41676103041.3,12265
2016-05-17,'002241,歌尔声学,28.05,28.28,27.5,28.01,27.97,0.08,0.286,0.6238,9523158,266466341.42,42821050927.1,42821050927.1,8454
2016-05-16,'002241,歌尔声学,27.97,28.0,27.38,27.42,27.42,0.55,2.0058,0.4961,7573221,210485359.07,42698923152.6,42698923152.6,7880
2016-05-13,'002241,歌尔声学,27.42,28.46,27.18,28.01,28.15,-0.73,-2.5933,0.6536,9977989,277898105.22,41859294703.0,41859294703.0,12517
2016-05-12,'002241,歌尔声学,28.15,28.2,26.8,27.02,27.41,0.74,2.6997,0.8501,12976971,357957228.95,42973710645.2,42973710645.2,13249
2016-05-11,'002241,歌尔声学,27.41,28.59,27.26,28.5,28.29,-0.88,-3.1106,0.8954,13668923,379037521.93,41844028731.2,41844028731.2,14318
2016-05-10,'002241,歌尔声学,28.29,28.65,27.83,27.83,27.87,0.42,1.507,0.7813,11927579,338184020.6,43187434250.5,43187434250.5,12735
2016-05-09,'002241,歌尔声学,27.87,28.5,27.81,28.5,28.65,-0.78,-2.7225,0.9492,14490722,406982730.65,42546263434.5,42546263434.5,13903
2016-05-06,'002241,歌尔声学,28.65,30.28,28.65,30.0,29.85,-1.2,-4.0201,1.4411,22000212,647766893.49,43737009235.7,43737009235.7,23167
2016-05-05,'002241,歌尔声学,29.85,30.69,29.75,30.28,30.5,-0.65,-2.1311,1.1231,17145636,516353830.89,45568925852.8,45568925852.8,16464
2016-05-04,'002241,歌尔声学,30.5,30.55,29.21,29.3,29.53,0.97,3.2848,1.3558,20696867,620542632.8,46561214020.5,46561214020.5,18299
2016-05-03,'002241,歌尔声学,29.53,29.95,28.67,28.8,28.67,0.86,2.9997,1.1368,17354835,512046534.72,45080414754.9,45080414754.9,15738
2016-04-29,'002241,歌尔声学,28.67,29.36,28.61,29.25,29.26,-0.59,-2.0164,0.667,10182882,294362513.55,43767541179.3,43767541179.3,10834
2016-04-28,'002241,歌尔声学,29.26,30.14,28.8,29.3,29.36,-0.1,-0.3406,1.0501,16030668,472794933.73,44668233516.1,44668233516.1,15953
2016-04-27,'002241,歌尔声学,29.36,29.96,28.64,29.04,29.04,0.32,1.1019,1.3454,20538219,604957842.69,44820893234.2,44820893234.2,20846
2016-04-26,'002241,歌尔声学,29.04,29.25,28.5,28.8,28.99,0.05,0.1725,1.0981,16764128,484781997.82,44332382136.2,44332382136.2,16484
2016-04-25,'002241,歌尔声学,28.99,29.29,27.8,28.52,28.78,0.21,0.7297,1.5003,22903847,652718944.05,44256052277.2,44256052277.2,20784
2016-04-22,'002241,歌尔声学,28.78,29.15,26.71,26.92,26.98,1.8,6.6716,2.1009,32071553,913226865.52,43935466869.2,43935466869.2,28577
2016-04-21,'002241,歌尔声学,26.98,27.73,26.25,26.62,26.7,0.28,1.0487,1.0766,16435690,445127785.16,41187164769.0,41187164769.0,17576
2016-04-20,'002241,歌尔声学,26.7,27.96,25.8,27.8,27.83,-1.13,-4.0604,1.5959,24362598,655264477.33,40759721991.6,40759721991.6,24053
2016-04-19,'002241,歌尔声学,27.83,28.4,27.58,28.26,28.16,-0.33,-1.1719,1.1386,17382029,484088637.55,42484758914.8,42484758914.8,18242
2016-04-18,'002241,歌尔声学,28.16,28.6,27.59,27.77,27.76,0.4,1.4409,1.679,25631189,722638011.44,42988530759.7,42988530759.7,26848
2016-04-15,'002241,歌尔声学,27.76,28.36,27.3,27.49,27.39,0.37,1.3509,1.4598,22284832,621177740.43,42377898220.5,42377898220.5,23866
2016-04-14,'002241,歌尔声学,27.39,27.4,26.85,27.1,27.0,0.39,1.4444,1.0887,16619288,450962071.94,41813063121.7,41813063121.7,17708
2016-04-13,'002241,歌尔声学,27.0,27.49,26.42,26.45,26.14,0.86,3.29,1.7148,26178456,708705643.43,41217696396.0,41217696396.0,28670
2016-04-12,'002241,歌尔声学,26.14,26.72,25.84,26.49,26.5,-0.36,-1.3585,0.641,9785911,256829126.84,39904836436.7,39904836436.7,12136
2016-04-11,'002241,歌尔声学,26.5,26.96,26.03,26.4,26.0,0.5,1.9231,1.1258,17186378,457796482.68,40454405722.0,40454405722.0,15753
2016-04-08,'002241,歌尔声学,26.0,26.44,25.4,25.89,25.93,0.07,0.27,0.8581,13099810,340730383.72,39691115048.0,39691115048.0,14284
2016-04-07,'002241,歌尔声学,25.93,27.05,25.88,26.9,26.84,-0.91,-3.3905,0.9928,15156621,400032775.2,39584254353.6,39584254353.6,17783
2016-04-06,'002241,歌尔声学,26.84,27.22,26.0,26.11,26.1,0.74,2.8352,1.801,27494262,738136431.01,40973443380.3,40973443380.3,26862
2016-04-05,'002241,歌尔声学,26.1,26.15,25.2,25.52,25.43,0.67,2.6347,1.0164,15515480,400619481.98,39843773182.8,39843773182.8,15744
2016-04-01,'002241,歌尔声学,25.43,25.85,25.11,25.61,25.6,-0.17,-0.6641,0.8225,12555897,318752326.25,38820963679.6,38820963679.6,13340
2016-03-31,'002241,歌尔声学,25.6,26.29,25.44,26.28,26.17,-0.57,-2.1781,1.3203,20155840,518831033.88,39080482508.8,39080482508.8,21679
2016-03-30,'002241,歌尔声学,26.17,26.19,24.91,25.15,24.88,1.29,5.1849,1.1736,17915345,456329745.38,39950633877.2,39950633877.2,17560
2016-03-29,'002241,歌尔声学,24.88,25.37,24.53,25.1,25.65,-0.77,-3.0019,1.2832,19589831,489379905.06,37981343938.2,37981343938.2,17799
2016-03-28,'002241,歌尔声学,25.65,26.95,25.47,26.45,26.1,-0.45,-1.7241,1.0831,16533284,432664624.6,39153691099.8,39153691099.8,16990
2016-03-25,'002241,歌尔声学,26.1,26.32,25.47,25.52,25.73,0.37,1.438,0.8582,13100115,340423158.82,39840597961.2,39840597961.2,14652
2016-03-24,'002241,歌尔声学,25.73,26.25,25.6,26.2,26.33,-0.6,-2.2788,1.1145,17012347,441211290.95,39275807875.2,39275807875.2,19208
2016-03-23,'002241,歌尔声学,26.33,26.96,25.75,26.54,26.6,-0.27,-1.015,1.2798,19535214,512875836.83,40191683690.4,40191683690.4,21867
2016-03-22,'002241,歌尔声学,26.6,27.13,26.33,26.61,27.04,-0.44,-1.6272,1.107,16898602,452311192.42,40603827807.2,40603827807.2,19259
2016-03-21,'002241,歌尔声学,27.04,27.05,25.91,26.48,25.68,1.36,5.296,1.8257,27868032,739469938.74,41275470071.7,41275470071.7,28469
2016-03-18,'002241,歌尔声学,25.68,26.3,25.15,25.2,24.98,0.7,2.8022,2.0353,31067513,798851862.24,39199484890.6,39199484890.6,31901
2016-03-17,'002241,歌尔声学,24.98,25.28,23.52,23.52,23.51,1.47,6.2527,2.0494,31283940,765760281.12,38130963106.2,38130963106.2,29799
2016-03-16,'002241,歌尔声学,23.51,24.25,22.92,24.05,23.73,-0.22,-0.9271,1.346,20546850,485299894.17,35887067358.9,35887067358.9,20439
2016-03-15,'002241,歌尔声学,23.73,24.8,23.65,24.54,23.2,0.53,2.2845,1.6525,25224806,609092648.61,36222888491.2,36222888491.2,27259
2016-03-14,'002241,歌尔声学,23.2,23.55,22.37,22.5,22.15,1.05,4.7404,1.108,16912791,391836968.92,35413864854.4,35413864854.4,18294
2016-03-11,'002241,歌尔声学,22.15,22.7,22.0,22.5,22.79,-0.64,-2.8082,1.0761,16426701,365973574.28,33811082177.8,33811082177.8,13894
2016-03-10,'002241,歌尔声学,22.79,23.38,22.56,23.08,23.1,-0.31,-1.342,0.7753,11834812,271834192.64,34788016380.7,34788016380.7,12090
2016-03-09,'002241,歌尔声学,23.1,23.55,22.26,22.51,23.04,0.06,0.2604,1.2088,18451760,426325422.87,35261218885.2,35261218885.2,19924
2016-03-08,'002241,歌尔声学,23.04,23.11,21.7,22.95,23.02,0.02,0.0869,1.3776,21028859,470915796.72,35169631303.7,35169631303.7,19082
2016-03-07,'002241,歌尔声学,23.02,23.44,22.6,22.85,22.65,0.37,1.6336,1.172,17890717,411972292.39,35139102109.8,35139102109.8,16497
2016-03-04,'002241,歌尔声学,22.65,24.76,22.37,24.65,24.85,-2.2,-8.8531,2.345,35795896,844485472.13,34574312023.8,34574312023.8,28058
2016-03-03,'002241,歌尔声学,24.85,25.65,24.83,25.15,25.15,-0.3,-1.1928,1.2236,18677717,471116064.74,37932523346.2,37932523346.2,19371
2016-03-02,'002241,歌尔声学,25.15,25.3,23.8,24.37,24.33,0.82,3.3703,1.4691,22425845,551631247.32,38390461253.8,38390461253.8,19426
2016-03-01,'002241,歌尔声学,24.33,24.68,22.85,23.6,23.65,0.68,2.8753,1.1198,17092977,405626985.45,37138764306.4,37138764306.4,16259
2016-02-29,'002241,歌尔声学,23.65,26.0,23.58,26.0,26.2,-2.55,-9.7328,1.5584,23787702,565607772.85,36100771715.8,36100771715.8,19210
2016-02-26,'002241,歌尔声学,26.2,27.04,25.56,26.9,26.74,-0.54,-2.0194,1.0354,15805555,415571079.5,39993243930.4,39993243930.4,17605
2016-02-25,'002241,歌尔声学,26.74,29.85,26.74,29.67,29.71,-2.97,-9.9966,1.2645,19301719,540205784.36,40817532164.1,40817532164.1,20301
2016-02-24,'002241,歌尔声学,29.71,30.55,29.11,30.2,30.65,-0.94,-3.0669,0.964,14714869,438489947.03,45351117449.3,45351117449.3,14694
2016-02-23,'002241,歌尔声学,30.65,31.38,30.4,30.7,30.5,0.15,0.4918,1.2455,19011469,587393234.5,46785989559.8,46785989559.8,18742
2016-02-22,'002241,歌尔声学,30.5,30.68,30.0,30.4,30.08,0.42,1.3963,0.8967,13687978,415547206.9,46557020606.0,46557020606.0,12084
2016-02-19,'002241,歌尔声学,30.08,30.5,29.62,29.67,29.85,0.23,0.7705,0.6964,10630866,320149800.85,45915907535.4,45915907535.4,13249
2016-02-18,'002241,歌尔声学,29.85,31.08,29.81,30.76,30.67,-0.82,-2.6736,0.9754,14889253,451099449.25,45564821806.2,45564821806.2,15108
2016-02-17,'002241,歌尔声学,30.67,30.97,29.57,29.92,30.02,0.65,2.1652,0.9872,15069726,456821123.17,46816518753.6,46816518753.6,16817
2016-02-16,'002241,歌尔声学,30.02,30.3,29.01,29.02,28.96,1.06,3.6602,0.9315,14219471,424752300.39,45824319953.8,45824319953.8,14440
2016-02-15,'002241,歌尔声学,28.96,29.41,28.0,28.0,28.83,0.13,0.4509,0.7401,11297231,326832799.0,44206272680.3,44206272680.3,10958
2016-02-05,'002241,歌尔声学,28.83,29.2,28.3,29.02,29.02,-0.19,-0.6547,0.6314,9637825,277649121.68,44007832920.4,44007832920.4,10215
2016-02-04,'002241,歌尔声学,29.02,29.35,28.8,29.02,28.86,0.16,0.5544,0.7594,11591486,336768435.82,44297860261.8,44297860261.8,12476
2016-02-03,'002241,歌尔声学,28.86,29.22,28.23,28.44,28.76,0.1,0.3477,0.6905,10540897,301824909.05,44053626711.1,44053626711.1,11236
2016-02-02,'002241,歌尔声学,28.76,29.24,27.84,27.88,28.05,0.71,2.5312,0.9374,14309056,412344451.16,43900980741.9,43900980741.9,15051
2016-02-01,'002241,歌尔声学,28.05,28.16,26.68,27.43,27.38,0.67,2.447,1.0347,15794364,436034235.37,42817194360.6,42817194360.6,14874
2016-01-29,'002241,歌尔声学,27.38,27.9,26.05,26.85,26.89,0.49,1.8222,1.0002,15267389,413103559.91,41794466367.0,41794466367.0,14385
2016-01-28,'002241,歌尔声学,26.89,27.71,26.3,27.28,27.8,-0.91,-3.2734,0.7871,12014086,322947575.48,41046501117.9,41046501117.9,11967
2016-01-27,'002241,歌尔声学,27.8,28.32,26.21,27.4,27.54,0.26,0.9441,1.241,18942864,511343445.37,42435579437.6,42435579437.6,20084
2016-01-26,'002241,歌尔声学,27.54,28.86,26.1,28.42,28.9,-1.36,-4.7059,1.4008,21382909,594513073.63,42038699917.7,42038699917.7,19060
2016-01-25,'002241,歌尔声学,28.9,29.73,28.11,28.19,27.69,1.21,4.3698,1.3913,21237420,613940521.64,44114685098.8,44114685098.8,21658
2016-01-22,'002241,歌尔声学,27.69,27.8,26.2,27.12,26.6,1.09,4.0977,1.0328,15765906,428148534.58,42267668871.5,42267668871.5,14986
2016-01-21,'002241,歌尔声学,26.6,28.2,26.6,27.05,27.7,-1.1,-3.9711,1.0476,15991529,438565205.89,40603827807.2,40603827807.2,13566
2016-01-20,'002241,歌尔声学,27.7,28.95,27.45,28.65,28.74,-1.04,-3.6186,1.1531,17602024,495017083.13,42282933468.4,42282933468.4,16102
2016-01-19,'002241,歌尔声学,28.74,29.28,27.53,27.91,27.95,0.79,2.8265,1.054,16088391,457949113.42,43870451548.1,43870451548.1,16262
2016-01-18,'002241,歌尔声学,27.95,28.99,25.75,25.75,26.35,1.6,6.0721,1.5364,23451800,646541153.55,42664548391.4,42664548391.4,20219
2016-01-15,'002241,歌尔声学,26.35,27.7,26.0,27.2,27.49,-1.14,-4.147,1.2119,18498764,497324806.25,40222212884.2,40222212884.2,14985
2016-01-14,'002241,歌尔声学,27.49,27.49,25.1,25.21,26.4,1.09,4.1288,1.123,17142480,459156476.07,41962376933.1,41962376933.1,14542
2016-01-13,'002241,歌尔声学,26.4,27.37,26.18,27.2,26.85,-0.45,-1.676,0.8637,13184629,353735419.39,40298535868.8,40298535868.8,11126
2016-01-12,'002241,歌尔声学,26.85,27.51,26.21,27.0,26.6,0.25,0.9398,1.0207,15581004,419119756.09,40985442730.2,40985442730.2,13692
2016-01-11,'002241,歌尔声学,26.6,28.8,26.15,28.0,28.89,-2.29,-7.9266,1.5478,23626190,649219968.5,40603827807.2,40603827807.2,17796
2016-01-08,'002241,歌尔声学,28.89,30.48,27.5,30.2,29.16,-0.27,-0.9259,1.6297,24876444,731419179.07,44099420501.9,44099420501.9,19423
2016-01-07,'002241,歌尔声学,29.16,31.68,29.16,31.68,32.4,-3.24,-10.0,0.4369,6669600,200387009.7,44511564618.7,44511564618.7,4627
2016-01-06,'002241,歌尔声学,32.4,33.02,31.81,32.11,31.9,0.5,1.5674,1.3558,20696435,671612279.42,49457294020.8,49457294020.8,19843
2016-01-05,'002241,歌尔声学,31.9,32.35,29.71,30.2,31.38,0.52,1.6571,1.6894,25787761,806317319.37,48694064174.8,48694064174.8,23044
2016-01-04,'002241,歌尔声学,31.38,35.5,31.31,34.97,34.6,-3.22,-9.3064,1.1129,16987979,574651592.38,47899831140.1,47899831140.1,15833
