日期,股票代码,名称,收盘价,最高价,最低价,开盘价,前收盘,涨跌额,涨跌幅,换手率,成交量,成交金额,总市值,流通市值,成交笔数
2016-10-12,'000572,海马汽车,5.09,5.12,5.04,5.09,5.12,-0.03,-0.5859,0.8314,13652819,69339036.32,8371199408.34,8358570090.16,4469
2016-10-11,'000572,海马汽车,5.12,5.13,5.05,5.05,5.06,0.06,1.1858,0.9873,16212355,82547832.7,8420538501.12,8407834746.88,5387
2016-10-10,'000572,海马汽车,5.06,5.06,4.97,4.98,4.96,0.1,2.0161,0.8171,13418377,67350089.37,8321860315.56,8309305433.44,5195
2016-09-30,'000572,海马汽车,4.96,4.97,4.92,4.95,4.95,0.01,0.202,0.5636,9255215,45768818.39,8157396672.96,8145089911.04,3473
2016-09-29,'000572,海马汽车,4.95,4.98,4.93,4.94,4.95,0.0,0.0,0.8959,14712087,72912401.54,8140950308.7,8128668358.8,3760
2016-09-28,'000572,海马汽车,4.95,4.99,4.93,4.98,4.98,-0.03,-0.6024,0.5449,8947379,44296072.94,8140950308.7,8128668358.8,3224
2016-09-27,'000572,海马汽车,4.98,4.99,4.91,4.97,4.98,0.0,0.0,0.8107,13313694,66024426.46,8190289401.48,8177933015.52,4578
2016-09-26,'000572,海马汽车,4.98,5.1,4.97,5.09,5.1,-0.12,-2.3529,1.0115,16610927,83605598.73,8190289401.48,8177933015.52,5898
2016-09-23,'000572,海马汽车,5.1,5.14,5.09,5.13,5.13,-0.03,-0.5848,0.4894,8036005,41032003.59,8387645772.6,8374991642.4,2677
2016-09-22,'000572,海马汽车,5.13,5.15,5.11,5.14,5.12,0.01,0.1953,0.7648,12558873,64465181.88,8436984865.38,8424256299.12,3435
2016-09-21,'000572,海马汽车,5.12,5.13,5.1,5.1,5.1,0.02,0.3922,0.5717,9388723,47991768.33,8420538501.12,8407834746.88,2771
2016-09-20,'000572,海马汽车,5.1,5.15,5.09,5.15,5.14,-0.04,-0.7782,0.5237,8599915,43943542.99,8387645772.6,8374991642.4,2901
2016-09-19,'000572,海马汽车,5.14,5.16,5.12,5.12,5.11,0.03,0.5871,0.4582,7524588,38624063.99,8453431229.64,8440677851.36,3033
2016-09-14,'000572,海马汽车,5.11,5.15,5.08,5.1,5.11,0.0,0.0,0.6179,10147159,51960548.92,8404092136.86,8391413194.64,3727
2016-09-13,'000572,海马汽车,5.11,5.13,5.09,5.12,5.09,0.02,0.3929,0.6152,10103072,51641642.68,8404092136.86,8391413194.64,4086
2016-09-12,'000572,海马汽车,5.09,5.2,5.08,5.2,5.29,-0.2,-3.7807,1.702,27949603,143655990.33,8371199408.34,8358570090.16,8286
2016-09-09,'000572,海马汽车,5.29,5.4,5.27,5.28,5.27,0.02,0.3795,2.0969,34433948,183973352.47,8700126693.54,8687001134.96,10327
2016-09-08,'000572,海马汽车,5.27,5.3,5.24,5.28,5.26,0.01,0.1901,0.7267,11933828,62901552.27,8667233965.02,8654158030.48,3517
2016-09-07,'000572,海马汽车,5.26,5.31,5.24,5.24,5.28,-0.02,-0.3788,1.0777,17697247,93436824.83,8650787600.76,8637736478.24,4863
2016-09-06,'000572,海马汽车,5.28,5.28,5.19,5.25,5.24,0.04,0.7634,1.3182,21646856,113561607.47,8683680329.28,8670579582.72,6134
2016-09-05,'000572,海马汽车,5.24,5.25,5.2,5.2,5.19,0.05,0.9634,1.1258,18486804,96758109.64,8617894872.24,8604893373.76,4959
2016-09-02,'000572,海马汽车,5.19,5.21,5.16,5.19,5.2,-0.01,-0.1923,0.5438,8929400,46288293.43,8535663050.94,8522785612.56,3086
2016-09-01,'000572,海马汽车,5.2,5.23,5.19,5.22,5.22,-0.02,-0.3831,0.6041,9920078,51622655.52,8552109415.2,8539207164.8,2887
2016-08-31,'000572,海马汽车,5.22,5.24,5.18,5.21,5.21,0.01,0.1919,0.6687,10981134,57198129.19,8585002143.72,8572050269.28,3076
2016-08-30,'000572,海马汽车,5.21,5.23,5.18,5.19,5.18,0.03,0.5792,0.6886,11307754,58927835.13,8568555779.46,8555628717.04,3759
2016-08-29,'000572,海马汽车,5.18,5.19,5.14,5.17,5.17,0.01,0.1934,0.4862,7984168,41292693.03,8519216686.68,8506364060.32,3051
2016-08-26,'000572,海马汽车,5.17,5.24,5.14,5.14,5.15,0.02,0.3883,0.823,13515243,70276216.37,8502770322.42,8489942508.08,4622
2016-08-25,'000572,海马汽车,5.15,5.18,5.1,5.16,5.21,-0.06,-1.1516,0.7774,12765776,65548029.41,8469877593.9,8457099403.6,4737
2016-08-24,'000572,海马汽车,5.21,5.25,5.19,5.23,5.22,-0.01,-0.1916,0.555,9114092,47545641.82,8568555779.46,8555628717.04,2730
2016-08-23,'000572,海马汽车,5.22,5.23,5.18,5.2,5.2,0.02,0.3846,0.7451,12235503,63691208.84,8585002143.72,8572050269.28,3400
2016-08-22,'000572,海马汽车,5.2,5.26,5.2,5.21,5.22,-0.02,-0.3831,0.7297,11983096,62532193.37,8552109415.2,8539207164.8,3648
2016-08-19,'000572,海马汽车,5.22,5.26,5.18,5.24,5.24,-0.02,-0.3817,0.9281,15241187,79455499.49,8585002143.72,8572050269.28,4322
2016-08-18,'000572,海马汽车,5.24,5.28,5.21,5.22,5.21,0.03,0.5758,0.9728,15974534,83688323.61,8617894872.24,8604893373.76,4875
2016-08-17,'000572,海马汽车,5.21,5.23,5.19,5.22,5.21,0.0,0.0,0.8462,13896113,72465057.51,8568555779.46,8555628717.04,5053
2016-08-16,'000572,海马汽车,5.21,5.24,5.19,5.22,5.2,0.01,0.1923,1.2454,20451977,106562670.45,8568555779.46,8555628717.04,5429
2016-08-15,'000572,海马汽车,5.2,5.22,5.1,5.1,5.11,0.09,1.7613,1.6856,27680889,143352838.0,8552109415.2,8539207164.8,8105
2016-08-12,'000572,海马汽车,5.11,5.12,5.04,5.06,5.04,0.07,1.3889,0.642,10542999,53590186.98,8404092136.86,8391413194.64,3900
2016-08-11,'000572,海马汽车,5.04,5.13,5.03,5.11,5.12,-0.08,-1.5625,0.8399,13792878,70027095.69,8288967587.04,8276462328.96,3719
2016-08-10,'000572,海马汽车,5.12,5.15,5.1,5.11,5.11,0.01,0.1957,0.8389,13775351,70627334.36,8420538501.12,8407834746.88,4148
2016-08-09,'000572,海马汽车,5.11,5.12,5.08,5.08,5.09,0.02,0.3929,0.7856,12900852,65837679.21,8404092136.86,8391413194.64,3780
2016-08-08,'000572,海马汽车,5.09,5.1,5.01,5.03,5.03,0.06,1.1928,0.9135,15000792,75972306.61,8371199408.34,8358570090.16,4592
2016-08-05,'000572,海马汽车,5.03,5.07,5.02,5.06,5.07,-0.04,-0.789,0.6789,11148880,56156722.35,8272521222.78,8260040776.72,3345
2016-08-04,'000572,海马汽车,5.07,5.08,5.02,5.05,5.05,0.02,0.396,0.679,11150411,56308859.41,8338306679.82,8325726985.68,4063
2016-08-03,'000572,海马汽车,5.05,5.06,5.01,5.04,5.05,0.0,0.0,0.5707,9372499,47190342.16,8305413951.3,8292883881.2,3911
2016-08-02,'000572,海马汽车,5.05,5.09,5.01,5.01,5.02,0.03,0.5976,0.729,11970553,60302333.29,8305413951.3,8292883881.2,4011
2016-08-01,'000572,海马汽车,5.02,5.1,4.96,5.05,5.11,-0.09,-1.7613,0.9721,15962938,79845606.91,8256074858.52,8243619224.48,7145
2016-07-29,'000572,海马汽车,5.11,5.21,5.08,5.09,5.11,0.0,0.0,1.3863,22764566,117076960.34,8404092136.86,8391413194.64,7284
2016-07-28,'000572,海马汽车,5.11,5.21,5.0,5.02,5.02,0.09,1.7928,1.6398,26927245,137093089.29,8404092136.86,8391413194.64,8825
2016-07-27,'000572,海马汽车,5.02,5.31,4.99,5.29,5.29,-0.27,-5.104,1.8873,30992855,158814950.57,8256074858.52,8243619224.48,11397
2016-07-26,'000572,海马汽车,5.29,5.31,5.21,5.22,5.22,0.07,1.341,0.8929,14662239,77271846.34,8700126693.54,8687001134.96,5091
2016-07-25,'000572,海马汽车,5.22,5.25,5.17,5.18,5.18,0.04,0.7722,0.9347,15349069,79994878.51,8585002143.72,8572050269.28,4877
2016-07-22,'000572,海马汽车,5.18,5.3,5.18,5.28,5.28,-0.1,-1.8939,0.9903,16262687,84899363.73,8519216686.68,8506364060.32,6559
2016-07-21,'000572,海马汽车,5.28,5.34,5.28,5.31,5.3,-0.02,-0.3774,0.861,14138603,75118955.55,8683680329.28,8670579582.72,5065
2016-07-20,'000572,海马汽车,5.3,5.33,5.28,5.3,5.31,-0.01,-0.1883,0.5548,9110755,48331709.86,8716573057.8,8703422687.2,3231
2016-07-19,'000572,海马汽车,5.31,5.32,5.25,5.3,5.31,0.0,0.0,0.7557,12409476,65557775.14,8733019422.06,8719844239.44,4465
2016-07-18,'000572,海马汽车,5.31,5.4,5.29,5.39,5.39,-0.08,-1.4842,1.0842,17804709,94956598.12,8733019422.06,8719844239.44,5241
2016-07-15,'000572,海马汽车,5.39,5.42,5.34,5.37,5.37,0.02,0.3724,1.6084,26413079,142219777.39,8864590336.14,8851216657.36,7017
2016-07-14,'000572,海马汽车,5.37,5.4,5.33,5.38,5.37,0.0,0.0,1.1363,18660521,99968885.79,8831697607.62,8818373552.88,5339
2016-07-13,'000572,海马汽车,5.37,5.45,5.34,5.37,5.34,0.03,0.5618,1.9431,31909129,171773784.09,8831697607.62,8818373552.88,8389
2016-07-12,'000572,海马汽车,5.34,5.36,5.21,5.27,5.27,0.07,1.3283,1.3196,21670060,114624086.13,8782358514.84,8769108896.16,6387
2016-07-11,'000572,海马汽车,5.27,5.33,5.25,5.29,5.28,-0.01,-0.1894,1.3191,21662375,114774295.94,8667233965.02,8654158030.48,5442
2016-07-08,'000572,海马汽车,5.28,5.36,5.27,5.34,5.35,-0.07,-1.3084,0.8778,14414618,76517387.19,8683680329.28,8670579582.72,5270
2016-07-07,'000572,海马汽车,5.35,5.38,5.29,5.31,5.31,0.04,0.7533,1.3428,22050560,117869201.87,8798804879.1,8785530448.4,7282
2016-07-06,'000572,海马汽车,5.31,5.35,5.27,5.34,5.35,-0.04,-0.7477,0.991,16273974,86369159.34,8733019422.06,8719844239.44,5491
2016-07-05,'000572,海马汽车,5.35,5.38,5.29,5.34,5.33,0.02,0.3752,1.2615,20715803,110332262.72,8798804879.1,8785530448.4,6762
2016-07-04,'000572,海马汽车,5.33,5.39,5.17,5.19,5.23,0.1,1.912,2.1384,35116008,186611818.85,8765912150.58,8752687343.92,10537
2016-07-01,'000572,海马汽车,5.23,5.26,5.19,5.2,5.19,0.04,0.7707,1.0578,17371452,90823183.53,8601448507.98,8588471821.52,5781
2016-06-30,'000572,海马汽车,5.19,5.26,5.17,5.26,5.23,-0.04,-0.7648,0.9995,16413653,85471178.51,8535663050.94,8522785612.56,5491
2016-06-29,'000572,海马汽车,5.23,5.25,5.2,5.22,5.22,0.01,0.1916,1.1158,18323716,95739611.55,8601448507.98,8588471821.52,6017
2016-06-28,'000572,海马汽车,5.22,5.22,5.14,5.16,5.18,0.04,0.7722,1.0466,17186303,89193919.95,8585002143.72,8572050269.28,6925
2016-06-27,'000572,海马汽车,5.18,5.19,5.07,5.1,5.1,0.08,1.5686,1.0037,16482359,85016182.92,8519216686.68,8506364060.32,6690
2016-06-24,'000572,海马汽车,5.15,5.31,5.06,5.27,5.27,-0.12,-2.277,1.6838,27651056,142919425.08,8469877593.9,8457099403.6,10671
2016-06-23,'000572,海马汽车,5.27,5.36,5.24,5.35,5.35,-0.08,-1.4953,1.0181,16718000,88517949.84,8667233965.02,8654158030.48,6116
2016-06-22,'000572,海马汽车,5.35,5.36,5.2,5.21,5.23,0.12,2.2945,1.2586,20668551,109441006.26,8798804879.1,8785530448.4,7243
2016-06-21,'000572,海马汽车,5.23,5.42,5.18,5.37,5.33,-0.1,-1.8762,1.5606,25626661,136354910.52,8601448507.98,8588471821.52,9061
2016-06-20,'000572,海马汽车,5.33,5.4,5.27,5.35,5.38,-0.05,-0.9294,1.2655,20780656,110760839.66,8765912150.58,8752687343.92,8086
2016-06-17,'000572,海马汽车,5.38,5.53,5.32,5.36,5.37,0.01,0.1862,2.3498,38588093,209509375.51,8848143971.88,8834795105.12,13030
2016-06-16,'000572,海马汽车,5.37,5.54,5.35,5.45,5.48,-0.11,-2.0073,2.9178,47914915,261084436.17,8831697607.62,8818373552.88,16957
2016-06-15,'000572,海马汽车,5.48,5.65,5.04,5.07,5.16,0.32,6.2016,3.7256,61179535,332124859.14,9012607614.48,8999010627.52,25906
2016-06-14,'000572,海马汽车,5.16,5.23,5.01,5.09,5.12,0.04,0.7813,1.7633,28956699,148237820.09,8486323958.16,8473520955.84,11818
2016-06-13,'000572,海马汽车,5.12,5.48,5.01,5.18,5.29,-0.17,-3.2136,3.4438,56552672,300073046.47,8420538501.12,8407834746.88,21773
2016-06-08,'000572,海马汽车,5.29,5.37,5.18,5.23,5.23,0.06,1.1472,3.2864,53968030,285528620.47,8700126693.54,8687001134.96,17812
2016-06-07,'000572,海马汽车,5.23,5.23,5.04,5.04,5.07,0.16,3.1558,2.4639,40461756,208703880.01,8601448507.98,8588471821.52,11410
2016-06-06,'000572,海马汽车,5.07,5.14,5.04,5.14,5.13,-0.06,-1.1696,1.1291,18541408,94205280.97,8338306679.82,8325726985.68,5920
2016-06-03,'000572,海马汽车,5.13,5.15,5.05,5.1,5.1,0.03,0.5882,1.4827,24347933,124572373.61,8436984865.38,8424256299.12,6703
2016-06-02,'000572,海马汽车,5.1,5.12,5.02,5.07,5.05,0.05,0.9901,1.4167,23264898,117933580.43,8387645772.6,8374991642.4,6814
2016-06-01,'000572,海马汽车,5.05,5.13,5.04,5.06,5.06,-0.01,-0.1976,1.441,23662915,120278916.03,8305413951.3,8292883881.2,7969
2016-05-31,'000572,海马汽车,5.06,5.07,4.87,4.88,4.88,0.18,3.6885,1.9557,32114850,161106124.88,8321860315.56,8309305433.44,10972
2016-05-30,'000572,海马汽车,4.88,4.92,4.82,4.9,4.93,-0.05,-1.0142,0.8618,14151824,68940297.35,8025825758.88,8013717493.12,5003
2016-05-27,'000572,海马汽车,4.93,5.0,4.88,4.9,4.91,0.02,0.4073,1.3752,22582157,111571699.26,8108057580.18,8095825254.32,7606
2016-05-26,'000572,海马汽车,4.91,4.91,4.76,4.87,4.88,0.03,0.6148,1.0003,16426606,79407537.31,8075164851.66,8062982149.84,6893
2016-05-25,'000572,海马汽车,4.88,4.99,4.85,4.98,4.97,-0.09,-1.8109,1.3435,22062391,108500668.47,8025825758.88,8013717493.12,7567
2016-05-24,'000572,海马汽车,4.97,5.07,4.86,4.92,4.95,0.02,0.404,2.2511,36966938,183451923.58,8173843037.22,8161511463.28,12559
2016-05-23,'000572,海马汽车,4.95,4.97,4.75,4.8,4.79,0.16,3.3403,1.8613,30565535,149616165.07,8140950308.7,8128668358.8,9912
2016-05-20,'000572,海马汽车,4.79,4.84,4.67,4.71,4.73,0.06,1.2685,0.9137,15004879,71493971.85,7877808480.54,7865923522.96,5241
2016-05-19,'000572,海马汽车,4.73,4.8,4.7,4.72,4.71,0.02,0.4246,0.8378,13758500,65445273.5,7779130294.98,7767394209.52,4974
2016-05-18,'000572,海马汽车,4.71,4.86,4.64,4.84,4.86,-0.15,-3.0864,1.115,18310403,86876899.95,7746237566.46,7734551105.04,7298
2016-05-17,'000572,海马汽车,4.86,4.92,4.84,4.9,4.89,-0.03,-0.6135,0.9033,14833004,72424952.81,7992933030.36,7980874388.64,5213
2016-05-16,'000572,海马汽车,4.89,4.9,4.72,4.8,4.83,0.06,1.2422,1.0334,16970440,82265431.15,8042272123.14,8030139045.36,5675
2016-05-13,'000572,海马汽车,4.83,4.95,4.79,4.81,4.84,-0.01,-0.2066,1.0585,17382375,84707696.61,7943593937.58,7931609731.92,6196
2016-05-12,'000572,海马汽车,4.84,4.89,4.62,4.76,4.83,0.01,0.207,1.0731,17622504,84319096.63,7960040301.84,7948031284.16,7188
2016-05-11,'000572,海马汽车,4.83,4.93,4.82,4.88,4.84,-0.01,-0.2066,0.8635,14179769,68900519.96,7943593937.58,7931609731.92,5161
2016-05-10,'000572,海马汽车,4.84,4.88,4.79,4.81,4.85,-0.01,-0.2062,0.7941,13040228,63184316.12,7960040301.84,7948031284.16,5250
2016-05-09,'000572,海马汽车,4.85,5.08,4.76,5.07,5.1,-0.25,-4.902,1.3254,21764330,107038360.19,7976486666.1,7964452836.4,11365
2016-05-06,'000572,海马汽车,5.1,5.34,5.08,5.28,5.27,-0.17,-3.2258,1.8181,29856595,154485957.41,8387645772.6,8374991642.4,11355
2016-05-05,'000572,海马汽车,5.27,5.28,5.21,5.25,5.22,0.05,0.9579,1.1672,19167945,100626389.67,8667233965.02,8654158030.48,6916
2016-05-04,'000572,海马汽车,5.22,5.28,5.17,5.22,5.25,-0.03,-0.5714,1.2824,21059414,110025062.13,8585002143.72,8572050269.28,7763
2016-05-03,'000572,海马汽车,5.25,5.28,5.05,5.09,5.08,0.17,3.3465,1.9621,32219979,166981325.36,8634341236.5,8621314926.0,11906
2016-04-29,'000572,海马汽车,5.08,5.15,5.08,5.13,5.16,-0.08,-1.5504,0.7712,12664359,64846917.61,8354753044.08,8342148537.92,5266
2016-04-28,'000572,海马汽车,5.16,5.21,5.02,5.15,5.14,0.02,0.3891,1.3286,21818349,111272370.15,8486323958.16,8473520955.84,8479
2016-04-27,'000572,海马汽车,5.14,5.23,5.14,5.22,5.21,-0.07,-1.3436,0.9581,15733517,81581684.49,8453431229.64,8440677851.36,7002
2016-04-26,'000572,海马汽车,5.21,5.22,5.11,5.13,5.12,0.09,1.7578,1.3407,22016825,113973799.39,8568555779.46,8555628717.04,9033
2016-04-25,'000572,海马汽车,5.12,5.15,5.03,5.12,5.12,0.0,0.0,0.9926,16300782,82877997.91,8420538501.12,8407834746.88,8145
2016-04-22,'000572,海马汽车,5.12,5.12,5.05,5.09,5.08,0.04,0.7874,1.2489,20509145,104404424.52,8420538501.12,8407834746.88,8844
2016-04-21,'000572,海马汽车,5.08,5.25,5.07,5.13,5.17,-0.09,-1.7408,1.7196,28238047,146091663.05,8354753044.08,8342148537.92,13799
2016-04-20,'000572,海马汽车,5.17,5.65,5.05,5.63,5.61,-0.44,-7.8431,3.522,57837007,307455221.94,8502770322.42,8489942508.08,28406
2016-04-19,'000572,海马汽车,5.61,5.67,5.53,5.61,5.64,-0.03,-0.5319,1.8485,30354467,170199426.26,9226410349.86,9212490806.64,12385
2016-04-18,'000572,海马汽车,5.64,5.75,5.47,5.66,5.7,-0.06,-1.0526,3.0155,49519890,277100890.72,9275749442.64,9261755463.36,22727
2016-04-15,'000572,海马汽车,5.7,5.78,5.61,5.66,5.63,0.07,1.2433,3.3977,55796024,317382781.18,9374427628.2,9360284776.8,24262
2016-04-14,'000572,海马汽车,5.63,5.63,5.55,5.6,5.56,0.07,1.259,1.9373,31813072,177906475.85,9259303078.38,9245333911.12,13674
2016-04-13,'000572,海马汽车,5.56,5.69,5.53,5.54,5.5,0.06,1.0909,3.4663,56921874,319351405.94,9144178528.56,9130383045.44,25689
2016-04-12,'000572,海马汽车,5.5,5.55,5.42,5.5,5.51,-0.01,-0.1815,1.835,30133778,164898081.32,9045500343.0,9031853732.0,12822
2016-04-11,'000572,海马汽车,5.51,5.58,5.45,5.45,5.42,0.09,1.6605,2.3739,38982548,215507778.76,9061946707.26,9048275284.24,15983
2016-04-08,'000572,海马汽车,5.42,5.52,5.31,5.52,5.6,-0.18,-3.2143,3.0181,49561124,269394014.46,8913929428.92,8900481314.08,23457
2016-04-07,'000572,海马汽车,5.6,5.8,5.43,5.6,5.57,0.03,0.5386,4.8511,79662392,449390615.87,9209963985.6,9196069254.4,35080
2016-04-06,'000572,海马汽车,5.57,5.71,5.52,5.65,5.68,-0.11,-1.9366,3.5326,58010145,325945056.91,9160624892.82,9146804597.68,24970
2016-04-05,'000572,海马汽车,5.68,5.82,5.49,5.5,5.52,0.16,2.8986,5.1159,84011403,475327636.94,9341534899.68,9327441672.32,29255
2016-04-01,'000572,海马汽车,5.52,5.61,5.4,5.61,5.62,-0.1,-1.7794,2.8915,47482206,260998217.43,9078393071.52,9064696836.48,21107
2016-03-31,'000572,海马汽车,5.62,5.77,5.6,5.69,5.75,-0.13,-2.2609,4.8147,79065359,448567887.24,9242856714.12,9228912358.88,28464
2016-03-30,'000572,海马汽车,5.75,5.82,5.53,5.65,5.59,0.16,2.8623,6.2244,102213533,578411090.35,9456659449.5,9442392538.0,34422
2016-03-29,'000572,海马汽车,5.59,5.82,5.51,5.73,5.85,-0.26,-4.4444,4.6748,76767897,434575174.64,9193517621.34,9179647702.16,29242
2016-03-28,'000572,海马汽车,5.85,6.08,5.76,5.85,5.93,-0.08,-1.3491,7.3069,119991393,705011822.99,9621123092.1,9606608060.4,44453
2016-03-25,'000572,海马汽车,5.93,6.51,5.92,6.2,5.92,0.01,0.1689,14.1958,233116949,1443886045.17,9752694006.18,9737980478.32,79795
2016-03-24,'000572,海马汽车,5.92,5.92,5.7,5.92,5.38,0.54,10.0372,5.4478,89462082,529100617.44,9736247641.92,9721558926.08,13019
2016-03-23,'000572,海马汽车,5.38,5.38,4.86,4.87,4.89,0.49,10.0204,3.2339,53105721,279061483.13,8848143971.88,8834795105.12,11987
2016-03-22,'000572,海马汽车,4.89,4.97,4.88,4.9,4.94,-0.05,-1.0121,1.8125,29763830,146446728.66,8042272123.14,8030139045.36,9211
2016-03-21,'000572,海马汽车,4.94,4.98,4.84,4.87,4.85,0.09,1.8557,2.5274,41503754,203585740.74,8124503944.44,8112246806.56,12369
2016-03-18,'000572,海马汽车,4.85,4.95,4.68,4.68,4.68,0.17,3.6325,2.297,37719820,182043144.29,7976486666.1,7964452836.4,13261
2016-03-17,'000572,海马汽车,4.68,4.68,4.54,4.55,4.54,0.14,3.0837,1.2293,20187785,93623729.89,7696898473.68,7685286448.32,6908
2016-03-16,'000572,海马汽车,4.54,4.64,4.52,4.63,4.61,-0.07,-1.5184,0.7837,12869565,58843922.68,7466649374.04,7455384716.96,4059
2016-03-15,'000572,海马汽车,4.61,4.68,4.57,4.63,4.64,-0.03,-0.6466,0.8201,13467444,62255899.64,7581773923.86,7570335582.64,4573
2016-03-14,'000572,海马汽车,4.64,4.68,4.52,4.52,4.48,0.16,3.5714,0.9946,16333115,75403362.51,7631113016.64,7619600239.36,6015
2016-03-11,'000572,海马汽车,4.48,4.5,4.39,4.45,4.46,0.02,0.4484,0.5126,8417808,37431904.52,7367971188.48,7356855403.52,3654
2016-03-10,'000572,海马汽车,4.46,4.61,4.43,4.55,4.56,-0.1,-2.193,0.6707,11014146,49879848.43,7335078459.96,7324012299.04,3744
2016-03-09,'000572,海马汽车,4.56,4.64,4.52,4.61,4.71,-0.15,-3.1847,0.9149,15023821,68817512.19,7499542102.56,7488227821.44,4696
2016-03-08,'000572,海马汽车,4.71,4.71,4.49,4.69,4.71,0.0,0.0,1.2574,20648658,94917113.83,7746237566.46,7734551105.04,6913
2016-03-07,'000572,海马汽车,4.71,4.76,4.65,4.65,4.63,0.08,1.7279,1.2374,20319343,95596204.27,7746237566.46,7734551105.04,6022
2016-03-04,'000572,海马汽车,4.63,4.78,4.53,4.61,4.63,0.0,0.0,1.9308,31707431,148578949.83,7614666652.38,7603178687.12,11190
2016-03-03,'000572,海马汽车,4.63,4.69,4.57,4.59,4.61,0.02,0.4338,1.2934,21239612,98644160.19,7614666652.38,7603178687.12,7361
2016-03-02,'000572,海马汽车,4.61,4.64,4.38,4.4,4.4,0.21,4.7727,1.4752,24225703,109368714.99,7581773923.86,7570335582.64,8539
2016-03-01,'000572,海马汽车,4.4,4.43,4.23,4.33,4.3,0.1,2.3256,1.151,18901316,82103677.5,7236400274.4,7225482985.6,6638
2016-02-29,'000572,海马汽车,4.3,4.57,4.2,4.54,4.56,-0.26,-5.7018,1.2379,20327608,87449690.02,7071936631.8,7061267463.2,8609
2016-02-26,'000572,海马汽车,4.56,4.61,4.45,4.58,4.5,0.06,1.3333,1.1433,18775413,85429856.36,7499542102.56,7488227821.44,7750
2016-02-25,'000572,海马汽车,4.5,5.01,4.46,5.0,4.95,-0.45,-9.0909,2.5424,41750072,199588806.61,7400863917.0,7389698508.0,15943
2016-02-24,'000572,海马汽车,4.95,4.96,4.68,4.69,4.72,0.23,4.8729,2.3603,38758988,188064563.07,8140950308.7,8128668358.8,12505
2016-02-23,'000572,海马汽车,4.72,4.81,4.68,4.81,4.81,-0.09,-1.8711,1.3042,21417673,101411509.87,7762683930.72,7750972657.28,6612
2016-02-22,'000572,海马汽车,4.81,4.92,4.65,4.68,4.63,0.18,3.8877,1.86,30544341,145719850.18,7910701209.06,7898766627.44,9760
2016-02-19,'000572,海马汽车,4.63,4.67,4.61,4.64,4.65,-0.02,-0.4301,0.8591,14107204,65396964.32,7614666652.38,7603178687.12,4191
2016-02-18,'000572,海马汽车,4.65,4.7,4.6,4.66,4.64,0.01,0.2155,1.2138,19933005,92663188.62,7647559380.9,7636021791.6,5813
2016-02-17,'000572,海马汽车,4.64,4.64,4.54,4.59,4.59,0.05,1.0893,1.1184,18366105,84532263.87,7631113016.64,7619600239.36,6708
2016-02-16,'000572,海马汽车,4.59,4.62,4.44,4.45,4.43,0.16,3.6117,1.0818,17764188,80910342.78,7548881195.34,7537492478.16,6381
2016-02-15,'000572,海马汽车,4.43,4.45,4.26,4.31,4.46,-0.03,-0.6726,0.6503,10678447,46530021.76,7285739367.18,7274747642.32,3739
2016-02-05,'000572,海马汽车,4.46,4.57,4.46,4.53,4.53,-0.07,-1.5453,0.7666,12589008,56794700.37,7335078459.96,7324012299.04,3987
2016-02-04,'000572,海马汽车,4.53,4.55,4.42,4.43,4.42,0.11,2.4887,0.9944,16329619,73406656.01,7450203009.78,7438963164.72,5361
2016-02-03,'000572,海马汽车,4.42,4.43,4.34,4.37,4.42,0.0,0.0,0.6013,9874905,43282521.74,7269293002.92,7258326090.08,3592
2016-02-02,'000572,海马汽车,4.42,4.43,4.29,4.3,4.29,0.13,3.0303,0.7899,12971956,56936761.35,7269293002.92,7258326090.08,4403
2016-02-01,'000572,海马汽车,4.29,4.45,4.15,4.39,4.39,-0.1,-2.2779,0.8677,14249269,61493030.23,7055490267.54,7044845910.96,5037
2016-01-29,'000572,海马汽车,4.39,4.48,4.18,4.18,4.27,0.12,2.8103,0.9517,15628717,67956927.54,7219953910.14,7209061433.36,5599
2016-01-28,'000572,海马汽车,4.27,4.48,4.26,4.43,4.43,-0.16,-3.6117,0.7653,12567375,55160537.63,7022597539.02,7012002806.48,5184
2016-01-27,'000572,海马汽车,4.43,4.59,4.2,4.55,4.51,-0.08,-1.7738,1.1901,19543287,86317560.77,7285739367.18,7274747642.32,7758
2016-01-26,'000572,海马汽车,4.51,5.0,4.49,4.97,4.99,-0.48,-9.6192,1.3344,21912925,104332846.65,7417310281.26,7406120060.24,9151
2016-01-25,'000572,海马汽车,4.99,5.07,4.95,4.98,4.92,0.07,1.4228,0.7176,11784381,58969563.77,8206735765.74,8194354567.76,4972
2016-01-22,'000572,海马汽车,4.92,4.99,4.8,4.94,4.87,0.05,1.0267,0.8597,14117557,69198809.39,8091611215.92,8079403702.08,5314
2016-01-21,'000572,海马汽车,4.87,5.11,4.86,4.92,5.04,-0.17,-3.373,1.1717,19241459,95804559.29,8009379394.62,7997295940.88,6504
2016-01-20,'000572,海马汽车,5.04,5.12,4.98,5.03,5.07,-0.03,-0.5917,1.022,16782069,84726035.45,8288967587.04,8276462328.96,6626
2016-01-19,'000572,海马汽车,5.07,5.09,4.89,4.9,4.91,0.16,3.2587,1.0205,16757572,84004272.26,8338306679.82,8325726985.68,6864
2016-01-18,'000572,海马汽车,4.91,4.98,4.77,4.81,4.86,0.05,1.0288,0.7677,12607013,61759356.61,8075164851.66,8062982149.84,5903
2016-01-15,'000572,海马汽车,4.86,5.14,4.82,5.08,5.13,-0.27,-5.2632,1.2563,20630836,102986633.11,7992933030.36,7980874388.64,9018
2016-01-14,'000572,海马汽车,5.13,5.16,4.81,4.97,5.01,0.12,2.3952,1.359,22317571,111695947.12,8436984865.38,8424256299.12,9136
2016-01-13,'000572,海马汽车,5.01,5.23,5.0,5.15,5.13,-0.12,-2.3392,1.1227,18436772,94551048.19,8239628494.26,8227197672.24,7987
2016-01-12,'000572,海马汽车,5.13,5.19,4.96,5.08,5.01,0.12,2.3952,1.5962,26212850,132965460.16,8436984865.38,8424256299.12,9516
2016-01-11,'000572,海马汽车,5.01,5.34,5.0,5.2,5.35,-0.34,-6.3551,1.7356,28500785,147936887.74,8239628494.26,8227197672.24,11979
2016-01-08,'000572,海马汽车,5.35,5.45,5.03,5.41,5.23,0.12,2.2945,1.9383,31830248,169699021.3,8798804879.1,8785530448.4,12462
2016-01-07,'000572,海马汽车,5.23,5.72,5.22,5.7,5.8,-0.57,-9.8276,0.4961,8146700,44654560.04,8601448507.98,8588471821.52,3005
2016-01-06,'000572,海马汽车,5.8,5.83,5.61,5.64,5.62,0.18,3.2028,1.8457,30309381,173913334.84,9538891270.8,9524500299.2,10800
2016-01-05,'000572,海马汽车,5.62,5.83,5.4,5.55,5.76,-0.14,-2.4306,2.3639,38819449,218720408.91,9242856714.12,9228912358.88,16859
2016-01-04,'000572,海马汽车,5.76,6.4,5.76,6.35,6.4,-0.64,-10.0,2.1568,35418493,215580662.64,9473105813.76,9458814090.24,14345
