日期,股票代码,名称,收盘价,最高价,最低价,开盘价,前收盘,涨跌额,涨跌幅,换手率,成交量,成交金额,总市值,流通市值,成交笔数
2016-10-12,'000987,越秀金控,0.0,0.0,0.0,0.0,14.49,None,None,0.0,0,0.0,32223302684.4,7801954448.4,0
2016-10-11,'000987,越秀金控,0.0,0.0,0.0,0.0,14.49,None,None,0.0,0,0.0,32223302684.4,7801954448.4,0
2016-10-10,'000987,越秀金控,0.0,0.0,0.0,0.0,14.49,None,None,0.0,0,0.0,32223302684.4,7801954448.4,0
2016-09-30,'000987,越秀金控,0.0,0.0,0.0,0.0,14.49,None,None,0.0,0,0.0,32223302684.4,7801954448.4,0
2016-09-29,'000987,越秀金控,0.0,0.0,0.0,0.0,14.49,None,None,0.0,0,0.0,32223302684.4,7801954448.4,0
2016-09-28,'000987,越秀金控,0.0,0.0,0.0,0.0,14.49,None,None,0.0,0,0.0,32223302684.4,7801954448.4,0
2016-09-27,'000987,越秀金控,0.0,0.0,0.0,0.0,14.49,None,None,0.0,0,0.0,32223302684.4,7801954448.4,0
2016-09-26,'000987,越秀金控,0.0,0.0,0.0,0.0,14.49,None,None,0.0,0,0.0,32223302684.4,7801954448.4,0
2016-09-23,'000987,越秀金控,0.0,0.0,0.0,0.0,14.49,None,None,0.0,0,0.0,32223302684.4,7801954448.4,0
2016-09-22,'000987,越秀金控,0.0,0.0,0.0,0.0,14.49,None,None,0.0,0,0.0,32223302684.4,7801954448.4,0
2016-09-21,'000987,越秀金控,0.0,0.0,0.0,0.0,14.49,None,None,0.0,0,0.0,32223302684.4,7801954448.4,0
2016-09-20,'000987,越秀金控,0.0,0.0,0.0,0.0,14.49,None,None,0.0,0,0.0,32223302684.4,7801954448.4,0
2016-09-19,'000987,越秀金控,0.0,0.0,0.0,0.0,14.49,None,None,0.0,0,0.0,32223302684.4,7801954448.4,0
2016-09-14,'000987,越秀金控,0.0,0.0,0.0,0.0,14.49,None,None,0.0,0,0.0,32223302684.4,7801954448.4,0
2016-09-13,'000987,越秀金控,0.0,0.0,0.0,0.0,14.49,None,None,0.0,0,0.0,32223302684.4,7801954448.4,0
2016-09-12,'000987,越秀金控,0.0,0.0,0.0,0.0,14.49,None,None,0.0,0,0.0,32223302684.4,7801954448.4,0
2016-09-09,'000987,越秀金控,0.0,0.0,0.0,0.0,14.49,None,None,0.0,0,0.0,32223302684.4,7801954448.4,0
2016-09-08,'000987,越秀金控,0.0,0.0,0.0,0.0,14.49,None,None,0.0,0,0.0,32223302684.4,7801954448.4,0
2016-09-07,'000987,越秀金控,0.0,0.0,0.0,0.0,14.49,None,None,0.0,0,0.0,32223302684.4,7801954448.4,0
2016-09-06,'000987,越秀金控,0.0,0.0,0.0,0.0,14.49,None,None,0.0,0,0.0,32223302684.4,7801954448.4,0
2016-09-05,'000987,越秀金控,0.0,0.0,0.0,0.0,14.49,None,None,0.0,0,0.0,32223302684.4,7801954448.4,0
2016-09-02,'000987,越秀金控,0.0,0.0,0.0,0.0,14.49,None,None,0.0,0,0.0,32223302684.4,7801954448.4,0
2016-09-01,'000987,越秀金控,0.0,0.0,0.0,0.0,14.49,None,None,0.0,0,0.0,32223302684.4,7801954448.4,0
2016-08-31,'000987,越秀金控,0.0,0.0,0.0,0.0,14.49,None,None,0.0,0,0.0,32223302684.4,7801954448.4,0
2016-08-30,'000987,越秀金控,0.0,0.0,0.0,0.0,14.49,None,None,0.0,0,0.0,32223302684.4,7801954448.4,0
2016-08-29,'000987,越秀金控,0.0,0.0,0.0,0.0,14.49,None,None,0.0,0,0.0,32223302684.4,7801954448.4,0
2016-08-26,'000987,越秀金控,14.49,14.75,14.37,14.43,14.48,0.01,0.0691,1.399,7532824,109962470.67,32223302684.4,7801954448.4,5940
2016-08-25,'000987,越秀金控,14.48,14.48,14.1,14.36,14.45,0.03,0.2076,1.4348,7725716,110545461.78,32201064380.2,7796570076.8,6164
2016-08-24,'000987,越秀金控,14.45,14.72,14.36,14.63,14.58,-0.13,-0.8916,1.4047,7563553,109595181.4,32134349467.8,7780416962.0,5773
2016-08-23,'000987,越秀金控,14.58,14.92,14.4,14.45,14.5,0.08,0.5517,1.7539,9443702,138744157.17,32423447421.5,7850413792.8,7354
2016-08-22,'000987,越秀金控,14.5,14.98,14.48,14.74,14.84,-0.34,-2.2911,1.8475,9947761,146055043.35,32245540988.5,7807338820.0,7929
2016-08-19,'000987,越秀金控,14.84,15.08,14.78,14.8,14.85,-0.01,-0.0673,1.7829,9599600,143027762.71,33001643328.9,7990407454.4,6608
2016-08-18,'000987,越秀金控,14.85,15.2,14.81,15.13,15.26,-0.41,-2.6868,2.962,15948726,238783677.97,33023881633.0,7995791826.0,12826
2016-08-17,'000987,越秀金控,15.26,15.68,15.12,15.4,15.27,-0.01,-0.0655,3.0124,16220093,248412187.92,33935652102.4,8216551061.6,10520
2016-08-16,'000987,越秀金控,15.27,15.69,15.23,15.35,15.5,-0.23,-1.4839,4.7354,25496989,393414501.14,33957890406.5,8221935433.2,22043
2016-08-15,'000987,越秀金控,15.5,15.56,14.5,14.62,14.62,0.88,6.0192,6.2941,33889652,513885929.01,34469371401.5,8345775980.0,22649
2016-08-12,'000987,越秀金控,14.62,14.66,14.1,14.48,14.47,0.15,1.0366,3.3476,18024925,259595474.57,32512400638.1,7871951279.2,11740
2016-08-11,'000987,越秀金控,14.47,14.86,14.21,14.67,14.75,-0.28,-1.8983,4.0545,21831171,316194572.96,32178826076.1,7791185705.2,14510
2016-08-10,'000987,越秀金控,14.75,15.32,14.7,15.06,15.07,-0.32,-2.1234,3.6595,19704144,296056706.56,32801498591.8,7941948110.0,14119
2016-08-09,'000987,越秀金控,15.07,15.15,14.76,15.02,15.11,-0.04,-0.2647,3.5638,19188830,286857272.83,33513124323.9,8114248001.2,13718
2016-08-08,'000987,越秀金控,15.11,15.45,14.69,14.98,15.02,0.09,0.5992,4.8184,25944057,390381521.71,33602077540.4,8135785487.6,19388
2016-08-05,'000987,越秀金控,15.02,15.5,13.97,14.35,14.34,0.68,4.742,7.4018,39854100,590715075.93,33401932803.3,8087326143.2,31284
2016-08-04,'000987,越秀金控,14.34,14.49,13.76,13.89,13.76,0.58,4.2151,4.8733,26239499,371161786.73,31889728122.4,7721188874.4,20203
2016-08-03,'000987,越秀金控,13.76,14.05,13.33,13.47,13.5,0.26,1.9259,4.1365,22272667,307189490.32,30599906482.9,7408895321.6,16394
2016-08-02,'000987,越秀金控,13.5,13.52,12.71,12.8,12.9,0.6,4.6512,2.8986,15607165,206780975.15,30021710575.5,7268901660.0,11168
2016-08-01,'000987,越秀金控,12.9,13.88,12.9,13.7,14.12,-1.22,-8.6402,4.7036,25325701,337830874.21,28687412327.7,6945839364.0,15497
2016-07-29,'000987,广州友谊,14.12,14.28,13.18,13.22,13.36,0.76,5.6886,4.4377,23894303,327362283.29,31400485431.6,7602732699.2,16807
2016-07-28,'000987,广州友谊,13.36,13.65,12.68,12.7,12.73,0.63,4.9489,3.3492,18033152,238994415.98,29710374317.7,7193520457.6,11512
2016-07-27,'000987,广州友谊,12.73,13.29,12.58,13.2,13.21,-0.48,-3.6336,1.8445,9931312,128587387.7,28309361157.5,6854305046.8,5776
2016-07-26,'000987,广州友谊,13.21,13.24,12.85,12.88,12.95,0.26,2.0077,1.1263,6064256,79424313.71,29376799755.7,7112754883.6,4064
2016-07-25,'000987,广州友谊,12.95,12.95,12.69,12.82,12.81,0.14,1.0929,0.7989,4301446,55164223.05,28798603848.3,6972761222.0,3117
2016-07-22,'000987,广州友谊,12.81,13.21,12.8,13.15,13.14,-0.33,-2.5114,0.967,5206593,67400404.7,28487267590.5,6897380019.6,4924
2016-07-21,'000987,广州友谊,13.14,13.29,13.13,13.2,13.2,-0.06,-0.4545,0.9273,4992726,65880419.49,29221131626.8,7075064282.4,3769
2016-07-20,'000987,广州友谊,13.2,13.26,13.12,13.2,13.09,0.11,0.8403,0.7176,3863930,50930352.33,29354561451.6,7107370512.0,3076
2016-07-19,'000987,广州友谊,13.09,13.12,12.92,12.95,12.99,0.1,0.7698,0.5505,2964185,38642735.63,29109940106.2,7048142424.4,2442
2016-07-18,'000987,广州友谊,12.99,13.26,12.92,13.2,13.25,-0.26,-1.9623,0.9531,5131635,67098406.42,28887557064.9,6994298708.4,4275
2016-07-15,'000987,广州友谊,13.25,13.39,13.18,13.37,13.32,-0.07,-0.5255,0.7601,4092615,54237508.32,29465752972.2,7134292370.0,3305
2016-07-14,'000987,广州友谊,13.32,13.4,13.16,13.22,13.24,0.08,0.6042,0.9994,5380924,71494816.98,29621421101.2,7171982971.2,3932
2016-07-13,'000987,广州友谊,13.24,13.45,13.18,13.25,13.22,0.02,0.1513,1.3768,7413307,98387460.22,29443514668.1,7128907998.4,5150
2016-07-12,'000987,广州友谊,13.22,13.24,12.9,13.15,13.03,0.19,1.4582,1.2127,6529442,85617967.19,29399038059.9,7118139255.2,5063
2016-07-11,'000987,广州友谊,13.03,13.38,13.03,13.3,13.1,-0.07,-0.5344,1.3153,7082104,93770115.31,28976510281.4,7015836194.8,4812
2016-07-08,'000987,广州友谊,13.1,13.37,13.1,13.3,13.23,-0.13,-0.9826,1.1967,6443466,84956321.28,29132178410.3,7053526796.0,5350
2016-07-07,'000987,广州友谊,13.23,13.6,13.11,13.13,13.19,0.04,0.3033,1.5567,8381952,111925149.26,29421276364.0,7123523626.8,6332
2016-07-06,'000987,广州友谊,13.19,13.33,13.1,13.23,13.25,-0.06,-0.4528,1.0183,5483022,72337128.2,29332323147.5,7101986140.4,4521
2016-07-05,'000987,广州友谊,13.25,13.5,13.2,13.25,13.31,-0.06,-0.4508,1.4875,8009468,106933300.08,29465752972.2,7134292370.0,6083
2016-07-04,'000987,广州友谊,13.31,13.56,12.61,12.7,12.85,0.46,3.5798,2.5833,13909702,184367482.53,29599182797.0,7166598599.6,9777
2016-07-01,'000987,广州友谊,12.85,13.19,12.71,12.9,12.9,-0.05,-0.3876,1.1181,6020137,77487457.45,28576220807.0,6918917506.0,5164
2016-06-30,'000987,广州友谊,12.9,13.35,12.56,12.56,12.48,0.42,3.3654,2.4644,13269265,172047129.89,28687412327.7,6945839364.0,10040
2016-06-29,'000987,广州友谊,12.48,12.61,12.31,12.39,12.31,0.17,1.381,1.3275,7147638,89233890.72,27753403554.2,6719695756.8,5377
2016-06-28,'000987,广州友谊,12.31,12.35,12.03,12.08,12.15,0.16,1.3169,1.0963,5902999,71910913.91,27375352384.0,6628161439.6,4372
2016-06-27,'000987,广州友谊,12.15,12.24,11.66,11.68,11.98,0.17,1.419,0.8998,4844896,58504137.54,27019539518.0,6542011494.0,3703
2016-06-24,'000987,广州友谊,11.98,12.42,11.51,12.28,12.32,-0.34,-2.7597,1.4191,7641079,92196166.22,26641488347.7,6450477176.8,6000
2016-06-23,'000987,广州友谊,12.32,12.55,12.16,12.47,12.54,-0.22,-1.7544,0.9053,4874325,60139131.37,27397590688.2,6633545811.2,4219
2016-06-22,'000987,广州友谊,12.54,12.6,12.33,12.4,12.3,0.24,1.9512,1.0074,5423948,67647806.34,27886833379.0,6752001986.4,4251
2016-06-21,'000987,广州友谊,12.3,12.66,12.2,12.27,12.15,0.15,1.2346,1.5841,8529346,106154540.24,27353114079.9,6622777068.0,6390
2016-06-20,'000987,广州友谊,12.15,12.48,12.07,12.36,12.37,-0.22,-1.7785,0.7582,4082649,49683058.12,27019539518.0,6542011494.0,3443
2016-06-17,'000987,广州友谊,12.37,12.55,12.15,12.16,12.08,0.29,2.4007,1.3812,7436812,91814926.61,27508782208.8,6660467669.2,5838
2016-06-16,'000987,广州友谊,12.08,12.37,11.97,12.25,12.35,-0.27,-2.1862,1.1045,5946792,72148126.78,26863871389.0,6504320892.8,5872
2016-06-15,'000987,广州友谊,12.35,12.47,11.73,11.86,12.14,0.21,1.7298,1.3059,7031315,86085754.79,27464305600.5,6649698926.0,5925
2016-06-14,'000987,广州友谊,12.14,12.56,12.11,12.36,12.45,-0.31,-2.49,0.9314,5015097,61408399.43,26997301213.8,6536627122.4,5145
2016-06-13,'000987,广州友谊,18.88,19.69,18.75,19.68,19.86,-0.98,-4.9345,1.4425,5177916,99758549.46,27990612137.9,6777129060.16,6358
2016-06-08,'000987,广州友谊,19.86,20.17,19.25,19.6,19.51,0.35,1.794,1.6054,5762666,113454532.44,29443514674.7,7128908005.02,6190
2016-06-07,'000987,广州友谊,19.51,19.97,19.38,19.87,19.92,-0.41,-2.0582,1.494,5362693,105126006.21,28924620911.6,7003272667.57,5682
2016-06-06,'000987,广州友谊,19.92,20.44,19.8,20.44,20.13,-0.21,-1.0432,1.4359,5154208,103117952.79,29532467891.3,7150445491.44,6171
2016-06-03,'000987,广州友谊,20.13,20.26,19.72,19.84,19.53,0.6,3.0722,2.1779,7817814,156799931.19,29843804149.2,7225826693.91,9506
2016-06-02,'000987,广州友谊,19.53,19.62,19.3,19.62,19.45,0.08,0.4113,1.3657,4902149,95400797.87,28954271983.8,7010451829.71,4902
2016-06-01,'000987,广州友谊,19.45,19.74,19.31,19.46,19.47,-0.02,-0.1027,1.7591,6314565,123077362.16,28835667695.0,6981735181.15,6043
2016-05-31,'000987,广州友谊,19.47,19.65,18.3,18.5,18.23,1.24,6.802,2.8231,10133578,194496369.06,28865318767.2,6988914343.29,10117
2016-05-30,'000987,广州友谊,18.23,18.42,18.0,18.2,18.43,-0.2,-1.0852,0.9921,3561282,64846586.91,27026952292.1,6543806290.61,3726
2016-05-27,'000987,广州友谊,18.43,18.82,17.71,17.96,17.99,0.44,2.4458,1.7275,6201051,113730365.81,27323463013.9,6615597912.01,7321
2016-05-26,'000987,广州友谊,17.99,18.03,17.58,17.71,17.95,0.04,0.2228,0.8894,3192648,56913980.11,26671139425.9,6457656344.93,3228
2016-05-25,'000987,广州友谊,17.95,18.25,17.88,18.18,17.89,0.06,0.3354,0.7088,2544180,45889261.95,26611837281.5,6443298020.65,2996
2016-05-24,'000987,广州友谊,17.89,18.24,17.8,18.24,18.2,-0.31,-1.7033,0.8743,3138285,56393139.34,26522884065.0,6421760534.23,3357
2016-05-23,'000987,广州友谊,18.2,18.23,17.9,18.0,17.97,0.23,1.2799,0.9748,3498994,63396135.24,26982475683.8,6533037547.4,3853
2016-05-20,'000987,广州友谊,17.97,18.03,17.45,17.6,17.78,0.19,1.0686,0.7897,2834643,50384616.77,26641488353.7,6450477182.79,3498
2016-05-19,'000987,广州友谊,17.78,18.08,17.68,17.77,17.68,0.1,0.5656,0.8754,3142156,56195038.2,26359803168.0,6382275142.46,4041
2016-05-18,'000987,广州友谊,17.68,18.37,17.36,18.37,18.41,-0.73,-3.9652,1.3164,4725297,84260842.0,26211547807.1,6346379331.76,6035
2016-05-17,'000987,广州友谊,18.41,18.68,18.26,18.6,18.5,-0.09,-0.4865,0.9462,3396594,62639135.9,27293811941.7,6608418749.87,3868
2016-05-16,'000987,广州友谊,18.5,18.5,18.03,18.37,18.36,0.14,0.7625,0.8909,3197953,58678190.01,27427241766.5,6640724979.5,5741
2016-05-13,'000987,广州友谊,18.36,18.74,18.21,18.58,18.59,-0.23,-1.2372,0.84,3015213,55790231.89,27219684261.2,6590470844.52,4864
2016-05-12,'000987,广州友谊,18.59,18.66,17.8,18.4,18.66,-0.07,-0.3751,1.0632,3816292,69592113.01,27560671591.3,6673031209.13,4709
2016-05-11,'000987,广州友谊,18.66,18.95,18.65,18.72,18.65,0.01,0.0536,1.0547,3786023,71143125.01,27664450343.9,6698158276.62,4467
2016-05-10,'000987,广州友谊,18.65,18.77,18.35,18.56,18.6,0.05,0.2688,0.9993,3587128,66722822.19,27649624807.8,6694568695.55,4510
2016-05-09,'000987,广州友谊,18.6,19.75,18.45,19.75,20.0,-1.4,-7.0,2.2723,8156593,154206365.94,27575497127.4,6676620790.2,9703
2016-05-06,'000987,广州友谊,20.0,21.21,20.0,21.08,21.15,-1.15,-5.4374,2.4291,8719320,179504813.88,29651072180.0,7179162140.0,10562
2016-05-05,'000987,广州友谊,21.15,21.16,20.41,20.47,20.53,0.62,3.02,2.0628,7404753,154704439.71,31356008830.3,7591963963.05,8469
2016-05-04,'000987,广州友谊,20.53,20.83,20.48,20.6,20.68,-0.15,-0.7253,1.5383,5521806,114022603.41,30436825592.8,7369409936.71,6450
2016-05-03,'000987,广州友谊,20.68,20.68,19.91,20.1,20.14,0.54,2.6812,1.6449,5904638,120689036.87,30659208634.1,7423253652.76,7230
2016-04-29,'000987,广州友谊,20.14,20.33,20.0,20.0,20.2,-0.06,-0.297,0.8483,3045042,61423141.57,29858629685.3,7229416274.98,3917
2016-04-28,'000987,广州友谊,20.2,20.78,19.92,20.59,20.58,-0.38,-1.8465,1.31,4702266,95268484.06,29947582901.8,7250953761.4,5937
2016-04-27,'000987,广州友谊,20.58,20.81,20.45,20.69,20.5,0.08,0.3902,1.3615,4887382,100752645.39,30510953273.2,7387357842.06,5943
2016-04-26,'000987,广州友谊,20.5,20.68,20.25,20.36,20.32,0.18,0.8858,1.1097,3983279,81418707.07,30392348984.5,7358641193.5,4885
2016-04-25,'000987,广州友谊,20.32,20.5,20.05,20.5,20.69,-0.37,-1.7883,1.1487,4123440,83664229.73,30125489334.9,7294028734.24,5336
2016-04-22,'000987,广州友谊,20.69,20.96,19.66,19.85,20.07,0.62,3.0892,2.0067,7203265,146556921.8,30674034170.2,7426843233.83,9556
2016-04-21,'000987,广州友谊,20.07,20.99,20.0,20.91,20.9,-0.83,-3.9713,2.1271,7635478,156947513.16,29754850932.6,7204289207.49,10237
2016-04-20,'000987,广州友谊,20.9,22.83,20.41,22.7,22.65,-1.75,-7.7263,3.383,12143466,261301572.1,30985370428.1,7502224436.3,16735
2016-04-19,'000987,广州友谊,22.65,22.9,22.01,22.18,22.0,0.65,2.9545,2.712,9734800,219406892.5,33579839243.8,8130401123.55,13371
2016-04-18,'000987,广州友谊,22.0,22.16,21.84,22.01,22.31,-0.31,-1.3895,1.753,6292506,138246785.43,32616179398.0,7897078354.0,8564
2016-04-15,'000987,广州友谊,22.31,22.77,22.22,22.77,22.64,-0.33,-1.4576,1.9677,7063300,158191390.1,33075771016.8,8008355367.17,9614
2016-04-14,'000987,广州友谊,22.64,22.8,22.32,22.69,22.75,-0.11,-0.4835,2.5454,9137088,205992141.53,33565013707.8,8126811542.48,11364
2016-04-13,'000987,广州友谊,22.75,23.16,22.21,22.27,22.19,0.56,2.5237,4.1535,14909376,338581630.79,33728094604.8,8166296934.25,17965
2016-04-12,'000987,广州友谊,22.19,22.39,21.81,22.03,21.92,0.27,1.2318,3.1285,11229988,247941571.43,32897864583.7,7965280394.33,12984
2016-04-11,'000987,广州友谊,21.92,22.58,21.86,22.11,21.82,0.1,0.4583,4.2869,15388024,342245743.17,32497575109.3,7868361705.44,15455
2016-04-08,'000987,广州友谊,21.82,22.7,21.55,22.7,22.87,-1.05,-4.5912,4.6432,16667208,366492785.34,32349319748.4,7832465894.74,18623
2016-04-07,'000987,广州友谊,22.87,24.42,22.85,24.1,24.24,-1.37,-5.6518,6.0964,21883679,514447283.39,33906001037.8,8209371907.09,23904
2016-04-06,'000987,广州友谊,24.24,24.79,24.18,24.7,24.7,-0.46,-1.8623,4.3523,15622820,382261514.27,35937099482.2,8701144513.68,15190
2016-04-05,'000987,广州友谊,24.7,24.81,24.1,24.66,24.91,-0.21,-0.843,5.7953,20802823,510608966.24,36619074142.3,8866265242.9,18393
2016-04-01,'000987,广州友谊,24.91,25.29,24.73,25.23,25.38,-0.47,-1.8519,4.0667,14597844,364869830.76,36930410400.2,8941646445.37,11839
2016-03-31,'000987,广州友谊,25.38,25.7,24.63,25.28,25.18,0.2,0.7943,7.5155,26977353,679506309.33,37627210596.4,9110356755.66,21690
2016-03-30,'000987,广州友谊,25.18,25.35,24.97,25.28,24.9,0.28,1.1245,5.5895,20064118,505165717.88,37330699874.6,9038565134.26,15175
2016-03-29,'000987,广州友谊,24.9,25.5,24.32,25.19,25.14,-0.24,-0.9547,4.1727,14978189,374056630.35,36915584864.1,8938056864.3,14125
2016-03-28,'000987,广州友谊,25.14,25.8,24.88,25.8,25.58,-0.44,-1.7201,5.6997,20459696,518343313.06,37271397730.3,9024206809.98,18003
2016-03-25,'000987,广州友谊,25.58,25.61,24.61,25.04,24.98,0.6,2.4019,7.4183,26628765,671027093.66,37923721318.2,9182148377.06,18725
2016-03-24,'000987,广州友谊,24.98,25.59,24.55,24.73,24.7,0.28,1.1336,7.0751,25396743,637760395.45,8966773512.86,8966773512.86,19199
2016-03-23,'000987,广州友谊,24.7,24.85,24.21,24.45,24.7,0.0,0.0,3.8249,13729663,337242689.52,8866265242.9,8866265242.9,12637
2016-03-22,'000987,广州友谊,24.7,25.16,24.48,24.99,25.44,-0.74,-2.9088,5.4769,19659601,487403468.71,8866265242.9,8866265242.9,18110
2016-03-21,'000987,广州友谊,25.44,25.46,23.69,24.47,23.93,1.51,6.3101,8.3869,30105515,750382538.67,9131894242.08,9131894242.08,23799
2016-03-18,'000987,广州友谊,23.93,24.27,23.59,23.75,23.58,0.35,1.4843,6.3135,22662987,543584616.1,8589867500.51,8589867500.51,20025
2016-03-17,'000987,广州友谊,23.58,23.6,22.32,22.95,22.81,0.77,3.3757,7.0628,25352575,586132602.59,8464232163.06,8464232163.06,20223
2016-03-16,'000987,广州友谊,22.81,23.55,22.61,23.02,22.83,-0.02,-0.0876,5.085,18252920,422464479.29,8187834420.67,8187834420.67,16820
2016-03-15,'000987,广州友谊,22.83,22.95,21.81,22.7,22.78,0.05,0.2195,5.2996,19023314,426854460.78,8195013582.81,8195013582.81,16304
2016-03-14,'000987,广州友谊,22.78,23.38,22.09,22.4,22.08,0.7,3.1703,4.9661,17826310,411111557.23,8177065677.46,8177065677.46,15597
2016-03-11,'000987,广州友谊,22.08,22.27,20.54,22.01,22.47,-0.39,-1.7356,6.0074,21564174,464715801.66,7925795002.56,7925795002.56,19266
2016-03-10,'000987,广州友谊,22.47,23.04,21.96,21.98,21.99,0.48,2.1828,4.1678,14960743,338607951.97,8065788664.29,8065788664.29,15484
2016-03-09,'000987,广州友谊,21.99,23.78,21.96,23.78,24.1,-2.11,-8.7552,4.5722,16412281,374257626.76,7893488772.93,7893488772.93,18877
2016-03-08,'000987,广州友谊,24.1,25.0,23.08,25.0,24.39,-0.29,-1.189,7.4995,26920171,648178023.58,8650890378.7,8650890378.7,24286
2016-03-07,'000987,广州友谊,24.39,24.39,22.15,22.53,22.18,2.21,9.9639,7.7455,27803184,650223679.89,8754988229.73,8754988229.73,22762
2016-03-04,'000987,广州友谊,22.18,23.7,21.42,23.16,23.3,-1.12,-4.8069,5.5421,19893740,447816033.87,7961690813.26,7961690813.26,18604
2016-03-03,'000987,广州友谊,23.3,23.86,23.1,23.43,23.85,-0.55,-2.3061,4.9593,17801864,416958261.64,8363723893.1,8363723893.1,17499
2016-03-02,'000987,广州友谊,23.85,24.07,22.1,22.61,22.83,1.02,4.4678,7.9456,28521517,660354305.32,8561150851.95,8561150851.95,26073
2016-03-01,'000987,广州友谊,22.83,22.98,20.51,20.96,20.89,1.94,9.2867,7.0357,25255302,548614239.27,8195013582.81,8195013582.81,19980
2016-02-29,'000987,广州友谊,20.89,21.7,19.88,21.7,21.5,-0.61,-2.8372,5.4793,19668425,409984762.88,7498634855.23,7498634855.23,14909
2016-02-26,'000987,广州友谊,21.5,21.78,19.51,20.25,19.8,1.7,8.5859,6.1277,21995887,455728762.29,7717599300.5,7717599300.5,15072
2016-02-25,'000987,广州友谊,19.8,21.39,19.1,21.0,20.88,-1.08,-5.1724,4.287,15388591,314659585.03,7107370518.6,7107370518.6,12486
2016-02-24,'000987,广州友谊,20.88,20.92,20.44,20.45,20.6,0.28,1.3592,1.9608,7038332,145968239.79,7495045274.16,7495045274.16,6453
2016-02-23,'000987,广州友谊,20.6,20.96,20.25,20.94,21.0,-0.4,-1.9048,2.5257,9066072,187180351.48,7394537004.2,7394537004.2,7060
2016-02-22,'000987,广州友谊,21.0,21.05,20.22,20.58,20.4,0.6,2.9412,3.1835,11427522,237532891.96,7538120247.0,7538120247.0,8510
2016-02-19,'000987,广州友谊,20.4,20.9,20.1,20.78,20.68,-0.28,-1.354,2.6705,9585914,196487167.11,7322745382.8,7322745382.8,7892
2016-02-18,'000987,广州友谊,20.68,20.88,19.77,19.86,19.8,0.88,4.4444,4.0455,14521531,295058509.15,7423253652.76,7423253652.76,10287
2016-02-17,'000987,广州友谊,19.8,19.85,19.39,19.78,19.73,0.07,0.3548,2.2535,8088995,159324637.79,7107370518.6,7107370518.6,6135
2016-02-16,'000987,广州友谊,19.73,19.88,19.2,19.4,19.11,0.62,3.2444,2.3111,8295918,163016803.31,7082243451.11,7082243451.11,6052
2016-02-15,'000987,广州友谊,19.11,19.25,18.18,18.55,19.5,-0.39,-2.0,1.6865,6053901,113928491.14,6859689424.77,6859689424.77,4111
2016-02-05,'000987,广州友谊,19.5,20.19,18.8,20.07,20.0,-0.5,-2.5,2.2402,8041366,157831313.63,6999683086.5,6999683086.5,5742
2016-02-04,'000987,广州友谊,20.0,20.17,19.6,19.78,19.65,0.35,1.7812,3.0122,10812370,215246171.43,7179162140.0,7179162140.0,6825
2016-02-03,'000987,广州友谊,19.65,19.71,19.1,19.31,19.59,0.06,0.3063,2.3458,8420275,163538514.06,7053526802.55,7053526802.55,5409
2016-02-02,'000987,广州友谊,19.59,19.6,18.46,18.65,18.6,0.99,5.3226,2.9988,10764304,206706778.21,7031989316.13,7031989316.13,6854
2016-02-01,'000987,广州友谊,18.6,19.1,17.9,19.1,18.6,0.0,0.0,2.2376,8031968,147847872.51,6676620790.2,6676620790.2,5335
2016-01-29,'000987,广州友谊,18.6,18.73,17.4,17.49,17.49,1.11,6.3465,2.5692,9222460,166552620.76,6676620790.2,6676620790.2,6562
2016-01-28,'000987,广州友谊,17.49,17.8,16.82,17.18,17.24,0.25,1.4501,2.9399,10552904,184117949.42,6278177291.43,6278177291.43,6274
2016-01-27,'000987,广州友谊,17.24,17.59,16.18,17.52,17.49,-0.25,-1.4294,1.4527,5214501,87792514.72,6188437764.68,6188437764.68,4527
2016-01-26,'000987,广州友谊,17.49,19.36,17.49,19.25,19.43,-1.94,-9.9846,1.5683,5629426,102617550.46,6278177291.43,6278177291.43,5767
2016-01-25,'000987,广州友谊,19.43,19.85,19.0,19.0,19.54,-0.11,-0.5629,1.2092,4340393,84739973.58,6974556019.01,6974556019.01,4081
2016-01-22,'000987,广州友谊,19.54,20.45,17.82,18.8,18.6,0.94,5.0538,2.4611,8834472,171206171.05,7014041410.78,7014041410.78,6744
2016-01-21,'000987,广州友谊,18.6,19.53,18.56,19.4,19.51,-0.91,-4.6643,1.4898,5347708,101574833.75,6676620790.2,6676620790.2,4446
2016-01-20,'000987,广州友谊,19.51,20.4,19.02,19.03,19.06,0.45,2.361,2.5224,9054297,178521962.55,7003272667.57,7003272667.57,7446
2016-01-19,'000987,广州友谊,19.06,19.23,17.86,18.03,18.02,1.04,5.7714,1.5605,5601501,104072603.55,6841741519.42,6841741519.42,4524
2016-01-18,'000987,广州友谊,18.02,18.3,17.03,17.28,17.8,0.22,1.236,1.1253,4039531,72688828.8,6468425088.14,6468425088.14,3466
2016-01-15,'000987,广州友谊,17.8,18.31,17.59,18.0,18.32,-0.52,-2.8384,1.2514,4491896,80401065.79,6389454304.6,6389454304.6,3533
2016-01-14,'000987,广州友谊,18.32,18.45,16.9,17.02,17.75,0.57,3.2113,1.2219,4386263,77654855.02,6576112520.24,6576112520.24,4388
2016-01-13,'000987,广州友谊,17.75,18.84,17.75,18.48,18.34,-0.59,-3.217,1.2918,4636851,85426692.84,6371506399.25,6371506399.25,4589
2016-01-12,'000987,广州友谊,18.34,18.66,17.77,18.32,18.32,0.02,0.1092,1.2639,4536961,82765917.48,6583291682.38,6583291682.38,4328
2016-01-11,'000987,广州友谊,18.32,20.0,18.32,19.9,20.36,-2.04,-10.0196,2.0349,7304497,139998543.74,6576112520.24,6576112520.24,5605
2016-01-08,'000987,广州友谊,20.36,21.48,18.8,21.25,20.82,-0.46,-2.2094,2.0032,7190511,146813006.68,7308387058.52,7308387058.52,6736
2016-01-07,'000987,广州友谊,20.82,22.6,20.82,22.6,23.13,-2.31,-9.987,0.3878,1392000,29830224.31,7473507787.74,7473507787.74,1349
2016-01-06,'000987,广州友谊,23.13,23.3,22.5,23.08,23.0,0.13,0.5652,1.3269,4762943,109540824.95,8302701014.91,8302701014.91,4886
2016-01-05,'000987,广州友谊,23.0,24.77,21.3,22.6,23.58,-0.58,-2.4597,2.8852,10356578,238333605.13,8256036461.0,8256036461.0,7102
2016-01-04,'000987,广州友谊,23.58,26.2,23.57,26.2,26.19,-2.61,-9.9656,1.5067,5408446,132131630.56,8464232163.06,8464232163.06,5812
