日期,股票代码,名称,收盘价,最高价,最低价,开盘价,前收盘,涨跌额,涨跌幅,换手率,成交量,成交金额,总市值,流通市值,成交笔数
2016-10-12,'002581,未名医药,26.33,26.56,26.17,26.56,26.58,-0.25,-0.9406,1.0554,3241908,85215416.27,17370837979.4,8087918671.55,3352
2016-10-11,'002581,未名医药,26.58,26.98,25.56,25.59,25.58,1.0,3.9093,2.5579,7857144,207447833.57,17535771875.9,8164712430.3,6978
2016-10-10,'002581,未名医药,25.58,25.68,25.3,25.33,25.33,0.25,0.987,1.2544,3853283,98130655.9,16876036289.9,7857537395.3,3779
2016-09-30,'002581,未名医药,25.33,25.37,24.88,25.36,25.41,-0.08,-0.3148,1.4673,4507206,113421486.67,16711102393.4,7780743636.55,4512
2016-09-29,'002581,未名医药,25.41,25.78,25.26,25.78,25.78,-0.37,-1.4352,0.799,2454252,62513797.15,16763881240.3,7805317639.35,2166
2016-09-28,'002581,未名医药,25.78,25.84,25.46,25.83,25.77,0.01,0.0388,0.6325,1780682,45604829.64,17007983407.1,7257791840.0,1660
2016-09-27,'002581,未名医药,25.77,25.97,25.5,25.7,25.75,0.02,0.0777,0.8551,2407486,61806485.08,17001386051.2,7254976560.0,2150
2016-09-26,'002581,未名医药,25.75,26.34,25.26,25.39,25.48,0.27,1.0597,1.7756,4998898,129353573.23,16988191339.5,7249346000.0,4386
2016-09-23,'002581,未名医药,25.48,25.55,25.16,25.49,25.5,-0.02,-0.0784,0.9124,2568701,65064382.33,16810062731.3,7173333440.0,2028
2016-09-22,'002581,未名医药,25.5,25.78,25.2,25.5,25.53,-0.03,-0.1175,0.9571,2694601,68539170.88,16823257443.0,7178964000.0,2669
2016-09-21,'002581,未名医药,25.53,25.7,25.25,25.25,25.21,0.32,1.2693,1.1118,3130007,79888014.53,16843049510.6,7187409840.0,2404
2016-09-20,'002581,未名医药,25.21,26.16,25.1,26.16,26.2,-0.99,-3.7786,1.5242,4291187,109453253.07,16631934123.1,7097320880.0,3829
2016-09-19,'002581,未名医药,26.2,26.27,25.9,26.23,26.28,-0.08,-0.3044,0.9857,2775056,72466583.23,17285072353.2,7376033600.0,2971
2016-09-14,'002581,未名医药,26.28,26.3,25.86,25.87,26.1,0.18,0.6897,0.9352,2632931,68785607.15,17337851200.1,7398555840.0,2773
2016-09-13,'002581,未名医药,26.1,26.27,25.72,26.23,26.22,-0.12,-0.4577,0.8691,2446847,63469379.31,17219098794.6,7347880800.0,2974
2016-09-12,'002581,未名医药,26.22,26.3,25.38,25.8,26.04,0.18,0.6912,1.5274,4300185,111735718.43,17298267064.9,7381664160.0,3948
2016-09-09,'002581,未名医药,26.04,26.1,25.58,25.75,25.75,0.29,1.1262,1.0671,3004175,77837630.13,17179514659.4,7330989120.0,3444
2016-09-08,'002581,未名医药,25.75,25.97,25.56,25.9,25.97,-0.22,-0.8471,0.6642,1869911,48081518.36,16988191339.5,7249346000.0,2280
2016-09-07,'002581,未名医药,25.97,25.97,25.5,25.6,25.59,0.38,1.485,1.6014,4508274,116250784.36,17133333168.4,7311282160.0,4415
2016-09-06,'002581,未名医药,25.59,25.64,24.81,24.98,24.88,0.71,2.8537,1.4811,4169609,105323336.28,16882633645.7,7204301520.0,4431
2016-09-05,'002581,未名医药,24.88,25.32,24.78,25.15,25.15,-0.27,-1.0736,1.5785,4443888,111386744.27,16414221379.7,7004416640.0,4587
2016-09-02,'002581,未名医药,25.15,25.87,24.98,25.75,26.1,-0.95,-3.6398,2.0454,5758456,145587507.09,16592349987.9,7080429200.0,6481
2016-09-01,'002581,未名医药,26.1,26.98,26.1,26.85,26.81,-0.71,-2.6483,1.3986,3937505,104118995.8,17219098794.6,7347880800.0,4628
2016-08-31,'002581,未名医药,26.81,27.06,26.58,26.94,26.94,-0.13,-0.4826,0.5273,1484461,39773366.22,17687511060.7,7547765680.0,1786
2016-08-30,'002581,未名医药,26.94,27.03,26.78,26.78,26.72,0.22,0.8234,0.5699,1604303,43154995.64,17773276686.8,7584364320.0,1758
2016-08-29,'002581,未名医药,26.72,27.27,26.64,26.64,26.64,0.08,0.3003,1.0578,2978083,80113414.12,17628134857.9,7522428160.0,3147
2016-08-26,'002581,未名医药,26.64,27.1,26.56,27.0,26.77,-0.13,-0.4856,1.0295,2898300,77977702.17,17575356011.0,7499905920.0,3403
2016-08-25,'002581,未名医药,26.77,26.98,26.4,26.98,27.09,-0.32,-1.1812,0.9508,2676801,71468166.93,17661121637.2,7536504560.0,3206
2016-08-24,'002581,未名医药,27.09,27.87,27.01,27.62,27.65,-0.56,-2.0253,1.4209,4000358,109230716.92,17872237024.7,7626593520.0,3574
2016-08-23,'002581,未名医药,27.65,27.94,27.5,27.65,27.65,0.0,0.0,0.7435,2093176,57985745.08,18241688952.9,7784249200.0,2514
2016-08-22,'002581,未名医药,27.65,28.64,27.6,28.46,28.36,-0.71,-2.5035,0.9335,2628045,73701580.63,18241688952.9,7784249200.0,3696
2016-08-19,'002581,未名医药,28.36,28.58,27.48,27.85,27.83,0.53,1.9044,1.0626,2991482,83498471.49,18710101219.0,7984134080.0,3256
2016-08-18,'002581,未名医药,27.83,28.16,27.72,27.72,27.79,0.04,0.1439,0.6451,1816089,50651101.77,18360441358.4,7834924240.0,2448
2016-08-17,'002581,未名医药,27.79,28.15,27.67,27.8,27.71,0.08,0.2887,0.7287,2051596,57117819.91,18334051934.9,7823663120.0,2065
2016-08-16,'002581,未名医药,27.71,28.08,27.66,28.01,28.0,-0.29,-1.0357,1.0376,2921265,81085646.98,18281273088.1,7801140880.0,2908
2016-08-15,'002581,未名医药,28.0,28.06,26.74,26.8,26.92,1.08,4.0119,1.4095,3968099,109272574.11,18472596408.0,7882784000.0,3826
2016-08-12,'002581,未名医药,26.92,27.07,26.48,26.99,26.79,0.13,0.4853,0.5696,1603596,42962732.49,17760081975.1,7578733760.0,1926
2016-08-11,'002581,未名医药,26.79,27.44,26.64,27.44,27.48,-0.69,-2.5109,0.6752,1900799,51220259.26,17674316348.9,7542135120.0,2496
2016-08-10,'002581,未名医药,27.48,27.75,27.2,27.2,27.25,0.23,0.844,0.8355,2352145,64790314.48,18129533903.3,7736389440.0,2539
2016-08-09,'002581,未名医药,27.25,27.35,26.86,26.86,27.04,0.21,0.7766,0.9117,2566792,69747121.53,17977794718.5,7671638000.0,2378
2016-08-08,'002581,未名医药,27.04,27.04,25.97,26.87,26.88,0.16,0.5952,1.3031,3668681,96888482.05,17839250245.4,7612517120.0,3703
2016-08-05,'002581,未名医药,26.88,27.68,26.79,27.51,27.57,-0.69,-2.5027,1.4095,3968056,107890403.42,17733692551.7,7567472640.0,3530
2016-08-04,'002581,未名医药,27.57,27.93,27.35,27.81,27.88,-0.31,-1.1119,0.7875,2216995,61092369.76,18188910106.0,7761726960.0,2473
2016-08-03,'002581,未名医药,27.88,28.12,27.7,28.12,27.89,-0.01,-0.0359,0.4139,1165345,32520633.53,18393428137.7,7849000640.0,1290
2016-08-02,'002581,未名医药,27.89,28.18,27.39,27.5,27.55,0.34,1.2341,0.5325,1499186,41757694.97,18400025493.5,7851815920.0,1795
2016-08-01,'002581,未名医药,27.55,27.92,27.0,27.59,27.53,0.02,0.0726,0.5654,1591680,43438446.09,18175715394.3,7756096400.0,2007
2016-07-29,'002581,未名医药,27.53,28.2,27.45,28.0,27.91,-0.38,-1.3615,0.5857,1648831,45816258.88,18162520682.6,7750465840.0,1907
2016-07-28,'002581,未名医药,27.91,28.42,27.5,28.22,28.2,-0.29,-1.0284,0.8347,2349900,65873365.8,18413220205.3,7857446480.0,2591
2016-07-27,'002581,未名医药,28.2,29.94,28.0,29.85,29.56,-1.36,-4.6008,1.5597,4390891,127643308.53,18604543525.2,7939089600.0,4258
2016-07-26,'002581,未名医药,29.56,29.56,29.15,29.18,29.1,0.46,1.5808,0.619,1742778,51251796.09,19501783922.2,8321967680.0,1928
2016-07-25,'002581,未名医药,29.1,29.56,28.91,29.11,29.25,-0.15,-0.5128,0.7129,2006948,58619045.91,19198305552.6,8192464800.0,2205
2016-07-22,'002581,未名医药,29.25,29.6,28.81,29.6,29.66,-0.41,-1.3823,1.2506,3520886,102563003.32,19297265890.5,8234694000.0,3948
2016-07-21,'002581,未名医药,29.66,30.2,29.61,29.65,29.66,0.0,0.0,0.7835,2205762,65813502.46,19567757480.8,8350120480.0,2498
2016-07-20,'002581,未名医药,29.66,30.47,29.65,30.3,30.29,-0.63,-2.0799,1.0617,2988947,89318237.64,19567757480.8,8350120480.0,3187
2016-07-19,'002581,未名医药,30.29,30.78,29.9,30.36,30.34,-0.05,-0.1648,0.913,2570216,77452136.01,19983390899.9,8527483120.0,2869
2016-07-18,'002581,未名医药,30.34,31.31,29.72,30.0,30.07,0.27,0.8979,1.6187,4557099,140244174.64,20016377679.2,8541559520.0,5431
2016-07-15,'002581,未名医药,30.07,30.15,29.09,29.33,29.43,0.64,2.1747,1.2222,3440770,102380136.74,19838249071.0,8465546960.0,3750
2016-07-14,'002581,未名医药,29.43,29.95,29.2,29.95,29.95,-0.52,-1.7362,1.0751,3026740,89267827.72,19416018296.0,8285369040.0,3762
2016-07-13,'002581,未名医药,29.95,30.35,29.18,29.18,29.18,0.77,2.6388,2.065,5813491,173354441.94,19759080800.7,8431763600.0,6658
2016-07-12,'002581,未名医药,29.18,29.5,28.38,28.45,28.51,0.67,2.3501,1.2743,3587455,104409523.22,19251084399.5,8214987040.0,3698
2016-07-11,'002581,未名医药,28.51,29.2,28.5,28.98,28.88,-0.37,-1.2812,0.7426,2090659,60226507.11,18809061556.9,8026363280.0,2930
2016-07-08,'002581,未名医药,28.88,29.22,28.8,29.2,29.27,-0.39,-1.3324,0.8302,2337284,67697580.96,19053163723.7,8130528640.0,2549
2016-07-07,'002581,未名医药,29.27,29.46,28.56,28.7,28.75,0.52,1.8087,1.676,4718452,136891858.38,19310460602.2,8240324560.0,4958
2016-07-06,'002581,未名医药,28.75,28.9,27.75,27.83,27.96,0.79,2.8255,1.5414,4339453,123892673.07,18967398097.5,8093930000.0,4374
2016-07-05,'002581,未名医药,27.96,28.22,27.82,28.05,28.03,-0.07,-0.2497,1.1136,3135201,87831608.75,18446206984.6,7871522880.0,3011
2016-07-04,'002581,未名医药,28.03,28.25,27.3,27.5,27.49,0.54,1.9644,1.4109,3972152,110978026.2,18492388475.6,7891229840.0,3913
2016-07-01,'002581,未名医药,27.49,28.0,27.16,27.3,27.25,0.24,0.8807,1.2007,3380340,93476911.93,18136131259.1,7739204720.0,3397
2016-06-30,'002581,未名医药,27.25,27.54,27.2,27.37,27.36,-0.11,-0.402,0.7934,2233693,61056415.4,17977794718.5,7671638000.0,2175
2016-06-29,'002581,未名医药,27.36,27.83,27.21,27.56,27.5,-0.14,-0.5091,0.8437,2375299,65051757.79,18050365633.0,7702606080.0,2459
2016-06-28,'002581,未名医药,27.5,27.58,26.7,26.95,27.04,0.46,1.7012,1.0893,3066632,84014968.5,18142728615.0,7742020000.0,3367
2016-06-27,'002581,未名医药,27.04,27.14,26.21,26.26,26.5,0.54,2.0377,0.8654,2436446,65716137.06,17839250245.4,7612517120.0,2229
2016-06-24,'002581,未名医药,26.5,27.53,25.95,27.29,27.5,-1.0,-3.6364,1.222,3440270,92221734.36,17482993029.0,7460492000.0,3689
2016-06-23,'002581,未名医药,27.5,27.71,27.0,27.56,27.74,-0.24,-0.8652,0.9353,2633078,72080017.1,18142728615.0,7742020000.0,3007
2016-06-22,'002581,未名医药,27.74,27.9,26.72,26.94,27.1,0.64,2.3616,1.5515,4368001,119869953.29,18301065155.6,7809586720.0,4366
2016-06-21,'002581,未名医药,27.1,28.0,26.62,28.0,27.81,-0.71,-2.553,1.3097,3687100,100630096.1,17878834380.6,7629408800.0,5131
2016-06-20,'002581,未名医药,27.86,27.87,26.3,26.93,27.03,0.83,3.0707,1.9468,5480703,148643069.3,18380233426.0,7843370080.0,6183
2016-06-17,'002581,未名医药,27.03,27.49,25.63,25.7,25.63,1.4,5.4623,1.8183,5119083,135895718.29,17832652889.6,7609701840.0,5829
2016-06-16,'002581,未名医药,25.63,26.19,25.49,26.0,26.13,-0.5,-1.9135,0.8756,2465164,63480078.38,16909023069.2,7215562640.0,2878
2016-06-15,'002581,未名医药,26.13,26.22,25.35,25.45,25.4,0.73,2.874,1.0408,2930068,76014239.59,17238890862.2,7356326640.0,3230
2016-06-14,'002581,未名医药,25.4,25.64,25.03,25.21,25.18,0.22,0.8737,0.7734,2177210,55199612.76,16757283884.4,7150811200.0,2443
2016-06-13,'002581,未名医药,25.18,25.99,25.08,25.88,25.88,-0.7,-2.7048,1.1355,3196859,81857529.34,16612142055.5,7088875040.0,3510
2016-06-08,'002581,未名医药,25.88,26.37,25.65,26.37,26.38,-0.5,-1.8954,1.1091,3122473,80918498.06,17073956965.7,7285944640.0,3693
2016-06-07,'002581,未名医药,26.38,26.68,25.4,25.4,25.16,1.22,4.849,1.9635,5527789,144265668.16,17403824758.7,7426708640.0,6442
2016-06-06,'002581,未名医药,25.16,25.59,25.07,25.51,25.59,-0.43,-1.6803,0.6943,1954668,49471672.98,16598947343.8,7083244480.0,2320
2016-06-03,'002581,未名医药,25.59,25.81,25.08,25.25,25.19,0.4,1.5879,0.8709,2451923,62247984.88,16882633645.7,7204301520.0,2693
2016-06-02,'002581,未名医药,25.19,25.39,25.0,25.13,25.13,0.06,0.2388,0.6334,1783244,44975015.3,16618739411.3,7091690320.0,2012
2016-06-01,'002581,未名医药,25.13,25.43,25.12,25.33,25.3,-0.17,-0.6719,0.8585,2416905,61005821.0,16579155276.2,7074798640.0,2689
2016-05-31,'002581,未名医药,25.3,25.38,24.3,24.3,24.24,1.06,4.3729,0.8837,2487853,62290075.79,16691310325.8,7122658400.0,3091
2016-05-30,'002581,未名医药,24.24,24.38,24.05,24.1,24.19,0.05,0.2067,0.4299,1210316,29375682.4,15991990604.6,6824238720.0,1565
2016-05-27,'002581,未名医药,24.19,24.38,24.04,24.21,24.32,-0.13,-0.5345,0.4576,1288240,31260239.4,15959003825.3,6810162320.0,1395
2016-05-26,'002581,未名医药,24.32,24.39,23.81,24.35,24.4,-0.08,-0.3279,0.5312,1495501,36040714.3,16044769451.5,6846760960.0,1873
2016-05-25,'002581,未名医药,24.4,24.56,24.03,24.55,24.27,0.13,0.5356,0.5348,1505709,36651391.63,16097548298.4,6869283200.0,1872
2016-05-24,'002581,未名医药,24.27,24.59,24.19,24.56,24.57,-0.3,-1.221,0.418,1176802,28582260.42,16011782672.2,6832684560.0,1624
2016-05-23,'002581,未名医药,24.57,24.69,24.5,24.53,24.2,0.37,1.5289,0.487,1370944,33722857.93,16209703348.0,6917142960.0,1811
2016-05-20,'002581,未名医药,24.2,24.3,23.85,24.0,24.09,0.11,0.4566,0.3542,997125,24075969.5,15965601181.2,6812977600.0,1237
2016-05-19,'002581,未名医药,24.09,24.41,23.8,23.8,23.91,0.18,0.7528,0.6721,1892230,45866420.01,15893030266.7,6782009520.0,1972
2016-05-18,'002581,未名医药,23.91,24.62,23.8,24.6,24.81,-0.9,-3.6276,0.6555,1845284,44480108.62,15774277861.3,6731334480.0,2348
2016-05-17,'002581,未名医药,24.81,25.08,24.28,24.73,24.81,0.0,0.0,0.7421,2089349,51503323.59,16368039888.7,6984709680.0,2483
2016-05-16,'002581,未名医药,24.81,24.9,24.08,24.36,24.38,0.43,1.7637,0.697,1962374,48394900.66,16368039888.7,6984709680.0,2436
2016-05-13,'002581,未名医药,24.38,24.83,24.08,24.41,24.41,-0.03,-0.1229,0.4771,1343266,32881269.93,16084353586.7,6863652640.0,1627
2016-05-12,'002581,未名医药,24.41,24.69,24.01,24.69,24.86,-0.45,-1.8101,0.7597,2138701,51933053.63,16104145654.3,6872098480.0,2274
2016-05-11,'002581,未名医药,24.86,25.38,24.73,25.01,24.97,-0.11,-0.4405,0.6705,1887776,47331838.31,16401026668.0,6998786080.0,2238
2016-05-10,'002581,未名医药,24.97,25.3,24.84,25.0,25.03,-0.06,-0.2397,0.6454,1817090,45465679.36,16473597582.4,7029754160.0,2061
2016-05-09,'002581,未名医药,25.03,26.44,24.92,26.44,26.6,-1.57,-5.9023,1.4138,3980252,101453350.88,16513181717.6,7046645840.0,4477
2016-05-06,'002581,未名医药,26.6,27.88,26.5,27.63,27.78,-1.18,-4.2477,1.3414,3776337,102170928.63,17548966587.6,7488644800.0,4424
2016-05-05,'002581,未名医药,27.78,27.88,27.4,27.78,27.76,0.02,0.072,0.9237,2600372,71810247.42,18327454579.1,7820847840.0,3010
2016-05-04,'002581,未名医药,27.76,28.12,27.3,27.39,27.55,0.21,0.7623,1.5316,4311878,120208768.36,18314259867.4,7815217280.0,4578
2016-05-03,'002581,未名医药,27.55,27.61,26.43,27.18,26.95,0.6,2.2263,1.1076,3118270,85053098.79,18175715394.3,7756096400.0,3360
2016-04-29,'002581,未名医药,26.95,27.2,26.6,26.83,26.88,0.07,0.2604,0.768,2162217,58417800.76,17779874042.7,7587179600.0,2139
2016-04-28,'002581,未名医药,26.88,27.25,26.21,26.88,26.55,0.33,1.2429,0.7631,2148426,57587927.88,17733692551.7,7567472640.0,2731
2016-04-27,'002581,未名医药,26.55,27.2,26.53,27.0,26.95,-0.4,-1.4842,0.5692,1602453,42996992.04,17515979808.3,7474568400.0,2121
2016-04-26,'002581,未名医药,26.95,27.32,26.58,27.11,26.98,-0.03,-0.1112,0.8661,2438253,65862841.47,17779874042.7,7587179600.0,2520
2016-04-25,'002581,未名医药,26.98,27.37,25.8,26.14,26.14,0.84,3.2135,1.3487,3796883,101704520.22,17799666110.3,7595625440.0,4012
2016-04-22,'002581,未名医药,26.14,26.15,25.3,25.56,25.65,0.49,1.9103,0.5849,1646601,42533842.49,17245488218.0,7359141920.0,2038
2016-04-21,'002581,未名医药,25.65,26.28,25.43,25.77,25.76,-0.11,-0.427,0.8593,2419187,62589427.12,16922217780.9,7221193200.0,3151
2016-04-20,'002581,未名医药,25.76,28.0,25.24,27.88,27.77,-2.01,-7.238,1.8499,5208118,137253906.14,16994788695.4,7252161280.0,5628
2016-04-19,'002581,未名医药,27.77,28.18,27.55,27.8,27.75,0.02,0.0721,0.8248,2322037,64481639.67,18320857223.2,7818032560.0,2573
2016-04-18,'002581,未名医药,27.75,28.25,27.55,28.25,28.02,-0.27,-0.9636,0.872,2454871,68279615.81,18307662511.5,7812402000.0,2711
2016-04-15,'002581,未名医药,28.02,28.25,27.83,28.25,28.15,-0.13,-0.4618,0.9478,2668446,74690161.74,18485791119.7,7888414560.0,2522
2016-04-14,'002581,未名医药,28.15,28.18,27.79,27.9,27.81,0.34,1.2226,1.0707,3014341,84325625.43,18571556745.9,7925013200.0,3018
2016-04-13,'002581,未名医药,27.81,28.24,27.6,27.83,27.55,0.26,0.9437,1.3918,3918283,109848989.37,18347246646.7,7829293680.0,4236
2016-04-12,'002581,未名医药,27.55,28.35,27.25,28.1,28.05,-0.5,-1.7825,1.2826,3610790,99885304.14,18175715394.3,7756096400.0,3869
2016-04-11,'002581,未名医药,28.05,28.27,27.4,27.5,27.2,0.85,3.125,1.2039,3389406,94486733.02,18505583187.3,7896860400.0,4171
2016-04-08,'002581,未名医药,27.2,27.63,26.82,27.6,27.64,-0.44,-1.5919,1.2443,3502919,94827298.52,17944807939.2,7657561600.0,4137
2016-04-07,'002581,未名医药,27.64,28.8,27.6,28.75,28.75,-1.11,-3.8609,1.7065,4804271,135152829.64,18235091597.0,7781433920.0,5601
2016-04-06,'002581,未名医药,28.75,29.19,28.43,28.57,28.97,-0.22,-0.7594,1.7856,5027071,144424997.33,18967398097.5,8093930000.0,5676
2016-04-05,'002581,未名医药,28.97,29.89,28.07,28.07,28.01,0.96,3.4273,3.0638,8625457,251448699.79,19112539926.4,8155866160.0,8925
2016-04-01,'002581,未名医药,28.01,28.6,27.0,27.35,27.65,0.36,1.302,2.4513,6900971,191302194.36,18479193763.9,7885599280.0,7346
2016-03-31,'002581,未名医药,27.65,27.94,26.7,27.08,26.9,0.75,2.7881,2.4639,6936697,189841415.91,18241688952.9,7784249200.0,6811
2016-03-30,'002581,未名医药,26.9,27.04,26.11,26.11,25.98,0.92,3.5412,1.2342,3474488,92288146.22,17746887263.4,7573103200.0,3457
2016-03-29,'002581,未名医药,25.98,26.64,25.75,26.51,26.51,-0.53,-1.9992,1.0161,2860705,74849980.55,17139930524.3,7314097440.0,3270
2016-03-28,'002581,未名医药,26.51,27.24,26.17,26.17,26.16,0.35,1.3379,1.5858,4464564,119706140.11,17489590384.9,7463307280.0,4844
2016-03-25,'002581,未名医药,26.16,26.4,25.7,26.06,26.17,-0.01,-0.0382,0.9419,2651690,69022454.55,17258682929.8,7364772480.0,3028
2016-03-24,'002581,未名医药,26.17,26.98,26.16,26.79,26.98,-0.81,-3.0022,1.5372,4327537,114740730.84,17265280285.6,7367587760.0,4252
2016-03-23,'002581,未名医药,26.98,27.1,26.62,26.72,26.81,0.17,0.6341,1.1557,3253746,87390685.08,17799666110.3,7595625440.0,3429
2016-03-22,'002581,未名医药,26.81,27.27,26.67,26.99,27.01,-0.2,-0.7405,1.4235,4007468,108038281.79,17687511060.7,7547765680.0,4043
2016-03-21,'002581,未名医药,27.01,27.15,26.6,26.82,26.6,0.41,1.5414,1.9285,5429314,145872299.03,17819458177.9,7604071280.0,5197
2016-03-18,'002581,未名医药,26.6,26.94,25.82,25.82,25.83,0.77,2.981,1.8868,5311986,140591484.9,17548966587.6,7488644800.0,5585
2016-03-17,'002581,未名医药,25.83,25.98,25.0,25.16,25.18,0.65,2.5814,1.6146,4545452,116572791.78,17040970186.4,7271868240.0,4499
2016-03-16,'002581,未名医药,25.18,25.94,25.17,25.65,25.44,-0.26,-1.022,1.0402,2928413,74748547.41,16612142055.5,7088875040.0,3151
2016-03-15,'002581,未名医药,25.44,25.79,25.03,25.2,25.27,0.17,0.6727,1.2437,3501430,89315300.91,16783673307.8,7162072320.0,3640
2016-03-14,'002581,未名医药,25.27,25.78,24.78,24.78,24.5,0.77,3.1429,1.1872,3342247,84920580.82,16671518258.2,7114212560.0,3851
2016-03-11,'002581,未名医药,24.5,24.58,24.0,24.0,24.38,0.12,0.4922,0.6401,1802077,43868034.58,16163521857.0,6897436000.0,2396
2016-03-10,'002581,未名医药,24.38,25.8,24.3,25.41,25.38,-1.0,-3.9401,1.054,2967334,73652903.3,16084353586.7,6863652640.0,3889
2016-03-09,'002581,未名医药,25.38,25.79,24.83,25.0,25.59,-0.21,-0.8206,1.4703,4139269,105064954.13,16744089172.7,7145180640.0,4356
2016-03-08,'002581,未名医药,25.59,25.79,23.65,24.51,24.59,1.0,4.0667,2.0863,5873458,146386223.9,16882633645.7,7204301520.0,5956
2016-03-07,'002581,未名医药,24.59,25.16,24.23,24.23,24.33,0.26,1.0686,1.0586,2980383,73872951.65,16222898059.7,6922773520.0,3093
2016-03-04,'002581,未名医药,24.33,25.0,23.52,24.8,25.0,-0.67,-2.68,1.4107,3971578,96641338.7,16051366807.4,6849576240.0,4335
2016-03-03,'002581,未名医药,25.0,25.5,24.45,24.5,24.83,0.17,0.6847,1.4963,4212537,105236166.29,16493389650.0,7038200000.0,4800
2016-03-02,'002581,未名医药,24.83,24.83,23.78,23.8,23.64,1.19,5.0338,1.6528,4653158,113715120.35,16381234600.4,6990340240.0,5207
2016-03-01,'002581,未名医药,23.64,23.85,22.8,22.9,22.96,0.68,2.9617,1.4607,4112308,96283600.83,15596149253.0,6655321920.0,4054
2016-02-29,'002581,未名医药,22.96,23.99,22.05,23.91,23.8,-0.84,-3.5294,2.039,5740241,132039735.0,15147529054.6,6463882880.0,5237
2016-02-26,'002581,未名医药,23.8,24.85,23.5,24.38,24.37,-0.57,-2.3389,1.7373,4891071,117370304.7,15701706946.8,6700366400.0,4829
2016-02-25,'002581,未名医药,24.37,27.08,24.37,26.83,27.08,-2.71,-10.0074,2.4942,7021905,178276314.55,16077756230.8,6860837360.0,8009
2016-02-24,'002581,未名医药,27.08,27.3,26.0,26.96,27.3,-0.22,-0.8059,1.8122,5101842,136637954.79,17865639668.9,7623778240.0,5908
2016-02-23,'002581,未名医药,27.3,27.74,26.8,27.05,26.99,0.31,1.1486,2.0527,5778863,157272331.03,18010781497.8,7685714400.0,6608
2016-02-22,'002581,未名医药,26.99,27.47,26.83,27.0,26.71,0.28,1.0483,1.6814,4733711,127966212.32,17806263466.1,7598440720.0,5032
2016-02-19,'002581,未名医药,26.71,27.15,26.15,26.9,26.79,-0.08,-0.2986,1.5432,4344487,115544976.44,17621537502.1,7519612880.0,5569
2016-02-18,'002581,未名医药,26.79,28.1,26.73,27.05,27.03,-0.24,-0.8879,2.7627,7777645,213282587.65,17674316348.9,7542135120.0,8859
2016-02-17,'002581,未名医药,27.03,27.2,26.33,27.2,27.25,-0.22,-0.8073,2.633,7412511,198818619.82,17832652889.6,7609701840.0,8573
2016-02-16,'002581,未名医药,27.25,27.49,25.45,25.45,25.5,1.75,6.8627,2.8344,7979512,212605695.63,17977794718.5,7671638000.0,9485
2016-02-15,'002581,未名医药,25.5,25.83,24.48,25.55,26.31,-0.81,-3.0787,2.5312,7126028,180112165.28,16823257443.0,7178964000.0,8386
2016-02-05,'002581,未名医药,26.31,28.04,26.11,27.77,25.49,0.82,3.2169,4.8179,13563749,367191555.45,17357643267.7,7407001680.0,14919
2016-02-04,'002581,未名医药,25.49,25.49,24.52,24.66,23.17,2.32,10.0129,1.2134,3416064,86358916.84,16816660087.1,7176148720.0,2880
2016-02-03,'002581,未名医药,23.17,23.3,22.35,22.8,23.2,-0.03,-0.1293,1.5788,4444643,101341974.9,15286073527.6,6523003760.0,4406
2016-02-02,'002581,未名医药,23.2,23.5,22.6,22.8,22.35,0.85,3.8031,2.053,5779842,133748950.13,15305865595.2,6531449600.0,5980
2016-02-01,'002581,未名医药,22.35,23.22,21.81,23.0,23.23,-0.88,-3.7882,2.2198,6249369,140196150.43,14745090347.1,6292150800.0,7245
2016-01-29,'002581,未名医药,23.23,23.57,21.6,21.6,22.4,0.83,3.7054,3.1294,8810146,200546562.71,15325657662.8,6539895440.0,9648
2016-01-28,'002581,未名医药,22.4,24.3,22.2,23.88,23.87,-1.47,-6.1584,4.9506,13937362,328061893.77,14778077126.4,6306227200.0,12899
2016-01-27,'002581,未名医药,23.87,23.87,21.4,21.8,21.7,2.17,10.0,5.9069,16629707,388471672.62,15747888437.8,6720073360.0,11621
2016-01-26,'002581,未名医药,21.7,23.5,21.58,23.07,23.58,-1.88,-7.9729,1.4718,4143409,94442734.14,14316262216.2,6109157600.0,3983
2016-01-25,'002581,未名医药,23.58,24.18,23.25,24.08,23.63,-0.05,-0.2116,1.1649,3279530,78020317.38,15556565117.9,6638430240.0,3052
2016-01-22,'002581,未名医药,23.63,24.28,22.82,23.43,23.31,0.32,1.3728,1.2514,3522998,82647798.6,15589551897.2,6652506640.0,3750
2016-01-21,'002581,未名医药,23.31,24.6,23.22,23.5,23.93,-0.62,-2.5909,1.7474,4919418,117502544.28,15378436509.7,6562417680.0,5337
2016-01-20,'002581,未名医药,23.93,24.75,23.61,23.61,23.97,-0.04,-0.1669,2.0806,5857540,141650836.29,15787472573.0,6736965040.0,5643
2016-01-19,'002581,未名医药,23.97,24.25,22.8,22.9,22.81,1.16,5.0855,2.1157,5956355,140527583.75,15813861996.4,6748226160.0,6102
2016-01-18,'002581,未名医药,22.81,23.4,21.3,21.6,22.2,0.61,2.7477,2.057,5791102,130976528.2,15048568716.7,6421653680.0,5187
2016-01-15,'002581,未名医药,22.2,23.52,22.0,23.3,23.54,-1.34,-5.6924,1.7611,4958084,112849452.37,14646130009.2,6249921600.0,5312
2016-01-14,'002581,未名医药,23.54,23.92,20.88,21.07,22.17,1.37,6.1795,2.1939,6176455,138284307.18,15530175694.4,6627169120.0,6178
2016-01-13,'002581,未名医药,22.17,24.08,22.04,23.89,23.68,-1.51,-6.3767,1.5834,4457800,104199996.08,14626337941.6,6241475760.0,4320
2016-01-12,'002581,未名医药,23.68,24.09,22.61,23.58,23.7,-0.02,-0.0844,2.227,6269543,147110724.93,15622538676.5,6666583040.0,5562
2016-01-11,'002581,未名医药,23.7,25.5,23.7,25.5,26.33,-2.63,-9.9886,2.569,7232463,177108040.86,15635733388.2,6672213600.0,6745
2016-01-08,'002581,未名医药,26.33,27.87,24.4,27.44,27.1,-0.77,-2.8413,2.4078,6778681,179830972.08,17370837979.4,7412632240.0,7374
2016-01-07,'002581,未名医药,27.1,29.47,27.1,29.05,30.11,-3.01,-9.9967,0.5418,1525200,43096209.0,17878834380.6,7629408800.0,1519
2016-01-06,'002581,未名医药,30.11,30.29,29.0,29.47,29.42,0.69,2.3453,1.6972,4778194,142463794.79,19864638494.5,8476808080.0,5199
2016-01-05,'002581,未名医药,29.42,30.98,28.23,29.22,31.29,-1.87,-5.9764,2.6074,7340423,217411436.8,19409420940.1,8282553760.0,8029
2016-01-04,'002581,未名医药,31.29,34.8,31.29,34.8,34.77,-3.48,-10.0086,2.0866,5874393,190069382.24,20643126485.9,8809011120.0,6812
