ÈÕÆÚ,¹ÉÆ±´úÂë,Ãû³Æ,ÊÕÅÌ¼Û,×î¸ß¼Û,×îµÍ¼Û,¿ªÅÌ¼Û,Ç°ÊÕÅÌ,ÕÇµø¶î,ÕÇµø·ù,»»ÊÖÂÊ,³É½»Á¿,³É½»½ð¶î,×ÜÊÐÖµ,Á÷Í¨ÊÐÖµ,³É½»±ÊÊý
2016-10-12,'002513,*STÀ¶·á,16.09,16.2,15.8,15.83,15.97,0.12,0.7514,1.227,2615033,41854675.86,5471988213.02,3429100800.0,1737
2016-10-11,'002513,*STÀ¶·á,15.97,16.06,15.72,16.0,16.0,-0.03,-0.1875,1.563,3330968,52967018.33,5431177859.66,3403526400.0,2182
2016-10-10,'002513,*STÀ¶·á,16.0,16.39,15.81,16.0,15.81,0.19,1.2018,1.8801,4006931,64473451.05,5441380448.0,3409920000.0,3032
2016-09-30,'002513,*STÀ¶·á,15.81,16.0,15.18,15.22,15.28,0.53,3.4686,1.3958,2974639,46623178.25,5376764055.18,3369427200.0,2779
2016-09-29,'002513,*STÀ¶·á,15.28,15.4,14.92,14.95,15.02,0.26,1.731,1.1829,2520891,38177924.92,5196518327.84,3256473600.0,2011
2016-09-28,'002513,*STÀ¶·á,15.02,15.36,14.88,14.91,15.03,-0.01,-0.0665,1.3818,2944857,44551992.7,5108095895.56,3201062400.0,2154
2016-09-27,'002513,*STÀ¶·á,15.03,15.5,14.6,14.76,14.76,0.27,1.8293,2.3786,5069352,76360408.68,5111496758.34,3203193600.0,3630
2016-09-26,'002513,*STÀ¶·á,14.76,14.92,14.6,14.92,14.21,0.55,3.8705,1.6877,3596858,53418247.76,5019673463.28,3145651200.0,1627
2016-09-23,'002513,*STÀ¶·á,0.0,0.0,0.0,0.0,14.21,None,None,0.0,0,0.0,4832626010.38,3028435200.0,0
2016-09-22,'002513,*STÀ¶·á,0.0,0.0,0.0,0.0,14.21,None,None,0.0,0,0.0,4832626010.38,3028435200.0,0
2016-09-21,'002513,*STÀ¶·á,0.0,0.0,0.0,0.0,14.21,None,None,0.0,0,0.0,4832626010.38,3028435200.0,0
2016-09-20,'002513,*STÀ¶·á,0.0,0.0,0.0,0.0,14.21,None,None,0.0,0,0.0,4832626010.38,3028435200.0,0
2016-09-19,'002513,*STÀ¶·á,0.0,0.0,0.0,0.0,14.21,None,None,0.0,0,0.0,4832626010.38,3028435200.0,0
2016-09-14,'002513,*STÀ¶·á,0.0,0.0,0.0,0.0,14.21,None,None,0.0,0,0.0,4832626010.38,3028435200.0,0
2016-09-13,'002513,*STÀ¶·á,0.0,0.0,0.0,0.0,14.21,None,None,0.0,0,0.0,4832626010.38,3028435200.0,0
2016-09-12,'002513,*STÀ¶·á,0.0,0.0,0.0,0.0,14.21,None,None,0.0,0,0.0,4832626010.38,3028435200.0,0
2016-09-09,'002513,*STÀ¶·á,0.0,0.0,0.0,0.0,14.21,None,None,0.0,0,0.0,4832626010.38,3028435200.0,0
2016-09-08,'002513,*STÀ¶·á,0.0,0.0,0.0,0.0,14.21,None,None,0.0,0,0.0,4832626010.38,3028435200.0,0
2016-09-07,'002513,*STÀ¶·á,0.0,0.0,0.0,0.0,14.21,None,None,0.0,0,0.0,4832626010.38,3028435200.0,0
2016-09-06,'002513,*STÀ¶·á,0.0,0.0,0.0,0.0,14.21,None,None,0.0,0,0.0,4832626010.38,3028435200.0,0
2016-09-05,'002513,*STÀ¶·á,0.0,0.0,0.0,0.0,14.21,None,None,0.0,0,0.0,4832626010.38,3028435200.0,0
2016-09-02,'002513,*STÀ¶·á,0.0,0.0,0.0,0.0,14.21,None,None,0.0,0,0.0,4832626010.38,3028435200.0,0
2016-09-01,'002513,*STÀ¶·á,0.0,0.0,0.0,0.0,14.21,None,None,0.0,0,0.0,4832626010.38,3028435200.0,0
2016-08-31,'002513,*STÀ¶·á,0.0,0.0,0.0,0.0,14.21,None,None,0.0,0,0.0,4832626010.38,3028435200.0,0
2016-08-30,'002513,*STÀ¶·á,0.0,0.0,0.0,0.0,14.21,None,None,0.0,0,0.0,4832626010.38,3028435200.0,0
2016-08-29,'002513,*STÀ¶·á,0.0,0.0,0.0,0.0,14.21,None,None,0.0,0,0.0,4832626010.38,3028435200.0,0
2016-08-26,'002513,*STÀ¶·á,0.0,0.0,0.0,0.0,14.21,None,None,0.0,0,0.0,4832626010.38,3028435200.0,0
2016-08-25,'002513,*STÀ¶·á,0.0,0.0,0.0,0.0,14.21,None,None,0.0,0,0.0,4832626010.38,3028435200.0,0
2016-08-24,'002513,*STÀ¶·á,0.0,0.0,0.0,0.0,14.21,None,None,0.0,0,0.0,4832626010.38,3028435200.0,0
2016-08-23,'002513,*STÀ¶·á,0.0,0.0,0.0,0.0,14.21,None,None,0.0,0,0.0,4832626010.38,3028435200.0,0
2016-08-22,'002513,*STÀ¶·á,0.0,0.0,0.0,0.0,14.21,None,None,0.0,0,0.0,4832626010.38,3028435200.0,0
2016-08-19,'002513,*STÀ¶·á,0.0,0.0,0.0,0.0,14.21,None,None,0.0,0,0.0,4832626010.38,3028435200.0,0
2016-08-18,'002513,*STÀ¶·á,0.0,0.0,0.0,0.0,14.21,None,None,0.0,0,0.0,4832626010.38,3028435200.0,0
2016-08-17,'002513,*STÀ¶·á,0.0,0.0,0.0,0.0,14.21,None,None,0.0,0,0.0,4832626010.38,3028435200.0,0
2016-08-16,'002513,*STÀ¶·á,0.0,0.0,0.0,0.0,14.21,None,None,0.0,0,0.0,4832626010.38,3028435200.0,0
2016-08-15,'002513,*STÀ¶·á,0.0,0.0,0.0,0.0,14.21,None,None,0.0,0,0.0,4832626010.38,3028435200.0,0
2016-08-12,'002513,*STÀ¶·á,0.0,0.0,0.0,0.0,14.21,None,None,0.0,0,0.0,4832626010.38,3028435200.0,0
2016-08-11,'002513,*STÀ¶·á,0.0,0.0,0.0,0.0,14.21,None,None,0.0,0,0.0,4832626010.38,3028435200.0,0
2016-08-10,'002513,*STÀ¶·á,0.0,0.0,0.0,0.0,14.21,None,None,0.0,0,0.0,4832626010.38,3028435200.0,0
2016-08-09,'002513,*STÀ¶·á,0.0,0.0,0.0,0.0,14.21,None,None,0.0,0,0.0,4832626010.38,3028435200.0,0
2016-08-08,'002513,*STÀ¶·á,0.0,0.0,0.0,0.0,14.21,None,None,0.0,0,0.0,4832626010.38,3028435200.0,0
2016-08-05,'002513,*STÀ¶·á,0.0,0.0,0.0,0.0,14.21,None,None,0.0,0,0.0,4832626010.38,3028435200.0,0
2016-08-04,'002513,*STÀ¶·á,0.0,0.0,0.0,0.0,14.21,None,None,0.0,0,0.0,4832626010.38,3028435200.0,0
2016-08-03,'002513,*STÀ¶·á,0.0,0.0,0.0,0.0,14.21,None,None,0.0,0,0.0,4832626010.38,3028435200.0,0
2016-08-02,'002513,*STÀ¶·á,0.0,0.0,0.0,0.0,14.21,None,None,0.0,0,0.0,4832626010.38,3028435200.0,0
2016-08-01,'002513,*STÀ¶·á,0.0,0.0,0.0,0.0,14.21,None,None,0.0,0,0.0,4832626010.38,3028435200.0,0
2016-07-29,'002513,*STÀ¶·á,14.21,14.42,14.15,14.33,14.28,-0.07,-0.4902,0.3954,842771,12011286.36,4832626010.38,3028435200.0,650
2016-07-28,'002513,*STÀ¶·á,14.28,14.32,14.0,14.25,14.18,0.1,0.7052,0.5187,1105481,15668003.95,4856432049.84,3043353600.0,851
2016-07-27,'002513,*STÀ¶·á,14.18,14.96,14.16,14.94,14.9,-0.72,-4.8322,1.5541,3312128,47704918.4,4822423422.04,3022041600.0,1934
2016-07-26,'002513,*STÀ¶·á,14.9,14.95,14.6,14.6,14.62,0.28,1.9152,0.5427,1156698,17059151.3,5067285542.2,3175488000.0,788
2016-07-25,'002513,*STÀ¶·á,14.62,14.74,14.5,14.63,14.52,0.1,0.6887,0.4709,1003611,14641604.95,4972061384.36,3115814400.0,686
2016-07-22,'002513,*STÀ¶·á,14.52,14.76,14.49,14.71,14.79,-0.27,-1.8256,0.6563,1398704,20455084.54,4938052756.56,3094502400.0,1080
2016-07-21,'002513,*STÀ¶·á,14.79,14.91,14.71,14.81,14.86,-0.07,-0.4711,0.4312,918900,13640608.0,5029876051.62,3152044800.0,778
2016-07-20,'002513,*STÀ¶·á,14.86,14.99,14.81,14.9,14.96,-0.1,-0.6684,0.3533,752900,11201949.0,5053682091.08,3166963200.0,609
2016-07-19,'002513,*STÀ¶·á,14.96,14.99,14.75,14.83,14.83,0.13,0.8766,0.5748,1225016,18194362.36,5087690718.88,3188275200.0,750
2016-07-18,'002513,*STÀ¶·á,14.83,14.96,14.76,14.96,14.91,-0.08,-0.5366,0.5346,1139435,16898227.98,5043479502.74,3160569600.0,724
2016-07-15,'002513,*STÀ¶·á,14.91,15.19,14.85,15.14,15.07,-0.16,-1.0617,0.4446,947600,14134744.0,5070686404.98,3177619200.0,707
2016-07-14,'002513,*STÀ¶·á,15.07,15.15,14.85,14.88,14.87,0.2,1.345,0.6036,1286439,19341428.26,5125100209.46,3211718400.0,1056
2016-07-13,'002513,*STÀ¶·á,14.87,14.93,14.47,14.66,14.66,0.21,1.4325,0.8115,1729481,25525349.56,5057082953.86,3169094400.0,1218
2016-07-12,'002513,*STÀ¶·á,14.66,14.83,14.29,14.83,14.79,-0.13,-0.879,1.3823,2945878,42776063.63,4985664835.48,3124339200.0,1871
2016-07-11,'002513,*STÀ¶·á,14.79,14.88,14.71,14.79,14.81,-0.02,-0.135,0.7172,1528574,22643882.83,5029876051.62,3152044800.0,931
2016-07-08,'002513,*STÀ¶·á,14.81,14.82,14.63,14.8,14.87,-0.06,-0.4035,0.8009,1706837,25147751.72,5036677777.18,3156307200.0,1212
2016-07-07,'002513,*STÀ¶·á,14.87,15.2,14.77,15.1,15.1,-0.23,-1.5232,1.1026,2349848,35065901.03,5057082953.86,3169094400.0,1327
2016-07-06,'002513,*STÀ¶·á,15.1,15.24,14.83,14.97,14.92,0.18,1.2064,0.9998,2130678,32138325.38,5135302797.8,3218112000.0,1394
2016-07-05,'002513,*STÀ¶·á,14.92,14.98,14.82,14.98,14.87,0.05,0.3362,0.7606,1621096,24145041.55,5074087267.76,3179750400.0,1031
2016-07-04,'002513,*STÀ¶·á,14.87,15.07,14.68,14.78,14.82,0.05,0.3374,1.3949,2972910,44280252.14,5057082953.86,3169094400.0,1305
2016-07-01,'002513,*STÀ¶·á,14.82,14.98,14.75,14.98,15.0,-0.18,-1.2,0.755,1609093,23864923.63,5040078639.96,3158438400.0,1247
2016-06-30,'002513,*STÀ¶·á,15.0,15.02,14.8,15.0,14.98,0.02,0.1335,0.9093,1937865,28897528.68,5101294170.0,3196800000.0,1270
2016-06-29,'002513,*STÀ¶·á,14.98,15.02,14.58,14.58,14.66,0.32,2.1828,1.2994,2769300,41074440.08,5094492444.44,3192537600.0,2000
2016-06-28,'002513,*STÀ¶·á,14.66,14.76,14.4,14.4,14.49,0.17,1.1732,0.9435,2010859,29203302.23,4985664835.48,3124339200.0,1309
2016-06-27,'002513,*STÀ¶·á,14.49,14.58,14.15,14.2,14.28,0.21,1.4706,0.5834,1243390,17971811.07,4927850168.22,3088108800.0,1108
2016-06-24,'002513,*STÀ¶·á,14.28,14.38,13.86,14.15,14.25,0.03,0.2105,1.0792,2299956,32543710.72,4856432049.84,3043353600.0,1722
2016-06-23,'002513,*STÀ¶·á,14.25,14.3,14.05,14.15,14.25,0.0,0.0,0.7806,1663699,23548766.27,4846229461.5,3036960000.0,1690
2016-06-22,'002513,*STÀ¶·á,14.25,14.26,13.8,13.86,13.86,0.39,2.8139,0.8767,1868488,26299602.04,4846229461.5,3036960000.0,1097
2016-06-21,'002513,*STÀ¶·á,13.86,14.2,13.81,13.99,13.88,-0.02,-0.1441,0.8075,1720920,24103278.99,4713595813.08,2953843200.0,1078
2016-06-20,'002513,*STÀ¶·á,13.88,14.0,13.79,13.85,13.98,-0.1,-0.7153,0.5953,1268690,17571007.72,4720397538.64,2958105600.0,935
2016-06-17,'002513,*STÀ¶·á,13.98,14.2,13.65,13.79,13.78,0.2,1.4514,1.2191,2598050,36413443.28,4754406166.44,2979417600.0,1616
2016-06-16,'002513,*STÀ¶·á,13.78,13.85,13.33,13.45,13.48,0.3,2.2255,1.2276,2616254,35742198.31,4686388910.84,2936793600.0,1506
2016-06-15,'002513,*STÀ¶·á,13.48,13.55,12.96,13.01,13.14,0.34,2.5875,0.8753,1865482,24874232.59,4584363027.44,2872857600.0,1131
2016-06-14,'002513,*STÀ¶·á,13.14,13.16,12.95,12.99,13.07,0.07,0.5356,0.6016,1282194,16757339.36,4468733692.92,2800396800.0,910
2016-06-13,'002513,*STÀ¶·á,13.07,13.7,13.07,13.7,13.76,-0.69,-5.0145,1.2216,2603400,34968894.05,4444927653.46,2785478400.0,1442
2016-06-08,'002513,*STÀ¶·á,13.76,13.81,13.6,13.6,13.7,0.06,0.438,0.6597,1405971,19258996.25,4679587185.28,2932531200.0,842
2016-06-07,'002513,*STÀ¶·á,13.7,13.88,13.58,13.75,13.79,-0.09,-0.6526,0.9853,2099925,28702242.85,4659182008.6,2919744000.0,1111
2016-06-06,'002513,*STÀ¶·á,13.79,14.08,13.59,13.59,13.73,0.06,0.437,0.9849,2098960,29124502.3,4689789773.62,2938924800.0,1353
2016-06-03,'002513,*STÀ¶·á,13.73,13.88,13.42,13.47,13.44,0.29,2.1577,1.072,2284541,31143864.5,4669384596.94,2926137600.0,1588
2016-06-02,'002513,*STÀ¶·á,13.44,13.48,13.28,13.32,13.37,0.07,0.5236,0.8925,1902183,25476947.51,4570759576.32,2864332800.0,1136
2016-06-01,'002513,*STÀ¶·á,13.37,13.52,13.2,13.28,13.31,0.06,0.4508,1.1688,2491008,33345745.16,4546953536.86,2849414400.0,1515
2016-05-31,'002513,*STÀ¶·á,13.31,13.32,12.82,12.86,12.82,0.49,3.8222,1.3807,2942543,38581894.61,4526548360.18,2836627200.0,1732
2016-05-30,'002513,*STÀ¶·á,12.82,12.93,12.7,12.79,12.79,0.03,0.2346,0.7761,1654007,21201253.9,4359906083.96,2732198400.0,835
2016-05-27,'002513,*STÀ¶·á,12.79,12.87,12.58,12.64,12.71,0.08,0.6294,0.8787,1872706,23884594.51,4349703495.62,2725804800.0,1054
2016-05-26,'002513,*STÀ¶·á,12.71,12.97,12.36,12.9,12.91,-0.2,-1.5492,1.7633,3757881,47462713.25,4322496593.38,2708755200.0,2089
2016-05-25,'002513,*STÀ¶·á,12.91,13.33,12.89,13.19,13.12,-0.21,-1.6006,1.0359,2207646,28858661.6,4390513848.98,2751379200.0,1328
2016-05-24,'002513,*STÀ¶·á,13.12,13.17,12.92,13.08,13.08,0.04,0.3058,0.5229,1114417,14520087.41,4461931967.36,2796134400.0,882
2016-05-23,'002513,*STÀ¶·á,13.08,13.14,12.81,12.85,12.89,0.19,1.474,0.8241,1756340,22871251.15,4448328516.24,2787609600.0,1107
2016-05-20,'002513,*STÀ¶·á,12.89,12.89,12.51,12.81,12.88,0.01,0.0776,0.7453,1588443,20145382.62,4383712123.42,2747116800.0,1103
2016-05-19,'002513,*STÀ¶·á,12.88,12.94,12.7,12.7,12.7,0.18,1.4173,0.5258,1120587,14409685.66,4380311260.64,2744985600.0,768
2016-05-18,'002513,*STÀ¶·á,12.7,13.06,12.58,13.0,13.19,-0.49,-3.7149,1.028,2190820,28139337.98,4319095730.6,2706624000.0,1322
2016-05-17,'002513,*STÀ¶·á,13.19,13.36,13.07,13.15,13.21,-0.02,-0.1514,0.9487,2021953,26731110.17,4485738006.82,2811052800.0,2487
2016-05-16,'002513,*STÀ¶·á,13.21,13.4,12.65,12.85,12.85,0.36,2.8016,1.1661,2485107,31979175.31,4492539732.38,2815315200.0,1595
2016-05-13,'002513,*STÀ¶·á,12.85,13.2,12.8,12.99,12.99,-0.14,-1.0778,0.8866,1889500,24562893.0,4370108672.3,2738592000.0,1183
2016-05-12,'002513,*STÀ¶·á,12.99,13.24,12.91,13.2,13.35,-0.36,-2.6966,1.4736,3140555,40841836.29,4417720751.22,2768428800.0,1369
2016-05-11,'002513,*STÀ¶·á,13.35,13.66,13.35,13.5,13.45,-0.1,-0.7435,0.5366,1143633,15456756.86,4540151811.3,2845152000.0,992
2016-05-10,'002513,*STÀ¶·á,13.45,13.5,13.22,13.3,13.31,0.14,1.0518,0.5153,1098249,14702002.07,4574160439.1,2866464000.0,963
2016-05-09,'002513,*STÀ¶·á,13.31,13.78,13.22,13.77,13.92,-0.61,-4.3822,1.1504,2451756,33022231.6,4526548360.18,2836627200.0,2282
2016-05-06,'002513,*STÀ¶·á,13.92,14.54,13.92,14.49,14.48,-0.56,-3.8674,1.5772,3361309,47660638.91,4734000989.76,2966630400.0,2342
2016-05-05,'002513,*STÀ¶·á,14.48,14.6,14.38,14.56,14.56,-0.08,-0.5495,0.9786,2085499,30183358.59,4924449305.44,3085977600.0,1406
2016-05-04,'002513,*STÀ¶·á,14.56,14.63,14.46,14.52,14.54,0.02,0.1376,1.2461,2655695,38701179.4,4951656207.68,3103027200.0,1737
2016-05-03,'002513,*STÀ¶·á,14.54,14.61,14.11,14.11,14.17,0.37,2.6112,1.427,3041191,43828782.05,4944854482.12,3098764800.0,2115
2016-04-29,'002513,*STÀ¶·á,14.17,14.28,14.07,14.21,14.24,-0.07,-0.4916,0.9798,2088068,29628150.38,4819022559.26,3019910400.0,1608
2016-04-28,'002513,*STÀ¶·á,14.24,14.45,13.93,13.99,14.14,0.1,0.7072,2.4036,5122501,72941285.81,4842828598.72,3034828800.0,3680
2016-04-27,'002513,*STÀ¶·á,14.14,15.03,14.14,14.78,14.88,-0.74,-4.9731,5.0673,10799352,154765946.39,4808819970.92,3013516800.0,8949
2016-04-26,'002513,À¶·áÉú»¯,0.0,0.0,0.0,0.0,14.88,None,None,0.0,0,0.0,5060483816.64,3171225600.0,0
2016-04-25,'002513,À¶·áÉú»¯,14.88,15.4,14.7,15.4,15.39,-0.51,-3.3138,2.1198,4517777,67707189.32,5060483816.64,3171225600.0,4043
2016-04-22,'002513,À¶·áÉú»¯,15.39,15.5,14.7,14.7,15.04,0.35,2.3271,1.2485,2660794,40575367.27,5233927818.42,3279916800.0,2078
2016-04-21,'002513,À¶·áÉú»¯,15.04,15.82,14.85,15.1,15.36,-0.32,-2.0833,1.8479,3938261,60609560.41,5114897621.12,3205324800.0,3440
2016-04-20,'002513,À¶·áÉú»¯,15.36,16.2,15.0,15.9,16.3,-0.94,-5.7669,2.6984,5750795,90027138.64,5223725230.08,3273523200.0,5325
2016-04-19,'002513,À¶·áÉú»¯,16.3,16.3,15.09,15.75,15.82,0.48,3.0341,2.8342,6040296,94030782.79,5543406331.4,3473856000.0,4856
2016-04-18,'002513,À¶·áÉú»¯,15.82,16.3,15.75,16.3,16.46,-0.64,-3.8882,2.4088,5133660,81610423.97,5380164917.96,3371558400.0,4032
2016-04-15,'002513,À¶·áÉú»¯,16.46,16.8,15.18,15.31,15.43,1.03,6.6753,5.3035,11302738,181159523.77,5597820135.88,3507955200.0,7432
2016-04-14,'002513,À¶·áÉú»¯,15.43,15.7,14.85,14.99,14.9,0.53,3.557,1.7118,3648171,55230253.17,5247531269.54,3288441600.0,2638
2016-04-13,'002513,À¶·áÉú»¯,14.9,15.08,14.6,14.66,14.58,0.32,2.1948,1.9769,4213223,63034802.65,5067285542.2,3175488000.0,2899
2016-04-12,'002513,À¶·áÉú»¯,14.58,14.88,14.43,14.74,14.8,-0.22,-1.4865,1.1683,2489888,36349197.27,4958457933.24,3107289600.0,1981
2016-04-11,'002513,À¶·áÉú»¯,14.8,14.99,14.57,14.65,14.49,0.31,2.1394,1.3191,2811201,41633406.62,5033276914.4,3154176000.0,2616
2016-04-08,'002513,À¶·áÉú»¯,14.49,14.49,14.14,14.3,14.4,0.09,0.625,1.2111,2580996,36785453.44,4927850168.22,3088108800.0,1726
2016-04-07,'002513,À¶·áÉú»¯,14.4,15.03,14.4,14.83,14.83,-0.43,-2.8995,1.4101,3005139,43994743.86,4897242403.2,3068928000.0,2533
2016-04-06,'002513,À¶·áÉú»¯,14.83,14.92,14.46,14.68,14.74,0.09,0.6106,1.6474,3510986,51668365.44,5043479502.74,3160569600.0,3013
2016-04-05,'002513,À¶·áÉú»¯,14.74,14.75,14.17,14.2,14.19,0.55,3.876,1.9933,4248157,61896497.11,5012871737.72,3141388800.0,3378
2016-04-01,'002513,À¶·áÉú»¯,14.19,14.24,13.88,14.0,14.1,0.09,0.6383,1.3292,2832787,39809474.5,4825824284.82,3024172800.0,1967
2016-03-31,'002513,À¶·áÉú»¯,14.1,14.32,13.98,14.2,14.12,-0.02,-0.1416,1.448,3085945,43520977.42,4795216519.8,3004992000.0,2125
2016-03-30,'002513,À¶·áÉú»¯,14.12,14.12,13.7,13.75,13.63,0.49,3.595,1.1408,2431302,33820740.74,4802018245.36,3009254400.0,2060
2016-03-29,'002513,À¶·áÉú»¯,13.63,14.35,13.52,14.2,14.35,-0.72,-5.0174,1.7368,3701391,51340278.4,4635375969.14,2904825600.0,2930
2016-03-28,'002513,À¶·áÉú»¯,14.35,14.9,14.33,14.58,14.6,-0.25,-1.7123,1.3884,2958897,43265963.8,4880238089.3,3058272000.0,2262
2016-03-25,'002513,À¶·áÉú»¯,14.6,14.62,14.25,14.45,14.36,0.24,1.6713,1.6032,3416781,49366097.57,4965259658.8,3111552000.0,2281
2016-03-24,'002513,À¶·áÉú»¯,14.36,14.71,14.22,14.56,14.71,-0.35,-2.3793,1.7801,3793754,54749385.59,4883638952.08,3060403200.0,2588
2016-03-23,'002513,À¶·áÉú»¯,14.71,15.05,14.2,14.83,14.95,-0.24,-1.6054,3.2262,6875617,99955178.8,5002669149.38,3134995200.0,4296
2016-03-22,'002513,À¶·áÉú»¯,14.95,15.28,14.8,15.01,15.31,-0.36,-2.3514,1.9488,4153208,62433695.6,5084289856.1,3186144000.0,2461
2016-03-21,'002513,À¶·áÉú»¯,15.31,15.6,14.65,14.99,14.62,0.69,4.7196,2.4678,5259446,79786492.22,5206720916.18,3262867200.0,3303
2016-03-18,'002513,À¶·áÉú»¯,14.62,14.88,14.1,14.17,14.16,0.46,3.2486,1.3062,2783828,40509764.98,4972061384.36,3115814400.0,2398
2016-03-17,'002513,À¶·áÉú»¯,14.16,14.3,13.52,13.62,13.62,0.54,3.9648,1.1344,2417595,33882670.02,4815621696.48,3017779200.0,2242
2016-03-16,'002513,À¶·áÉú»¯,13.62,14.52,13.53,14.21,13.75,-0.13,-0.9455,0.9429,2009575,28086030.54,4631975106.36,2902694400.0,1709
2016-03-15,'002513,À¶·áÉú»¯,13.75,13.85,13.45,13.51,13.55,0.2,1.476,0.8207,1749064,23887570.91,4676186322.5,2930400000.0,1604
2016-03-14,'002513,À¶·áÉú»¯,13.55,13.74,13.2,13.28,13.03,0.52,3.9908,0.9382,1999556,27146119.7,4608169066.9,2887776000.0,1742
2016-03-11,'002513,À¶·áÉú»¯,13.03,13.38,12.99,13.03,13.38,-0.35,-2.6158,0.703,1498277,19669869.38,4431324202.34,2776953600.0,1691
2016-03-10,'002513,À¶·áÉú»¯,13.38,14.17,13.35,13.91,14.17,-0.79,-5.5752,1.1839,2523192,34375984.61,4550354399.64,2851545600.0,2537
2016-03-09,'002513,À¶·áÉú»¯,14.17,15.17,13.32,13.66,13.8,0.37,2.6812,1.682,3584615,50875996.05,4819022559.26,3019910400.0,3532
2016-03-08,'002513,À¶·áÉú»¯,13.8,13.9,12.44,13.15,13.18,0.62,4.7041,0.9475,2019270,26748314.61,4693190636.4,2941056000.0,2058
2016-03-07,'002513,À¶·áÉú»¯,13.18,13.49,12.93,12.93,12.84,0.34,2.648,1.0566,2251897,29909163.31,4482337144.04,2808921600.0,2523
2016-03-04,'002513,À¶·áÉú»¯,12.84,13.75,12.51,13.57,13.6,-0.76,-5.5882,1.3886,2959302,39053462.64,4366707809.52,2736460800.0,2166
2016-03-03,'002513,À¶·áÉú»¯,13.6,13.94,13.32,13.52,13.46,0.14,1.0401,1.5796,3366535,46076140.26,4625173380.8,2898432000.0,2372
2016-03-02,'002513,À¶·áÉú»¯,13.46,13.63,12.75,12.9,12.91,0.55,4.2603,1.8024,3841362,50696374.98,4577561301.88,2868595200.0,2872
2016-03-01,'002513,À¶·áÉú»¯,12.91,12.99,12.0,12.71,12.69,0.22,1.7336,1.9388,4131943,52193378.83,4390513848.98,2751379200.0,2585
2016-02-29,'002513,À¶·áÉú»¯,12.69,14.0,12.67,13.9,14.08,-1.39,-9.8722,1.4731,3139395,40959797.77,4315694867.82,2704492800.0,2283
2016-02-26,'002513,À¶·áÉú»¯,14.08,15.37,14.05,15.37,14.65,-0.57,-3.8908,1.3701,2919855,41912981.39,4788414794.24,3000729600.0,2758
2016-02-25,'002513,À¶·áÉú»¯,14.65,16.43,14.65,16.25,16.28,-1.63,-10.0123,1.3813,2943830,45254066.41,4982263972.7,3122208000.0,4006
2016-02-24,'002513,À¶·áÉú»¯,16.28,16.72,15.9,16.36,16.69,-0.41,-2.4566,1.6033,3416912,55686744.8,3469593600.0,3469593600.0,3155
2016-02-23,'002513,À¶·áÉú»¯,16.69,16.76,15.75,15.9,16.05,0.64,3.9875,1.95,4155791,67016577.58,3556972800.0,3556972800.0,3448
2016-02-22,'002513,À¶·áÉú»¯,16.05,16.19,15.52,15.92,15.8,0.25,1.5823,1.6871,3595511,56994873.48,3420576000.0,3420576000.0,3374
2016-02-19,'002513,À¶·áÉú»¯,15.8,16.36,15.51,15.68,15.77,0.03,0.1902,2.1353,4550665,72451840.88,3367296000.0,3367296000.0,3063
2016-02-18,'002513,À¶·áÉú»¯,15.77,16.7,15.63,15.7,15.76,0.01,0.0635,2.1558,4594479,73465446.3,3360902400.0,3360902400.0,3779
2016-02-17,'002513,À¶·áÉú»¯,15.76,15.76,14.35,14.35,14.33,1.43,9.9791,2.2614,4819499,73489955.54,3358771200.0,3358771200.0,4073
2016-02-16,'002513,À¶·áÉú»¯,14.33,14.5,13.95,13.95,13.83,0.5,3.6153,1.5603,3325205,47629783.94,3054009600.0,3054009600.0,2829
2016-02-15,'002513,À¶·áÉú»¯,13.83,14.16,13.38,13.6,14.1,-0.27,-1.9149,0.8313,1771748,24503002.8,2947449600.0,2947449600.0,1669
2016-02-05,'002513,À¶·áÉú»¯,14.1,14.6,14.06,14.6,14.49,-0.39,-2.6915,1.2678,2701917,38535287.66,3004992000.0,3004992000.0,1926
2016-02-04,'002513,À¶·áÉú»¯,14.49,14.65,14.0,14.0,14.14,0.35,2.4752,1.4408,3070653,44320229.39,3088108800.0,3088108800.0,2297
2016-02-03,'002513,À¶·áÉú»¯,14.14,14.2,13.21,13.55,13.69,0.45,3.2871,1.2154,2590199,35269063.53,3013516800.0,3013516800.0,2017
2016-02-02,'002513,À¶·áÉú»¯,13.69,13.83,13.17,13.49,13.21,0.48,3.6336,0.8987,1915283,26087539.81,2917612800.0,2917612800.0,1837
2016-02-01,'002513,À¶·áÉú»¯,13.21,13.99,13.01,13.7,13.89,-0.68,-4.8956,1.2119,2582697,34878613.25,2815315200.0,2815315200.0,2284
2016-01-29,'002513,À¶·áÉú»¯,13.89,14.08,12.9,12.97,12.99,0.9,6.9284,1.7064,3636640,49473005.19,2960236800.0,2960236800.0,2715
2016-01-28,'002513,À¶·áÉú»¯,12.99,13.31,12.82,13.0,13.15,-0.16,-1.2167,1.6207,3453967,45389793.47,2768428800.0,2768428800.0,2153
2016-01-27,'002513,À¶·áÉú»¯,13.15,13.4,12.33,13.4,12.93,0.22,1.7015,1.822,3883024,50097342.96,2802528000.0,2802528000.0,3413
2016-01-26,'002513,À¶·áÉú»¯,12.93,14.39,12.68,13.74,13.91,-0.98,-7.0453,2.6717,5693845,78018348.24,2755641600.0,2755641600.0,5074
2016-01-25,'002513,À¶·áÉú»¯,13.91,14.44,13.46,13.55,13.39,0.52,3.8835,2.6439,5634704,78996534.41,2964499200.0,2964499200.0,3473
2016-01-22,'002513,À¶·áÉú»¯,13.39,13.5,12.75,13.2,12.86,0.53,4.1213,1.7023,3627889,47826090.38,2853676800.0,2853676800.0,2490
2016-01-21,'002513,À¶·áÉú»¯,12.86,13.69,12.85,13.4,13.65,-0.79,-5.7875,1.4713,3135644,41773710.38,2740723200.0,2740723200.0,2485
2016-01-20,'002513,À¶·áÉú»¯,13.65,13.9,12.9,13.23,13.42,0.23,1.7139,2.8005,5968320,80375306.74,2909088000.0,2909088000.0,3958
2016-01-19,'002513,À¶·áÉú»¯,13.42,13.47,12.38,12.61,12.73,0.69,5.4203,1.8761,3998403,52725149.65,2860070400.0,2860070400.0,3616
2016-01-18,'002513,À¶·áÉú»¯,12.73,13.0,11.85,11.9,12.37,0.36,2.9103,1.5052,3207819,40124088.3,2713017600.0,2713017600.0,2784
2016-01-15,'002513,À¶·áÉú»¯,12.37,13.3,11.79,13.26,13.1,-0.73,-5.5725,2.4744,5273535,66992579.72,2636294400.0,2636294400.0,3182
2016-01-14,'002513,À¶·áÉú»¯,13.1,13.44,12.05,12.5,12.65,0.45,3.5573,2.419,5155470,66257742.03,2791872000.0,2791872000.0,2979
2016-01-13,'002513,À¶·áÉú»¯,12.65,14.08,12.6,13.75,13.71,-1.06,-7.7316,1.4729,3139150,42674671.4,2695968000.0,2695968000.0,2635
2016-01-12,'002513,À¶·áÉú»¯,13.71,14.7,13.25,14.3,14.67,-0.96,-6.544,2.553,5440910,75332372.8,2921875200.0,2921875200.0,3719
2016-01-11,'002513,À¶·áÉú»¯,14.67,15.9,14.67,15.9,16.3,-1.63,-10.0,2.9853,6362217,95371719.2,3126470400.0,3126470400.0,4648
2016-01-08,'002513,À¶·áÉú»¯,16.3,18.08,16.0,18.0,17.5,-1.2,-6.8571,3.8668,8240928,138409746.66,3473856000.0,3473856000.0,7076
2016-01-07,'002513,À¶·áÉú»¯,17.5,19.0,17.5,19.0,19.44,-1.94,-9.9794,0.7279,1551247,28291369.9,3729600000.0,3729600000.0,1298
2016-01-06,'002513,À¶·áÉú»¯,19.44,19.44,18.27,18.97,19.07,0.37,1.9402,2.7926,5951528,112416880.64,4143052800.0,4143052800.0,5435
2016-01-05,'002513,À¶·áÉú»¯,19.07,19.3,16.67,16.85,18.34,0.73,3.9804,3.8718,8251513,149806363.59,4064198400.0,4064198400.0,7621
2016-01-04,'002513,À¶·áÉú»¯,18.34,19.98,18.2,19.3,19.49,-1.15,-5.9005,3.2625,6952997,134827452.4,3908620800.0,3908620800.0,4883
