日期,股票代码,名称,收盘价,最高价,最低价,开盘价,前收盘,涨跌额,涨跌幅,换手率,成交量,成交金额,总市值,流通市值,成交笔数
2016-10-12,'000408,*ST金源,15.75,16.0,15.6,16.0,15.98,-0.23,-1.4393,0.7566,1908823,30156426.8,32637648298.5,3973748625.0,913
2016-10-11,'000408,*ST金源,15.98,16.03,15.91,15.92,16.0,-0.02,-0.125,0.5858,1478063,23588010.81,33114261575.2,4031777970.0,688
2016-10-10,'000408,*ST金源,16.0,16.08,15.74,15.98,15.85,0.15,0.9464,0.7156,1805477,28765968.79,33155706208.0,4036824000.0,909
2016-09-30,'000408,*ST金源,15.85,15.87,15.62,15.7,15.67,0.18,1.1487,0.5469,1379938,21796020.6,32844871462.3,3998978775.0,659
2016-09-29,'000408,*ST金源,15.67,15.86,15.61,15.73,15.73,-0.06,-0.3814,0.5072,1279576,20085025.26,32471869767.5,3953564505.0,627
2016-09-28,'000408,*ST金源,15.73,15.96,15.67,15.96,15.41,0.32,2.0766,0.7218,1821129,28802687.17,32596203665.7,3968702595.0,1149
2016-09-27,'000408,*ST金源,15.41,15.55,15.2,15.55,15.37,0.04,0.2602,0.6637,1674650,25815906.5,29878422880.0,3887966115.0,709
2016-09-26,'000408,*ST金源,15.37,15.9,15.33,15.85,15.85,-0.48,-3.0284,0.9911,2500600,38811165.0,29800866947.8,3877874055.0,1303
2016-09-23,'000408,*ST金源,15.85,15.99,15.84,15.94,15.94,-0.09,-0.5646,0.3887,980657,15580458.93,30731538134.2,3998978775.0,558
2016-09-22,'000408,*ST金源,15.94,16.16,15.94,16.16,16.04,-0.1,-0.6234,0.4412,1113250,17832254.96,30906038981.7,4021685910.0,691
2016-09-21,'000408,*ST金源,16.04,16.15,15.77,16.15,16.07,-0.03,-0.1867,0.3691,931124,14928638.74,31099928812.2,4046916060.0,529
2016-09-20,'000408,*ST金源,16.07,16.35,16.04,16.32,16.07,0.0,0.0,0.4173,1052919,16969110.95,31158095761.3,4054485105.0,532
2016-09-19,'000408,*ST金源,16.07,16.08,15.85,15.85,15.85,0.22,1.388,0.5272,1330111,21302653.0,31158095761.3,4054485105.0,709
2016-09-14,'000408,*ST金源,15.85,15.98,15.5,15.88,15.89,-0.04,-0.2517,0.3923,989899,15632024.7,30731538134.2,3998978775.0,554
2016-09-13,'000408,*ST金源,15.89,16.06,15.81,15.9,15.85,0.04,0.2524,0.4484,1131307,17990684.68,30809094066.5,4009070835.0,729
2016-09-12,'000408,*ST金源,15.85,16.19,15.84,16.03,16.35,-0.5,-3.0581,0.9931,2505607,39984505.43,30731538134.2,3998978775.0,1494
2016-09-09,'000408,*ST金源,16.35,16.49,16.33,16.48,16.43,-0.08,-0.4869,0.6102,1539551,25281536.91,31700987286.8,4125129525.0,956
2016-09-08,'000408,*ST金源,16.43,16.52,15.9,16.14,16.14,0.29,1.7968,1.0477,2643250,42942789.97,31856099151.2,4145313645.0,1218
2016-09-07,'000408,*ST金源,16.14,16.36,16.11,16.11,16.3,-0.16,-0.9816,0.6472,1632887,26490468.12,31293818642.7,4072146210.0,971
2016-09-06,'000408,*ST金源,16.3,16.3,15.86,16.01,16.09,0.21,1.3052,1.0023,2528901,40724332.51,31604042371.5,4112514450.0,1273
2016-09-05,'000408,*ST金源,16.09,16.41,16.05,16.28,16.28,-0.19,-1.1671,0.871,2197599,35616432.58,31196873727.5,4059531135.0,1097
2016-09-02,'000408,*ST金源,16.28,16.64,16.23,16.64,16.64,-0.36,-2.1635,1.3053,3293186,53924221.08,31565264405.4,4107468420.0,1406
2016-09-01,'000408,*ST金源,16.64,16.75,16.48,16.53,16.57,0.07,0.4225,0.8087,2040287,33818822.67,32263267795.2,4198296960.0,1079
2016-08-31,'000408,*ST金源,16.57,17.0,16.57,16.91,17.11,-0.54,-3.156,1.8135,4575400,76384959.53,32127544913.8,4180635855.0,2298
2016-08-30,'000408,*ST金源,17.11,17.29,17.09,17.23,17.26,-0.15,-0.8691,1.0926,2756698,47289110.59,33174549998.5,4316878665.0,1245
2016-08-29,'000408,*ST金源,17.26,17.26,16.9,16.99,16.99,0.27,1.5892,1.0759,2714502,46568471.32,33465384744.3,4354723890.0,1534
2016-08-26,'000408,*ST金源,16.99,17.07,16.73,16.76,16.73,0.26,1.5541,0.9381,2366727,40010717.75,32941882202.0,4286602485.0,1379
2016-08-25,'000408,*ST金源,16.73,16.78,16.48,16.72,16.84,-0.11,-0.6532,1.1045,2786617,46324100.1,32437768642.7,4221004095.0,1298
2016-08-24,'000408,*ST金源,16.84,17.14,16.68,17.14,16.88,-0.04,-0.237,0.6753,1703811,28694823.31,32651047456.2,4248757260.0,916
2016-08-23,'000408,*ST金源,16.88,16.95,16.75,16.75,16.8,0.08,0.4762,0.8303,2094745,35262830.23,32728603388.4,4258849320.0,858
2016-08-22,'000408,*ST金源,16.8,17.15,16.61,16.86,16.87,-0.07,-0.4149,0.9223,2327022,39469525.74,32573491524.0,4238665200.0,1217
2016-08-19,'000408,*ST金源,16.87,17.0,16.71,17.0,17.01,-0.14,-0.823,0.8919,2250185,37849101.18,32709214405.3,4256326305.0,1379
2016-08-18,'000408,*ST金源,17.01,17.14,16.91,17.0,17.01,0.0,0.0,1.344,3390835,57567875.72,32980660168.0,4291648515.0,1229
2016-08-17,'000408,*ST金源,17.01,17.27,16.96,17.0,17.03,-0.02,-0.1174,1.1915,3006133,51433043.65,32980660168.0,4291648515.0,1639
2016-08-16,'000408,*ST金源,17.03,17.09,16.92,17.01,16.92,0.11,0.6501,1.5649,3948230,67152704.84,33019438134.2,4296694545.0,1714
2016-08-15,'000408,*ST金源,16.92,17.08,16.38,16.4,16.47,0.45,2.7322,3.3901,8553189,143749400.79,32806159320.6,4268941380.0,3407
2016-08-12,'000408,*ST金源,16.47,16.49,15.8,15.8,15.88,0.59,3.7154,1.8712,4720944,76646647.48,31933655083.3,4155405705.0,2668
2016-08-11,'000408,*ST金源,15.88,16.2,15.69,16.2,16.15,-0.27,-1.6718,1.1859,2992000,47639177.64,30789705083.4,4006547820.0,1510
2016-08-10,'000408,*ST金源,16.15,16.23,16.1,16.2,16.08,0.07,0.4353,0.5918,1493032,24117902.48,31313207625.8,4074669225.0,882
2016-08-09,'000408,*ST金源,16.08,16.19,16.05,16.08,16.08,0.0,0.0,0.5743,1449030,23360724.85,31177484744.4,4057008120.0,811
2016-08-08,'000408,*ST金源,16.08,16.21,15.8,15.95,16.03,0.05,0.3119,0.8392,2117211,34034379.96,31177484744.4,4057008120.0,1208
2016-08-05,'000408,*ST金源,16.03,16.38,15.61,15.62,15.6,0.43,2.7564,1.9195,4842980,78100670.34,31080539829.2,4044393045.0,2941
2016-08-04,'000408,*ST金源,15.6,15.6,14.8,14.86,14.86,0.74,4.9798,1.1031,2783139,42125577.22,30246813558.0,3935903400.0,1564
2016-08-03,'000408,*ST金源,14.86,15.09,14.28,15.09,15.03,-0.17,-1.1311,0.9326,2353008,34885063.72,28812028812.3,3749200290.0,1384
2016-08-02,'000408,*ST金源,15.03,15.16,14.93,15.03,15.02,0.01,0.0666,0.7823,1973807,29720580.33,29141641524.2,3792091545.0,956
2016-08-01,'000408,*ST金源,15.02,15.35,14.67,15.28,15.28,-0.26,-1.7016,1.3563,3421913,51675572.59,29122252541.1,3789568530.0,1769
2016-07-29,'000408,*ST金源,15.28,15.48,15.2,15.39,15.26,0.02,0.1311,1.148,2896540,44434463.61,29626366100.4,3855166920.0,1491
2016-07-28,'000408,*ST金源,15.26,15.95,15.1,15.71,15.88,-0.62,-3.9043,1.7643,4451291,68577492.34,29587588134.3,3850120890.0,2657
2016-07-27,'000408,*ST金源,15.88,16.64,15.7,16.52,16.53,-0.65,-3.9322,2.5218,6362581,102439196.72,30789705083.4,4006547820.0,2872
2016-07-26,'000408,*ST金源,16.53,16.77,16.4,16.72,16.55,-0.02,-0.1208,1.139,2873703,47400529.33,32049988981.7,4170543795.0,1627
2016-07-25,'000408,*ST金源,16.55,16.7,16.4,16.4,16.45,0.1,0.6079,0.901,2273300,37721239.48,4175589825.0,4175589825.0,1284
2016-07-22,'000408,*ST金源,16.45,16.63,16.45,16.59,16.5,-0.05,-0.303,0.834,2104306,34824388.43,4150359675.0,4150359675.0,1263
2016-07-21,'000408,*ST金源,16.5,16.63,16.35,16.59,16.56,-0.06,-0.3623,1.0907,2751738,45399692.88,4162974750.0,4162974750.0,1482
2016-07-20,'000408,*ST金源,16.56,16.87,16.55,16.65,16.64,-0.08,-0.4808,0.8216,2072844,34479369.42,4178112840.0,4178112840.0,1115
2016-07-19,'000408,*ST金源,16.64,16.94,16.51,16.68,16.59,0.05,0.3014,1.566,3951014,66026550.68,4198296960.0,4198296960.0,2039
2016-07-18,'000408,*ST金源,16.59,16.7,16.4,16.5,16.52,0.07,0.4237,1.3413,3384154,56122422.18,4185681885.0,4185681885.0,1468
2016-07-15,'000408,*ST金源,16.52,16.79,16.5,16.57,16.8,-0.28,-1.6667,1.1422,2881696,47891819.49,4168020780.0,4168020780.0,1673
2016-07-14,'000408,*ST金源,16.8,16.8,16.18,16.25,16.18,0.62,3.8319,2.0283,5117413,85082547.76,4238665200.0,4238665200.0,3069
2016-07-13,'000408,*ST金源,16.18,16.37,16.03,16.27,16.27,-0.09,-0.5532,1.1957,3016815,48787434.88,4082238270.0,4082238270.0,1979
2016-07-12,'000408,*ST金源,16.27,16.58,15.98,16.58,16.6,-0.33,-1.988,1.7552,4428482,71745613.23,4104945405.0,4104945405.0,2946
2016-07-11,'000408,*ST金源,16.6,16.92,16.47,16.47,16.56,0.04,0.2415,1.4677,3702972,62025380.42,4188204900.0,4188204900.0,2309
2016-07-08,'000408,*ST金源,16.56,16.71,16.46,16.71,16.71,-0.15,-0.8977,1.1594,2925297,48471348.13,4178112840.0,4178112840.0,1653
2016-07-07,'000408,*ST金源,16.71,16.91,16.45,16.85,16.8,-0.09,-0.5357,1.2962,3270356,54511444.05,4215958065.0,4215958065.0,2183
2016-07-06,'000408,*ST金源,16.8,17.01,16.72,16.8,16.87,-0.07,-0.4149,1.2496,3152750,53045355.64,4238665200.0,4238665200.0,2138
2016-07-05,'000408,*ST金源,16.87,17.05,16.52,17.0,16.4,0.47,2.8659,2.0411,5149650,86536859.76,4256326305.0,4256326305.0,2814
2016-07-04,'000408,*ST金源,16.4,16.86,16.15,16.35,16.49,-0.09,-0.5458,1.8094,4565205,75546966.84,4137744600.0,4137744600.0,2536
2016-07-01,'000408,*ST金源,16.49,16.86,16.24,16.27,16.28,0.21,1.2899,2.0726,5229246,86568865.83,4160451735.0,4160451735.0,2932
2016-06-30,'000408,*ST金源,16.28,16.44,16.0,16.01,16.12,0.16,0.9926,1.2845,3240828,52550962.43,4107468420.0,4107468420.0,2042
2016-06-29,'000408,*ST金源,16.12,16.48,15.84,16.45,16.35,-0.23,-1.4067,2.1531,5432296,87659830.92,4067100180.0,4067100180.0,3217
2016-06-28,'000408,*ST金源,16.35,16.36,16.0,16.28,15.58,0.77,4.9422,3.5167,8872600,144460657.11,4125129525.0,4125129525.0,5271
2016-06-27,'000408,*ST金源,15.58,15.58,14.65,14.65,14.84,0.74,4.9865,1.7782,4486361,69005784.15,3930857370.0,3930857370.0,2343
2016-06-24,'000408,*ST金源,14.84,14.89,14.21,14.78,14.8,0.04,0.2703,1.2445,3139962,46040066.49,3744154260.0,3744154260.0,1889
2016-06-23,'000408,*ST金源,14.8,14.95,14.69,14.72,14.79,0.01,0.0676,0.8187,2065587,30602735.77,3734062200.0,3734062200.0,1300
2016-06-22,'000408,*ST金源,14.79,14.96,14.6,14.68,14.68,0.11,0.7493,0.8275,2087686,30897883.36,3731539185.0,3731539185.0,1077
2016-06-21,'000408,*ST金源,14.68,15.15,14.65,15.0,14.9,-0.22,-1.4765,0.9456,2385837,35516870.15,3703786020.0,3703786020.0,1273
2016-06-20,'000408,*ST金源,14.9,15.18,14.86,15.15,15.17,-0.27,-1.7798,1.1292,2848874,42577230.9,3759292350.0,3759292350.0,1465
2016-06-17,'000408,*ST金源,15.17,15.3,15.02,15.25,15.02,0.15,0.9987,1.2103,3053678,46299936.83,3827413755.0,3827413755.0,1775
2016-06-16,'000408,*ST金源,15.02,15.46,14.84,15.1,15.0,0.02,0.1333,1.7549,4427765,67243569.31,3789568530.0,3789568530.0,2428
2016-06-15,'000408,*ST金源,15.0,15.14,14.15,14.28,14.46,0.54,3.7344,1.4657,3697989,54935511.64,3784522500.0,3784522500.0,1820
2016-06-14,'000408,*ST金源,14.46,14.46,14.02,14.02,14.42,0.04,0.2774,1.369,3453984,49175916.48,3648279690.0,3648279690.0,1691
2016-06-13,'000408,*ST金源,14.42,15.3,14.42,15.0,15.18,-0.76,-5.0066,2.4297,6130228,91571232.22,3638187630.0,3638187630.0,3212
2016-06-08,'000408,*ST金源,15.18,15.18,14.82,14.94,14.93,0.25,1.6745,1.5095,3808532,57099707.98,3829936770.0,3829936770.0,2342
2016-06-07,'000408,*ST金源,14.93,14.96,14.63,14.7,14.56,0.37,2.5412,1.7135,4323231,64328599.28,3766861395.0,3766861395.0,2602
2016-06-06,'000408,*ST金源,14.56,14.63,14.18,14.27,14.14,0.42,2.9703,1.4249,3595118,51756575.41,3673509840.0,3673509840.0,2132
2016-06-03,'000408,*ST金源,14.14,14.29,14.0,14.2,14.18,-0.04,-0.2821,1.3044,3291122,46575539.79,3567543210.0,3567543210.0,1573
2016-06-02,'000408,*ST金源,14.18,14.18,13.86,13.88,13.86,0.32,2.3088,1.405,3544766,49893588.84,3577635270.0,3577635270.0,1919
2016-06-01,'000408,*ST金源,13.86,14.06,13.65,13.72,13.76,0.1,0.7267,1.4966,3775942,52420427.54,3496898790.0,3496898790.0,1875
2016-05-31,'000408,*ST金源,13.76,13.8,13.37,13.37,13.37,0.39,2.917,1.7219,4344319,58910418.9,3471668640.0,3471668640.0,2146
2016-05-30,'000408,*ST金源,13.37,13.55,12.93,13.11,13.12,0.25,1.9055,1.3329,3363010,44878131.38,3373271055.0,3373271055.0,1715
2016-05-27,'000408,*ST金源,13.12,13.23,12.99,13.0,13.0,0.12,0.9231,0.8934,2254002,29605442.16,3310195680.0,3310195680.0,1254
2016-05-26,'000408,*ST金源,13.0,13.14,12.8,13.09,13.09,-0.09,-0.6875,0.7839,1977703,25588869.82,3279919500.0,3279919500.0,1149
2016-05-25,'000408,*ST金源,13.09,13.29,13.05,13.18,13.09,0.0,0.0,0.6157,1553486,20358459.85,3302626635.0,3302626635.0,923
2016-05-24,'000408,*ST金源,13.09,13.29,13.0,13.2,13.22,-0.13,-0.9834,0.6877,1735067,22792433.07,3302626635.0,3302626635.0,1028
2016-05-23,'000408,*ST金源,13.22,13.44,12.74,12.76,12.8,0.42,3.2813,1.0041,2533470,33447205.91,3335425830.0,3335425830.0,1680
2016-05-20,'000408,*ST金源,12.8,12.85,12.4,12.8,12.87,-0.07,-0.5439,0.8986,2267119,28644541.47,3229459200.0,3229459200.0,1545
2016-05-19,'000408,*ST金源,12.87,13.15,12.8,13.0,13.0,-0.13,-1.0,0.8458,2133934,27788102.89,3247120305.0,3247120305.0,1426
2016-05-18,'000408,*ST金源,13.0,13.63,13.0,13.63,13.68,-0.68,-4.9708,1.4615,3687428,48581304.22,3279919500.0,3279919500.0,2375
2016-05-17,'000408,*ST金源,13.68,13.85,13.64,13.79,13.73,-0.05,-0.3642,1.0982,2770871,37954569.5,3451484520.0,3451484520.0,1272
2016-05-16,'000408,*ST金源,13.73,13.86,13.5,13.86,13.62,0.11,0.8076,1.0978,2769865,37874405.27,3464099595.0,3464099595.0,1287
2016-05-13,'000408,*ST金源,13.62,13.85,13.55,13.75,13.71,-0.09,-0.6565,0.6815,1719453,23572741.23,3436346430.0,3436346430.0,1136
2016-05-12,'000408,*ST金源,13.71,13.75,13.41,13.58,13.83,-0.12,-0.8677,0.9308,2348355,31896511.21,3459053565.0,3459053565.0,1545
2016-05-11,'000408,*ST金源,13.83,14.18,13.72,14.05,13.9,-0.07,-0.5036,0.8035,2027250,28172170.0,3489329745.0,3489329745.0,1330
2016-05-10,'000408,*ST金源,13.9,14.1,13.61,13.61,13.89,0.01,0.072,1.06,2674333,37242413.66,3506990850.0,3506990850.0,1542
2016-05-09,'000408,*ST金源,13.89,14.62,13.89,14.62,14.62,-0.73,-4.9932,2.0451,5159857,72659487.76,3504467835.0,3504467835.0,3315
2016-05-06,'000408,*ST金源,14.62,15.38,14.62,15.08,14.98,-0.36,-2.4032,2.9642,7478819,112197283.72,3688647930.0,3688647930.0,5145
2016-05-05,'000408,*ST金源,14.98,15.09,14.22,14.37,14.37,0.61,4.245,2.8962,7307098,107929153.29,3779476470.0,3779476470.0,4610
2016-05-04,'000408,*ST金源,14.37,14.58,14.08,14.1,14.21,0.16,1.126,2.0367,5138602,74081945.89,3625572555.0,3625572555.0,3439
2016-05-03,'000408,*ST金源,14.21,14.29,13.81,14.0,14.34,-0.13,-0.9066,2.8341,7150441,100863786.56,3585204315.0,3585204315.0,4643
2016-04-29,'000408,*ST金源,14.34,14.83,13.41,13.41,14.12,0.22,1.5581,5.3836,13582874,188476199.84,3618003510.0,3618003510.0,8200
2016-04-28,'000408,*ST金源,14.12,14.12,14.12,14.12,14.86,-0.74,-4.9798,1.224,3088100,43603972.0,3562497180.0,3562497180.0,1529
2016-04-27,'000408,金谷源,0.0,0.0,0.0,0.0,14.86,None,None,0.0,0,0.0,3749200290.0,3749200290.0,0
2016-04-26,'000408,金谷源,14.86,15.0,14.6,14.65,14.73,0.13,0.8826,1.7896,4515173,66752729.78,3749200290.0,3749200290.0,2779
2016-04-25,'000408,金谷源,14.73,14.75,14.12,14.63,14.6,0.13,0.8904,1.7107,4315996,62290246.47,3716401095.0,3716401095.0,3453
2016-04-22,'000408,金谷源,14.6,14.67,14.2,14.37,14.5,0.1,0.6897,1.3017,3284333,47779149.67,3683601900.0,3683601900.0,2363
2016-04-21,'000408,金谷源,14.5,14.89,14.44,14.66,14.59,-0.09,-0.6169,1.9312,4872392,71124662.78,3658371750.0,3658371750.0,3660
2016-04-20,'000408,金谷源,14.59,15.8,14.1,15.51,15.48,-0.89,-5.7494,3.4922,8810903,132216795.47,3681078885.0,3681078885.0,6347
2016-04-19,'000408,金谷源,15.48,15.72,15.35,15.37,15.25,0.23,1.5082,1.9167,4835780,74926404.86,3905627220.0,3905627220.0,3554
2016-04-18,'000408,金谷源,15.25,15.96,15.0,15.87,15.86,-0.61,-3.8462,2.8838,7275760,111040142.38,3847597875.0,3847597875.0,5959
2016-04-15,'000408,金谷源,15.86,16.34,15.7,16.3,15.94,-0.08,-0.5019,2.2311,5628976,89662598.48,4001501790.0,4001501790.0,4084
2016-04-14,'000408,金谷源,15.94,16.33,15.8,16.18,16.23,-0.29,-1.7868,3.0537,7704431,123058975.72,4021685910.0,4021685910.0,5212
2016-04-13,'000408,金谷源,16.23,16.6,16.16,16.4,16.36,-0.13,-0.7946,3.2733,8258524,135057234.27,4094853345.0,4094853345.0,6441
2016-04-12,'000408,金谷源,16.36,16.43,15.55,15.55,15.99,0.37,2.3139,3.0918,7800571,125655944.28,4127652540.0,4127652540.0,6378
2016-04-11,'000408,金谷源,15.99,16.58,15.9,16.0,15.82,0.17,1.0746,3.8664,9755042,158892729.68,4034300985.0,4034300985.0,7453
2016-04-08,'000408,金谷源,15.82,16.12,14.81,15.01,15.12,0.7,4.6296,4.5785,11551595,181092535.68,3991409730.0,3991409730.0,9020
2016-04-07,'000408,金谷源,15.12,15.4,15.05,15.15,15.21,-0.09,-0.5917,2.6726,6743010,102550499.96,3814798680.0,3814798680.0,4855
2016-04-06,'000408,金谷源,15.21,15.39,15.0,15.15,15.14,0.07,0.4624,3.6151,9121054,138762841.78,3837505815.0,3837505815.0,6764
2016-04-05,'000408,金谷源,15.14,15.45,14.12,14.27,14.1,1.04,7.3759,5.0273,12683851,188957842.0,3819844710.0,3819844710.0,9952
2016-04-01,'000408,金谷源,14.1,14.12,13.8,13.9,14.05,0.05,0.3559,1.5578,3930288,54869975.64,3557451150.0,3557451150.0,3315
2016-03-31,'000408,金谷源,14.05,14.15,13.96,13.96,13.92,0.13,0.9339,2.0126,5077870,71458057.39,3544836075.0,3544836075.0,3684
2016-03-30,'000408,金谷源,13.92,13.95,13.63,13.75,13.53,0.39,2.8825,1.4632,3691608,50915635.37,3512036880.0,3512036880.0,2845
2016-03-29,'000408,金谷源,13.53,14.17,13.4,14.1,13.95,-0.42,-3.0108,2.0609,5199674,71264851.16,3413639295.0,3413639295.0,3457
2016-03-28,'000408,金谷源,13.95,14.19,13.85,13.92,13.92,0.03,0.2155,2.0617,5201633,72963306.04,3519605925.0,3519605925.0,4180
2016-03-25,'000408,金谷源,13.92,14.07,13.68,13.8,13.81,0.11,0.7965,1.5221,3840400,53322859.12,3512036880.0,3512036880.0,2639
2016-03-24,'000408,金谷源,13.81,14.25,13.67,14.25,14.25,-0.44,-3.0877,2.3406,5905479,81911142.14,3484283715.0,3484283715.0,4756
2016-03-23,'000408,金谷源,14.25,14.43,13.97,14.1,14.2,0.05,0.3521,2.5427,6415259,91050120.82,3595296375.0,3595296375.0,4258
2016-03-22,'000408,金谷源,14.2,14.42,14.1,14.41,14.5,-0.3,-2.069,2.462,6211629,88595728.36,3582681300.0,3582681300.0,4241
2016-03-21,'000408,金谷源,14.5,14.75,14.02,14.02,13.85,0.65,4.6931,3.7746,9523265,136931829.96,3658371750.0,3658371750.0,6832
2016-03-18,'000408,金谷源,13.85,13.99,13.26,13.36,13.28,0.57,4.2922,3.381,8530313,116825592.01,3494375775.0,3494375775.0,4964
2016-03-17,'000408,金谷源,13.28,13.42,12.93,13.02,13.01,0.27,2.0753,2.1785,5496502,72707314.17,3350563920.0,3350563920.0,3743
2016-03-16,'000408,金谷源,13.01,13.4,12.91,13.32,12.99,0.02,0.154,1.804,4551435,59834991.81,3282442515.0,3282442515.0,2772
2016-03-15,'000408,金谷源,12.99,13.37,12.88,13.34,13.45,-0.46,-3.4201,2.0469,5164396,67583465.64,3277396485.0,3277396485.0,3825
2016-03-14,'000408,金谷源,13.45,13.73,13.0,13.11,13.17,0.28,2.126,2.9925,7550152,101162529.18,3393455175.0,3393455175.0,5159
2016-03-11,'000408,金谷源,13.17,13.5,12.42,13.02,13.27,-0.1,-0.7536,3.3677,8496854,109992403.62,3322810755.0,3322810755.0,6846
2016-03-10,'000408,金谷源,13.27,13.82,13.25,13.68,13.65,-0.38,-2.7839,1.3284,3351507,45418940.23,3348040905.0,3348040905.0,2460
2016-03-09,'000408,金谷源,13.65,13.93,13.33,13.7,14.2,-0.55,-3.8732,1.6738,4223055,57935679.15,3443915475.0,3443915475.0,2827
2016-03-08,'000408,金谷源,14.2,14.5,13.68,14.5,14.26,-0.06,-0.4208,2.6029,6567260,91968491.54,3582681300.0,3582681300.0,4259
2016-03-07,'000408,金谷源,14.26,14.33,13.69,13.76,13.63,0.63,4.6222,2.6493,6684120,93612731.41,3597819390.0,3597819390.0,4334
2016-03-04,'000408,金谷源,13.63,14.24,13.44,14.21,14.0,-0.37,-2.6429,1.9516,4923970,68333926.78,3438869445.0,3438869445.0,3696
2016-03-03,'000408,金谷源,14.0,14.4,13.84,13.84,13.73,0.27,1.9665,2.0887,5269938,74270605.05,3532221000.0,3532221000.0,3690
2016-03-02,'000408,金谷源,13.73,13.8,13.12,13.12,13.05,0.68,5.2107,1.7758,4480470,60646388.76,3464099595.0,3464099595.0,3106
2016-03-01,'000408,金谷源,13.05,13.26,12.8,13.01,12.83,0.22,1.7147,1.6112,4065155,53129184.59,3292534575.0,3292534575.0,2874
2016-02-29,'000408,金谷源,12.83,13.88,12.65,13.88,13.89,-1.06,-7.6314,2.1385,5395590,69932442.4,3237028245.0,3237028245.0,3330
2016-02-26,'000408,金谷源,13.89,13.95,13.4,13.61,13.55,0.34,2.5092,2.1913,5528776,76081632.98,3504467835.0,3504467835.0,4080
2016-02-25,'000408,金谷源,13.55,15.24,13.55,15.0,15.05,-1.5,-9.9668,3.9847,10053565,144018443.77,3418685325.0,3418685325.0,7925
2016-02-24,'000408,金谷源,15.05,15.34,14.48,14.48,14.62,0.43,2.9412,3.1383,7917868,118474252.64,3797137575.0,3797137575.0,7128
2016-02-23,'000408,金谷源,14.62,14.7,14.16,14.27,14.26,0.36,2.5245,3.7984,9583366,138891721.1,3688647930.0,3688647930.0,5987
2016-02-22,'000408,金谷源,14.26,14.6,14.06,14.06,13.96,0.3,2.149,2.7449,6925320,99515723.3,3597819390.0,3597819390.0,5571
2016-02-19,'000408,金谷源,13.96,14.19,13.87,14.14,14.14,-0.18,-1.273,1.51,3809720,53324734.04,3522128940.0,3522128940.0,2882
2016-02-18,'000408,金谷源,14.14,14.43,14.08,14.35,14.24,-0.1,-0.7022,2.0528,5179266,73655707.27,3567543210.0,3567543210.0,4501
2016-02-17,'000408,金谷源,14.24,14.34,13.95,14.33,14.38,-0.14,-0.9736,2.4204,6106729,86460981.54,3592773360.0,3592773360.0,4750
2016-02-16,'000408,金谷源,14.38,14.64,13.6,13.72,14.14,0.24,1.6973,3.5582,8977511,127298500.91,3628095570.0,3628095570.0,8416
2016-02-15,'000408,金谷源,14.14,14.49,12.83,12.96,13.17,0.97,7.3652,3.5769,9024455,125772618.16,3567543210.0,3567543210.0,7256
2016-02-05,'000408,金谷源,13.17,13.43,13.1,13.21,13.11,0.06,0.4577,1.2353,3116567,41292913.5,3322810755.0,3322810755.0,2475
2016-02-04,'000408,金谷源,13.11,13.46,12.83,12.9,12.69,0.42,3.3097,1.7438,4399509,57845009.47,3307672665.0,3307672665.0,3205
2016-02-03,'000408,金谷源,12.69,12.76,12.3,12.4,12.56,0.13,1.035,1.3624,3437410,42849219.75,3201706035.0,3201706035.0,2120
2016-02-02,'000408,金谷源,12.56,12.65,12.09,12.29,12.2,0.36,2.9508,1.5238,3844584,48039793.73,3168906840.0,3168906840.0,3578
2016-02-01,'000408,金谷源,12.2,12.53,11.91,12.26,12.31,-0.11,-0.8936,1.5932,4019700,49132359.82,3078078300.0,3078078300.0,2362
2016-01-29,'000408,金谷源,12.31,12.5,11.69,11.8,11.8,0.51,4.322,1.8977,4787963,58292392.78,3105831465.0,3105831465.0,3186
2016-01-28,'000408,金谷源,11.8,12.6,11.8,12.31,12.7,-0.9,-7.0866,2.3253,5866876,71612632.32,2977157700.0,2977157700.0,3606
2016-01-27,'000408,金谷源,12.7,13.36,11.98,13.24,13.23,-0.53,-4.006,2.562,6464087,80401289.67,3204229050.0,3204229050.0,4631
2016-01-26,'000408,金谷源,13.23,14.47,13.23,14.47,14.7,-1.47,-10.0,2.8524,7196549,99092223.55,3337948845.0,3337948845.0,4890
2016-01-25,'000408,金谷源,14.7,14.79,14.25,14.41,14.32,0.38,2.6536,2.0029,5053470,73260480.7,3708832050.0,3708832050.0,3804
2016-01-22,'000408,金谷源,14.32,14.8,13.9,14.78,14.32,0.0,0.0,2.5412,6411607,91891200.77,3612957480.0,3612957480.0,4741
2016-01-21,'000408,金谷源,14.32,15.69,14.3,15.46,15.5,-1.18,-7.6129,4.4827,11310026,171609069.79,3612957480.0,3612957480.0,8814
2016-01-20,'000408,金谷源,15.5,15.5,14.6,14.61,14.09,1.41,10.0071,5.2756,13310328,203901541.55,3910673250.0,3910673250.0,8168
2016-01-19,'000408,金谷源,14.09,14.1,13.1,13.37,13.37,0.72,5.3852,2.244,5661685,77252203.08,3554928135.0,3554928135.0,4683
2016-01-18,'000408,金谷源,13.37,13.55,12.6,13.01,13.1,0.27,2.0611,2.0838,5257553,69902946.77,3373271055.0,3373271055.0,3493
2016-01-15,'000408,金谷源,13.1,14.05,13.0,13.98,14.2,-1.1,-7.7465,2.8079,7084266,96214746.38,3305149650.0,3305149650.0,4497
2016-01-14,'000408,金谷源,14.2,14.29,13.0,13.46,13.86,0.34,2.4531,3.1728,8004902,109146053.4,3582681300.0,3582681300.0,5084
2016-01-13,'000408,金谷源,13.86,14.5,13.7,14.35,14.01,-0.15,-1.0707,2.09,5273051,74621908.03,3496898790.0,3496898790.0,3795
2016-01-12,'000408,金谷源,14.01,14.76,13.58,14.2,14.2,-0.19,-1.338,2.4027,6061932,85727328.56,3534744015.0,3534744015.0,4601
2016-01-11,'000408,金谷源,14.2,15.8,14.0,15.1,15.51,-1.31,-8.4462,2.9883,7539551,112944434.89,3582681300.0,3582681300.0,6285
2016-01-08,'000408,金谷源,15.51,16.18,14.03,15.87,15.36,0.15,0.9766,3.8415,9692205,150652480.69,3913196265.0,3913196265.0,7473
2016-01-07,'000408,金谷源,15.36,16.82,15.35,16.8,17.05,-1.69,-9.912,1.0023,2528700,40070682.54,3875351040.0,3875351040.0,1672
2016-01-06,'000408,金谷源,17.05,17.26,16.55,16.55,16.31,0.74,4.5371,3.0987,7818037,132323217.94,4301740575.0,4301740575.0,6040
2016-01-05,'000408,金谷源,16.31,17.4,16.07,16.51,17.85,-1.54,-8.6275,4.6115,11634778,193688352.77,4115037465.0,4115037465.0,8546
2016-01-04,'000408,金谷源,17.85,19.77,17.85,19.14,19.83,-1.98,-9.9849,3.2209,8126353,150401730.15,4503581775.0,4503581775.0,6686
