日期,股票代码,名称,收盘价,最高价,最低价,开盘价,前收盘,涨跌额,涨跌幅,换手率,成交量,成交金额,总市值,流通市值,成交笔数
2016-10-12,'002768,国恩股份,26.58,26.75,26.5,26.7,26.74,-0.16,-0.5984,2.1924,1907421,50714260.02,6379200000.0,2312460000.0,3193
2016-10-11,'002768,国恩股份,26.74,26.92,26.46,26.92,26.84,-0.1,-0.3726,2.9199,2540299,67706632.58,6417600000.0,2326380000.0,4401
2016-10-10,'002768,国恩股份,26.84,26.9,26.31,26.55,26.34,0.5,1.8983,2.4242,2109091,56086806.9,6441600000.0,2335080000.0,3677
2016-09-30,'002768,国恩股份,26.34,26.5,25.95,26.03,25.95,0.39,1.5029,1.9553,1701116,44752125.38,6321600000.0,2291580000.0,3059
2016-09-29,'002768,国恩股份,25.95,26.4,25.91,26.13,26.13,-0.18,-0.6889,1.6286,1416843,36999988.02,6228000000.0,2257650000.0,2686
2016-09-28,'002768,国恩股份,26.13,26.43,26.08,26.43,26.43,-0.3,-1.1351,1.3037,1134225,29706303.08,6271200000.0,2273310000.0,2134
2016-09-27,'002768,国恩股份,26.43,26.54,25.64,26.1,26.3,0.13,0.4943,2.3363,2032556,53114600.21,6343200000.0,2299410000.0,3721
2016-09-26,'002768,国恩股份,26.3,27.69,26.3,27.6,27.51,-1.21,-4.3984,2.6282,2286523,61331144.04,6312000000.0,2288100000.0,4539
2016-09-23,'002768,国恩股份,27.51,28.03,27.5,27.72,27.72,-0.21,-0.7576,1.7949,1561539,43111568.72,6602400000.0,2393370000.0,3137
2016-09-22,'002768,国恩股份,27.72,28.5,27.71,28.39,28.23,-0.51,-1.8066,3.0529,2656019,74300541.1,6652800000.0,2411640000.0,4879
2016-09-21,'002768,国恩股份,28.23,28.43,28.02,28.02,27.9,0.33,1.1828,2.1235,1847464,52297473.76,6775200000.0,2456010000.0,3574
2016-09-20,'002768,国恩股份,27.9,28.07,27.67,27.8,27.75,0.15,0.5405,1.6037,1395256,38932106.54,6696000000.0,2427300000.0,2598
2016-09-19,'002768,国恩股份,27.75,27.84,27.49,27.49,27.49,0.26,0.9458,2.0946,1822327,50544939.59,6660000000.0,2414250000.0,3080
2016-09-14,'002768,国恩股份,27.49,28.4,27.33,28.17,28.41,-0.92,-3.2383,4.1857,3641580,101161739.71,6597600000.0,2391630000.0,6295
2016-09-13,'002768,国恩股份,28.41,29.0,28.05,28.77,28.66,-0.25,-0.8723,2.7831,2421321,68919645.5,6818400000.0,2471670000.0,3945
2016-09-12,'002768,国恩股份,28.66,29.4,28.4,29.4,29.73,-1.07,-3.5991,3.1971,2781490,79985659.66,6878400000.0,2493420000.0,4922
2016-09-09,'002768,国恩股份,29.73,29.92,29.62,29.9,29.71,0.02,0.0673,1.7532,1525248,45404837.24,7135200000.0,2586510000.0,2728
2016-09-08,'002768,国恩股份,29.71,29.96,29.59,29.78,29.78,-0.07,-0.2351,2.0274,1763879,52520271.22,7130400000.0,2584770000.0,3042
2016-09-07,'002768,国恩股份,29.78,30.18,29.73,30.09,30.18,-0.4,-1.3254,3.34,2905806,86845868.88,7147200000.0,2590860000.0,4247
2016-09-06,'002768,国恩股份,30.18,30.22,29.61,29.64,29.63,0.55,1.8562,2.9738,2587175,77355558.34,7243200000.0,2625660000.0,4555
2016-09-05,'002768,国恩股份,29.63,30.37,29.5,30.0,30.02,-0.39,-1.2991,4.1073,3573329,106579695.53,7111200000.0,2577810000.0,6838
2016-09-02,'002768,国恩股份,30.02,30.99,29.82,30.83,30.94,-0.92,-2.9735,5.556,4833754,146321232.29,7204800000.0,2611740000.0,8704
2016-09-01,'002768,国恩股份,30.94,31.43,30.9,31.21,31.21,-0.27,-0.8651,2.3792,2069872,64329016.8,7425600000.0,2691780000.0,3685
2016-08-31,'002768,国恩股份,31.21,31.69,31.02,31.69,31.62,-0.41,-1.2966,3.0737,2674153,83506620.23,7490400000.0,2715270000.0,4389
2016-08-30,'002768,国恩股份,31.62,31.97,31.52,31.77,31.76,-0.14,-0.4408,2.2736,1978006,62694196.04,7588800000.0,2750940000.0,3623
2016-08-29,'002768,国恩股份,31.76,32.1,31.56,31.8,32.08,-0.32,-0.9975,3.459,3009314,95802917.43,7622400000.0,2763120000.0,4785
2016-08-26,'002768,国恩股份,32.08,32.73,31.81,32.73,32.73,-0.65,-1.9859,7.4388,6471763,208349419.0,7699200000.0,2790960000.0,10313
2016-08-25,'002768,国恩股份,32.73,32.96,30.83,30.83,31.75,0.98,3.0866,15.9647,13889320,448516118.1,7855200000.0,2847510000.0,19324
2016-08-24,'002768,国恩股份,31.75,32.3,30.73,31.1,31.06,0.69,2.2215,7.009,6097826,191203616.83,7620000000.0,2762250000.0,8970
2016-08-23,'002768,国恩股份,31.06,31.16,30.58,30.7,30.86,0.2,0.6481,2.1768,1893796,58495284.18,7454400000.0,2702220000.0,3272
2016-08-22,'002768,国恩股份,30.86,31.58,30.77,31.28,31.28,-0.42,-1.3427,3.7431,3256494,101713166.15,7406400000.0,2684820000.0,4944
2016-08-19,'002768,国恩股份,31.28,31.54,30.5,30.8,30.81,0.47,1.5255,3.9104,3402031,105607305.52,7507200000.0,2721360000.0,5644
2016-08-18,'002768,国恩股份,30.81,31.55,30.66,31.22,31.39,-0.58,-1.8477,2.9582,2573636,79843093.15,7394400000.0,2680470000.0,4881
2016-08-17,'002768,国恩股份,31.39,31.54,30.61,30.85,30.85,0.54,1.7504,3.6263,3154859,98396760.66,7533600000.0,2730930000.0,5104
2016-08-16,'002768,国恩股份,30.85,31.6,30.8,31.13,31.2,-0.35,-1.1218,3.8508,3350222,104424141.93,7404000000.0,2683950000.0,5770
2016-08-15,'002768,国恩股份,31.2,31.5,30.36,30.73,30.47,0.73,2.3958,3.9034,3395948,105213360.31,7488000000.0,2714400000.0,5577
2016-08-12,'002768,国恩股份,30.47,30.66,29.73,30.66,30.44,0.03,0.0986,3.4848,3031735,91488582.53,7312800000.0,2650890000.0,5014
2016-08-11,'002768,国恩股份,30.44,31.8,30.4,31.3,31.4,-0.96,-3.0573,3.8564,3355106,104515913.95,7305600000.0,2648280000.0,6060
2016-08-10,'002768,国恩股份,31.4,31.75,31.27,31.5,31.74,-0.34,-1.0712,3.9633,3448110,108425891.31,7536000000.0,2731800000.0,5574
2016-08-09,'002768,国恩股份,31.74,31.9,31.0,31.73,31.81,-0.07,-0.2201,6.1994,5393464,169702212.8,7617600000.0,2761380000.0,8927
2016-08-08,'002768,国恩股份,31.81,32.37,29.22,29.61,29.61,2.2,7.4299,11.0597,9621929,295357208.43,7634400000.0,2767470000.0,10992
2016-08-05,'002768,国恩股份,29.61,30.45,29.58,29.63,29.92,-0.31,-1.0361,3.0368,2642010,79129131.2,7106400000.0,2576070000.0,4170
2016-08-04,'002768,国恩股份,29.92,30.35,28.69,28.98,28.98,0.94,3.2436,4.1522,3612372,107103314.61,7180800000.0,2603040000.0,6585
2016-08-03,'002768,国恩股份,28.98,29.2,28.56,28.95,28.94,0.04,0.1382,1.848,1607780,46457371.44,6955200000.0,2521260000.0,3008
2016-08-02,'002768,国恩股份,28.94,29.63,28.61,29.35,29.2,-0.26,-0.8904,2.5471,2216003,64218117.54,6945600000.0,2517780000.0,4186
2016-08-01,'002768,国恩股份,29.2,30.49,28.0,30.41,30.42,-1.22,-4.0105,4.3519,3786133,110855446.58,7008000000.0,2540400000.0,5871
2016-07-29,'002768,国恩股份,30.42,30.99,30.25,30.99,31.05,-0.63,-2.029,2.0711,1801833,55088214.13,7300800000.0,2646540000.0,3376
2016-07-28,'002768,国恩股份,31.05,31.26,29.75,30.45,30.79,0.26,0.8444,3.8309,3332898,101484308.64,7452000000.0,2701350000.0,6030
2016-07-27,'002768,国恩股份,30.79,32.34,29.75,32.28,32.29,-1.5,-4.6454,6.2056,5398849,166681765.48,7389600000.0,2678730000.0,9576
2016-07-26,'002768,国恩股份,32.29,32.6,32.0,32.45,32.34,-0.05,-0.1546,3.8677,3364869,108487728.85,7749600000.0,2809230000.0,6145
2016-07-25,'002768,国恩股份,32.34,32.48,30.7,30.78,31.23,1.11,3.5543,5.7847,5032704,159643355.56,7761600000.0,2813580000.0,8168
2016-07-22,'002768,国恩股份,31.23,32.56,31.15,32.56,32.56,-1.33,-4.0848,6.111,5316573,168178838.87,7495200000.0,2717010000.0,9754
2016-07-21,'002768,国恩股份,32.56,33.55,32.46,32.62,32.95,-0.39,-1.1836,7.3056,6355847,209696399.11,7814400000.0,2832720000.0,11066
2016-07-20,'002768,国恩股份,32.95,34.1,32.52,32.95,32.27,0.68,2.1072,11.1665,9714871,322739561.38,7908000000.0,2866650000.0,17590
2016-07-19,'002768,国恩股份,32.27,32.9,30.98,31.61,32.04,0.23,0.7179,8.4136,7319822,232785556.48,7744800000.0,2807490000.0,13098
2016-07-18,'002768,国恩股份,32.04,33.68,32.0,32.45,32.46,-0.42,-1.2939,11.4956,10001149,328921609.42,7689600000.0,2787480000.0,18257
2016-07-15,'002768,国恩股份,32.46,33.19,31.11,31.58,31.9,0.56,1.7555,13.1461,11437125,365505234.34,7790400000.0,2824020000.0,18295
2016-07-14,'002768,国恩股份,31.9,32.53,30.7,30.7,30.61,1.29,4.2143,13.8937,12087536,383912264.06,7656000000.0,2775300000.0,21086
2016-07-13,'002768,国恩股份,30.61,30.85,30.01,30.23,30.2,0.41,1.3576,5.5499,4828411,147131937.03,7346400000.0,2663070000.0,8137
2016-07-12,'002768,国恩股份,30.2,30.22,29.23,30.16,30.21,-0.01,-0.0331,5.5133,4796561,143075680.46,7248000000.0,2627400000.0,7617
2016-07-11,'002768,国恩股份,30.21,30.88,29.7,30.4,30.71,-0.5,-1.6281,5.8248,5067554,154492312.04,7250400000.0,2628270000.0,9028
2016-07-08,'002768,国恩股份,30.71,31.34,30.47,30.8,30.99,-0.28,-0.9035,7.6025,6614210,204171442.28,7370400000.0,2671770000.0,12188
2016-07-07,'002768,国恩股份,30.99,31.39,29.44,29.48,29.49,1.5,5.0865,12.8744,11200716,341782818.9,7437600000.0,2696130000.0,19748
2016-07-06,'002768,国恩股份,29.49,29.74,29.05,29.21,29.43,0.06,0.2039,4.6905,4080739,120460025.55,7077600000.0,2565630000.0,6915
2016-07-05,'002768,国恩股份,29.43,30.38,29.2,30.32,30.4,-0.97,-3.1908,9.9349,8643393,256246174.86,7063200000.0,2560410000.0,14643
2016-07-04,'002768,国恩股份,30.4,30.6,29.8,30.3,30.34,0.06,0.1978,5.3587,4662080,140856822.77,7296000000.0,2644800000.0,8421
2016-07-01,'002768,国恩股份,30.34,30.85,30.1,30.1,30.1,0.24,0.7973,4.433,3856753,117257192.44,7281600000.0,2639580000.0,6847
2016-06-30,'002768,国恩股份,30.1,31.0,30.0,31.0,31.27,-1.17,-3.7416,6.2207,5412022,164309062.45,7224000000.0,2618700000.0,10262
2016-06-29,'002768,国恩股份,31.27,31.3,29.7,29.9,30.03,1.24,4.1292,14.3927,8635641,265736961.34,7504800000.0,1876200000.0,14923
2016-06-28,'002768,国恩股份,30.03,30.32,29.3,29.76,29.85,0.18,0.603,8.2182,4930907,146982404.3,7207200000.0,1801800000.0,9030
2016-06-27,'002768,国恩股份,29.85,30.0,29.0,29.0,29.66,0.19,0.6406,7.2541,4352472,129056870.53,7164000000.0,1791000000.0,8052
2016-06-24,'002768,国恩股份,29.66,30.89,28.2,30.6,30.67,-1.01,-3.2931,10.3761,6225653,184462881.28,7118400000.0,1779600000.0,13263
2016-06-23,'002768,国恩股份,30.67,31.9,30.51,31.9,31.72,-1.05,-3.3102,9.0033,5401953,167073262.61,7360800000.0,1840200000.0,11330
2016-06-22,'002768,国恩股份,31.72,32.0,30.66,31.38,31.49,0.23,0.7304,11.2584,6755040,210783297.43,7612800000.0,1903200000.0,12902
2016-06-21,'002768,国恩股份,31.49,32.46,29.67,29.67,29.54,1.95,6.6012,19.6793,11807607,369744581.75,7557600000.0,1889400000.0,23482
2016-06-20,'002768,国恩股份,29.54,29.96,28.89,29.54,29.56,-0.02,-0.0677,5.4104,3246238,95197356.04,7089600000.0,1772400000.0,6348
2016-06-17,'002768,国恩股份,29.56,30.26,29.41,29.58,29.59,-0.03,-0.1014,6.3636,3818139,113965030.76,7094400000.0,1773600000.0,7887
2016-06-16,'002768,国恩股份,29.59,30.75,29.43,29.89,29.94,-0.35,-1.169,7.754,4652372,139853763.09,7101600000.0,1775400000.0,9091
2016-06-15,'002768,国恩股份,29.94,30.48,28.22,28.31,28.96,0.98,3.384,8.4948,5096857,151456170.66,7185600000.0,1796400000.0,10315
2016-06-14,'002768,国恩股份,28.96,29.16,27.9,28.0,28.44,0.52,1.8284,7.6001,4560062,130441742.36,6950400000.0,1737600000.0,9181
2016-06-13,'002768,国恩股份,28.44,30.95,28.41,29.7,30.45,-2.01,-6.601,10.1396,6083787,181432256.86,6825600000.0,1706400000.0,11865
2016-06-08,'002768,国恩股份,30.45,31.45,30.13,31.45,31.45,-1.0,-3.1797,10.0476,6028557,184387379.1,7308000000.0,1827000000.0,12375
2016-06-07,'002768,国恩股份,31.45,32.0,31.18,31.19,31.18,0.27,0.8659,9.6692,5801534,182550292.34,7548000000.0,1887000000.0,11212
2016-06-06,'002768,国恩股份,31.18,32.35,31.05,32.3,32.36,-1.18,-3.6465,12.564,7538373,238774433.04,7483200000.0,1870800000.0,16246
2016-06-03,'002768,国恩股份,32.36,33.39,31.2,32.01,32.3,0.06,0.1858,24.6159,14769528,478872654.43,7766400000.0,1941600000.0,29571
2016-06-02,'002768,国恩股份,32.3,32.3,29.09,29.27,29.55,2.75,9.3063,21.5303,12918207,396149627.36,7752000000.0,1938000000.0,24823
2016-06-01,'002768,国恩股份,29.55,30.0,27.83,28.24,28.17,1.38,4.8988,16.9151,10149076,293653404.4,7092000000.0,1773000000.0,18117
2016-05-31,'002768,国恩股份,28.17,28.43,26.97,26.97,27.08,1.09,4.0251,12.1604,7296241,202652634.48,6760800000.0,1690200000.0,12192
2016-05-30,'002768,国恩股份,27.08,27.62,26.2,26.8,26.84,0.24,0.8942,6.8857,4131437,111928805.98,6499200000.0,1624800000.0,7301
2016-05-27,'002768,国恩股份,26.84,27.25,26.67,26.7,27.01,-0.17,-0.6294,5.0747,3044790,81972767.31,6441600000.0,1610400000.0,5146
2016-05-26,'002768,国恩股份,27.01,27.15,26.09,26.75,26.91,0.1,0.3716,6.4997,3899831,103771425.43,6482400000.0,1620600000.0,6663
2016-05-25,'002768,国恩股份,26.91,27.43,26.76,27.39,26.77,0.14,0.523,5.6732,3403934,92317870.09,6458400000.0,1614600000.0,6963
2016-05-24,'002768,国恩股份,26.77,27.59,26.71,27.09,27.45,-0.68,-2.4772,5.8268,3496085,94337001.95,6424800000.0,1606200000.0,6766
2016-05-23,'002768,国恩股份,27.45,27.85,26.96,27.11,26.95,0.5,1.8553,8.5227,5113646,140032708.46,6588000000.0,1647000000.0,8560
2016-05-20,'002768,国恩股份,26.95,27.18,26.3,26.5,27.11,-0.16,-0.5902,5.5991,3359477,90041601.26,6468000000.0,1617000000.0,6451
2016-05-19,'002768,国恩股份,27.11,27.75,27.0,27.39,27.1,0.01,0.0369,6.5254,3915268,107229003.52,6506400000.0,1626600000.0,7341
2016-05-18,'002768,国恩股份,27.1,28.28,26.98,27.47,28.2,-1.1,-3.9007,8.098,4858825,133019099.31,6504000000.0,1626000000.0,10053
2016-05-17,'002768,国恩股份,28.2,28.59,27.05,27.35,27.54,0.66,2.3965,13.1618,7897081,220934189.0,6768000000.0,1692000000.0,13467
2016-05-16,'002768,国恩股份,27.54,27.59,27.0,27.28,27.28,0.26,0.9531,6.3428,3805709,104129892.4,6609600000.0,1652400000.0,6379
2016-05-13,'002768,国恩股份,27.28,28.1,27.1,27.77,27.76,-0.48,-1.7291,6.8166,4089967,113065292.31,6547200000.0,1636800000.0,8322
2016-05-12,'002768,国恩股份,27.76,28.09,26.04,27.08,27.8,-0.04,-0.1439,9.8365,5901907,159703574.85,6662400000.0,1665600000.0,10897
2016-05-11,'002768,国恩股份,27.8,28.45,27.04,28.3,27.81,-0.01,-0.036,8.9379,5362718,148437119.59,6672000000.0,1668000000.0,9789
2016-05-10,'002768,国恩股份,27.81,28.44,27.42,27.42,27.4,0.41,1.4964,7.6266,4575957,127594921.49,6674400000.0,1668600000.0,9066
2016-05-09,'002768,国恩股份,27.4,29.5,27.08,29.5,29.7,-2.3,-7.7441,10.4382,6262917,174297987.51,6576000000.0,1644000000.0,13152
2016-05-06,'002768,国恩股份,29.7,31.7,29.5,31.7,31.69,-1.99,-6.2796,17.5177,10510626,321909461.87,7128000000.0,1782000000.0,22409
2016-05-05,'002768,国恩股份,31.69,31.99,30.01,30.01,30.51,1.18,3.8676,19.0679,11440753,356434533.93,7605600000.0,1901400000.0,22238
2016-05-04,'002768,国恩股份,30.51,31.15,30.24,30.51,30.71,-0.2,-0.6513,11.0219,6613132,202945928.5,7322400000.0,1830600000.0,13266
2016-05-03,'002768,国恩股份,30.71,31.04,29.28,30.15,30.13,0.58,1.925,11.6543,6992567,212555967.84,7370400000.0,1842600000.0,14597
2016-04-29,'002768,国恩股份,30.13,31.2,30.12,30.79,31.28,-1.15,-3.6765,11.0577,6634635,202076947.5,7231200000.0,1807800000.0,14540
2016-04-28,'002768,国恩股份,31.28,31.8,30.18,31.8,31.8,-0.52,-1.6352,13.8075,8284516,254866334.14,7507200000.0,1876800000.0,17879
2016-04-27,'002768,国恩股份,31.8,33.3,31.0,31.26,31.9,-0.1,-0.3135,20.3713,12222770,394215121.75,7632000000.0,1908000000.0,24999
2016-04-26,'002768,国恩股份,31.9,33.05,29.89,30.18,30.22,1.68,5.5592,26.3425,15805483,506170371.42,7656000000.0,1914000000.0,29241
2016-04-25,'002768,国恩股份,30.22,31.2,29.29,31.2,31.41,-1.19,-3.7886,17.1112,10266734,309786684.44,7252800000.0,1813200000.0,17240
2016-04-22,'002768,国恩股份,31.41,31.41,28.6,28.6,28.55,2.86,10.0175,25.1263,15075800,464435728.78,7538400000.0,1884600000.0,23788
2016-04-21,'002768,国恩股份,28.55,30.2,28.47,30.0,30.68,-2.13,-6.9426,16.9552,10173101,300332541.46,6852000000.0,1713000000.0,18746
2016-04-20,'002768,国恩股份,30.68,34.49,30.68,34.39,34.09,-3.41,-10.0029,20.5822,12349346,395142529.99,7363200000.0,1840800000.0,26598
2016-04-19,'002768,国恩股份,34.09,34.84,33.61,34.45,34.3,-0.21,-0.6122,12.011,7206572,245889719.09,8181600000.0,2045400000.0,15425
2016-04-18,'002768,国恩股份,34.3,34.9,33.0,34.06,34.05,0.25,0.7342,16.9568,10174104,348229768.65,8232000000.0,2058000000.0,21309
2016-04-15,'002768,国恩股份,34.05,34.99,33.88,34.97,34.91,-0.86,-2.4635,16.2058,9723489,332102631.46,8172000000.0,2043000000.0,19776
2016-04-14,'002768,国恩股份,34.91,35.15,33.82,34.9,34.98,-0.07,-0.2001,21.9201,13152086,451860488.11,8378400000.0,2094600000.0,26615
2016-04-13,'002768,国恩股份,34.98,36.44,34.66,35.0,35.0,-0.02,-0.0571,23.9998,14399908,507729443.97,8395200000.0,2098800000.0,27261
2016-04-12,'002768,国恩股份,35.0,37.58,34.0,36.91,36.6,-1.6,-4.3716,26.3279,15796714,556530513.22,8400000000.0,2100000000.0,31865
2016-04-11,'002768,国恩股份,36.6,38.6,35.77,36.99,39.1,-2.5,-6.3939,32.7368,19642109,727382055.15,8784000000.0,2196000000.0,38286
2016-04-08,'002768,国恩股份,0.0,0.0,0.0,0.0,39.1,None,None,0.0,0,0.0,9384000000.0,2346000000.0,0
2016-04-07,'002768,国恩股份,0.0,0.0,0.0,0.0,39.1,None,None,0.0,0,0.0,9384000000.0,2346000000.0,0
2016-04-06,'002768,国恩股份,0.0,0.0,0.0,0.0,39.1,None,None,0.0,0,0.0,9384000000.0,2346000000.0,0
2016-04-05,'002768,国恩股份,0.0,0.0,0.0,0.0,39.1,None,None,0.0,0,0.0,9384000000.0,2346000000.0,0
2016-04-01,'002768,国恩股份,39.1,44.0,36.88,43.0,40.03,-0.93,-2.3233,62.2719,37363117,1539227796.11,9384000000.0,2346000000.0,64059
2016-03-31,'002768,国恩股份,40.03,40.03,38.5,39.0,36.39,3.64,10.0027,13.7623,8257386,324840331.27,9607200000.0,2401800000.0,8378
2016-03-30,'002768,国恩股份,36.39,36.39,33.0,33.5,33.08,3.31,10.006,37.1577,22294622,792300088.45,8733600000.0,2183400000.0,26224
2016-03-29,'002768,国恩股份,99.45,105.0,92.0,103.21,101.98,-2.53,-2.4809,35.1684,7033682,691362531.38,7956000000.0,1989000000.0,19823
2016-03-28,'002768,国恩股份,101.98,101.98,94.0,94.0,92.71,9.27,9.9989,29.3438,5868765,584673890.08,8158400000.0,2039600000.0,13681
2016-03-25,'002768,国恩股份,92.71,99.78,91.0,98.0,98.15,-5.44,-5.5425,21.7784,4355676,411648392.26,7416800000.0,1854200000.0,12431
2016-03-24,'002768,国恩股份,98.15,102.69,93.0,94.9,93.4,4.75,5.0857,35.0394,7007889,687471406.75,7852000000.0,1963000000.0,15225
2016-03-23,'002768,国恩股份,93.4,93.78,84.1,84.99,85.3,8.1,9.4959,27.6615,5532298,491272161.67,7472000000.0,1868000000.0,12160
2016-03-22,'002768,国恩股份,85.3,90.41,82.61,83.0,85.0,0.3,0.3529,23.1708,4634162,399994072.95,6824000000.0,1706000000.0,11626
2016-03-21,'002768,国恩股份,85.0,86.4,79.0,80.6,80.0,5.0,6.25,22.0861,4417211,360948928.37,6800000000.0,1700000000.0,11480
2016-03-18,'002768,国恩股份,80.0,81.9,73.87,74.87,74.85,5.15,6.8804,25.322,5064408,393158013.83,6400000000.0,1600000000.0,12325
2016-03-17,'002768,国恩股份,74.85,76.49,68.0,69.42,69.75,5.1,7.3118,21.8048,4360962,315809585.06,5988000000.0,1497000000.0,11753
2016-03-16,'002768,国恩股份,69.75,76.99,67.58,73.85,74.94,-5.19,-6.9255,23.167,4633408,331729524.66,5580000000.0,1395000000.0,12205
2016-03-15,'002768,国恩股份,74.94,76.5,70.52,73.95,73.4,1.54,2.0981,18.3795,3675897,270929340.31,5995200000.0,1498800000.0,9328
2016-03-14,'002768,国恩股份,73.4,75.45,67.96,68.0,68.59,4.81,7.0127,21.5923,4318467,316785035.76,5872000000.0,1468000000.0,9948
2016-03-11,'002768,国恩股份,68.59,69.1,64.44,64.5,65.3,3.29,5.0383,15.1384,3027672,204187928.07,5487200000.0,1371800000.0,8541
2016-03-10,'002768,国恩股份,65.3,67.85,61.8,62.0,61.7,3.6,5.8347,17.1323,3426454,224852929.5,5224000000.0,1306000000.0,9424
2016-03-09,'002768,国恩股份,61.7,63.33,61.0,61.6,63.68,-1.98,-3.1093,5.6563,1131264,70285728.43,4936000000.0,1234000000.0,3629
2016-03-08,'002768,国恩股份,63.68,64.0,58.88,63.9,64.42,-0.74,-1.1487,9.987,1997398,122286448.79,5094400000.0,1273600000.0,5990
2016-03-07,'002768,国恩股份,64.42,65.88,63.55,64.0,62.5,1.92,3.072,7.8219,1564373,101234437.29,5153600000.0,1288400000.0,4847
2016-03-04,'002768,国恩股份,62.5,67.97,62.04,67.58,68.84,-6.34,-9.2098,15.0445,3008895,194431880.31,5000000000.0,1250000000.0,8745
2016-03-03,'002768,国恩股份,68.84,71.55,68.84,70.38,70.96,-2.12,-2.9876,12.7366,2547324,178315473.42,5507200000.0,1376800000.0,7128
2016-03-02,'002768,国恩股份,70.96,72.81,67.03,67.6,67.88,3.08,4.5374,15.137,3027393,213828808.11,5676800000.0,1419200000.0,8123
2016-03-01,'002768,国恩股份,67.88,69.0,63.44,64.24,63.99,3.89,6.0791,14.5395,2907897,192473901.74,5430400000.0,1357600000.0,7715
2016-02-29,'002768,国恩股份,63.99,68.78,62.32,68.0,69.0,-5.01,-7.2609,13.0625,2612492,167014430.93,5119200000.0,1279800000.0,6384
2016-02-26,'002768,国恩股份,69.0,71.49,67.88,70.2,69.12,-0.12,-0.1736,12.8438,2568768,179519396.82,5520000000.0,1380000000.0,7085
2016-02-25,'002768,国恩股份,69.12,76.01,69.12,76.0,76.8,-7.68,-10.0,17.7794,3555889,254408903.77,5529600000.0,1382400000.0,10053
2016-02-24,'002768,国恩股份,76.8,81.45,74.24,81.1,82.49,-5.69,-6.8978,25.0355,5007105,384459816.76,6144000000.0,1536000000.0,12874
2016-02-23,'002768,国恩股份,82.49,83.6,78.11,79.0,79.02,3.47,4.3913,23.1182,4623630,376830991.73,6599200000.0,1649800000.0,11871
2016-02-22,'002768,国恩股份,79.02,79.8,76.55,77.0,76.03,2.99,3.9327,16.6657,3333148,259687670.44,6321600000.0,1580400000.0,8710
2016-02-19,'002768,国恩股份,76.03,77.78,75.0,76.0,77.0,-0.97,-1.2597,17.4688,3493753,266638249.98,6082400000.0,1520600000.0,9041
2016-02-18,'002768,国恩股份,77.0,80.3,70.83,72.9,73.0,4.0,5.4795,30.3583,6071650,459747974.5,6160000000.0,1540000000.0,13425
2016-02-17,'002768,国恩股份,73.0,74.33,67.0,67.9,68.01,4.99,7.3372,22.3722,4474449,313525786.01,5840000000.0,1460000000.0,10339
2016-02-16,'002768,国恩股份,68.01,69.67,65.5,65.55,65.3,2.71,4.1501,12.9015,2580308,175076992.2,5440800000.0,1360200000.0,7045
2016-02-15,'002768,国恩股份,65.3,65.33,61.0,61.0,65.11,0.19,0.2918,9.4429,1888572,119780355.31,5224000000.0,1306000000.0,5144
2016-02-05,'002768,国恩股份,65.11,70.0,65.0,69.56,69.4,-4.29,-6.1816,14.5089,2901788,194370676.81,5208800000.0,1302200000.0,8115
2016-02-04,'002768,国恩股份,69.4,71.56,67.88,67.88,68.0,1.4,2.0588,17.9797,3595940,251912049.93,5552000000.0,1388000000.0,8947
2016-02-03,'002768,国恩股份,68.0,69.29,65.5,68.16,69.7,-1.7,-2.439,15.7523,3150469,213195975.07,5440000000.0,1360000000.0,8261
2016-02-02,'002768,国恩股份,69.7,70.36,65.65,65.95,65.76,3.94,5.9915,20.4589,4091787,279908373.81,5576000000.0,1394000000.0,9233
2016-02-01,'002768,国恩股份,65.76,68.47,63.28,64.88,66.45,-0.69,-1.0384,13.2756,2655124,175037219.07,5260800000.0,1315200000.0,7498
2016-01-29,'002768,国恩股份,66.45,66.8,59.01,60.68,62.51,3.94,6.303,18.2988,3659760,232745145.6,5316000000.0,1329000000.0,8976
2016-01-28,'002768,国恩股份,62.51,68.94,62.51,67.3,69.45,-6.94,-9.9928,19.6768,3935358,258899276.19,5000800000.0,1250200000.0,10271
2016-01-27,'002768,国恩股份,69.45,69.82,61.0,65.0,65.3,4.15,6.3553,26.5901,5318010,352514620.45,5556000000.0,1389000000.0,12862
2016-01-26,'002768,国恩股份,65.3,70.48,64.57,69.96,71.7,-6.4,-8.9261,20.9792,4195845,285540101.43,5224000000.0,1306000000.0,10441
2016-01-25,'002768,国恩股份,71.7,71.8,68.02,71.0,68.33,3.37,4.9319,28.3921,5678417,396542007.46,5736000000.0,1434000000.0,11811
2016-01-22,'002768,国恩股份,68.33,68.33,63.34,63.46,62.12,6.21,9.9968,30.3281,6065624,406317052.66,5466400000.0,1366600000.0,12482
2016-01-21,'002768,国恩股份,62.12,68.88,62.0,64.93,66.73,-4.61,-6.9084,21.768,4353597,287079609.98,4969600000.0,1242400000.0,10783
2016-01-20,'002768,国恩股份,66.73,69.3,62.04,62.88,63.0,3.73,5.9206,27.275,5455001,364808115.62,5338400000.0,1334600000.0,12767
2016-01-19,'002768,国恩股份,63.0,63.0,58.3,59.52,59.34,3.66,6.1678,16.4187,3283749,199074459.16,5040000000.0,1260000000.0,7898
2016-01-18,'002768,国恩股份,59.34,61.96,55.2,56.0,58.0,1.34,2.3103,14.7605,2952101,174873598.78,4747200000.0,1186800000.0,7412
2016-01-15,'002768,国恩股份,58.0,64.0,57.19,62.79,63.54,-5.54,-8.7189,16.2447,3248935,196768456.82,4640000000.0,1160000000.0,8502
2016-01-14,'002768,国恩股份,63.54,65.17,57.21,58.01,61.98,1.56,2.5169,18.2288,3645757,223395851.15,5083200000.0,1270800000.0,9231
2016-01-13,'002768,国恩股份,61.98,64.0,59.75,60.0,59.72,2.26,3.7843,21.539,4307801,268708084.18,4958400000.0,1239600000.0,11010
2016-01-12,'002768,国恩股份,59.72,66.36,59.72,61.8,66.36,-6.64,-10.006,24.8729,4974572,306791377.26,4777600000.0,1194400000.0,12180
2016-01-11,'002768,国恩股份,66.36,78.8,66.36,75.94,73.73,-7.37,-9.9959,43.8555,8771105,626485210.69,5308800000.0,1327200000.0,19165
2016-01-08,'002768,国恩股份,73.73,73.73,68.88,70.0,67.03,6.7,9.9955,24.8253,4965065,356961758.66,5898400000.0,1474600000.0,9102
2016-01-07,'002768,国恩股份,67.03,74.88,65.65,72.18,71.17,-4.14,-5.8171,15.9774,3195471,231231607.05,5362400000.0,1340600000.0,6548
2016-01-06,'002768,国恩股份,71.17,71.17,65.8,66.66,64.7,6.47,10.0,39.4569,7891377,549232066.69,5693600000.0,1423400000.0,12927
2016-01-05,'002768,国恩股份,64.7,64.7,63.01,64.7,58.82,5.88,9.9966,11.4068,2281364,147306901.67,5176000000.0,1294000000.0,2677
2016-01-04,'002768,国恩股份,58.82,66.5,57.8,64.65,63.96,-5.14,-8.0363,14.7325,2946501,190340015.18,4705600000.0,1176400000.0,5744
