日期,股票代码,名称,收盘价,最高价,最低价,开盘价,前收盘,涨跌额,涨跌幅,换手率,成交量,成交金额,总市值,流通市值,成交笔数
2016-10-12,'002015,霞客环保,9.82,10.3,9.74,9.75,9.91,-0.09,-0.9082,3.8353,15368292,153101992.43,3934911561.5,3934911561.5,9631
2016-10-11,'002015,霞客环保,9.91,9.99,9.37,9.37,9.37,0.54,5.7631,5.709,22876286,223524245.65,3970974905.75,3970974905.75,10542
2016-10-10,'002015,霞客环保,9.37,9.45,9.12,9.15,9.14,0.23,2.5164,1.4992,6007375,55742904.1,3754594840.25,3754594840.25,3141
2016-09-30,'002015,霞客环保,9.14,9.18,9.1,9.1,9.13,0.01,0.1095,0.562,2252131,20567327.03,3662432960.5,3662432960.5,1235
2016-09-29,'002015,霞客环保,9.13,9.21,9.06,9.21,9.12,0.01,0.1096,0.5041,2020071,18485745.59,3658425922.25,3658425922.25,1377
2016-09-28,'002015,霞客环保,9.12,9.26,9.1,9.18,9.13,-0.01,-0.1095,0.5806,2326450,21315595.22,3654418884.0,3654418884.0,1297
2016-09-27,'002015,霞客环保,9.13,9.29,9.08,9.17,9.24,-0.11,-1.1905,0.9373,3755849,34316521.62,3658425922.25,3658425922.25,2222
2016-09-26,'002015,霞客环保,9.24,9.45,9.23,9.38,9.37,-0.13,-1.3874,1.7317,6939100,65075607.3,3702503343.0,3702503343.0,3649
2016-09-23,'002015,霞客环保,9.37,9.42,9.2,9.25,9.25,0.12,1.2973,1.3699,5489066,51166427.87,3754594840.25,3754594840.25,2545
2016-09-22,'002015,霞客环保,9.25,9.3,9.23,9.25,9.22,0.03,0.3254,0.6566,2631198,24395516.5,3706510381.25,3706510381.25,1348
2016-09-21,'002015,霞客环保,9.22,9.33,9.19,9.25,9.26,-0.04,-0.432,0.702,2812785,25956742.72,3694489266.5,3694489266.5,1436
2016-09-20,'002015,霞客环保,9.26,9.44,9.18,9.3,9.33,-0.07,-0.7503,1.0735,4301636,39978851.82,3710517419.5,3710517419.5,2459
2016-09-19,'002015,霞客环保,9.33,9.35,9.12,9.16,9.16,0.17,1.8559,1.2416,4975264,46182579.27,3738566687.25,3738566687.25,2739
2016-09-14,'002015,霞客环保,9.16,9.26,9.11,9.11,9.26,-0.1,-1.0799,0.6625,2654542,24388535.87,3670447037.0,3670447037.0,1606
2016-09-13,'002015,霞客环保,9.26,9.5,9.03,9.03,9.03,0.23,2.5471,1.2825,5138948,47622331.44,3710517419.5,3710517419.5,2942
2016-09-12,'002015,霞客环保,9.03,9.17,9.02,9.17,9.22,-0.19,-2.0607,0.9715,3892892,35265936.11,3618355539.75,3618355539.75,1915
2016-09-09,'002015,霞客环保,9.22,9.35,9.22,9.3,9.3,-0.08,-0.8602,0.5504,2205300,20437974.53,3694489266.5,3694489266.5,1289
2016-09-08,'002015,霞客环保,9.3,9.34,9.21,9.24,9.24,0.06,0.6494,0.6541,2620895,24256645.69,3726545572.5,3726545572.5,1400
2016-09-07,'002015,霞客环保,9.24,9.38,9.2,9.29,9.23,0.01,0.1083,1.1525,4618261,42944685.12,3702503343.0,3702503343.0,2533
2016-09-06,'002015,霞客环保,9.23,9.31,9.05,9.13,9.11,0.12,1.3172,1.2689,5084693,46715301.43,3698496304.75,3698496304.75,2227
2016-09-05,'002015,霞客环保,9.11,9.14,9.03,9.1,9.1,0.01,0.1099,0.6225,2494519,22695376.27,3650411845.75,3650411845.75,1139
2016-09-02,'002015,霞客环保,9.1,9.15,9.01,9.01,9.09,0.01,0.11,0.5913,2369331,21536724.07,3646404807.5,3646404807.5,1208
2016-09-01,'002015,霞客环保,9.09,9.16,9.06,9.14,9.04,0.05,0.5531,0.6589,2640320,24043800.86,3642397769.25,3642397769.25,1499
2016-08-31,'002015,霞客环保,9.04,9.17,9.02,9.17,9.16,-0.12,-1.31,1.0152,3629392,32913062.38,3622362578.0,3231797432.64,2415
2016-08-30,'002015,霞客环保,9.16,9.25,9.15,9.21,9.21,-0.05,-0.5429,0.7102,2538905,23320030.75,3670447037.0,3274697398.56,1603
2016-08-29,'002015,霞客环保,9.21,9.36,9.16,9.22,9.25,-0.04,-0.4324,0.9778,3495524,32309993.58,3690482228.25,3292572384.36,2564
2016-08-26,'002015,霞客环保,9.25,9.4,9.22,9.24,9.27,-0.02,-0.2157,1.3453,4809505,44799827.03,3706510381.25,3306872373.0,2215
2016-08-25,'002015,霞客环保,9.27,9.4,9.02,9.15,9.11,0.16,1.7563,1.8709,6688288,61704010.64,3714524457.75,3314022367.32,3376
2016-08-24,'002015,霞客环保,9.11,9.21,9.07,9.17,9.15,-0.04,-0.4372,0.7643,2732209,24924853.24,3650411845.75,3256822412.76,2348
2016-08-23,'002015,霞客环保,9.15,9.24,9.13,9.24,9.19,-0.04,-0.4353,0.865,3092327,28346326.34,3666439998.75,3271122401.4,1578
2016-08-22,'002015,霞客环保,9.19,9.32,9.17,9.2,9.2,-0.01,-0.1087,0.6929,2477033,22870848.84,3682468151.75,3285422390.04,1453
2016-08-19,'002015,霞客环保,9.2,9.26,9.17,9.24,9.24,-0.04,-0.4329,0.6302,2252844,20770880.65,3686475190.0,3288997387.2,1465
2016-08-18,'002015,霞客环保,9.24,9.32,9.22,9.32,9.26,-0.02,-0.216,0.8295,2965504,27431785.96,3702503343.0,3303297375.84,1823
2016-08-17,'002015,霞客环保,9.26,9.39,9.25,9.35,9.34,-0.08,-0.8565,0.9321,3332259,30959196.12,3710517419.5,3310447370.16,1849
2016-08-16,'002015,霞客环保,9.34,9.45,9.28,9.33,9.32,0.02,0.2146,1.1169,3993086,37326041.1,3742573725.5,3339047347.44,2074
2016-08-15,'002015,霞客环保,9.32,9.4,9.21,9.26,9.27,0.05,0.5394,1.266,4525981,42137699.55,3734559649.0,3331897353.12,2479
2016-08-12,'002015,霞客环保,9.27,9.28,9.12,9.2,9.22,0.05,0.5423,1.0523,3761887,34539417.6,3714524457.75,3314022367.32,2106
2016-08-11,'002015,霞客环保,9.22,9.38,9.2,9.22,9.41,-0.19,-2.0191,1.4919,5333529,49566421.48,3694489266.5,3296147381.52,2678
2016-08-10,'002015,霞客环保,9.41,9.55,9.11,9.15,9.12,0.29,3.1798,2.4867,8889790,83140239.45,3770622993.25,3364072327.56,5099
2016-08-09,'002015,霞客环保,9.12,9.25,9.03,9.03,9.05,0.07,0.7735,1.6601,5934745,54194252.83,3654418884.0,3260397409.92,3702
2016-08-08,'002015,霞客环保,9.05,9.2,8.95,9.15,9.26,-0.21,-2.2678,2.5923,9267356,83775912.44,3626369616.25,3235372429.8,4976
2016-08-05,'002015,霞客环保,9.26,9.65,8.8,8.81,8.77,0.49,5.5872,4.2466,15181635,143489132.43,3710517419.5,3310447370.16,7615
2016-08-04,'002015,霞客环保,8.77,8.82,8.75,8.81,8.81,-0.04,-0.454,0.6128,2190599,19208902.14,3514172545.25,3135272509.32,1893
2016-08-03,'002015,霞客环保,8.81,8.82,8.74,8.74,8.73,0.08,0.9164,0.608,2173567,19102972.92,3530200698.25,3149572497.96,1269
2016-08-02,'002015,霞客环保,8.73,8.87,8.72,8.78,8.76,-0.03,-0.3425,0.8461,3024930,26556089.66,3498144392.25,3120972520.68,1558
2016-08-01,'002015,霞客环保,8.76,9.03,8.66,9.02,9.04,-0.28,-3.0973,1.4791,5287695,46564439.01,3510165507.0,3131697512.16,3717
2016-07-29,'002015,霞客环保,9.04,9.14,9.0,9.06,9.09,-0.05,-0.5501,0.8164,2918680,26420749.43,3622362578.0,3231797432.64,1754
2016-07-28,'002015,霞客环保,9.09,9.15,9.02,9.08,9.08,0.01,0.1101,0.9516,3402104,30940606.7,3642397769.25,3249672418.44,2248
2016-07-27,'002015,霞客环保,9.08,9.47,9.0,9.33,9.33,-0.25,-2.6795,1.9173,6854284,63308479.17,3638390731.0,3246097421.28,5919
2016-07-26,'002015,霞客环保,9.33,9.38,9.26,9.28,9.28,0.05,0.5388,0.9733,3479504,32430902.65,3738566687.25,3335472350.28,1767
2016-07-25,'002015,霞客环保,9.28,9.48,9.26,9.45,9.46,-0.18,-1.9027,1.5297,5468701,51170437.12,3718531496.0,3317597364.48,2679
2016-07-22,'002015,霞客环保,9.46,9.65,9.45,9.59,9.62,-0.16,-1.6632,1.123,4014630,38233438.64,3790658184.5,3381947313.36,2851
2016-07-21,'002015,霞客环保,9.62,9.65,9.33,9.38,9.36,0.26,2.7778,2.4325,8696292,82547846.36,3854770796.5,3439147267.92,4628
2016-07-20,'002015,霞客环保,9.36,9.42,9.26,9.26,9.25,0.11,1.1892,1.4178,5068485,47555245.82,3750587802.0,3346197341.76,3000
2016-07-19,'002015,霞客环保,9.25,9.28,9.12,9.13,9.21,0.04,0.4343,1.0435,3730637,34453904.69,3706510381.25,3306872373.0,2200
2016-07-18,'002015,霞客环保,9.21,9.36,9.19,9.34,9.31,-0.1,-1.0741,1.7497,6255076,57839090.96,3690482228.25,3292572384.36,3532
2016-07-15,'002015,霞客环保,9.31,9.54,9.28,9.5,9.5,-0.19,-2.0,1.6241,5806221,54357052.14,3730552610.75,3328322355.96,3374
2016-07-14,'002015,霞客环保,9.5,9.54,9.33,9.37,9.37,0.13,1.3874,1.6949,6059308,57355085.85,3806686337.5,3396247302.0,3773
2016-07-13,'002015,霞客环保,9.37,9.52,9.2,9.5,9.5,-0.13,-1.3684,2.6076,9322020,87112332.27,3754594840.25,3349772338.92,5389
2016-07-12,'002015,霞客环保,9.5,9.75,9.14,9.57,9.67,-0.17,-1.758,3.0404,10869370,103136116.68,3806686337.5,3396247302.0,5810
2016-07-11,'002015,霞客环保,9.67,9.8,9.61,9.7,9.72,-0.05,-0.5144,3.0261,7222723,70009227.55,3874805987.75,2308064648.68,4410
2016-07-08,'002015,霞客环保,9.72,9.78,9.61,9.7,9.81,-0.09,-0.9174,1.8435,4400067,42684906.87,3894841179.0,2319998798.88,2733
2016-07-07,'002015,霞客环保,9.81,9.95,9.76,9.9,9.9,-0.09,-0.9091,2.0307,4846970,47684299.8,3930904523.25,2341480269.24,2916
2016-07-06,'002015,霞客环保,9.9,10.07,9.86,10.05,10.0,-0.1,-1.0,2.4308,5801948,57723147.8,3966967867.5,2362961739.6,3497
2016-07-05,'002015,霞客环保,10.0,10.15,9.93,10.03,9.91,0.09,0.9082,3.7829,9029206,90299089.09,4007038250.0,2386830040.0,5526
2016-07-04,'002015,霞客环保,9.91,9.98,9.65,9.7,9.77,0.14,1.433,2.7008,6446428,63294011.24,3970974905.75,2365348569.64,3550
2016-07-01,'002015,霞客环保,9.77,9.84,9.63,9.8,9.58,0.19,1.9833,2.3505,5610175,54653441.75,3914876370.25,2331932949.08,3216
2016-06-30,'002015,霞客环保,9.58,9.78,9.48,9.76,9.76,-0.18,-1.8443,2.3306,5562782,53508872.13,3838742643.5,2286583178.32,3126
2016-06-29,'002015,霞客环保,9.76,9.86,9.69,9.8,9.77,-0.01,-0.1024,1.5944,3805460,37107664.44,3910869332.0,2329546119.04,2586
2016-06-28,'002015,霞客环保,9.77,9.87,9.5,9.57,9.57,0.2,2.0899,2.5183,6010704,58538225.91,3914876370.25,2331932949.08,3286
2016-06-27,'002015,霞客环保,9.57,9.67,9.35,9.47,9.47,0.1,1.056,1.901,4537299,43438345.57,3834735605.25,2284196348.28,2534
2016-06-24,'002015,霞客环保,9.47,9.83,9.24,9.75,9.68,-0.21,-2.1694,2.4149,5763990,55037368.71,3794665222.75,2260328047.88,3337
2016-06-23,'002015,霞客环保,9.68,9.89,9.66,9.83,9.85,-0.17,-1.7259,1.8734,4471480,43537653.8,3878813026.0,2310451478.72,2455
2016-06-22,'002015,霞客环保,9.85,9.87,9.71,9.86,9.8,0.05,0.5102,1.6409,3916455,38349794.11,3946932676.25,2351027589.4,2375
2016-06-21,'002015,霞客环保,9.8,10.05,9.7,9.89,9.72,0.08,0.823,3.2584,7777169,76640423.73,3926897485.0,2339093439.2,4284
2016-06-20,'002015,霞客环保,9.72,9.93,9.56,9.83,9.89,-0.17,-1.7189,2.3636,5641500,54678915.16,3894841179.0,2319998798.88,3378
2016-06-17,'002015,霞客环保,9.89,10.2,9.69,10.01,9.82,0.07,0.7128,4.3459,10372918,103140035.3,3962960829.25,2360574909.56,5364
2016-06-16,'002015,霞客环保,9.82,10.09,9.51,9.52,9.58,0.24,2.5052,5.0444,12040010,118762353.76,3934911561.5,2343867099.28,7377
2016-06-15,'002015,霞客环保,9.58,9.77,9.3,9.31,9.56,0.02,0.2092,2.7377,6534383,62769839.76,3838742643.5,2286583178.32,4596
2016-06-14,'002015,霞客环保,9.56,9.81,9.44,9.81,9.87,-0.31,-3.1408,3.5334,8433741,80869248.06,3830728567.0,2281809518.24,5133
2016-06-13,'002015,霞客环保,9.87,10.36,9.21,9.31,9.42,0.45,4.7771,6.783,16189804,159887538.88,3954946752.75,2355801249.48,9007
2016-06-08,'002015,霞客环保,9.42,9.56,9.33,9.45,9.44,-0.02,-0.2119,1.6067,3834974,36072463.8,3774630031.5,2248393897.68,2255
2016-06-07,'002015,霞客环保,9.44,9.61,9.37,9.59,9.57,-0.13,-1.3584,1.9832,4733650,44853316.8,3782644108.0,2253167557.76,2877
2016-06-06,'002015,霞客环保,9.57,9.68,9.55,9.63,9.58,-0.01,-0.1044,1.9064,4550313,43668556.58,3834735605.25,2284196348.28,2578
2016-06-03,'002015,霞客环保,9.58,9.69,9.43,9.67,9.61,-0.03,-0.3122,1.7736,4233376,40419634.03,3838742643.5,2286583178.32,2800
2016-06-02,'002015,霞客环保,9.61,9.68,9.45,9.54,9.54,0.07,0.7338,2.3879,5699465,54483611.81,3850763758.25,2293743668.44,2940
2016-06-01,'002015,霞客环保,9.54,9.85,9.53,9.58,9.57,-0.03,-0.3135,2.6166,6245424,60548070.37,3822714490.5,2277035858.16,4101
2016-05-31,'002015,霞客环保,9.57,9.65,9.2,9.2,9.2,0.37,4.0217,2.6168,6245968,59194534.71,3834735605.25,2284196348.28,3949
2016-05-30,'002015,霞客环保,9.2,9.4,9.17,9.25,9.25,-0.05,-0.5405,0.9906,2364316,21813529.8,3686475190.0,2195883636.8,1598
2016-05-27,'002015,霞客环保,9.25,9.36,9.2,9.35,9.29,-0.04,-0.4306,1.3429,3205293,29690065.04,3706510381.25,2207817787.0,2133
2016-05-26,'002015,霞客环保,9.29,9.45,9.12,9.39,9.38,-0.09,-0.9595,2.043,4876362,45025116.88,3722538534.25,2217365107.16,2954
2016-05-25,'002015,霞客环保,9.38,9.65,9.35,9.54,9.52,-0.14,-1.4706,1.3864,3309190,31348339.24,3758601878.5,2238846577.52,2426
2016-05-24,'002015,霞客环保,9.52,9.83,9.4,9.5,9.43,0.09,0.9544,2.0558,4906868,47011424.59,3814700414.0,2272262198.08,3601
2016-05-23,'002015,霞客环保,9.43,9.51,9.35,9.42,9.41,0.02,0.2125,1.6971,4050791,38230289.85,3778637069.75,2250780727.72,2467
2016-05-20,'002015,霞客环保,9.41,9.42,9.19,9.26,9.34,0.07,0.7495,1.3471,3215324,29897014.49,3770622993.25,2246007067.64,2335
2016-05-19,'002015,霞客环保,9.34,9.52,9.3,9.3,9.41,-0.07,-0.7439,1.7866,4264223,40132185.78,3742573725.5,2229299257.36,2750
2016-05-18,'002015,霞客环保,9.41,9.58,9.18,9.58,9.74,-0.33,-3.3881,3.3691,8041382,75082327.0,3770622993.25,2246007067.64,4833
2016-05-17,'002015,霞客环保,9.74,9.99,9.55,9.92,9.91,-0.17,-1.7154,2.154,5141251,50201034.46,3902855255.5,2324772458.96,3606
2016-05-16,'002015,霞客环保,9.91,9.99,9.53,9.65,9.65,0.26,2.6943,2.2528,5377028,52991919.46,3970974905.75,2365348569.64,3685
2016-05-13,'002015,霞客环保,9.65,10.15,9.41,9.5,9.45,0.2,2.1164,2.9788,7109950,69606088.4,3866791911.25,2303290988.6,5246
2016-05-12,'002015,霞客环保,9.45,9.6,9.28,9.6,9.7,-0.25,-2.5773,2.3591,5630729,53066919.5,3786651146.25,2255554387.8,3851
2016-05-11,'002015,霞客环保,9.7,10.0,9.51,10.0,9.9,-0.2,-2.0202,2.7999,6682829,65320099.01,3886827102.5,2315225138.8,4266
2016-05-10,'002015,霞客环保,9.9,10.06,9.7,9.94,9.9,0.0,0.0,3.0696,7326704,72363956.06,3966967867.5,2362961739.6,5090
2016-05-09,'002015,霞客环保,9.9,10.35,9.76,10.2,10.35,-0.45,-4.3478,5.3298,12721428,128007797.85,3966967867.5,2362961739.6,7210
2016-05-06,'002015,霞客环保,10.35,11.28,10.29,11.16,11.05,-0.7,-6.3348,7.9252,18916167,203119817.61,4147284588.75,2470369091.4,11395
2016-05-05,'002015,霞客环保,11.05,11.42,10.81,11.35,11.33,-0.28,-2.4713,9.7337,23232691,257285044.3,4427777266.25,2637447194.2,13456
2016-05-04,'002015,霞客环保,11.33,11.33,10.25,10.29,10.3,1.03,10.0,12.6351,30157782,333328836.66,4539974337.25,2704278435.32,14647
2016-05-03,'002015,霞客环保,10.3,10.36,10.03,10.14,10.13,0.17,1.6782,2.891,6900325,70775646.91,4127249397.5,2458434941.2,4417
2016-04-29,'002015,霞客环保,10.13,10.28,10.03,10.12,10.2,-0.07,-0.6863,2.3192,5535458,56243871.29,4059129747.25,2417858830.52,3887
2016-04-28,'002015,霞客环保,10.2,10.58,10.01,10.05,10.05,0.15,1.4925,4.267,10184703,104896838.32,4087179015.0,2434566640.8,7226
2016-04-27,'002015,霞客环保,10.05,10.13,9.95,10.1,10.13,-0.08,-0.7897,3.7768,9014571,90431367.52,4027073441.25,2398764190.2,5023
2016-04-26,'002015,霞客环保,10.13,10.24,9.97,10.1,10.12,0.01,0.0988,3.5048,8365258,84390836.78,4059129747.25,2417858830.52,4791
2016-04-25,'002015,霞客环保,10.12,10.32,10.0,10.32,10.33,-0.21,-2.0329,2.6383,6297140,63861986.0,4055122709.0,2415472000.48,4198
2016-04-22,'002015,霞客环保,10.33,10.52,9.95,10.11,10.38,-0.05,-0.4817,4.5212,10791239,110326829.06,4139270512.25,2465595431.32,7149
2016-04-21,'002015,霞客环保,10.38,10.85,10.35,10.72,10.67,-0.29,-2.7179,4.9651,11850823,125755610.66,4159305703.5,2477529581.52,8411
2016-04-20,'002015,霞客环保,10.67,11.35,10.18,11.35,11.2,-0.53,-4.7321,8.6106,20552143,224038247.37,4275509812.75,2546747652.68,15171
2016-04-19,'002015,霞客环保,11.2,11.66,10.65,11.06,11.02,0.18,1.6334,11.6498,27806027,310507841.51,4487882840.0,2673249644.8,20071
2016-04-18,'002015,霞客环保,11.02,11.83,11.0,11.26,11.13,-0.11,-0.9883,12.9437,30894518,354031790.95,4415756151.5,2630286704.08,23122
2016-04-15,'002015,霞客环保,11.13,11.13,10.03,10.1,10.12,1.01,9.9802,7.5035,17909692,188971016.15,4459833572.25,2656541834.52,9717
2016-04-14,'002015,霞客环保,10.12,10.19,10.02,10.16,10.09,0.03,0.2973,2.313,5520730,55711013.17,4055122709.0,2415472000.48,3576
2016-04-13,'002015,霞客环保,10.09,10.25,10.0,10.1,10.03,0.06,0.5982,3.5618,8501334,86256105.14,4043101594.25,2408311510.36,4791
2016-04-12,'002015,霞客环保,10.03,10.19,9.91,10.13,10.11,-0.08,-0.7913,2.3372,5578402,55722522.52,4019059364.75,2393990530.12,3730
2016-04-11,'002015,霞客环保,10.11,10.24,9.98,10.03,10.0,0.11,1.1,3.1129,7429948,75267619.72,4051115670.75,2413085170.44,4427
2016-04-08,'002015,霞客环保,10.0,10.24,9.81,10.23,10.31,-0.31,-3.0068,4.3964,10493368,104519457.41,4007038250.0,2386830040.0,7247
2016-04-07,'002015,霞客环保,10.31,10.68,10.31,10.4,10.45,-0.14,-1.3397,4.1678,9947757,104013352.56,4131256435.75,2460821771.24,6574
2016-04-06,'002015,霞客环保,10.45,10.56,10.12,10.49,10.61,-0.16,-1.508,4.6452,11087333,115492870.78,4187354971.25,2494237391.8,7162
2016-04-05,'002015,霞客环保,10.61,10.74,10.37,10.68,10.57,0.04,0.3784,5.5843,13328786,140581923.87,4251467583.25,2532426672.44,9296
2016-04-01,'002015,霞客环保,10.57,10.94,10.0,10.1,10.26,0.31,3.0214,9.2059,21973008,231982525.9,4235439430.25,2522879352.28,14278
2016-03-31,'002015,霞客环保,10.26,10.27,9.69,9.87,9.87,0.39,3.9514,6.0523,14445832,144868819.12,4111221244.5,2448887621.04,9634
2016-03-30,'002015,霞客环保,9.87,9.99,9.61,9.61,9.57,0.3,3.1348,3.7502,8951196,88045660.45,3954946752.75,2355801249.48,6042
2016-03-29,'002015,霞客环保,9.57,9.83,9.28,9.8,9.76,-0.19,-1.9467,5.8465,13954554,132474209.21,3834735605.25,2284196348.28,8086
2016-03-28,'002015,霞客环保,9.76,10.41,9.58,10.28,10.26,-0.5,-4.8733,5.684,13566826,135867179.92,3910869332.0,2329546119.04,7869
2016-03-25,'002015,霞客环保,10.26,10.34,10.07,10.17,10.24,0.02,0.1953,3.2538,7766325,79067481.38,4111221244.5,2448887621.04,6058
2016-03-24,'002015,霞客环保,10.24,10.67,10.21,10.67,10.74,-0.5,-4.6555,6.1388,14652384,151275717.2,4103207168.0,2444113960.96,10440
2016-03-23,'002015,霞客环保,10.74,10.88,10.48,10.52,10.52,0.22,2.0913,6.9031,16476618,176063183.9,4303559080.5,2563455462.96,10582
2016-03-22,'002015,霞客环保,10.52,10.81,10.51,10.8,10.88,-0.36,-3.3088,6.4499,15394860,163131779.52,4215404239.0,2510945202.08,10258
2016-03-21,'002015,霞客环保,10.88,11.1,10.69,10.75,10.74,0.14,1.3035,8.2022,19577224,212456100.32,4359657616.0,2596871083.52,12395
2016-03-18,'002015,霞客环保,10.74,10.9,10.4,10.45,10.5,0.24,2.2857,8.1773,19517757,208407113.85,4303559080.5,2563455462.96,12736
2016-03-17,'002015,霞客环保,10.5,10.7,10.2,10.32,10.34,0.16,1.5474,6.7939,16215905,169472043.03,4207390162.5,2506171542.0,11459
2016-03-16,'002015,霞客环保,10.34,10.8,9.73,10.3,10.37,-0.03,-0.2893,8.7716,20936297,214885409.06,4143277550.5,2467982261.36,15789
2016-03-15,'002015,霞客环保,10.37,11.11,10.35,10.93,10.69,-0.32,-2.9935,8.1859,19538470,209387311.2,4155298665.25,2475142751.48,14995
2016-03-14,'002015,霞客环保,10.69,11.09,10.15,10.15,10.2,0.49,4.8039,9.2564,22093374,235772210.18,4283523889.25,2551521312.76,14969
2016-03-11,'002015,霞客环保,10.2,10.69,9.89,10.01,10.1,0.1,0.9901,8.0092,19116546,197763858.77,4087179015.0,2434566640.8,13537
2016-03-10,'002015,霞客环保,10.1,10.52,9.88,10.42,10.39,-0.29,-2.7911,7.0789,16896072,170993487.13,4047108632.5,2410698340.4,12209
2016-03-09,'002015,霞客环保,10.39,11.17,10.2,10.65,10.96,-0.57,-5.2007,8.5942,20512927,217692860.43,4163312741.75,2479916411.56,14887
2016-03-08,'002015,霞客环保,10.96,11.42,10.6,11.09,11.18,-0.22,-1.9678,9.4185,22480336,246466666.27,4391713922.0,2615965723.84,17714
2016-03-07,'002015,霞客环保,11.18,11.93,10.8,11.02,11.62,-0.44,-3.7866,16.6235,39677448,452165723.07,4479868763.5,2668475984.72,29796
2016-03-04,'002015,霞客环保,11.62,11.98,10.6,10.9,10.89,0.73,6.7034,24.2394,57855256,660550026.88,4656178446.5,2773496506.48,32052
2016-03-03,'002015,霞客环保,10.89,10.89,9.59,9.59,9.9,0.99,10.0,16.346,39015173,407392743.55,4363664654.25,2599257913.56,18670
2016-03-02,'002015,霞客环保,9.9,10.25,9.14,9.14,9.44,0.46,4.8729,9.8625,23540117,231980528.19,3966967867.5,2362961739.6,14829
2016-03-01,'002015,霞客环保,9.44,9.69,9.01,9.1,10.01,-0.57,-5.6943,11.2284,26800252,248998946.15,3782644108.0,2253167557.76,17619
2016-02-29,'002015,霞客环保,10.01,11.18,9.53,10.4,10.25,-0.24,-2.3415,16.0063,38204392,400071469.71,4011045288.25,2389216870.04,24562
2016-02-26,'002015,霞客环保,10.25,10.25,8.48,8.8,9.32,0.93,9.9785,18.9135,45143366,438565139.82,4107214206.25,2446500791.0,19698
2016-02-25,'002015,霞客环保,9.32,10.02,9.32,10.0,10.36,-1.04,-10.0386,11.0728,26428959,251162284.05,3734559649.0,2224525597.28,12313
2016-02-24,'002015,*ST霞客,0.0,0.0,0.0,0.0,10.36,None,None,0.0,0,0.0,4151291627.0,2472755921.44,0
2016-02-23,'002015,*ST霞客,10.36,10.36,10.22,10.36,9.87,0.49,4.9645,0.9949,2374674,24594511.61,4151291627.0,2472755921.44,1037
2016-02-22,'002015,*ST霞客,9.87,9.87,9.5,9.5,9.4,0.47,5.0,2.2212,5301590,51784642.55,3954946752.75,2355801249.48,2125
2016-02-19,'002015,*ST霞客,9.4,9.56,8.93,9.0,9.22,0.18,1.9523,6.6011,15755589,145164101.78,3766615955.0,2243620237.6,7853
2016-02-18,'002015,*ST霞客,9.22,9.22,8.7,8.81,8.78,0.44,5.0114,6.811,16256624,146284160.65,3694489266.5,2200657296.88,7037
2016-02-17,'002015,*ST霞客,8.78,9.07,8.48,8.86,8.86,-0.08,-0.9029,6.3631,15187735,132940850.77,3518179583.5,2095636775.12,7111
2016-02-16,'002015,*ST霞客,8.86,8.86,8.34,8.34,8.44,0.42,4.9763,7.2284,17253037,148911890.39,3550235889.5,2114731415.44,6942
2016-02-15,'002015,*ST霞客,8.44,8.78,8.01,8.11,8.43,0.01,0.1186,7.938,18946756,157848289.9,3381940283.0,2014484553.76,8127
2016-02-05,'002015,*ST霞客,8.43,8.43,8.43,8.43,8.03,0.4,4.9813,0.356,849672,7162734.96,3377933244.75,2012097723.72,262
2016-02-04,'002015,*ST霞客,8.03,8.03,7.9,7.97,7.65,0.38,4.9673,1.0362,4152083,33231772.9,3217651714.75,3217651714.75,927
2016-02-03,'002015,*ST霞客,7.65,7.65,7.44,7.58,7.29,0.36,4.9383,1.4976,6001029,45745408.85,3065384261.25,3065384261.25,1672
2016-02-02,'002015,*ST霞客,7.29,7.29,6.97,6.97,6.94,0.35,5.0432,0.7096,2843342,20520846.73,2921130884.25,2921130884.25,1391
2016-02-01,'002015,*ST霞客,6.94,7.14,6.73,6.8,6.8,0.14,2.0588,2.2562,9040565,63338470.92,2780884545.5,2780884545.5,3769
2016-01-29,'002015,*ST霞客,6.8,6.95,6.6,6.72,6.95,-0.15,-2.1583,3.4788,13939663,93346678.94,2724786010.0,2724786010.0,4380
2016-01-28,'002015,*ST霞客,6.95,7.34,6.95,7.34,7.32,-0.37,-5.0546,1.8096,7251137,51512687.52,2784891583.75,2784891583.75,2598
2016-01-27,'002015,*ST霞客,7.32,7.56,7.32,7.42,7.71,-0.39,-5.0584,1.7679,7083900,52011825.0,2933151999.0,2933151999.0,2288
2016-01-26,'002015,*ST霞客,7.71,8.25,7.71,8.0,8.12,-0.41,-5.0493,2.4098,9656271,77393858.21,3089426490.75,3089426490.75,4085
2016-01-25,'002015,*ST霞客,8.12,8.42,7.98,8.28,8.1,0.02,0.2469,3.2376,12973170,106097474.8,3253715059.0,3253715059.0,4587
2016-01-22,'002015,*ST霞客,8.1,8.55,8.04,8.35,8.46,-0.36,-4.2553,3.4537,13839226,113077767.0,3245700982.5,3245700982.5,6053
2016-01-21,'002015,*ST霞客,8.46,8.99,8.46,8.7,8.9,-0.44,-4.9438,4.9616,19881222,172090850.76,3389954359.5,3389954359.5,7335
2016-01-20,'002015,*ST霞客,8.9,8.9,8.29,8.34,8.48,0.42,4.9528,5.8388,23396438,205610768.53,3566264042.5,3566264042.5,9359
2016-01-19,'002015,*ST霞客,8.48,8.61,8.29,8.4,8.73,-0.25,-2.8637,5.3503,21438993,178158828.14,3397968436.0,3397968436.0,8667
2016-01-18,'002015,*ST霞客,8.73,9.2,8.73,9.2,9.19,-0.46,-5.0054,7.336,29395738,258465440.18,3498144392.25,3498144392.25,9223
2016-01-15,'002015,*ST霞客,9.19,9.19,9.0,9.19,8.75,0.44,5.0286,7.9029,31667225,290937829.69,3682468151.75,3682468151.75,4883
2016-01-14,'002015,*ST霞客,8.75,8.75,8.75,8.75,8.33,0.42,5.042,0.0189,75754,662847.5,3506158468.75,3506158468.75,49
2016-01-13,'002015,*ST霞客,8.33,8.33,8.33,8.33,7.93,0.4,5.0441,0.0357,142954,1190806.82,3337862862.25,3337862862.25,30
2016-01-12,'002015,*ST霞客,7.93,7.93,7.93,7.93,7.55,0.38,5.0331,0.0259,103865,823649.45,3177581332.25,3177581332.25,41
2016-01-11,'002015,*ST霞客,7.55,7.55,7.55,7.55,7.19,0.36,5.007,0.2019,808965,6107685.75,3025313878.75,3025313878.75,83
2016-01-08,'002015,*ST霞客,0.0,0.0,0.0,0.0,7.19,None,None,0.0,0,0.0,2881060501.75,2881060501.75,0
2016-01-07,'002015,*ST霞客,0.0,0.0,0.0,0.0,7.19,None,None,0.0,0,0.0,2881060501.75,2881060501.75,0
2016-01-06,'002015,*ST霞客,0.0,0.0,0.0,0.0,7.19,None,None,0.0,0,0.0,2881060501.75,2881060501.75,0
2016-01-05,'002015,*ST霞客,0.0,0.0,0.0,0.0,7.19,None,None,0.0,0,0.0,2881060501.75,2881060501.75,0
2016-01-04,'002015,*ST霞客,0.0,0.0,0.0,0.0,7.19,None,None,0.0,0,0.0,2881060501.75,2881060501.75,0
