日期,股票代码,名称,收盘价,最高价,最低价,开盘价,前收盘,涨跌额,涨跌幅,换手率,成交量,成交金额,总市值,流通市值,成交笔数
2016-10-12,'000563,陕国投Ａ,6.96,7.13,6.9,7.03,7.15,-0.19,-2.6573,4.5789,111238004,777791592.62,21509822454.7,16908169567.7,43235
2016-10-11,'000563,陕国投Ａ,7.15,7.29,6.85,6.98,6.64,0.51,7.6807,8.479,205984102,1463438202.51,22097015883.8,17369743162.2,79024
2016-10-10,'000563,陕国投Ａ,6.64,6.66,6.42,6.51,6.5,0.14,2.1538,3.6791,89377373,587231822.92,20520865100.5,16130782461.1,29660
2016-09-30,'000563,陕国投Ａ,6.5,6.61,6.36,6.38,6.45,0.05,0.7752,3.5354,85885495,557148944.3,20088196258.0,15790675602.0,30895
2016-09-29,'000563,陕国投Ａ,6.45,6.46,6.26,6.3,6.42,0.03,0.4673,3.636,88329734,562992001.04,19933671671.4,15669208866.6,29313
2016-09-28,'000563,陕国投Ａ,6.42,6.52,5.9,5.95,5.93,0.49,8.2631,5.669,137719466,887592743.06,19840956919.4,15596328825.4,46289
2016-09-27,'000563,陕国投Ａ,5.93,5.94,5.8,5.83,5.83,0.1,1.7153,0.738,17928011,105081626.22,18326615970.8,14405954818.4,7048
2016-09-26,'000563,陕国投Ａ,5.83,6.03,5.8,6.03,6.0,-0.17,-2.8333,0.718,17441880,103610132.97,18017566797.6,14163021347.6,8100
2016-09-23,'000563,陕国投Ａ,6.0,6.1,5.99,6.04,6.06,-0.06,-0.9901,0.6895,16749909,101161182.88,18542950392.0,14576008248.0,6659
2016-09-22,'000563,陕国投Ａ,6.06,6.11,5.98,6.0,5.97,0.09,1.5075,1.1366,27612089,167369080.56,18728379895.9,14721768330.5,10787
2016-09-21,'000563,陕国投Ａ,5.97,6.0,5.9,5.92,5.92,0.05,0.8446,0.8176,19863206,118406395.1,18450235640.0,14503128206.8,6323
2016-09-20,'000563,陕国投Ａ,5.92,5.97,5.9,5.94,5.94,-0.02,-0.3367,0.472,11465600,67926848.65,18295711053.4,14381661471.4,4226
2016-09-19,'000563,陕国投Ａ,5.94,5.95,5.85,5.85,5.84,0.1,1.7123,0.6486,15756843,93221313.65,18357520888.1,14430248165.5,6012
2016-09-14,'000563,陕国投Ａ,5.84,5.94,5.82,5.89,5.93,-0.09,-1.5177,0.7492,18200321,107011192.49,18048471714.9,14187314694.7,7016
2016-09-13,'000563,陕国投Ａ,5.93,5.95,5.86,5.91,5.91,0.02,0.3384,0.6841,16618080,98225310.7,18326615970.8,14405954818.4,6519
2016-09-12,'000563,陕国投Ａ,5.91,6.03,5.85,6.03,6.16,-0.25,-4.0584,1.5519,37700447,224354994.87,18264806136.1,14357368124.3,15678
2016-09-09,'000563,陕国投Ａ,6.16,6.34,6.16,6.32,6.32,-0.16,-2.5316,1.2234,29719400,185524742.0,19037429069.1,14964701801.3,12516
2016-09-08,'000563,陕国投Ａ,6.32,6.4,6.25,6.27,6.29,0.03,0.4769,1.0934,26561164,167926839.75,19531907746.2,15353395354.6,9549
2016-09-07,'000563,陕国投Ａ,6.29,6.43,6.28,6.35,6.35,-0.06,-0.9449,1.6956,41192061,261984471.69,19439192994.3,15280515313.3,13742
2016-09-06,'000563,陕国投Ａ,6.35,6.35,6.13,6.26,6.25,0.1,1.6,1.6074,39048052,244407436.4,19624622498.2,15426275395.8,14340
2016-09-05,'000563,陕国投Ａ,6.25,6.35,6.23,6.23,6.23,0.02,0.321,1.109,26940889,169430879.8,19315573325.0,15183341925.0,9284
2016-09-02,'000563,陕国投Ａ,6.23,6.37,6.15,6.25,6.3,-0.07,-1.1111,1.6051,38992052,243744154.19,19253763490.4,15134755230.8,14180
2016-09-01,'000563,陕国投Ａ,6.3,6.42,6.29,6.4,6.4,-0.1,-1.5625,1.5485,37617739,238322613.12,19470097911.6,15304808660.4,13217
2016-08-31,'000563,陕国投Ａ,6.4,6.46,6.3,6.35,6.37,0.03,0.471,1.4614,35501655,226468597.2,19779147084.8,15547742131.2,12365
2016-08-30,'000563,陕国投Ａ,6.37,6.47,6.36,6.41,6.39,-0.02,-0.313,1.3323,32367102,207416927.5,19686432332.8,15474862090.0,12037
2016-08-29,'000563,陕国投Ａ,6.39,6.41,6.27,6.28,6.29,0.1,1.5898,1.2545,30476398,193875538.83,19748242167.5,15523448784.1,10777
2016-08-26,'000563,陕国投Ａ,6.29,6.43,6.27,6.38,6.37,-0.08,-1.2559,1.464,35566501,226368844.21,19439192994.3,15280515313.3,14394
2016-08-25,'000563,陕国投Ａ,6.37,6.44,6.28,6.42,6.49,-0.12,-1.849,2.1552,52355869,332849719.68,19686432332.8,15474862090.0,19680
2016-08-24,'000563,陕国投Ａ,6.49,6.65,6.44,6.64,6.63,-0.14,-2.1116,1.8568,45107600,295893007.24,20057291340.7,15766382254.9,17067
2016-08-23,'000563,陕国投Ａ,6.63,6.67,6.47,6.57,6.54,0.09,1.3761,2.0299,49312033,325432049.72,20489960183.2,16106489114.0,19377
2016-08-22,'000563,陕国投Ａ,6.54,6.8,6.53,6.75,6.76,-0.22,-3.2544,2.6957,65487445,435398301.66,20211815927.3,15887848990.3,27757
2016-08-19,'000563,陕国投Ａ,6.76,6.93,6.69,6.82,6.88,-0.12,-1.7442,3.2145,78092172,530602784.66,20891724108.3,16422302626.1,30899
2016-08-18,'000563,陕国投Ａ,6.88,7.17,6.8,6.9,6.99,-0.11,-1.5737,4.8684,118270495,821741259.24,21262583116.2,16713822791.0,46113
2016-08-17,'000563,陕国投Ａ,6.99,7.19,6.63,6.71,6.69,0.3,4.4843,6.3839,155085825,1072235759.29,21602537206.7,16981049608.9,56527
2016-08-16,'000563,陕国投Ａ,6.69,6.81,6.66,6.75,6.81,-0.12,-1.7621,3.8695,94002084,632282725.97,20675389687.1,16252249196.5,35630
2016-08-15,'000563,陕国投Ａ,6.81,7.05,6.58,6.63,6.72,0.09,1.3393,8.2511,200446155,1362763428.93,21046248694.9,16543769361.5,65527
2016-08-12,'000563,陕国投Ａ,6.72,6.85,6.23,6.29,6.29,0.43,6.8362,6.7305,163506228,1065407927.79,20768104439.0,16325129237.8,48871
2016-08-11,'000563,陕国投Ａ,6.29,6.59,6.25,6.46,6.48,-0.19,-2.9321,4.2026,102096371,655200769.02,19439192994.3,15280515313.3,33960
2016-08-10,'000563,陕国投Ａ,6.48,6.61,6.45,6.58,6.66,-0.18,-2.7027,3.2452,78837324,514081699.51,20026386423.4,15742088907.8,27253
2016-08-09,'000563,陕国投Ａ,6.66,6.73,6.38,6.55,6.58,0.08,1.2158,5.6158,136427260,894772823.06,20582674935.1,16179369155.3,41014
2016-08-08,'000563,陕国投Ａ,6.58,6.66,6.44,6.56,6.58,0.0,0.0,3.8692,93996762,614546611.57,20335435596.6,15985022378.6,33092
2016-08-05,'000563,陕国投Ａ,6.58,6.69,6.5,6.64,6.74,-0.16,-2.3739,5.3145,129107779,849608967.9,20335435596.6,15985022378.6,48882
2016-08-04,'000563,陕国投Ａ,6.74,6.85,6.18,6.27,6.31,0.43,6.8146,8.9322,216993708,1420432802.69,20829914273.7,16373715931.9,80060
2016-08-03,'000563,陕国投Ａ,6.31,6.46,6.16,6.26,6.33,-0.02,-0.316,5.7265,139115359,874416144.5,19501002828.9,15329102007.5,50684
2016-08-02,'000563,陕国投Ａ,6.33,6.44,5.99,6.08,6.19,0.14,2.2617,7.0278,170728462,1063452521.27,19562812663.6,15377688701.6,63159
2016-08-01,'000563,陕国投Ａ,6.19,6.47,5.94,5.99,6.1,0.09,1.4754,8.5774,208373131,1303764123.17,19130143821.1,15037581842.5,77200
2016-07-29,'000563,陕国投Ａ,6.1,6.38,5.83,5.95,5.8,0.3,5.1724,11.4087,277154438,1684189383.84,18851999565.2,14818941718.8,88330
2016-07-28,'000563,陕国投Ａ,5.8,5.8,5.32,5.35,5.27,0.53,10.0569,3.3604,81635430,466843563.94,17924852045.6,14090141306.4,16213
2016-07-27,'000563,陕国投Ａ,5.27,5.54,5.21,5.52,5.52,-0.25,-4.529,1.3005,31592419,169644568.31,16286891427.6,12802593911.2,11993
2016-07-26,'000563,陕国投Ａ,5.52,5.52,5.44,5.46,5.46,0.06,1.0989,0.797,19362441,106282755.81,17059514360.6,13409927588.2,5429
2016-07-25,'000563,陕国投Ａ,5.46,5.49,5.42,5.47,5.46,0.0,0.0,0.7697,18698689,101979904.63,16874084856.7,13264167505.7,6130
2016-07-22,'000563,陕国投Ａ,5.46,5.59,5.45,5.57,5.57,-0.11,-1.9749,1.0477,25453083,140161867.8,16874084856.7,13264167505.7,8934
2016-07-21,'000563,陕国投Ａ,5.57,5.65,5.57,5.59,5.59,-0.02,-0.3578,0.8566,20808632,116801722.0,17214038947.2,13531394323.6,6923
2016-07-20,'000563,陕国投Ａ,5.59,5.66,5.56,5.6,5.59,0.0,0.0,0.7768,18871019,105770574.27,17275848781.9,13579981017.7,5830
2016-07-19,'000563,陕国投Ａ,5.59,5.6,5.52,5.55,5.55,0.04,0.7207,0.7776,18891003,105068830.64,17275848781.9,13579981017.7,6320
2016-07-18,'000563,陕国投Ａ,5.55,5.65,5.54,5.64,5.69,-0.14,-2.4605,1.2332,29958054,167390415.86,17152229112.6,13482807629.4,9524
2016-07-15,'000563,陕国投Ａ,5.69,5.73,5.59,5.62,5.6,0.09,1.6071,1.933,46957981,266523429.21,17584897955.1,13822914488.5,14171
2016-07-14,'000563,陕国投Ａ,5.6,5.65,5.57,5.62,5.66,-0.06,-1.0601,0.9228,22417611,125355871.97,17306753699.2,13604274364.8,7136
2016-07-13,'000563,陕国投Ａ,5.66,5.7,5.59,5.6,5.59,0.07,1.2522,1.8807,45688634,258239415.86,17492183203.1,13750034447.3,13362
2016-07-12,'000563,陕国投Ａ,5.59,5.6,5.46,5.51,5.5,0.09,1.6364,1.47,35712000,197621341.64,17275848781.9,13579981017.7,10966
2016-07-11,'000563,陕国投Ａ,5.5,5.59,5.46,5.5,5.49,0.01,0.1821,0.8916,21660025,119443909.24,16997704526.0,13361340894.0,7591
2016-07-08,'000563,陕国投Ａ,5.49,5.54,5.44,5.54,5.56,-0.07,-1.259,1.0171,24709721,135569684.02,16966799608.7,13337047546.9,8723
2016-07-07,'000563,陕国投Ａ,5.56,5.6,5.48,5.6,5.6,-0.04,-0.7143,1.0824,26295518,145842093.63,17183134029.9,13507100976.5,9034
2016-07-06,'000563,陕国投Ａ,5.6,5.61,5.54,5.61,5.61,-0.01,-0.1783,0.7042,17107297,95426681.75,17306753699.2,13604274364.8,6645
2016-07-05,'000563,陕国投Ａ,5.61,5.64,5.56,5.61,5.62,-0.01,-0.1779,1.0446,25377626,142061086.99,17337658616.5,13628567711.9,9587
2016-07-04,'000563,陕国投Ａ,5.62,5.7,5.41,5.42,5.46,0.16,2.9304,1.6541,40183177,224781169.98,17368563533.8,13652861059.0,14587
2016-07-01,'000563,陕国投Ａ,5.46,5.57,5.45,5.55,5.49,-0.03,-0.5464,0.8771,21307460,117143796.92,16874084856.7,13264167505.7,8481
2016-06-30,'000563,陕国投Ａ,5.49,5.64,5.45,5.48,5.54,-0.05,-0.9025,1.3021,31633311,174671298.1,16966799608.7,13337047546.9,12101
2016-06-29,'000563,陕国投Ａ,5.54,5.75,5.29,5.31,5.31,0.23,4.3315,2.7519,66851841,370505292.17,17121324195.3,13458514282.3,25541
2016-06-28,'000563,陕国投Ａ,5.31,5.33,5.17,5.21,5.22,0.09,1.7241,1.3811,33551728,176367555.01,16410511096.9,12899767299.5,10682
2016-06-27,'000563,陕国投Ａ,5.22,5.25,5.14,5.15,5.17,0.05,0.9671,0.7737,18794548,97886547.76,16132366841.0,12681127175.8,6050
2016-06-24,'000563,陕国投Ａ,5.17,5.29,5.12,5.26,5.25,-0.08,-1.5238,0.954,23174851,120486796.46,15977842254.4,12559660440.4,8190
2016-06-23,'000563,陕国投Ａ,5.25,5.29,5.21,5.28,5.26,-0.01,-0.1901,0.5495,13348403,69991740.95,16225081593.0,12754007217.0,5154
2016-06-22,'000563,陕国投Ａ,5.26,5.28,5.15,5.18,5.21,0.05,0.9597,0.602,14623848,76439412.45,16255986510.3,12778300564.1,6183
2016-06-21,'000563,陕国投Ａ,5.21,5.37,5.18,5.23,5.18,0.03,0.5792,1.2176,29580131,155828118.88,16101461923.7,12656833828.7,10180
2016-06-20,'000563,陕国投Ａ,5.18,5.23,5.12,5.21,5.22,-0.04,-0.7663,0.5862,14241457,73662071.73,16008747171.8,12583953787.4,6178
2016-06-17,'000563,陕国投Ａ,5.22,5.29,5.19,5.2,5.19,0.03,0.578,0.8473,20583874,107998758.66,16132366841.0,12681127175.8,7102
2016-06-16,'000563,陕国投Ａ,5.19,5.28,5.16,5.23,5.23,-0.04,-0.7648,0.8126,19739859,102888759.9,16039652089.1,12608247134.5,7497
2016-06-15,'000563,陕国投Ａ,5.23,5.36,5.11,5.12,5.19,0.04,0.7707,1.1332,27528547,144623971.36,16163271758.4,12705420522.8,10831
2016-06-14,'000563,陕国投Ａ,5.19,5.22,5.11,5.12,5.16,0.03,0.5814,0.7216,17530268,90513854.32,16039652089.1,12608247134.5,7700
2016-06-13,'000563,陕国投Ａ,5.16,5.39,5.15,5.35,5.43,-0.27,-4.9724,1.0238,24871582,131202202.78,15946937337.1,12535367093.3,10997
2016-06-08,'000563,陕国投Ａ,5.43,5.56,5.37,5.56,5.54,-0.11,-1.9856,0.842,20454859,111493081.79,16781370104.8,13191287464.4,8686
2016-06-07,'000563,陕国投Ａ,5.54,5.62,5.51,5.58,5.58,-0.04,-0.7168,0.8145,19786823,109808513.0,17121324195.3,13458514282.3,7523
2016-06-06,'000563,陕国投Ａ,5.58,5.65,5.57,5.63,5.63,-0.05,-0.8881,0.632,15352757,86067725.24,17244943864.6,13555687670.6,6008
2016-06-03,'000563,陕国投Ａ,5.63,5.7,5.56,5.6,5.61,0.02,0.3565,1.1176,27150459,152835903.33,17399468451.2,13677154406.0,10305
2016-06-02,'000563,陕国投Ａ,5.61,5.64,5.55,5.55,5.58,0.03,0.5376,1.0394,25251333,141335790.21,17337658616.5,13628567711.9,9367
2016-06-01,'000563,陕国投Ａ,5.58,5.67,5.55,5.61,5.64,-0.06,-1.0638,1.5068,36604864,205221094.51,17244943864.6,13555687670.6,15349
2016-05-31,'000563,陕国投Ａ,5.64,5.65,5.24,5.24,5.26,0.38,7.2243,2.199,53420855,296475320.42,17430373368.5,13701447753.1,23230
2016-05-30,'000563,陕国投Ａ,5.26,5.35,5.1,5.22,5.27,-0.01,-0.1898,0.7251,17615311,92307040.42,16255986510.3,12778300564.1,7557
2016-05-27,'000563,陕国投Ａ,5.27,5.32,5.22,5.25,5.21,0.06,1.1516,0.7996,19424653,102532114.94,16286891427.6,12802593911.2,8659
2016-05-26,'000563,陕国投Ａ,5.21,5.26,5.09,5.23,5.21,0.0,0.0,0.6264,15216862,78622288.69,16101461923.7,12656833828.7,7525
2016-05-25,'000563,陕国投Ａ,5.21,5.3,5.17,5.26,5.21,0.0,0.0,0.5115,12427246,65142871.05,16101461923.7,12656833828.7,5363
2016-05-24,'000563,陕国投Ａ,5.21,5.34,5.18,5.34,5.33,-0.12,-2.2514,0.5842,14192757,74354543.59,16101461923.7,12656833828.7,7176
2016-05-23,'000563,陕国投Ａ,5.33,5.38,5.28,5.28,5.27,0.06,1.1385,0.772,18755542,100012720.34,16472320931.6,12948353993.6,7738
2016-05-20,'000563,陕国投Ａ,5.27,5.28,5.13,5.2,5.22,0.05,0.9579,0.6235,15147656,79016493.47,16286891427.6,12802593911.2,6610
2016-05-19,'000563,陕国投Ａ,5.22,5.34,5.21,5.24,5.23,-0.01,-0.1912,0.6406,15562115,82012506.12,16132366841.0,12681127175.8,6599
2016-05-18,'000563,陕国投Ａ,5.23,5.4,5.16,5.38,5.43,-0.2,-3.6832,0.9398,22830131,120367905.76,16163271758.4,12705420522.8,10926
2016-05-17,'000563,陕国投Ａ,5.43,5.48,5.34,5.42,5.44,-0.01,-0.1838,0.7264,17645886,95506796.87,16781370104.8,13191287464.4,7273
2016-05-16,'000563,陕国投Ａ,5.44,5.44,5.25,5.32,5.33,0.11,2.0638,0.6414,15581186,83561332.44,16812275022.1,13215580811.5,7137
2016-05-13,'000563,陕国投Ａ,5.33,5.47,5.28,5.4,5.37,-0.04,-0.7449,0.5856,14227297,76632884.3,16472320931.6,12948353993.6,7173
2016-05-12,'000563,陕国投Ａ,5.37,5.4,5.21,5.35,5.41,-0.04,-0.7394,0.6003,14582871,77499221.86,16595940600.8,13045527382.0,7818
2016-05-11,'000563,陕国投Ａ,5.41,5.51,5.4,5.47,5.43,-0.02,-0.3683,0.5719,13892854,75864441.38,16719560270.1,13142700770.3,7171
2016-05-10,'000563,陕国投Ａ,5.43,5.48,5.37,5.37,5.4,0.03,0.5556,0.673,16350461,88939107.99,16781370104.8,13191287464.4,7503
2016-05-09,'000563,陕国投Ａ,5.4,5.78,5.38,5.78,5.78,-0.38,-6.5744,1.1855,28800483,159801444.27,16688655352.8,13118407423.2,13912
2016-05-06,'000563,陕国投Ａ,5.78,6.04,5.77,6.0,6.01,-0.23,-3.827,1.3832,33603151,198238233.93,17863042211.0,14041554612.2,15051
2016-05-05,'000563,陕国投Ａ,6.01,6.03,5.92,5.95,5.96,0.05,0.8389,0.8134,19759406,118334289.5,18573855309.3,14600301595.1,8740
2016-05-04,'000563,陕国投Ａ,5.96,6.03,5.93,6.0,6.03,-0.07,-1.1609,1.2527,30431977,182199185.55,18419330722.7,14478834859.7,11686
2016-05-03,'000563,陕国投Ａ,6.03,6.08,5.77,5.83,5.81,0.22,3.7866,1.5499,37651887,225288374.96,18635665144.0,14648888289.2,16334
2016-04-29,'000563,陕国投Ａ,5.81,5.83,5.76,5.81,5.83,-0.02,-0.3431,0.7041,17104540,99179718.33,17955756962.9,14114434653.5,7817
2016-04-28,'000563,陕国投Ａ,5.83,5.9,5.76,5.87,5.85,-0.02,-0.3419,0.9207,22367629,130173066.65,18017566797.6,14163021347.6,10096
2016-04-27,'000563,陕国投Ａ,5.85,5.98,5.82,5.98,5.94,-0.09,-1.5152,0.9546,23191141,137095348.48,18079376632.2,14211608041.8,10700
2016-04-26,'000563,陕国投Ａ,5.94,5.97,5.82,5.9,5.88,0.06,1.0204,0.919,22326777,131652613.25,18357520888.1,14430248165.5,9654
2016-04-25,'000563,陕国投Ａ,5.88,6.0,5.8,6.0,5.99,-0.11,-1.8364,0.8205,19933251,117271389.65,18172091384.2,14284488083.0,10127
2016-04-22,'000563,陕国投Ａ,5.99,6.01,5.83,5.89,5.92,0.07,1.1824,0.8749,21254632,126530923.34,18512045474.7,14551714900.9,10322
2016-04-21,'000563,陕国投Ａ,5.92,6.06,5.91,6.05,6.04,-0.12,-1.9868,1.1826,28730384,172266769.57,18295711053.4,14381661471.4,14994
2016-04-20,'000563,陕国投Ａ,6.04,6.55,5.92,6.53,6.5,-0.46,-7.0769,2.4244,58896612,363965753.42,18666570061.3,14673181636.3,31685
2016-04-19,'000563,陕国投Ａ,6.5,6.59,6.43,6.59,6.55,-0.05,-0.7634,1.1567,28100405,182322980.2,20088196258.0,15790675602.0,14526
2016-04-18,'000563,陕国投Ａ,6.55,6.57,6.37,6.48,6.5,0.05,0.7692,1.6598,40322850,262091870.87,20242720844.6,15912142337.4,18458
2016-04-15,'000563,陕国投Ａ,6.5,6.61,6.49,6.6,6.6,-0.1,-1.5152,1.5746,38251633,250052377.81,20088196258.0,15790675602.0,19144
2016-04-14,'000563,陕国投Ａ,6.6,6.66,6.51,6.62,6.58,0.02,0.304,1.7875,43424626,285827610.04,20397245431.2,16033609072.8,20154
2016-04-13,'000563,陕国投Ａ,6.58,6.78,6.54,6.58,6.53,0.05,0.7657,3.6248,88059477,586623827.24,20335435596.6,15985022378.6,37524
2016-04-12,'000563,陕国投Ａ,6.53,6.67,6.33,6.66,6.66,-0.13,-1.952,2.6178,63595887,410219088.52,20180911010.0,15863555643.2,33332
2016-04-11,'000563,陕国投Ａ,6.66,6.86,6.63,6.72,6.65,0.01,0.1504,2.9738,72243108,485605786.39,20582674935.1,16179369155.3,34042
2016-04-08,'000563,陕国投Ａ,6.65,6.95,6.4,6.9,7.1,-0.45,-6.338,4.0146,97527376,649573081.97,20551770017.8,16155075808.2,52125
2016-04-07,'000563,陕国投Ａ,7.1,7.5,7.08,7.29,7.22,-0.12,-1.662,4.6028,111818572,815697347.45,21942491297.2,17248276426.8,53427
2016-04-06,'000563,陕国投Ａ,7.22,7.49,6.9,7.01,7.15,0.07,0.979,5.0237,122043404,887528617.09,22313350305.0,17539796591.8,56077
2016-04-05,'000563,陕国投Ａ,14.32,14.7,13.95,14.0,13.99,0.33,2.3588,4.6326,56270840,804489973.34,22127920801.1,17394036509.3,36566
2016-04-01,'000563,陕国投Ａ,13.99,14.25,13.66,14.25,14.29,-0.3,-2.0994,3.2518,39498153,549554413.85,21617989665.3,16993196282.5,30929
2016-03-31,'000563,陕国投Ａ,14.29,14.84,14.01,14.18,14.16,0.13,0.9181,5.6035,68063382,975713416.58,22081563425.1,17357596488.7,47335
2016-03-30,'000563,陕国投Ａ,14.16,14.16,12.9,13.05,12.87,1.29,10.0233,5.9427,72183566,976569853.16,21880681462.6,17199689732.6,38215
2016-03-29,'000563,陕国投Ａ,12.87,13.27,12.45,12.62,12.62,0.25,1.981,3.9764,48300341,618468952.18,19887314295.4,15632768846.0,26831
2016-03-28,'000563,陕国投Ａ,12.62,12.79,12.37,12.57,12.45,0.17,1.3655,2.0041,24342701,306942650.55,19501002828.9,15329102007.5,13993
2016-03-25,'000563,陕国投Ａ,12.45,12.68,12.28,12.5,12.6,-0.15,-1.1905,1.9661,23881805,297979354.85,19238311031.7,15122608557.3,15172
2016-03-24,'000563,陕国投Ａ,12.6,13.1,12.58,12.77,13.06,-0.46,-3.5222,4.2167,51219156,654059338.55,19470097911.6,15304808660.4,26899
2016-03-23,'000563,陕国投Ａ,13.06,13.18,12.34,12.5,12.5,0.56,4.48,3.0747,37347938,472997695.93,20180911010.0,15863555643.2,21659
2016-03-22,'000563,陕国投Ａ,12.5,12.63,12.35,12.5,12.83,-0.33,-2.5721,2.4731,30040077,375038363.42,19315573325.0,15183341925.0,18476
2016-03-21,'000563,陕国投Ａ,12.83,13.0,12.0,12.1,11.82,1.01,8.5448,3.9907,48473797,612214117.37,19825504460.8,15584182151.8,28819
2016-03-18,'000563,陕国投Ａ,11.82,11.95,11.2,11.25,11.24,0.58,5.1601,2.8986,35208446,407306780.32,18264806136.1,14357368124.3,20052
2016-03-17,'000563,陕国投Ａ,11.24,11.36,10.73,10.93,10.73,0.51,4.753,2.4561,29833607,330333662.36,17368563533.8,13652861059.0,16255
2016-03-16,'000563,陕国投Ａ,10.73,11.05,10.63,10.99,10.95,-0.22,-2.0091,1.0756,13064694,141653101.88,16580488142.2,13033380708.4,8496
2016-03-15,'000563,陕国投Ａ,10.95,11.08,10.81,10.86,10.94,0.01,0.0914,1.2882,15647277,171347661.94,16920442232.7,13300607526.3,10107
2016-03-14,'000563,陕国投Ａ,10.94,11.16,10.58,10.61,10.43,0.51,4.8897,1.8678,22687407,247908583.58,16904989774.0,13288460852.8,13673
2016-03-11,'000563,陕国投Ａ,10.43,10.61,10.11,10.22,10.37,0.06,0.5786,0.9268,11257293,117062035.68,16116914382.4,12668980502.2,7586
2016-03-10,'000563,陕国投Ａ,10.37,10.81,10.3,10.69,10.62,-0.25,-2.354,1.1428,13880816,146401078.57,16024199630.4,12596100461.0,9365
2016-03-09,'000563,陕国投Ａ,10.62,10.87,10.53,10.7,11.01,-0.39,-3.5422,1.0756,13064549,139923789.45,16410511096.9,12899767299.5,9062
2016-03-08,'000563,陕国投Ａ,11.01,11.24,10.45,11.16,11.21,-0.2,-1.7841,1.5794,19184155,207899330.6,17013156984.7,13373487567.5,12540
2016-03-07,'000563,陕国投Ａ,11.21,11.33,11.01,11.07,10.97,0.24,2.1878,1.7071,20735865,231993085.85,17322206157.9,13616421038.3,11466
2016-03-04,'000563,陕国投Ａ,10.97,11.22,10.71,10.93,10.96,0.01,0.0912,2.111,25641530,282093902.98,16951347150.0,13324900873.4,14669
2016-03-03,'000563,陕国投Ａ,10.96,11.29,10.9,11.06,11.06,-0.1,-0.9042,2.2658,27522358,305727176.08,16935894691.4,13312754199.8,15286
2016-03-02,'000563,陕国投Ａ,11.06,11.18,10.25,10.4,10.47,0.59,5.6351,2.4647,29937843,323542358.72,17090419278.0,13434220935.2,17478
2016-03-01,'000563,陕国投Ａ,10.47,10.67,9.88,10.15,10.1,0.37,3.6634,1.6022,19460899,199716568.45,16178724217.0,12717567196.4,13250
2016-02-29,'000563,陕国投Ａ,10.1,10.8,9.89,10.7,10.99,-0.89,-8.0983,2.3567,28625815,289791930.84,15606983246.6,12268140275.4,18662
2016-02-26,'000563,陕国投Ａ,10.99,11.23,10.4,10.8,10.21,0.78,7.6396,3.4638,42073700,459604174.15,16982252067.3,13349194220.5,21703
2016-02-25,'000563,陕国投Ａ,10.21,11.4,10.17,11.25,11.3,-1.09,-9.646,1.4843,18029887,192941441.91,15776960291.9,12401753684.3,11679
2016-02-24,'000563,陕国投Ａ,11.3,11.68,11.05,11.4,11.51,-0.21,-1.8245,1.1618,14111665,160219565.97,17461278285.8,13725741100.2,9861
2016-02-23,'000563,陕国投Ａ,11.51,11.66,11.25,11.3,11.36,0.15,1.3204,1.6536,20085593,229967429.73,17785779917.7,13980821244.5,11805
2016-02-22,'000563,陕国投Ａ,11.36,11.59,10.92,11.16,10.9,0.46,4.2202,1.6019,19457198,218814700.72,17553993037.8,13798621141.4,12222
2016-02-19,'000563,陕国投Ａ,10.9,11.04,10.72,10.72,10.82,0.08,0.7394,0.8667,10527613,114502051.01,16843179939.4,13239874158.6,6816
2016-02-18,'000563,陕国投Ａ,10.82,11.18,10.72,10.95,11.03,-0.21,-1.9039,1.4598,17731595,193531189.34,16719560270.1,13142700770.3,11088
2016-02-17,'000563,陕国投Ａ,11.03,11.18,10.36,10.4,10.45,0.58,5.5502,2.208,26820026,292198880.09,17044061902.0,13397780914.6,16190
2016-02-16,'000563,陕国投Ａ,10.45,10.57,9.97,10.03,9.91,0.54,5.449,1.5013,18236090,188147780.95,16147819299.7,12693273849.3,9960
2016-02-15,'000563,陕国投Ａ,9.91,10.06,9.65,9.75,10.2,-0.29,-2.8431,0.8363,10158177,100090769.16,15313386532.1,12037353478.1,6977
2016-02-05,'000563,陕国投Ａ,10.2,10.69,10.18,10.67,10.63,-0.43,-4.0452,1.0747,13053431,135391095.9,15761507833.2,12389607010.8,8128
2016-02-04,'000563,陕国投Ａ,10.63,10.7,10.27,10.34,10.24,0.39,3.8086,1.716,20843665,219340690.17,16425963555.6,12911913973.0,13128
2016-02-03,'000563,陕国投Ａ,10.24,10.38,9.94,10.26,10.57,-0.33,-3.122,1.378,16738209,169718643.54,15823317667.8,12438193705.0,11368
2016-02-02,'000563,陕国投Ａ,10.57,10.68,10.08,10.29,10.39,0.18,1.7324,1.9459,23636721,247206450.79,16333248803.6,12839033931.8,11830
2016-02-01,'000563,陕国投Ａ,10.39,11.55,10.39,11.34,11.54,-1.15,-9.9653,1.9297,23439573,253691031.0,16055104547.7,12620393808.1,13193
2016-01-29,'000563,陕国投Ａ,11.54,11.74,11.1,11.2,11.21,0.33,2.9438,1.2763,15502415,177757810.39,17832137293.6,14017261265.2,8607
2016-01-28,'000563,陕国投Ａ,11.21,12.21,11.1,11.51,11.88,-0.67,-5.6397,1.2879,15644009,182241736.85,17322206157.9,13616421038.3,10416
2016-01-27,'000563,陕国投Ａ,11.88,12.2,10.72,12.01,11.9,-0.02,-0.1681,1.5072,18307508,206490249.03,18357520888.1,14430248165.5,11874
2016-01-26,'000563,陕国投Ａ,11.9,13.1,11.72,12.1,12.32,-0.42,-3.4091,2.1123,25657248,319821016.23,18388425805.4,14454541512.6,14906
2016-01-25,'000563,陕国投Ａ,12.32,12.34,11.77,11.9,11.78,0.54,4.584,0.9714,11798789,142911620.19,19037429069.1,14964701801.3,8664
2016-01-22,'000563,陕国投Ａ,11.78,12.43,11.34,12.24,12.0,-0.22,-1.8333,1.1849,14393019,170125581.36,18202996301.5,14308781430.1,9841
2016-01-21,'000563,陕国投Ａ,12.0,13.28,12.0,12.57,13.0,-1.0,-7.6923,1.1766,14292227,181003994.95,18542950392.0,14576008248.0,10338
2016-01-20,'000563,陕国投Ａ,13.0,14.05,12.91,13.97,13.89,-0.89,-6.4075,1.7526,21288501,286252526.34,20088196258.0,15790675602.0,14119
2016-01-19,'000563,陕国投Ａ,13.89,14.23,13.15,13.38,13.65,0.24,1.7582,1.5531,18864789,259814240.79,21463465078.7,16871729547.1,12629
2016-01-18,'000563,陕国投Ａ,13.65,13.82,12.3,13.33,13.33,0.32,2.4006,1.9111,23213882,303314225.59,21092606070.9,16580209382.1,14890
2016-01-15,'000563,陕国投Ａ,13.33,14.35,13.01,14.2,14.34,-1.01,-7.0432,1.3209,16044705,221916254.23,20598127393.8,16191515828.8,13311
2016-01-14,'000563,陕国投Ａ,14.34,14.4,13.01,13.16,13.9,0.44,3.1655,1.9716,23948365,331793630.94,22158825718.4,17418329856.4,15124
2016-01-13,'000563,陕国投Ａ,13.9,15.2,13.82,14.9,14.88,-0.98,-6.586,3.2816,39860067,578598581.88,21478917537.4,16883876220.6,21930
2016-01-12,'000563,陕国投Ａ,14.88,15.17,13.61,13.61,13.79,1.09,7.9043,3.263,39634716,578431925.5,22993258486.1,18074250227.5,20842
2016-01-11,'000563,陕国投Ａ,13.79,14.8,13.11,13.26,13.87,-0.08,-0.5768,2.7436,33325431,473776000.78,21308940492.1,16750262811.7,19191
2016-01-08,'000563,陕国投Ａ,13.87,14.39,12.57,14.0,13.59,0.28,2.0603,1.8369,22311804,308319231.73,21432560161.4,16847436200.0,13504
2016-01-07,'000563,陕国投Ａ,13.59,14.78,13.59,14.72,15.1,-1.51,-10.0,0.4658,5657600,79390107.02,20999891318.9,16507329340.9,3305
2016-01-06,'000563,陕国投Ａ,15.1,15.25,14.02,14.5,14.65,0.45,3.0717,2.2867,27775825,407396209.27,23333212576.6,18341477045.4,14548
2016-01-05,'000563,陕国投Ａ,14.65,14.85,13.39,13.45,13.96,0.69,4.9427,2.972,36100244,511367660.28,22637851936.9,17794876736.1,13933
2016-01-04,'000563,陕国投Ａ,13.96,15.08,13.68,15.0,15.12,-1.16,-7.672,1.4549,17671766,255711855.39,21571632289.4,16956756261.8,7297
