日期,股票代码,名称,收盘价,最高价,最低价,开盘价,前收盘,涨跌额,涨跌幅,换手率,成交量,成交金额,总市值,流通市值,成交笔数
2016-10-12,'000417,合肥百货,8.7,8.71,8.64,8.7,8.7,0.0,0.0,0.776,6042275,52424550.15,6784992540.0,6774244438.2,3271
2016-10-11,'000417,合肥百货,8.7,8.74,8.62,8.65,8.66,0.04,0.4619,1.1255,8763357,76272577.39,6784992540.0,6774244438.2,3668
2016-10-10,'000417,合肥百货,8.66,8.67,8.47,8.5,8.47,0.19,2.2432,1.2397,9653129,83085911.06,6753797172.0,6743098486.76,4412
2016-09-30,'000417,合肥百货,8.47,8.5,8.43,8.44,8.47,0.0,0.0,0.6327,4926253,41711346.46,6605619174.0,6595155217.42,1995
2016-09-29,'000417,合肥百货,8.47,8.49,8.36,8.37,8.35,0.12,1.4371,0.7755,6038231,50981136.91,6605619174.0,6595155217.42,3049
2016-09-28,'000417,合肥百货,8.35,8.41,8.33,8.39,8.36,-0.01,-0.1196,0.5139,4001197,33507757.6,6512033070.0,6501717363.1,2373
2016-09-27,'000417,合肥百货,8.36,8.37,8.18,8.2,8.23,0.13,1.5796,0.6058,4717393,39105209.33,6519831912.0,6509503850.96,2590
2016-09-26,'000417,合肥百货,8.23,8.47,8.23,8.44,8.48,-0.25,-2.9481,0.8027,6250198,52221769.66,6418446966.0,6408279508.78,3057
2016-09-23,'000417,合肥百货,8.48,8.51,8.4,8.48,8.49,-0.01,-0.1178,0.7498,5838451,49303822.52,6613418016.0,6602941705.28,2392
2016-09-22,'000417,合肥百货,8.49,8.51,8.41,8.43,8.39,0.1,1.1919,1.1118,8657262,73330405.18,6621216858.0,6610728193.14,3546
2016-09-21,'000417,合肥百货,8.39,8.42,8.34,8.36,8.39,0.0,0.0,0.5645,4395514,36866303.07,6543228438.0,6532863314.54,2311
2016-09-20,'000417,合肥百货,8.39,8.45,8.22,8.42,8.42,-0.03,-0.3563,0.5804,4519458,37780515.72,6543228438.0,6532863314.54,2111
2016-09-19,'000417,合肥百货,8.42,8.44,8.27,8.27,8.28,0.14,1.6908,0.6666,5190530,43546297.22,6566624964.0,6556222778.12,2660
2016-09-14,'000417,合肥百货,8.28,8.33,8.22,8.22,8.27,0.01,0.1209,0.6692,5211042,43160273.37,6457441176.0,6447211948.08,2465
2016-09-13,'000417,合肥百货,8.27,8.3,8.14,8.23,8.2,0.07,0.8537,0.843,6563844,54033194.68,6449642334.0,6439425460.22,2842
2016-09-12,'000417,合肥百货,8.2,8.43,8.2,8.4,8.52,-0.32,-3.7559,1.3089,10191361,84809807.06,6395050440.0,6384920045.2,4935
2016-09-09,'000417,合肥百货,8.52,8.72,8.51,8.72,8.72,-0.2,-2.2936,1.298,10106569,86965564.27,6644613384.0,6634087656.72,4218
2016-09-08,'000417,合肥百货,8.72,8.73,8.67,8.7,8.69,0.03,0.3452,0.6142,4782090,41588484.56,6800590224.0,6789817413.92,2352
2016-09-07,'000417,合肥百货,8.69,8.79,8.66,8.72,8.74,-0.05,-0.5721,1.2597,9808873,85485649.6,6777193698.0,6766457950.34,4823
2016-09-06,'000417,合肥百货,8.74,8.75,8.51,8.55,8.55,0.19,2.2222,1.2542,9765584,84451319.9,6816187908.0,6805390389.64,4683
2016-09-05,'000417,合肥百货,8.55,8.61,8.51,8.57,8.55,0.0,0.0,0.787,6128092,52494468.98,6668009910.0,6657447120.3,2693
2016-09-02,'000417,合肥百货,8.55,8.64,8.52,8.58,8.58,-0.03,-0.3497,0.7247,5643119,48386306.8,6668009910.0,6657447120.3,2919
2016-09-01,'000417,合肥百货,8.58,8.74,8.56,8.7,8.75,-0.17,-1.9429,1.1932,9290848,80335535.07,6691406436.0,6680806583.88,3863
2016-08-31,'000417,合肥百货,8.75,8.77,8.57,8.64,8.63,0.12,1.3905,1.4154,11020745,95575579.1,6823986750.0,6813176877.5,4327
2016-08-30,'000417,合肥百货,8.63,8.7,8.59,8.66,8.66,-0.03,-0.3464,0.9979,7769865,67218999.59,6730400646.0,6719739023.18,3256
2016-08-29,'000417,合肥百货,8.66,8.69,8.6,8.66,8.64,0.02,0.2315,0.992,7724570,66758041.13,6753797172.0,6743098486.76,3047
2016-08-26,'000417,合肥百货,8.64,8.79,8.63,8.66,8.66,-0.02,-0.2309,1.3383,10420460,90800300.21,6738199488.0,6727525511.04,4566
2016-08-25,'000417,合肥百货,8.66,8.75,8.48,8.72,8.83,-0.17,-1.9253,1.8093,14087878,121321945.09,6753797172.0,6743098486.76,6183
2016-08-24,'000417,合肥百货,8.83,8.89,8.78,8.85,8.83,0.0,0.0,1.0413,8108077,71650072.72,6886377486.0,6875468780.38,3447
2016-08-23,'000417,合肥百货,8.83,8.94,8.73,8.82,8.83,0.0,0.0,1.2452,9696107,85961326.41,6886377486.0,6875468780.38,4217
2016-08-22,'000417,合肥百货,8.83,9.04,8.82,9.01,9.03,-0.2,-2.2148,1.7455,13591279,121116841.5,6886377486.0,6875468780.38,5807
2016-08-19,'000417,合肥百货,9.03,9.16,8.9,9.06,9.13,-0.1,-1.0953,2.2207,17291089,155568304.99,7042354326.0,7031198537.58,8314
2016-08-18,'000417,合肥百货,9.13,9.35,8.84,8.88,8.97,0.16,1.7837,3.8715,30145187,275327550.72,7120342746.0,7109063416.18,14552
2016-08-17,'000417,合肥百货,8.97,9.14,8.74,8.83,8.93,0.04,0.4479,2.7089,21093204,188766855.76,6995561274.0,6984479610.42,11368
2016-08-16,'000417,合肥百货,8.93,9.37,8.63,8.63,8.54,0.39,4.5667,5.5849,43486771,392699523.19,6964365906.0,6953333658.98,20704
2016-08-15,'000417,合肥百货,8.54,8.66,8.31,8.4,8.35,0.19,2.2754,4.0845,31803751,269990528.55,6660211068.0,6649660632.44,10618
2016-08-12,'000417,合肥百货,8.35,8.38,8.08,8.08,8.03,0.32,3.9851,1.9261,14997636,123576648.98,6512033070.0,6501717363.1,7017
2016-08-11,'000417,合肥百货,8.03,8.14,8.02,8.08,8.1,-0.07,-0.8642,0.7383,5748627,46488047.93,6262470126.0,6252549751.58,2638
2016-08-10,'000417,合肥百货,8.1,8.17,8.06,8.14,8.16,-0.06,-0.7353,0.8932,6954949,56452315.26,6317062020.0,6307055166.6,3407
2016-08-09,'000417,合肥百货,8.16,8.22,8.09,8.16,8.18,-0.02,-0.2445,1.076,8378543,68157551.66,6363855072.0,6353774093.76,4367
2016-08-08,'000417,合肥百货,8.18,8.18,7.95,7.99,7.99,0.19,2.378,1.5854,12344665,99997721.41,6379452756.0,6369347069.48,5284
2016-08-05,'000417,合肥百货,7.99,8.14,7.9,7.92,7.89,0.1,1.2674,1.4446,11248282,90437924.33,6231274758.0,6221403800.14,4867
2016-08-04,'000417,合肥百货,7.89,7.94,7.8,7.83,7.85,0.04,0.5096,0.966,7521642,59286409.3,6153286338.0,6143538921.54,3169
2016-08-03,'000417,合肥百货,7.85,7.88,7.68,7.77,7.78,0.07,0.8997,1.5423,12009262,93912908.38,6122090970.0,6112392970.1,4353
2016-08-02,'000417,合肥百货,7.78,7.78,7.67,7.7,7.71,0.07,0.9079,0.8776,6833215,52833351.98,6067499076.0,6057887555.08,3269
2016-08-01,'000417,合肥百货,7.71,7.95,7.58,7.95,7.95,-0.24,-3.0189,2.5101,19544649,150609361.41,6012907182.0,6003382140.06,8909
2016-07-29,'000417,合肥百货,7.95,8.49,7.92,8.36,8.33,-0.38,-4.5618,3.1531,24551640,201264997.65,6200079390.0,6190257848.7,9495
2016-07-28,'000417,合肥百货,8.33,8.4,8.25,8.39,8.35,-0.02,-0.2395,1.2017,9356771,77979252.65,6496435386.0,6486144387.38,4741
2016-07-27,'000417,合肥百货,8.35,8.69,8.2,8.5,8.54,-0.19,-2.2248,2.4902,19389745,164490266.75,6512033070.0,6501717363.1,9217
2016-07-26,'000417,合肥百货,8.54,8.68,8.37,8.38,8.44,0.1,1.1848,2.5499,19854657,169702596.33,6660211068.0,6649660632.44,9016
2016-07-25,'000417,合肥百货,8.44,8.45,8.14,8.15,8.15,0.29,3.5583,2.1842,17006870,141799161.35,6582222648.0,6571795753.84,7067
2016-07-22,'000417,合肥百货,8.15,8.28,8.11,8.25,8.25,-0.1,-1.2121,0.7308,5690328,46645980.68,6356056230.0,6345987605.9,3208
2016-07-21,'000417,合肥百货,8.25,8.38,8.22,8.29,8.29,-0.04,-0.4825,1.0664,8303896,68925465.64,6434044650.0,6423852484.5,3919
2016-07-20,'000417,合肥百货,8.29,8.35,8.25,8.31,8.3,-0.01,-0.1205,0.5611,4369263,36220939.4,6465240018.0,6454998435.94,2132
2016-07-19,'000417,合肥百货,8.3,8.3,8.18,8.26,8.27,0.03,0.3628,0.635,4944102,40791153.6,6473038860.0,6462784923.8,2453
2016-07-18,'000417,合肥百货,8.27,8.36,8.23,8.32,8.34,-0.07,-0.8393,0.7318,5698269,47218946.76,6449642334.0,6439425460.22,2717
2016-07-15,'000417,合肥百货,8.34,8.49,8.3,8.46,8.45,-0.11,-1.3018,0.9825,7650345,64055750.37,6504234228.0,6493930875.24,3709
2016-07-14,'000417,合肥百货,8.45,8.55,8.3,8.32,8.36,0.09,1.0766,1.9251,14989988,126704310.36,6590021490.0,6579582241.7,7191
2016-07-13,'000417,合肥百货,8.36,8.37,8.26,8.29,8.29,0.07,0.8444,1.6204,12617180,104898254.11,6519831912.0,6509503850.96,4235
2016-07-12,'000417,合肥百货,8.29,8.29,8.09,8.19,8.19,0.1,1.221,1.563,12170449,99890779.41,6465240018.0,6454998435.94,3864
2016-07-11,'000417,合肥百货,8.19,8.35,8.14,8.15,8.18,0.01,0.1222,1.3139,10230693,84261749.41,6387251598.0,6377133557.34,4166
2016-07-08,'000417,合肥百货,8.18,8.24,8.05,8.11,8.11,0.07,0.8631,1.0503,8178012,66868947.99,6379452756.0,6369347069.48,3981
2016-07-07,'000417,合肥百货,8.11,8.19,8.03,8.17,8.18,-0.07,-0.8557,1.1516,8967096,72668759.09,6324860862.0,6314841654.46,4161
2016-07-06,'000417,合肥百货,8.18,8.37,8.15,8.17,8.19,-0.01,-0.1221,1.5015,11691576,96180147.99,6379452756.0,6369347069.48,4540
2016-07-05,'000417,合肥百货,8.19,8.24,8.12,8.22,8.17,0.02,0.2448,1.4236,11084904,90737336.69,6387251598.0,6377133557.34,4053
2016-07-04,'000417,合肥百货,8.17,8.21,8.0,8.03,8.11,0.06,0.7398,1.5206,11839809,96465211.74,6371653914.0,6361560581.62,4776
2016-07-01,'000417,合肥百货,8.11,8.13,8.02,8.03,8.09,0.02,0.2472,1.1354,8840692,71521119.88,6324860862.0,6314841654.46,3596
2016-06-30,'000417,合肥百货,8.09,8.12,7.88,7.93,7.91,0.18,2.2756,1.7354,13512531,108177719.97,6309263178.0,6299268678.74,5299
2016-06-29,'000417,合肥百货,7.91,7.96,7.85,7.91,7.9,0.01,0.1266,1.0063,7835559,61891973.68,6168884022.0,6159111897.26,3201
2016-06-28,'000417,合肥百货,7.9,7.91,7.71,7.71,7.78,0.12,1.5424,1.1991,9336976,73131160.24,6161085180.0,6151325409.4,4045
2016-06-27,'000417,合肥百货,7.78,7.79,7.58,7.6,7.64,0.14,1.8325,0.6916,5385032,41639934.99,6067499076.0,6057887555.08,2518
2016-06-24,'000417,合肥百货,7.64,7.85,7.54,7.77,7.74,-0.1,-1.292,1.1141,8674700,66775452.97,5958315288.0,5948876725.04,4100
2016-06-23,'000417,合肥百货,7.74,7.87,7.71,7.84,7.84,-0.1,-1.2755,0.6804,5297699,41177190.5,6036303708.0,6026741603.64,2833
2016-06-22,'000417,合肥百货,7.96,7.96,7.88,7.92,7.9,0.06,0.7595,0.8017,6242359,49492163.86,6207878232.0,6198044336.56,2493
2016-06-21,'000417,合肥百货,7.9,8.01,7.86,7.88,7.85,0.05,0.6369,1.4472,11268925,89482795.95,6161085180.0,6151325409.4,4175
2016-06-20,'000417,合肥百货,7.85,7.91,7.78,7.88,7.9,-0.05,-0.6329,0.7024,5469129,42871599.57,6122090970.0,6112392970.1,2679
2016-06-17,'000417,合肥百货,7.9,7.93,7.65,7.66,7.63,0.27,3.5387,1.7578,13687097,106687651.76,6161085180.0,6151325409.4,5378
2016-06-16,'000417,合肥百货,7.63,7.76,7.62,7.72,7.72,-0.09,-1.1658,0.6638,5168391,39753103.29,5950516446.0,5941090237.18,2400
2016-06-15,'000417,合肥百货,7.72,7.75,7.46,7.49,7.55,0.17,2.2517,1.017,7918699,60637383.67,6020706024.0,6011168627.92,3366
2016-06-14,'000417,合肥百货,7.55,7.58,7.48,7.52,7.52,0.03,0.3989,0.6583,5125656,38619068.96,5888125710.0,5878798334.3,2331
2016-06-13,'000417,合肥百货,7.52,7.76,7.52,7.73,7.82,-0.3,-3.8363,1.0641,8285956,63522470.89,5864729184.0,5855438870.72,3970
2016-06-08,'000417,合肥百货,7.82,7.86,7.74,7.85,7.88,-0.06,-0.7614,0.8576,6677566,52104246.26,6098694444.0,6089033506.52,2730
2016-06-07,'000417,合肥百货,7.88,7.89,7.78,7.83,7.86,0.02,0.2545,0.8015,6240570,48883074.22,6145487496.0,6135752433.68,3065
2016-06-06,'000417,合肥百货,7.86,7.94,7.8,7.9,7.9,-0.04,-0.5063,0.9951,7748389,60821849.05,6129889812.0,6120179457.96,3166
2016-06-03,'000417,合肥百货,7.9,7.97,7.78,7.89,7.89,0.01,0.1267,1.3625,10609330,83462091.03,6161085180.0,6151325409.4,3886
2016-06-02,'000417,合肥百货,7.89,7.9,7.73,7.8,7.79,0.1,1.2837,1.3572,10567677,82621152.92,6153286338.0,6143538921.54,4428
2016-06-01,'000417,合肥百货,7.79,7.88,7.78,7.83,7.83,-0.04,-0.5109,1.0729,8354144,65309415.28,6075297918.0,6065674042.94,3898
2016-05-31,'000417,合肥百货,7.83,7.83,7.54,7.55,7.51,0.32,4.261,1.4003,10903343,84212850.2,6106493286.0,6096819994.38,5217
2016-05-30,'000417,合肥百货,7.51,7.59,7.45,7.57,7.57,-0.06,-0.7926,0.4649,3620079,27229431.16,5856930342.0,5847652382.86,2423
2016-05-27,'000417,合肥百货,7.57,7.6,7.51,7.56,7.57,0.0,0.0,0.4443,3459878,26164083.79,5903723394.0,5894371310.02,2070
2016-05-26,'000417,合肥百货,7.57,7.59,7.41,7.53,7.55,0.02,0.2649,0.526,4095960,30722295.74,5903723394.0,5894371310.02,2711
2016-05-25,'000417,合肥百货,7.55,7.66,7.51,7.59,7.55,0.0,0.0,0.5155,4013743,30476170.93,5888125710.0,5878798334.3,2044
2016-05-24,'000417,合肥百货,7.55,7.65,7.48,7.65,7.64,-0.09,-1.178,0.456,3550608,26803699.14,5888125710.0,5878798334.3,2235
2016-05-23,'000417,合肥百货,7.64,7.7,7.5,7.51,7.54,0.1,1.3263,0.684,5326259,40580570.16,5958315288.0,5948876725.04,2908
2016-05-20,'000417,合肥百货,7.54,7.55,7.39,7.4,7.45,0.09,1.2081,0.6099,4748644,35508559.32,5880326868.0,5871011846.44,2730
2016-05-19,'000417,合肥百货,7.45,7.63,7.4,7.42,7.48,-0.03,-0.4011,1.033,8043425,60407526.41,5810137290.0,5800933455.7,4153
2016-05-18,'000417,合肥百货,7.48,7.69,7.37,7.66,7.63,-0.15,-1.9659,1.2122,9438413,71211515.95,5833533816.0,5824292919.28,5235
2016-05-17,'000417,合肥百货,7.63,7.7,7.53,7.62,7.64,-0.01,-0.1309,0.5955,4637046,35351159.42,5950516446.0,5941090237.18,2737
2016-05-16,'000417,合肥百货,7.64,7.65,7.41,7.47,7.46,0.18,2.4129,0.6691,5209792,39333480.07,5958315288.0,5948876725.04,2923
2016-05-13,'000417,合肥百货,7.46,7.65,7.34,7.59,7.61,-0.15,-1.9711,0.7431,5785809,43609674.28,5817936132.0,5808719943.56,3230
2016-05-12,'000417,合肥百货,7.61,7.63,7.4,7.59,7.63,-0.02,-0.2621,0.6646,5174913,38862868.02,5934918762.0,5925517261.46,3393
2016-05-11,'000417,合肥百货,7.63,7.78,7.62,7.69,7.61,0.02,0.2628,0.7565,5890621,45317809.87,5950516446.0,5941090237.18,3477
2016-05-10,'000417,合肥百货,7.61,7.69,7.58,7.6,7.59,0.02,0.2635,0.5713,4448547,33984470.71,5934918762.0,5925517261.46,2498
2016-05-09,'000417,合肥百货,7.59,8.0,7.5,7.99,8.04,-0.45,-5.597,1.3542,10544728,81893416.28,5919321078.0,5909944285.74,5686
2016-05-06,'000417,合肥百货,8.04,8.41,8.01,8.38,8.37,-0.33,-3.9427,1.4758,11491450,94269281.39,6270268968.0,6260336239.44,5614
2016-05-05,'000417,合肥百货,8.37,8.38,8.26,8.35,8.33,0.04,0.4802,1.2712,9898562,82502210.29,6527630754.0,6517290338.82,4300
2016-05-04,'000417,合肥百货,8.33,8.37,8.21,8.32,8.34,-0.01,-0.1199,1.142,8892309,73865646.22,6496435386.0,6486144387.38,4055
2016-05-03,'000417,合肥百货,8.34,8.39,7.96,8.05,8.04,0.3,3.7313,1.7293,13465533,111252315.74,6504234228.0,6493930875.24,6492
2016-04-29,'000417,合肥百货,8.04,8.07,8.01,8.02,8.03,0.01,0.1245,0.4663,3631094,29200065.6,6270268968.0,6260336239.44,2307
2016-04-28,'000417,合肥百货,8.03,8.07,7.89,8.01,8.01,0.02,0.2497,0.8772,6830435,54580133.91,6262470126.0,6252549751.58,3065
2016-04-27,'000417,合肥百货,8.01,8.13,7.99,8.12,8.12,-0.11,-1.3547,0.7816,6086102,49095598.21,6246872442.0,6236976775.86,2995
2016-04-26,'000417,合肥百货,8.12,8.14,7.88,7.89,7.9,0.22,2.7848,1.0166,7915990,63502658.11,6332659704.0,6322628142.32,4004
2016-04-25,'000417,合肥百货,7.9,7.95,7.76,7.93,7.93,-0.03,-0.3783,0.6115,4761554,37474513.5,6161085180.0,6151325409.4,2792
2016-04-22,'000417,合肥百货,7.93,7.95,7.82,7.87,7.92,0.01,0.1263,0.8278,6445334,50880082.23,6184481706.0,6174684872.98,3293
2016-04-21,'000417,合肥百货,7.92,8.11,7.8,8.1,8.05,-0.13,-1.6149,1.3089,10191546,81832809.76,6176682864.0,6166898385.12,4724
2016-04-20,'000417,合肥百货,8.05,8.53,7.89,8.49,8.47,-0.42,-4.9587,2.1826,16994833,138447313.73,6278067810.0,6268122727.3,8015
2016-04-19,'000417,合肥百货,8.47,8.55,8.39,8.55,8.4,0.07,0.8333,1.1886,9255348,78411851.29,6605619174.0,6595155217.42,3616
2016-04-18,'000417,合肥百货,8.4,8.6,8.35,8.6,8.6,-0.2,-2.3256,1.2207,9504908,80038252.91,6551027280.0,6540649802.4,4614
2016-04-15,'000417,合肥百货,8.6,8.72,8.54,8.61,8.67,-0.07,-0.8074,1.4624,11387159,98092261.78,6707004120.0,6696379559.6,5249
2016-04-14,'000417,合肥百货,8.67,8.68,8.52,8.55,8.51,0.16,1.8801,1.7549,13664507,117559739.24,6761596014.0,6750884974.62,5424
2016-04-13,'000417,合肥百货,8.51,8.69,8.49,8.49,8.45,0.06,0.7101,2.4605,19158322,164669547.86,6636814542.0,6626301168.86,7354
2016-04-12,'000417,合肥百货,8.45,8.62,8.36,8.55,8.54,-0.09,-1.0539,1.177,9164446,77709602.52,6590021490.0,6579582241.7,4277
2016-04-11,'000417,合肥百货,8.54,8.64,8.45,8.45,8.39,0.15,1.7878,1.6053,12499747,106876134.13,6660211068.0,6649660632.44,5386
2016-04-08,'000417,合肥百货,8.39,8.54,8.26,8.54,8.6,-0.21,-2.4419,1.5847,12339299,103261433.61,6543228438.0,6532863314.54,6723
2016-04-07,'000417,合肥百货,8.6,8.95,8.52,8.6,8.54,0.06,0.7026,3.038,23655569,205839937.17,6707004120.0,6696379559.6,11325
2016-04-06,'000417,合肥百货,8.54,8.7,8.43,8.5,8.54,0.0,0.0,2.0631,16064060,137685585.57,6660211068.0,6649660632.44,7552
2016-04-05,'000417,合肥百货,8.54,8.58,8.32,8.43,8.39,0.15,1.7878,1.8817,14651454,124277436.22,6660211068.0,6649660632.44,7915
2016-04-01,'000417,合肥百货,8.39,8.48,8.21,8.4,8.57,-0.18,-2.1004,1.8402,14328454,119592884.38,6543228438.0,6532863314.54,8559
2016-03-31,'000417,合肥百货,8.57,8.7,8.22,8.28,8.13,0.44,5.4121,4.2936,33431890,283901968.62,6683607594.0,6673020096.02,16760
2016-03-30,'000417,合肥百货,8.13,8.14,7.93,7.93,7.87,0.26,3.3037,1.0827,8430338,67808406.1,6340458546.0,6330414630.18,4243
2016-03-29,'000417,合肥百货,7.87,8.06,7.8,8.03,8.06,-0.19,-2.3573,1.1859,9233849,73256921.84,6137688654.0,6127965945.82,4507
2016-03-28,'000417,合肥百货,8.06,8.26,7.98,8.19,8.15,-0.09,-1.1043,1.6419,12784355,104126747.18,6285866652.0,6275909215.16,5307
2016-03-25,'000417,合肥百货,8.15,8.23,8.02,8.02,8.05,0.1,1.2422,1.3947,10859672,88298198.41,6356056230.0,6345987605.9,4476
2016-03-24,'000417,合肥百货,8.05,8.18,8.01,8.1,8.16,-0.11,-1.348,1.4003,10903094,88085299.25,6278067810.0,6268122727.3,5376
2016-03-23,'000417,合肥百货,8.16,8.18,8.07,8.13,8.11,0.05,0.6165,1.4397,11210030,91120065.61,6363855072.0,6353774093.76,4569
2016-03-22,'000417,合肥百货,8.11,8.22,8.05,8.22,8.23,-0.12,-1.4581,1.7243,13426226,109340779.14,6324860862.0,6314841654.46,6218
2016-03-21,'000417,合肥百货,8.23,8.26,8.08,8.14,8.06,0.17,2.1092,2.4668,19207725,157035439.83,6418446966.0,6408279508.78,7566
2016-03-18,'000417,合肥百货,8.06,8.12,7.83,7.84,7.84,0.22,2.8061,3.0401,23671880,189564549.54,6285866652.0,6275909215.16,8644
2016-03-17,'000417,合肥百货,7.84,7.88,7.62,7.66,7.63,0.21,2.7523,1.6188,12604797,98176753.24,6114292128.0,6104606482.24,5352
2016-03-16,'000417,合肥百货,7.63,7.88,7.58,7.77,7.76,-0.13,-1.6753,0.8324,6481493,49828871.48,5950516446.0,5941090237.18,3564
2016-03-15,'000417,合肥百货,7.76,7.91,7.71,7.81,7.82,-0.06,-0.7673,1.0378,8080431,63151997.54,6051901392.0,6042314579.36,3943
2016-03-14,'000417,合肥百货,7.82,7.93,7.68,7.7,7.6,0.22,2.8947,1.4416,11225131,87914275.46,6098694444.0,6089033506.52,6023
2016-03-11,'000417,合肥百货,7.6,7.62,7.41,7.49,7.52,0.08,1.0638,0.8207,6390582,48100330.0,5927119920.0,5917730773.6,3729
2016-03-10,'000417,合肥百货,7.52,7.68,7.47,7.59,7.5,0.02,0.2667,0.8774,6831554,51800963.77,5864729184.0,5855438870.72,4229
2016-03-09,'000417,合肥百货,7.5,7.62,7.44,7.5,7.67,-0.17,-2.2164,0.7531,5863625,44078683.08,5849131500.0,5839865895.0,3219
2016-03-08,'000417,合肥百货,7.67,7.71,7.38,7.7,7.67,0.0,0.0,1.0855,8452100,63717876.07,5981711814.0,5972236188.62,4576
2016-03-07,'000417,合肥百货,7.67,7.74,7.56,7.56,7.5,0.17,2.2667,1.0171,7919742,60716990.78,5981711814.0,5972236188.62,3594
2016-03-04,'000417,合肥百货,7.5,7.77,7.39,7.74,7.75,-0.25,-3.2258,1.3728,10689213,81116709.32,5849131500.0,5839865895.0,5445
2016-03-03,'000417,合肥百货,7.75,7.89,7.73,7.75,7.79,-0.04,-0.5135,1.4503,11292776,88196900.6,6044102550.0,6034528091.5,5208
2016-03-02,'000417,合肥百货,7.79,7.82,7.35,7.38,7.4,0.39,5.2703,1.6473,12826547,97664394.84,6075297918.0,6065674042.94,6377
2016-03-01,'000417,合肥百货,7.4,7.42,7.1,7.22,7.15,0.25,3.4965,1.0285,8008613,58061062.94,5771143080.0,5762001016.4,4385
2016-02-29,'000417,合肥百货,7.15,7.59,7.02,7.59,7.57,-0.42,-5.5482,1.3461,10481045,75249808.91,5576172030.0,5567338819.9,5896
2016-02-26,'000417,合肥百货,7.57,7.68,7.38,7.63,7.55,0.02,0.2649,1.2866,10017779,75860264.98,5903723394.0,5894371310.02,6070
2016-02-25,'000417,合肥百货,7.55,8.39,7.54,8.39,8.38,-0.83,-9.9045,2.4072,18743326,147352101.0,5888125710.0,5878798334.3,9059
2016-02-24,'000417,合肥百货,8.38,8.43,8.13,8.21,8.28,0.1,1.2077,1.5881,12365439,102564654.58,6535429596.0,6525076826.68,6191
2016-02-23,'000417,合肥百货,8.28,8.46,8.17,8.39,8.39,-0.11,-1.3111,1.4614,11378999,94538730.89,6457441176.0,6447211948.08,5759
2016-02-22,'000417,合肥百货,8.39,8.43,8.21,8.28,8.19,0.2,2.442,2.0724,16136955,134951842.37,6543228438.0,6532863314.54,7125
2016-02-19,'000417,合肥百货,8.19,8.28,8.03,8.19,8.17,0.02,0.2448,1.4293,11128947,91030252.26,6387251598.0,6377133557.34,5440
2016-02-18,'000417,合肥百货,8.17,8.37,8.04,8.33,8.27,-0.1,-1.2092,2.0876,16255331,133685317.33,6371653914.0,6361560581.62,8442
2016-02-17,'000417,合肥百货,8.27,8.44,8.07,8.18,7.97,0.3,3.7641,2.5242,19654516,162292549.74,6449642334.0,6439425460.22,12397
2016-02-16,'000417,合肥百货,7.97,8.03,7.68,7.72,7.62,0.35,4.5932,1.6165,12587170,99357954.54,6215677074.0,6205830824.42,5795
2016-02-15,'000417,合肥百货,7.62,7.7,7.33,7.37,7.7,-0.08,-1.039,0.8592,6689949,50514972.09,5942717604.0,5933303749.32,3206
2016-02-05,'000417,合肥百货,7.7,7.89,7.68,7.84,7.84,-0.14,-1.7857,1.1415,8888654,69430491.7,6005108340.0,5995595652.2,3924
2016-02-04,'000417,合肥百货,7.84,7.92,7.76,7.76,7.74,0.1,1.292,1.2946,10080190,79095494.28,6114292128.0,6104606482.24,4841
2016-02-03,'000417,合肥百货,7.74,7.79,7.54,7.56,7.71,0.03,0.3891,0.9702,7554582,57777799.64,6036303708.0,6026741603.64,3762
2016-02-02,'000417,合肥百货,7.71,7.8,7.56,7.59,7.54,0.17,2.2546,1.2971,10099701,77868689.45,6012907182.0,6003382140.06,4807
2016-02-01,'000417,合肥百货,7.54,7.63,7.43,7.52,7.58,-0.04,-0.5277,1.2155,9464292,71357997.88,5880326868.0,5871011846.44,4534
2016-01-29,'000417,合肥百货,7.58,7.77,7.25,7.32,7.24,0.34,4.6961,1.6296,12688969,95520405.25,5911522236.0,5902157797.88,8560
2016-01-28,'000417,合肥百货,7.24,7.5,7.17,7.31,7.45,-0.21,-2.8188,1.5099,11757026,86759053.25,5646361608.0,5637417210.64,5315
2016-01-27,'000417,合肥百货,7.45,7.74,7.01,7.66,7.6,-0.15,-1.9737,2.1611,16827474,124307712.81,5810137290.0,5800933455.7,7835
2016-01-26,'000417,合肥百货,7.6,8.32,7.6,8.25,8.44,-0.84,-9.9526,2.2983,17895533,142629218.37,5927119920.0,5917730773.6,9519
2016-01-25,'000417,合肥百货,8.44,8.44,8.11,8.22,8.11,0.33,4.0691,1.8082,14079313,116298698.06,6582222648.0,6571795753.84,7263
2016-01-22,'000417,合肥百货,8.11,8.19,7.89,8.12,7.98,0.13,1.6291,1.8389,14318738,115192999.3,6324860862.0,6314841654.46,6454
2016-01-21,'000417,合肥百货,7.98,8.4,7.97,8.18,8.31,-0.33,-3.9711,1.9312,15037361,123278967.43,6223475916.0,6213617312.28,7895
2016-01-20,'000417,合肥百货,8.31,8.51,8.15,8.37,8.47,-0.16,-1.889,2.6341,20510624,171130294.0,6480837702.0,6470571411.66,8815
2016-01-19,'000417,合肥百货,8.47,8.57,8.13,8.13,8.14,0.33,4.0541,2.6682,20775660,173658533.87,6605619174.0,6595155217.42,9150
2016-01-18,'000417,合肥百货,8.14,8.36,7.71,7.79,7.98,0.16,2.005,2.1532,16766089,135920947.08,6348257388.0,6338201118.04,7103
2016-01-15,'000417,合肥百货,7.98,8.44,7.93,8.29,8.41,-0.43,-5.113,1.9983,15559983,127708760.01,6223475916.0,6213617312.28,7524
2016-01-14,'000417,合肥百货,8.41,8.49,7.74,7.83,8.08,0.33,4.0842,2.2967,17882950,145298798.38,6558826122.0,6548436290.26,8932
2016-01-13,'000417,合肥百货,8.08,8.62,8.01,8.51,8.45,-0.37,-4.3787,2.2434,17467938,146285274.76,6301464336.0,6291482190.88,8168
2016-01-12,'000417,合肥百货,8.45,8.67,8.12,8.39,8.36,0.09,1.0766,2.5315,19711182,166807141.61,6590021490.0,6579582241.7,9039
2016-01-11,'000417,合肥百货,8.36,9.16,8.36,9.08,9.29,-0.93,-10.0108,2.7565,21463364,188411209.92,6519831912.0,6509503850.96,11578
2016-01-08,'000417,合肥百货,9.29,9.6,8.52,9.45,9.04,0.25,2.7655,3.3239,25881859,240199427.48,7245124218.0,7233647221.94,12967
2016-01-07,'000417,合肥百货,9.04,9.98,9.01,9.98,9.99,-0.95,-9.5095,0.7736,6023788,57513934.36,7050153168.0,7038985025.44,2968
2016-01-06,'000417,合肥百货,9.99,10.15,9.47,9.59,9.55,0.44,4.6073,2.862,22284648,217155111.69,7791043158.0,7778701372.14,12109
2016-01-05,'000417,合肥百货,9.55,9.86,9.2,9.2,9.84,-0.29,-2.9472,3.2289,25141993,239461524.87,7447894110.0,7436095906.3,13128
2016-01-04,'000417,合肥百货,9.84,11.02,9.84,10.99,10.93,-1.09,-9.9726,2.3826,18552334,191965726.87,7674060528.0,7661904054.24,10766
