日期,股票代码,名称,收盘价,最高价,最低价,开盘价,前收盘,涨跌额,涨跌幅,换手率,成交量,成交金额,总市值,流通市值,成交笔数
2016-10-12,'002158,汉钟精机,11.56,11.75,11.53,11.62,11.62,-0.06,-0.5164,0.6498,3446559,40158295.96,6131205770.32,6131205770.32,2860
2016-10-11,'002158,汉钟精机,11.62,11.64,11.42,11.47,11.49,0.13,1.1314,0.7659,4062420,47079497.24,6163028637.64,6163028637.64,3827
2016-10-10,'002158,汉钟精机,11.49,11.51,11.24,11.3,11.21,0.28,2.4978,0.8474,4494482,51184815.81,6094079091.78,6094079091.78,2895
2016-09-30,'002158,汉钟精机,11.21,11.23,11.08,11.18,11.16,0.05,0.448,0.2588,1372481,15352672.51,5945572377.62,5945572377.62,1153
2016-09-29,'002158,汉钟精机,11.16,11.24,11.11,11.22,11.15,0.01,0.0897,0.276,1463665,16360260.64,5919053321.52,5919053321.52,1213
2016-09-28,'002158,汉钟精机,11.15,11.28,11.11,11.28,11.24,-0.09,-0.8007,0.3289,1744604,19500448.09,5913749510.3,5913749510.3,1530
2016-09-27,'002158,汉钟精机,11.24,11.24,11.02,11.21,11.15,0.09,0.8072,0.4231,2243786,24991522.25,5961483811.28,5961483811.28,2356
2016-09-26,'002158,汉钟精机,11.15,11.36,11.15,11.25,11.22,-0.07,-0.6239,0.6928,3674240,41424111.05,5913749510.3,5913749510.3,2554
2016-09-23,'002158,汉钟精机,11.22,11.39,11.2,11.35,11.36,-0.14,-1.2324,0.4345,2304645,25941922.9,5950876188.84,5950876188.84,1447
2016-09-22,'002158,汉钟精机,11.36,11.47,11.3,11.4,11.28,0.08,0.7092,0.4911,2604907,29590518.33,6025129545.92,6025129545.92,1778
2016-09-21,'002158,汉钟精机,11.28,11.34,11.21,11.29,11.25,0.03,0.2667,0.266,1410700,15939418.2,5982699056.16,5982699056.16,948
2016-09-20,'002158,汉钟精机,11.25,11.43,11.18,11.35,11.35,-0.1,-0.8811,0.3987,2114516,23814557.48,5966787622.5,5966787622.5,1763
2016-09-19,'002158,汉钟精机,11.35,11.44,11.12,11.12,11.11,0.24,2.1602,0.6188,3282076,37274009.39,6019825734.7,6019825734.7,2061
2016-09-14,'002158,汉钟精机,11.11,11.19,11.05,11.16,11.21,-0.1,-0.8921,0.3726,1976012,22000247.71,5892534265.42,5892534265.42,1597
2016-09-13,'002158,汉钟精机,11.21,11.31,11.08,11.23,11.1,0.11,0.991,0.6501,3448112,38619403.51,5945572377.62,5945572377.62,2652
2016-09-12,'002158,汉钟精机,11.1,11.56,11.06,11.56,11.74,-0.64,-5.4514,0.9068,4809659,54615217.1,5887230454.2,5887230454.2,3796
2016-09-09,'002158,汉钟精机,11.74,11.88,11.65,11.75,11.75,-0.01,-0.0851,0.9594,5088557,59842734.2,6226674372.28,6226674372.28,2855
2016-09-08,'002158,汉钟精机,11.75,11.77,11.6,11.69,11.66,0.09,0.7719,0.6555,3476433,40678859.0,6231978183.5,6231978183.5,2481
2016-09-07,'002158,汉钟精机,11.66,11.95,11.6,11.87,11.85,-0.19,-1.6034,0.9931,5267044,62066099.83,6184243882.52,6184243882.52,3564
2016-09-06,'002158,汉钟精机,11.85,11.85,11.43,11.51,11.43,0.42,3.6745,0.8968,4756286,55448732.82,6285016295.7,6285016295.7,3247
2016-09-05,'002158,汉钟精机,11.43,11.73,11.39,11.61,11.6,-0.17,-1.4655,0.8683,4605285,53256787.7,6062256224.46,6062256224.46,2781
2016-09-02,'002158,汉钟精机,11.6,11.87,11.58,11.8,11.8,-0.2,-1.6949,0.8073,4281537,50049548.71,6152421015.2,6152421015.2,2880
2016-09-01,'002158,汉钟精机,11.8,12.17,11.78,11.88,11.95,-0.15,-1.2552,0.865,4587992,54994327.38,6258497239.6,6258497239.6,3410
2016-08-31,'002158,汉钟精机,11.95,12.07,11.77,12.02,12.02,-0.07,-0.5824,0.7648,4056265,48206483.71,6338054407.9,6338054407.9,2758
2016-08-30,'002158,汉钟精机,12.02,12.07,11.65,11.71,11.69,0.33,2.8229,1.4596,7741392,92624651.91,6375181086.44,6375181086.44,5164
2016-08-29,'002158,汉钟精机,11.69,11.74,11.53,11.58,11.61,0.08,0.6891,0.6008,3186528,37160561.92,6200155316.18,6200155316.18,2046
2016-08-26,'002158,汉钟精机,11.61,11.73,11.57,11.61,11.6,0.01,0.0862,0.6122,3247246,37825450.58,6157724826.42,6157724826.42,2235
2016-08-25,'002158,汉钟精机,11.6,11.84,11.48,11.84,11.89,-0.29,-2.439,0.9023,4785705,55528282.48,6152421015.2,6152421015.2,3248
2016-08-24,'002158,汉钟精机,11.89,11.97,11.71,11.83,11.85,0.04,0.3376,0.6227,3302919,39124894.26,6306231540.58,6306231540.58,2352
2016-08-23,'002158,汉钟精机,11.85,11.97,11.72,11.91,12.05,-0.2,-1.6598,0.9149,4852719,57424334.82,6285016295.7,6285016295.7,4076
2016-08-22,'002158,汉钟精机,12.05,12.45,12.0,12.28,11.89,0.16,1.3457,2.0313,10773515,132102644.0,6391092520.1,6391092520.1,9076
2016-08-19,'002158,汉钟精机,11.89,11.89,11.72,11.87,11.84,0.05,0.4223,0.7935,4208317,49684947.11,6306231540.58,6306231540.58,2152
2016-08-18,'002158,汉钟精机,11.84,12.2,11.8,11.82,11.87,-0.03,-0.2527,1.2468,6612659,78759825.08,6279712484.48,6279712484.48,3849
2016-08-17,'002158,汉钟精机,11.87,11.96,11.57,11.61,11.6,0.27,2.3276,1.3076,6935219,81702810.92,6295623918.14,6295623918.14,4245
2016-08-16,'002158,汉钟精机,11.6,11.69,11.54,11.6,11.6,0.0,0.0,0.9894,5247809,60892546.16,6152421015.2,6152421015.2,2736
2016-08-15,'002158,汉钟精机,11.6,11.83,11.3,11.4,11.43,0.17,1.4873,1.1648,6178089,71628717.16,6152421015.2,6152421015.2,3693
2016-08-12,'002158,汉钟精机,11.43,11.46,11.12,11.22,11.19,0.24,2.1448,0.5113,2712055,30552686.69,6062256224.46,6062256224.46,1868
2016-08-11,'002158,汉钟精机,11.19,11.53,11.19,11.5,11.54,-0.35,-3.0329,0.8021,4254422,48273303.2,5934964755.18,5934964755.18,2361
2016-08-10,'002158,汉钟精机,11.54,11.67,11.42,11.59,11.6,-0.06,-0.5172,0.9297,4930951,56819523.87,6120598147.88,6120598147.88,2605
2016-08-09,'002158,汉钟精机,11.6,11.64,11.32,11.39,11.39,0.21,1.8437,1.1945,6335608,72939020.56,6152421015.2,6152421015.2,3439
2016-08-08,'002158,汉钟精机,11.39,11.39,11.11,11.3,11.25,0.14,1.2444,0.7909,4194776,47519055.88,6041040979.58,6041040979.58,2259
2016-08-05,'002158,汉钟精机,11.25,11.39,11.22,11.33,11.36,-0.11,-0.9683,0.5732,3040234,34303581.48,5966787622.5,5966787622.5,2088
2016-08-04,'002158,汉钟精机,11.36,11.37,11.2,11.32,11.37,-0.01,-0.088,0.7275,3858459,43619769.94,6025129545.92,6025129545.92,2916
2016-08-03,'002158,汉钟精机,11.37,11.38,11.1,11.18,11.19,0.18,1.6086,0.9395,4982696,55951619.82,6030433357.14,6030433357.14,3048
2016-08-02,'002158,汉钟精机,11.19,11.24,11.0,11.0,11.05,0.14,1.267,0.7116,3774133,42081017.39,5934964755.18,5934964755.18,2424
2016-08-01,'002158,汉钟精机,11.05,11.43,10.82,11.38,11.28,-0.23,-2.039,1.5189,8055772,88909558.72,5860711398.1,5860711398.1,4164
2016-07-29,'002158,汉钟精机,11.28,11.41,11.22,11.4,11.35,-0.07,-0.6167,0.8489,4502181,50941749.39,5982699056.16,5982699056.16,2901
2016-07-28,'002158,汉钟精机,11.35,11.61,11.17,11.58,11.52,-0.17,-1.4757,1.5413,8174985,92996101.16,6019825734.7,6019825734.7,5051
2016-07-27,'002158,汉钟精机,11.52,12.38,11.16,12.32,12.39,-0.87,-7.0218,2.3909,12681117,149209994.84,6109990525.44,6109990525.44,8947
2016-07-26,'002158,汉钟精机,12.39,12.45,12.13,12.13,12.07,0.32,2.6512,1.3565,7194418,88301963.34,6571422101.58,6571422101.58,5151
2016-07-25,'002158,汉钟精机,12.07,12.91,12.03,12.9,13.1,-1.03,-7.8626,3.0974,16427924,202083585.28,6401700142.54,6401700142.54,11130
2016-07-22,'002158,汉钟精机,13.1,13.51,13.03,13.41,13.41,-0.31,-2.3117,1.5769,8363478,110245266.88,6947992698.2,6947992698.2,5948
2016-07-21,'002158,汉钟精机,13.41,13.75,13.33,13.51,13.55,-0.14,-1.0332,1.6111,8545121,115419028.04,7112410846.02,7112410846.02,5857
2016-07-20,'002158,汉钟精机,13.55,13.65,13.34,13.6,13.61,-0.06,-0.4409,1.4782,7840316,105842285.46,7186664203.1,7186664203.1,5454
2016-07-19,'002158,汉钟精机,13.61,13.74,13.13,13.15,13.08,0.53,4.052,3.2269,17115083,231639971.63,7218487070.42,7218487070.42,10753
2016-07-18,'002158,汉钟精机,13.08,13.44,12.9,13.18,13.28,-0.2,-1.506,1.6705,8859812,116416046.35,6937385075.76,6937385075.76,6143
2016-07-15,'002158,汉钟精机,13.28,13.93,13.2,13.78,13.82,-0.54,-3.9074,2.5748,13656284,183439867.22,7043461300.16,7043461300.16,8972
2016-07-14,'002158,汉钟精机,13.82,14.08,13.36,13.58,13.66,0.16,1.1713,3.9483,20941121,289508367.34,7329867106.04,7329867106.04,11673
2016-07-13,'002158,汉钟精机,13.66,13.67,13.22,13.6,13.55,0.11,0.8118,2.7544,14608596,196405674.8,7245006126.52,7245006126.52,9911
2016-07-12,'002158,汉钟精机,13.55,13.78,13.15,13.62,13.87,-0.32,-2.3071,4.5049,23893312,321483792.9,7186664203.1,7186664203.1,13029
2016-07-11,'002158,汉钟精机,13.87,13.87,13.2,13.2,12.61,1.26,9.9921,7.5248,39910339,548162523.59,7356386162.14,7356386162.14,15054
2016-07-08,'002158,汉钟精机,12.61,12.66,12.0,12.13,12.15,0.46,3.786,2.8789,15269363,189414880.54,6688105948.42,6688105948.42,8736
2016-07-07,'002158,汉钟精机,12.15,12.27,11.9,12.1,12.09,0.06,0.4963,1.3979,7414229,89565334.42,6444130632.3,6444130632.3,4854
2016-07-06,'002158,汉钟精机,12.09,12.24,12.01,12.2,12.34,-0.25,-2.0259,1.3327,7068222,85504214.89,6412307764.98,6412307764.98,4628
2016-07-05,'002158,汉钟精机,12.34,12.42,12.13,12.28,12.21,0.13,1.0647,1.455,7716940,94679896.03,6544903045.48,6544903045.48,5094
2016-07-04,'002158,汉钟精机,12.21,12.3,11.86,12.02,12.2,0.01,0.082,2.1498,11402064,137755718.85,6475953499.62,6475953499.62,7479
2016-07-01,'002158,汉钟精机,12.2,12.74,12.07,12.4,12.33,-0.13,-1.0543,2.4198,12834141,158791322.24,6470649688.4,6470649688.4,8258
2016-06-30,'002158,汉钟精机,12.33,12.47,12.11,12.33,12.33,0.0,0.0,1.9116,10138664,123975266.45,6539599234.26,6539599234.26,5296
2016-06-29,'002158,汉钟精机,12.33,12.79,12.21,12.57,12.58,-0.25,-1.9873,2.3842,12645360,157459082.84,6539599234.26,6539599234.26,9815
2016-06-28,'002158,汉钟精机,12.58,12.77,12.36,12.6,12.84,-0.26,-2.0249,1.9776,10488594,131890277.22,6672194514.76,6672194514.76,7487
2016-06-27,'002158,汉钟精机,12.84,13.17,12.17,12.18,12.4,0.44,3.5484,3.5811,18993253,238935401.04,6810093606.48,6810093606.48,10926
2016-06-24,'002158,汉钟精机,12.4,12.48,11.5,11.68,11.69,0.71,6.0736,4.1932,22240195,267632593.18,6576725912.8,6576725912.8,11835
2016-06-23,'002158,汉钟精机,11.69,12.5,11.65,11.93,12.12,-0.43,-3.5479,3.8424,20379142,243445346.32,6200155316.18,6200155316.18,11655
2016-06-22,'002158,汉钟精机,12.12,12.12,11.22,12.0,11.02,1.1,9.9819,5.5333,29347407,350283598.23,6428219198.64,6428219198.64,14316
2016-06-21,'002158,汉钟精机,11.02,11.28,10.3,10.33,10.25,0.77,7.5122,3.0527,16190893,174909337.96,5844799964.44,5844799964.44,9308
2016-06-20,'002158,汉钟精机,10.25,10.38,10.11,10.34,10.33,-0.08,-0.7744,0.6667,3535908,36150056.52,5436406500.5,5436406500.5,2128
2016-06-17,'002158,汉钟精机,10.33,10.52,10.29,10.47,10.38,-0.05,-0.4817,0.7595,4028222,41944876.66,5478836990.26,5478836990.26,2679
2016-06-16,'002158,汉钟精机,10.38,10.52,10.29,10.36,10.33,0.05,0.484,0.9648,5116999,53202392.28,5505356046.36,5505356046.36,3793
2016-06-15,'002158,汉钟精机,10.33,10.42,9.92,10.07,10.08,0.25,2.4802,1.5342,8137153,83380131.89,5478836990.26,5478836990.26,4017
2016-06-14,'002158,汉钟精机,10.08,10.29,9.83,10.11,10.1,-0.02,-0.198,0.7815,4144748,41818070.2,5346241709.76,5346241709.76,2928
2016-06-13,'002158,汉钟精机,10.1,10.76,10.1,10.67,10.87,-0.77,-7.0837,0.9512,5045197,53100435.13,5356849332.2,5356849332.2,3696
2016-06-08,'002158,汉钟精机,10.87,10.92,10.59,10.72,10.73,0.14,1.3048,1.0514,4993748,53805448.68,5765242796.14,5162883257.07,3349
2016-06-07,'002158,汉钟精机,10.73,10.81,10.49,10.49,10.64,0.09,0.8459,0.748,3552566,37926840.11,5690989439.06,5096387980.53,2738
2016-06-06,'002158,汉钟精机,10.64,10.9,10.31,10.49,10.37,0.27,2.6037,1.2172,5781066,61649651.07,5643255138.08,5053641017.04,4152
2016-06-03,'002158,汉钟精机,10.37,10.49,10.22,10.4,10.28,0.09,0.8755,0.7934,3768434,38981896.34,5500052235.14,4925400126.57,2156
2016-06-02,'002158,汉钟精机,10.28,10.34,10.13,10.29,10.29,-0.01,-0.0972,0.8092,3843292,39328006.22,5452317934.16,4882653163.08,2221
2016-06-01,'002158,汉钟精机,10.29,10.38,10.05,10.05,10.03,0.26,2.5922,1.0101,4797493,49013771.73,5457621745.38,4887402825.69,3729
2016-05-31,'002158,汉钟精机,10.03,10.06,9.66,9.7,9.66,0.37,3.8302,0.8174,3882568,38633434.98,5319722653.66,4763911597.83,2619
2016-05-30,'002158,汉钟精机,9.66,9.79,9.53,9.76,9.73,-0.07,-0.7194,0.2929,1391244,13505697.56,5123481638.52,4588174081.26,1129
2016-05-27,'002158,汉钟精机,9.73,9.86,9.65,9.7,9.77,-0.04,-0.4094,0.3824,1816275,17675709.27,5160608317.06,4621421719.53,1407
2016-05-26,'002158,汉钟精机,9.77,9.88,9.4,9.81,9.85,-0.08,-0.8122,0.5775,2742887,26450748.5,5181823561.94,4640420369.97,2085
2016-05-25,'002158,汉钟精机,9.85,10.11,9.8,10.08,10.08,-0.23,-2.2817,0.798,3790152,37598704.56,5224254051.7,4678417670.85,2561
2016-05-24,'002158,汉钟精机,10.08,10.16,9.7,9.82,9.72,0.36,3.7037,1.0975,5212588,51767740.78,5346241709.76,4787659910.88,3621
2016-05-23,'002158,汉钟精机,9.72,9.88,9.61,9.61,9.58,0.14,1.4614,0.4774,2267324,22116629.31,5155304505.84,4616672056.92,1652
2016-05-20,'002158,汉钟精机,9.58,9.59,9.36,9.41,9.44,0.14,1.4831,0.3361,1596596,15172882.27,5081051148.76,4550176780.38,1270
2016-05-19,'002158,汉钟精机,9.44,9.69,9.4,9.59,9.43,0.01,0.106,0.5218,2478465,23693973.09,5006797791.68,4483681503.84,1682
2016-05-18,'002158,汉钟精机,9.43,9.95,9.33,9.95,9.98,-0.55,-5.511,0.9299,4416876,42306384.48,5001493980.46,4478931841.23,2613
2016-05-17,'002158,汉钟精机,9.98,10.24,9.92,10.05,10.05,-0.07,-0.6965,0.6055,2876036,28949462.7,5293203597.56,4740163284.78,2198
2016-05-16,'002158,汉钟精机,10.05,10.12,9.47,9.58,9.6,0.45,4.6875,1.0932,5192334,51187559.13,5330330276.1,4773410923.05,3104
2016-05-13,'002158,汉钟精机,9.6,9.87,9.56,9.8,9.79,-0.19,-1.9408,0.4822,2290240,22237692.23,5091658771.2,4559676105.6,1694
2016-05-12,'002158,汉钟精机,9.79,9.84,9.39,9.66,9.67,0.12,1.241,0.7125,3384276,32725130.57,5192431184.38,4649919695.19,2348
2016-05-11,'002158,汉钟精机,9.67,9.92,9.5,9.83,9.77,-0.1,-1.0235,0.5243,2490147,24255822.93,5128785449.74,4592923743.87,1787
2016-05-10,'002158,汉钟精机,9.77,10.01,9.72,10.01,9.86,-0.09,-0.9128,0.7765,3688158,36380222.84,5181823561.94,4640420369.97,2141
2016-05-09,'002158,汉钟精机,9.86,10.99,9.85,10.72,10.94,-1.08,-9.872,2.2153,10521940,105977396.87,5229557862.92,4683167333.46,4976
2016-05-06,'002158,汉钟精机,19.9,21.46,19.76,21.36,21.06,-1.16,-5.5081,1.5654,4130686,85436254.07,5863657962.1,5251015885.5,4460
2016-05-05,'002158,汉钟精机,21.06,21.21,20.46,20.49,20.46,0.6,2.9326,1.1228,2962819,61690937.02,6205459129.74,5557105253.7,3152
2016-05-04,'002158,汉钟精机,20.46,20.83,20.4,20.6,20.62,-0.16,-0.7759,1.1545,3046438,62653198.92,6028665422.34,5398783166.7,2569
2016-05-03,'002158,汉钟精机,20.62,20.74,19.83,20.0,20.16,0.46,2.2817,0.9613,2536613,51851327.21,6075810410.98,5441002389.9,2497
2016-04-29,'002158,汉钟精机,20.16,20.36,19.44,19.57,19.43,0.73,3.7571,0.9793,2583991,51800117.81,5940268568.64,5319622123.2,2733
2016-04-28,'002158,汉钟精机,19.43,19.78,19.12,19.63,19.63,-0.2,-1.0188,0.6167,1627164,31526037.27,5725169557.97,5126996917.35,1534
2016-04-27,'002158,汉钟精机,19.63,19.98,19.6,19.8,19.91,-0.28,-1.4063,0.625,1649083,32611542.88,5784100793.77,5179770946.35,1496
2016-04-26,'002158,汉钟精机,19.91,19.97,19.54,19.97,19.8,0.11,0.5556,0.5917,1561383,30820492.82,5866604523.89,5253654586.95,1298
2016-04-25,'002158,汉钟精机,19.8,19.87,19.33,19.62,19.8,0.0,0.0,0.5974,1576406,30842521.59,5834192344.2,5224628871.0,1468
2016-04-22,'002158,汉钟精机,19.8,19.86,19.15,19.15,19.48,0.32,1.6427,0.5963,1573398,30872910.76,5834192344.2,5224628871.0,1525
2016-04-21,'002158,汉钟精机,19.48,20.2,19.3,19.92,19.95,-0.47,-2.3559,1.1221,2960760,58988396.77,5739902366.92,5140190424.6,2430
2016-04-20,'002158,汉钟精机,19.95,21.48,19.33,21.48,21.3,-1.35,-6.338,1.6693,4404856,89216551.78,5878390771.05,5264209392.75,4117
2016-04-19,'002158,汉钟精机,21.3,21.4,20.7,21.08,20.82,0.48,2.3055,1.185,3126977,65737037.42,6276176612.7,5620434088.5,2771
2016-04-18,'002158,汉钟精机,20.82,21.33,20.6,21.1,21.4,-0.58,-2.7103,1.595,4208707,88129226.71,6134741646.78,5493776418.9,3861
2016-04-15,'002158,汉钟精机,21.4,21.72,20.55,20.55,20.52,0.88,4.2885,3.2571,8594528,182496488.77,6305642230.6,5646821103.0,6200
2016-04-14,'002158,汉钟精机,20.52,20.53,20.08,20.3,20.13,0.39,1.9374,1.0634,2806068,57064449.88,6046344793.08,5414615375.4,2338
2016-04-13,'002158,汉钟精机,20.13,20.47,19.98,19.98,19.88,0.25,1.2575,1.3789,3638516,73826630.68,5931428883.27,5311706018.85,3151
2016-04-12,'002158,汉钟精机,19.88,20.1,19.56,20.02,19.89,-0.01,-0.0503,0.9028,2382342,47073728.23,5857764838.52,5245738482.6,2197
2016-04-11,'002158,汉钟精机,19.89,20.26,19.52,19.65,19.48,0.41,2.1047,1.6283,4296573,85885313.71,5860711400.31,5248377184.05,3497
2016-04-08,'002158,汉钟精机,19.48,20.44,19.0,20.18,20.1,-0.62,-3.0846,1.4681,3873765,76832431.57,5739902366.92,5140190424.6,4001
2016-04-07,'002158,汉钟精机,20.1,20.94,20.1,20.84,20.81,-0.71,-3.4118,1.411,3723253,75943292.96,5922589197.9,5303789914.5,4042
2016-04-06,'002158,汉钟精机,20.81,21.1,20.48,20.72,20.89,-0.08,-0.383,1.6555,4368390,90523252.49,6131795084.99,5491137717.45,4342
2016-04-05,'002158,汉钟精机,20.89,21.15,20.1,20.22,20.3,0.59,2.9064,1.9706,5199698,108121384.9,6155367579.31,5512247329.05,4693
2016-04-01,'002158,汉钟精机,20.3,20.83,20.0,20.48,20.76,-0.46,-2.2158,1.7619,4649077,94529452.07,5981520433.7,5356563943.5,4674
2016-03-31,'002158,汉钟精机,20.76,20.91,19.9,19.9,19.91,0.85,4.2692,2.2678,5984060,122887509.83,6117062276.04,5477944210.2,6426
2016-03-30,'002158,汉钟精机,19.91,19.97,19.12,19.42,19.29,0.62,3.2141,1.701,4488449,88238603.52,5866604523.89,5253654586.95,4402
2016-03-29,'002158,汉钟精机,19.29,19.69,18.97,19.07,19.11,0.18,0.9419,1.3554,3576497,69002059.49,5683917692.91,5090055097.05,3969
2016-03-28,'002158,汉钟精机,19.11,19.97,19.02,19.85,19.62,-0.51,-2.5994,1.3396,3534863,69381098.94,5630879580.69,5042558470.95,3811
2016-03-25,'002158,汉钟精机,19.62,19.94,19.36,19.39,19.7,-0.08,-0.4061,1.2034,3175431,62381434.3,5781154231.98,5177132244.9,3714
2016-03-24,'002158,汉钟精机,19.7,20.2,19.15,19.48,19.84,-0.14,-0.7056,2.7574,7276009,144311553.36,5804726726.3,5198241856.5,7741
2016-03-23,'002158,汉钟精机,19.84,20.6,19.11,19.3,19.2,0.64,3.3333,4.518,11921713,235600486.28,5845978591.36,5235183676.8,11146
2016-03-22,'002158,汉钟精机,19.2,19.2,18.01,18.03,18.3,0.9,4.918,2.2855,6030810,112691855.83,5657398636.8,5066306784.0,4756
2016-03-21,'002158,汉钟精机,18.3,18.4,17.85,18.4,17.95,0.35,1.9499,2.0577,5429623,98028681.47,5392208075.7,4828823653.5,3432
2016-03-18,'002158,汉钟精机,17.95,18.12,17.33,17.43,17.36,0.59,3.3986,1.4472,3818638,68086796.84,5289078413.05,4736469102.75,3144
2016-03-17,'002158,汉钟精机,17.36,17.48,16.8,16.8,16.69,0.67,4.0144,1.0681,2818300,48424886.93,5115231267.44,4580785717.2,2501
2016-03-16,'002158,汉钟精机,16.69,17.2,16.61,17.05,16.94,-0.25,-1.4758,0.5746,1516297,25552406.3,4917811627.51,4403992720.05,1457
2016-03-15,'002158,汉钟精机,16.94,17.08,16.77,16.93,16.94,0.0,0.0,0.7206,1901392,32207621.18,4991475672.26,4469960256.3,1717
2016-03-14,'002158,汉钟精机,16.94,17.13,16.42,16.42,16.29,0.65,3.9902,0.9761,2575569,43606936.0,4991475672.26,4469960256.3,2240
2016-03-11,'002158,汉钟精机,16.29,16.38,16.07,16.11,16.19,0.1,0.6177,0.4658,1229047,19972602.93,4799949155.91,4298444662.05,1166
2016-03-10,'002158,汉钟精机,16.19,16.85,16.15,16.59,16.58,-0.39,-2.3522,0.7049,1859973,30536420.3,4770483538.01,4272057647.55,1776
2016-03-09,'002158,汉钟精机,16.58,17.01,16.46,17.01,17.19,-0.61,-3.5486,0.8563,2259636,37799054.69,4885399447.82,4374967004.1,1990
2016-03-08,'002158,汉钟精机,17.19,17.28,16.28,17.2,17.19,0.0,0.0,0.9803,2586692,43518093.89,5065139717.01,4535927792.55,2549
2016-03-07,'002158,汉钟精机,17.19,17.49,16.97,16.98,16.8,0.39,2.3214,1.356,3578059,61758209.35,5065139717.01,4535927792.55,2888
2016-03-04,'002158,汉钟精机,16.8,17.85,16.31,17.69,18.1,-1.3,-7.1823,2.2766,6007340,103130007.34,4950223807.2,4433018436.0,5756
2016-03-03,'002158,汉钟精机,18.1,18.71,17.06,17.06,17.01,1.09,6.408,3.3967,8962913,162889143.24,5333276839.9,4776049624.5,7065
2016-03-02,'002158,汉钟精机,17.01,17.01,15.46,15.46,15.46,1.55,10.0259,1.0889,2873354,47287648.7,5012101604.79,4488431166.45,2178
2016-03-01,'002158,汉钟精机,15.46,15.64,15.01,15.23,15.15,0.31,2.0462,0.5708,1506158,23038062.12,4555384527.34,4079432441.7,1304
2016-02-29,'002158,汉钟精机,15.15,16.13,14.89,16.13,16.06,-0.91,-5.6663,0.6492,1713030,25997049.16,4464041111.85,3997632696.75,1639
2016-02-26,'002158,汉钟精机,16.06,16.4,15.93,16.4,16.03,0.03,0.1871,0.7073,1866282,30153653.89,4732178234.74,4237754528.7,1222
2016-02-25,'002158,汉钟精机,16.03,17.54,15.74,17.4,17.46,-1.43,-8.1901,1.1896,3139105,52214923.66,4723338549.37,4229838424.35,2220
2016-02-24,'002158,汉钟精机,17.46,17.7,17.1,17.55,17.63,-0.17,-0.9643,0.5933,1565485,27196223.72,5144696885.34,4607172731.7,1424
2016-02-23,'002158,汉钟精机,17.63,17.77,17.3,17.73,17.8,-0.17,-0.9551,0.6447,1701249,29802408.99,5194788435.77,4652030656.35,1531
2016-02-22,'002158,汉钟精机,17.8,17.8,17.29,17.44,17.22,0.58,3.3682,1.0453,2758153,48368805.46,5244879986.2,4696888581.0,1847
2016-02-19,'002158,汉钟精机,17.22,17.29,17.03,17.17,17.11,0.11,0.6429,0.575,1517177,26012896.55,5073979402.38,4543843896.9,1341
2016-02-18,'002158,汉钟精机,17.11,17.56,17.07,17.25,17.1,0.01,0.0585,0.9361,2469979,42710348.35,5041567222.69,4514818180.95,1817
2016-02-17,'002158,汉钟精机,17.1,17.16,16.72,17.08,17.06,0.04,0.2345,0.675,1781005,30228168.94,5038620660.9,4512179479.5,1425
2016-02-16,'002158,汉钟精机,17.06,17.22,16.37,16.38,16.43,0.63,3.8344,0.7719,2036937,34372410.32,5026834413.74,4501624673.7,1645
2016-02-15,'002158,汉钟精机,16.43,16.45,15.26,15.74,16.1,0.33,2.0497,0.5782,1525747,24472071.2,4841201020.97,4335386482.35,1506
2016-02-05,'002158,汉钟精机,16.1,16.8,16.1,16.66,16.65,-0.55,-3.3033,0.6739,1778289,29256139.71,4743964481.9,4248309334.5,1218
2016-02-04,'002158,汉钟精机,16.65,16.95,16.5,16.51,16.35,0.3,1.8349,0.7055,1861694,31096740.22,4906025380.35,4393437914.25,1275
2016-02-03,'002158,汉钟精机,16.35,16.49,16.0,16.33,16.5,-0.15,-0.9091,0.5617,1482102,24114210.3,4817628526.65,4314276870.75,1162
2016-02-02,'002158,汉钟精机,16.5,16.65,15.67,15.79,15.8,0.7,4.4304,0.5618,1482535,24176150.06,4861826953.5,4353857392.5,1332
2016-02-01,'002158,汉钟精机,15.8,16.18,15.44,15.74,15.65,0.15,0.9585,0.5075,1339106,21170587.4,4655567628.2,4169148291.0,1125
2016-01-29,'002158,汉钟精机,15.65,15.9,14.9,14.98,15.0,0.65,4.3333,0.675,1781103,27624538.5,4611369201.35,4129567769.25,1557
2016-01-28,'002158,汉钟精机,15.0,15.4,14.77,15.01,15.35,-0.35,-2.2801,0.6128,1616940,24352546.28,4419842685.0,3958052175.0,1180
2016-01-27,'002158,汉钟精机,15.35,15.85,14.71,15.85,15.48,-0.13,-0.8398,0.8045,2122743,32075461.29,4522972347.65,4050406725.75,1666
2016-01-26,'002158,汉钟精机,15.48,16.9,15.38,16.9,17.0,-1.52,-8.9412,0.8804,2323078,37481280.15,4561277650.92,4084709844.6,2130
2016-01-25,'002158,汉钟精机,17.0,17.12,16.81,17.0,16.75,0.25,1.4925,0.4913,1296301,22020610.21,5009155043.0,4485792465.0,1203
2016-01-22,'002158,汉钟精机,16.75,16.95,16.37,16.81,16.52,0.23,1.3923,0.6211,1638831,27299884.44,4935490998.25,4419824928.75,1249
2016-01-21,'002158,汉钟精机,16.52,17.55,16.52,16.71,17.17,-0.65,-3.7857,0.8344,2201672,37287756.47,4867720077.08,4359134795.4,1769
2016-01-20,'002158,汉钟精机,17.17,17.81,17.0,17.47,17.52,-0.35,-1.9977,0.844,2227157,38606518.06,5059246593.43,4530650389.65,2099
2016-01-19,'002158,汉钟精机,17.52,17.71,16.54,16.75,16.75,0.77,4.597,0.6799,1794112,30824627.5,5162376256.08,4623004940.4,1623
2016-01-18,'002158,汉钟精机,16.75,16.89,15.74,16.0,16.17,0.58,3.5869,0.5796,1529375,25244475.82,4935490998.25,4419824928.75,1352
2016-01-15,'002158,汉钟精机,16.17,16.95,16.1,16.75,16.68,-0.51,-3.0576,0.8535,2252223,37515268.58,4764590414.43,4266780244.65,1796
2016-01-14,'002158,汉钟精机,16.68,16.8,15.3,15.4,16.06,0.62,3.8605,0.7952,2098426,34046956.02,4914865065.72,4401354018.6,1613
2016-01-13,'002158,汉钟精机,16.06,17.5,16.03,17.33,17.19,-1.13,-6.5736,0.742,1957930,33248024.84,4732178234.74,4237754528.7,1643
2016-01-12,'002158,汉钟精机,17.19,17.77,16.6,16.92,16.95,0.24,1.4159,0.8951,2361979,40545958.88,5065139717.01,4535927792.55,1805
2016-01-11,'002158,汉钟精机,16.95,18.6,16.83,18.0,18.18,-1.23,-6.7657,1.2146,3205022,57445369.08,4994422234.05,4472598957.75,2317
2016-01-08,'002158,汉钟精机,18.18,18.88,17.23,18.65,18.02,0.16,0.8879,1.1778,3107774,57043348.57,5356849334.22,4797159236.1,2070
2016-01-07,'002158,汉钟精机,18.02,19.58,17.99,19.28,19.96,-1.94,-9.7194,0.2947,777600,14584491.98,5309704345.58,4754940012.9,456
2016-01-06,'002158,汉钟精机,19.96,20.18,19.47,19.55,19.55,0.41,2.0972,0.8089,2134373,42270344.92,5881337332.84,5266848094.2,1485
2016-01-05,'002158,汉钟精机,19.55,20.25,18.6,19.0,19.96,-0.41,-2.0541,1.5208,4012937,78316279.93,5760528299.45,5158661334.75,2389
2016-01-04,'002158,汉钟精机,19.96,22.3,19.96,22.3,22.18,-2.22,-10.009,1.0315,2721907,57471645.09,5881337332.84,5266848094.2,1987
