日期,股票代码,名称,收盘价,最高价,最低价,开盘价,前收盘,涨跌额,涨跌幅,换手率,成交量,成交金额,总市值,流通市值,成交笔数
2016-10-12,'000686,东北证券,12.44,12.47,12.4,12.42,12.49,-0.05,-0.4003,0.7643,15976736,198609839.0,29115234262.6,26005550823.3,6927
2016-10-11,'000686,东北证券,12.49,12.51,12.41,12.45,12.44,0.05,0.4019,1.0987,22968838,286275646.85,29232256908.3,26110074741.4,10567
2016-10-10,'000686,东北证券,12.44,12.46,12.27,12.37,12.23,0.21,1.7171,1.0569,22095162,273487288.17,29115234262.6,26005550823.3,11149
2016-09-30,'000686,东北证券,12.23,12.28,12.15,12.19,12.22,0.01,0.0818,0.6844,14306775,174945462.47,28623739150.5,25566550367.3,7002
2016-09-29,'000686,东北证券,12.22,12.35,12.06,12.1,12.03,0.19,1.5794,1.2795,26748182,327280319.04,28600334621.3,25545645583.6,13566
2016-09-28,'000686,东北证券,12.03,12.12,12.01,12.12,12.11,-0.08,-0.6606,0.607,12688800,153034636.36,28155648567.5,25148454694.9,6924
2016-09-27,'000686,东北证券,12.11,12.12,11.92,11.94,11.96,0.15,1.2542,0.7693,16083076,193835971.48,28342884800.7,25315692963.8,8368
2016-09-26,'000686,东北证券,11.96,12.18,11.95,12.18,12.21,-0.25,-2.0475,1.2519,26171289,315845474.85,27991816863.4,25002121209.5,13464
2016-09-23,'000686,东北证券,12.21,12.38,12.2,12.33,12.3,-0.09,-0.7317,0.6767,14145342,173864600.19,28576930092.2,25524740800.0,7640
2016-09-22,'000686,东北证券,12.3,12.44,12.29,12.41,12.32,-0.02,-0.1623,0.974,20361251,251801822.15,28787570854.5,25712883852.6,8709
2016-09-21,'000686,东北证券,12.32,12.41,12.2,12.2,12.22,0.1,0.8183,1.0937,22864006,281458522.63,28834379912.8,25754693419.8,9667
2016-09-20,'000686,东北证券,12.22,12.26,12.18,12.24,12.23,-0.01,-0.0818,0.5269,11015218,134546016.45,28600334621.3,25545645583.6,6009
2016-09-19,'000686,东北证券,12.23,12.27,12.15,12.15,12.14,0.09,0.7414,0.6488,13562511,165648634.97,28623739150.5,25566550367.3,7855
2016-09-14,'000686,东北证券,12.14,12.31,12.13,12.2,12.27,-0.13,-1.0595,0.8473,17711950,216184083.31,28413098388.1,25378407314.7,8973
2016-09-13,'000686,东北证券,12.27,12.33,12.22,12.33,12.25,0.02,0.1633,0.8342,17438654,213958066.79,28717357267.0,25650169501.7,8311
2016-09-12,'000686,东北证券,12.25,12.53,12.18,12.53,12.74,-0.49,-3.8462,1.8097,37830467,467210621.23,28670548208.8,25608359934.5,19532
2016-09-09,'000686,东北证券,12.74,12.95,12.72,12.89,12.9,-0.16,-1.2403,1.2497,26123741,335859045.68,29817370137.1,26632694331.9,11464
2016-09-08,'000686,东北证券,12.9,12.96,12.84,12.89,12.91,-0.01,-0.0775,0.8871,18544665,239070321.94,30191842603.5,26967170869.8,8322
2016-09-07,'000686,东北证券,12.91,13.05,12.88,13.0,13.01,-0.1,-0.7686,1.5196,31766172,412621940.8,30215247132.7,26988075653.4,13207
2016-09-06,'000686,东北证券,13.01,13.06,12.7,12.89,12.9,0.11,0.8527,1.6773,35064579,451629862.82,30449292424.2,27197123489.6,15981
2016-09-05,'000686,东北证券,12.9,13.07,12.79,12.85,12.79,0.11,0.86,1.4826,30993427,400897002.87,30191842603.5,26967170869.8,14450
2016-09-02,'000686,东北证券,12.79,12.99,12.71,12.75,12.77,0.02,0.1566,1.3882,29020656,372393674.9,29934392782.8,26737218250.0,13201
2016-09-01,'000686,东北证券,12.77,13.05,12.76,13.0,13.02,-0.25,-1.9201,1.352,28264016,364637679.81,29887583724.5,26695408682.7,13490
2016-08-31,'000686,东北证券,13.02,13.13,12.88,12.98,12.99,0.03,0.2309,1.5922,33285251,432925263.57,30472696953.3,27218028273.2,14195
2016-08-30,'000686,东北证券,12.99,13.09,12.86,12.97,12.95,0.04,0.3089,1.5346,32080685,416682220.45,30402483365.8,27155313922.4,14732
2016-08-29,'000686,东北证券,12.95,12.97,12.8,12.82,12.82,0.13,1.014,1.0237,21400037,276069582.96,30308865249.2,27071694787.9,10665
2016-08-26,'000686,东北证券,12.82,12.97,12.8,12.89,12.89,-0.07,-0.5431,1.2008,25101563,323584377.99,30004606370.3,26799932600.8,11987
2016-08-25,'000686,东北证券,12.89,12.98,12.71,12.72,12.81,0.08,0.6245,1.7061,35666587,458430404.68,30168438074.3,26946266086.2,17803
2016-08-24,'000686,东北证券,12.81,12.96,12.78,12.93,12.92,-0.11,-0.8514,1.1305,23632352,304425548.0,29981201841.2,26779027817.2,12693
2016-08-23,'000686,东北证券,12.92,12.99,12.78,12.87,12.86,0.06,0.4666,1.4533,30381356,392191082.31,30238651661.8,27008980437.0,13024
2016-08-22,'000686,东北证券,12.86,13.25,12.84,13.19,13.21,-0.35,-2.6495,2.158,45113301,585577102.03,30098224486.9,26883551735.3,22361
2016-08-19,'000686,东北证券,13.21,13.36,13.12,13.15,13.17,0.04,0.3037,2.0951,43797698,580820922.3,30917383007.2,27615219162.0,18789
2016-08-18,'000686,东北证券,13.17,13.36,13.08,13.22,13.3,-0.13,-0.9774,2.5556,53423903,704848935.78,30823764890.5,27531600027.5,24566
2016-08-17,'000686,东北证券,13.3,13.65,13.16,13.47,13.44,-0.14,-1.0417,4.0223,84085338,1124901112.72,31128023769.5,27803362214.6,36255
2016-08-16,'000686,东北证券,13.44,13.64,13.14,13.18,13.25,0.19,1.434,5.2781,110337985,1484714252.19,31455687177.6,28096029185.3,44827
2016-08-15,'000686,东北证券,13.25,13.68,12.61,12.68,12.62,0.63,4.9921,6.0984,127485999,1681869254.22,31011001123.8,27698838296.5,56121
2016-08-12,'000686,东北证券,12.62,12.68,12.25,12.3,12.33,0.29,2.352,1.9733,41252421,513734103.49,29536515787.3,26381836928.4,17639
2016-08-11,'000686,东北证券,12.33,12.55,12.27,12.29,12.29,0.04,0.3255,1.9972,41750883,518051270.24,28857784442.0,25775598203.5,18812
2016-08-10,'000686,东北证券,12.29,12.45,12.27,12.34,12.35,-0.06,-0.4858,1.2483,26094749,322080402.93,28764166325.3,25691979069.0,11146
2016-08-09,'000686,东北证券,12.35,12.4,12.25,12.26,12.3,0.05,0.4065,1.0729,22429356,276317089.35,28904593500.2,25817407770.7,10095
2016-08-08,'000686,东北证券,12.3,12.3,12.05,12.15,12.16,0.14,1.1513,0.969,20255817,247230309.51,28787570854.5,25712883852.6,10025
2016-08-05,'000686,东北证券,12.16,12.37,12.06,12.17,12.21,-0.05,-0.4095,1.3456,28130219,343282281.94,28459907446.4,25420216881.9,12197
2016-08-04,'000686,东北证券,12.21,12.29,11.92,12.01,11.98,0.23,1.9199,1.5205,31785405,386259753.32,28576930092.2,25524740800.0,15061
2016-08-03,'000686,东北证券,11.98,12.03,11.92,11.96,12.01,-0.03,-0.2498,0.7726,16150680,193521883.82,28038625921.7,25043930776.8,7964
2016-08-02,'000686,东北证券,12.01,12.04,11.88,11.95,11.95,0.06,0.5021,0.8726,18241731,218036123.6,28108839509.2,25106645127.6,9103
2016-08-01,'000686,东北证券,11.95,12.18,11.78,12.08,12.1,-0.15,-1.2397,1.3084,27352532,326307171.57,27968412334.2,24981216425.9,14136
2016-07-29,'000686,东北证券,12.1,12.29,12.1,12.25,12.25,-0.15,-1.2245,1.3533,28289519,344921820.12,28319480271.5,25294788180.2,12921
2016-07-28,'000686,东北证券,12.25,12.43,12.08,12.38,12.4,-0.15,-1.2097,1.9129,39989384,489855627.23,28670548208.8,25608359934.5,17884
2016-07-27,'000686,东北证券,12.4,13.07,12.26,13.05,13.03,-0.63,-4.835,3.0402,63555521,797978784.85,29021616146.0,25921931688.8,29083
2016-07-26,'000686,东北证券,13.03,13.07,12.89,12.89,12.88,0.15,1.1646,1.604,33530728,436089886.9,30496101482.5,27238933056.9,12699
2016-07-25,'000686,东北证券,12.88,12.98,12.83,12.86,12.89,-0.01,-0.0776,0.9546,19956646,257479492.38,30145033545.2,26925361302.6,9766
2016-07-22,'000686,东北证券,12.89,13.0,12.83,12.94,12.96,-0.07,-0.5401,1.1657,24368204,314545606.29,30168438074.3,26946266086.2,11605
2016-07-21,'000686,东北证券,12.96,13.14,12.86,12.86,12.87,0.09,0.6993,1.7487,36555545,476029387.98,30332269778.4,27092599571.5,16584
2016-07-20,'000686,东北证券,12.87,12.98,12.86,12.92,12.93,-0.06,-0.464,0.9854,20598687,266011460.41,30121629016.0,26904456518.9,10660
2016-07-19,'000686,东北证券,12.93,12.98,12.81,12.87,12.83,0.1,0.7794,1.4125,29527439,380738183.76,30262056191.0,27029885220.7,13107
2016-07-18,'000686,东北证券,12.83,13.17,12.8,13.12,13.21,-0.38,-2.8766,2.5743,53815822,695295195.74,30028010899.5,26820837384.5,25950
2016-07-15,'000686,东北证券,13.21,13.46,13.2,13.43,13.4,-0.19,-1.4179,1.8151,37944579,504299891.33,30917383007.2,27615219162.0,16104
2016-07-14,'000686,东北证券,13.4,13.45,13.31,13.32,13.4,0.0,0.0,1.7639,36874276,493202908.18,31362069061.0,28012410050.8,14835
2016-07-13,'000686,东北证券,13.4,13.66,13.34,13.46,13.41,-0.01,-0.0746,3.8321,80108990,1080255407.88,31362069061.0,28012410050.8,31945
2016-07-12,'000686,东北证券,13.41,13.45,13.03,13.15,13.14,0.27,2.0548,3.754,78476162,1042134009.31,31385473590.2,28033314834.4,31730
2016-07-11,'000686,东北证券,13.14,13.56,13.12,13.27,13.27,-0.13,-0.9797,3.5721,74673199,993871099.69,30753551303.1,27468885676.7,29798
2016-07-08,'000686,东北证券,13.27,13.44,13.15,13.23,13.27,0.0,0.0,2.6329,55039890,731615196.68,31057810182.0,27740647863.7,22884
2016-07-07,'000686,东北证券,13.27,13.41,13.06,13.28,13.31,-0.04,-0.3005,2.9069,60768987,802716286.6,31057810182.0,27740647863.7,26664
2016-07-06,'000686,东北证券,13.31,13.43,13.01,13.09,13.09,0.22,1.6807,3.5235,73658279,975389364.55,31151428298.7,27824266998.2,30789
2016-07-05,'000686,东北证券,13.09,13.25,13.03,13.11,13.1,-0.01,-0.0763,2.8992,60606237,794883360.4,30636528657.3,27364361758.6,24353
2016-07-04,'000686,东北证券,13.1,13.43,12.72,12.73,12.88,0.22,1.7081,4.7521,99341129,1305882483.68,30659933186.5,27385266542.2,39536
2016-07-01,'000686,东北证券,12.88,13.03,12.74,12.96,12.91,-0.03,-0.2324,2.2759,47577047,613262453.6,30145033545.2,26925361302.6,18549
2016-06-30,'000686,东北证券,12.91,13.12,12.79,12.94,12.88,0.03,0.2329,2.9735,62160881,803584029.32,30215247132.7,26988075653.4,21532
2016-06-29,'000686,东北证券,12.88,13.21,12.83,13.04,12.99,-0.11,-0.8468,3.2488,67916186,883072150.86,30145033545.2,26925361302.6,29384
2016-06-28,'000686,东北证券,13.19,13.44,12.73,12.91,13.0,0.19,1.4615,4.0959,85622979,1115894827.76,30870573948.8,27573409594.8,35131
2016-06-27,'000686,东北证券,13.0,13.04,12.53,12.53,12.64,0.36,2.8481,3.2453,67842546,873718586.84,30425887895.0,27176218706.0,27129
2016-06-24,'000686,东北证券,12.64,12.98,12.33,12.8,12.84,-0.2,-1.5576,3.0322,63387714,805528600.51,29583324845.6,26423646495.7,28692
2016-06-23,'000686,东北证券,12.84,12.94,12.57,12.81,12.87,-0.03,-0.2331,2.7738,57986542,739119028.82,30051415428.6,26841742168.1,25769
2016-06-22,'000686,东北证券,12.87,13.17,12.32,12.46,12.41,0.46,3.7067,4.5547,95214264,1224555822.4,30121629016.0,26904456518.9,38577
2016-06-21,'000686,东北证券,12.41,13.26,12.35,12.54,12.42,-0.01,-0.0805,3.4853,72858504,932512621.55,29045020675.2,25942836472.4,39590
2016-06-20,'000686,东北证券,12.42,12.46,12.16,12.28,12.3,0.12,0.9756,1.3261,27721002,341600510.63,29068425204.3,25963741256.0,13631
2016-06-17,'000686,东北证券,12.3,12.52,12.18,12.18,12.11,0.19,1.569,1.8437,38542216,476348301.09,28787570854.5,25712883852.6,18433
2016-06-16,'000686,东北证券,12.11,12.33,12.06,12.22,12.31,-0.2,-1.6247,1.4812,30964202,376531856.78,28342884800.7,25315692963.8,14250
2016-06-15,'000686,东北证券,12.31,12.54,11.55,11.58,11.79,0.52,4.4105,2.813,58805954,718030586.72,28810975383.7,25733788636.2,29001
2016-06-14,'000686,东北证券,11.79,11.88,11.54,11.66,11.72,0.07,0.5973,1.245,26026105,306026973.94,27593939867.8,24646739888.0,14619
2016-06-13,'000686,东北证券,11.72,12.39,11.72,12.2,12.4,-0.68,-5.4839,1.8308,38273025,463763708.09,27430108163.8,24500406402.6,21935
2016-06-08,'000686,东北证券,12.4,12.55,12.22,12.4,12.43,-0.03,-0.2414,1.8088,37812733,468537436.08,29021616146.0,25921931688.8,19666
2016-06-07,'000686,东北证券,12.43,12.55,12.38,12.39,12.34,0.09,0.7293,1.504,31440082,391604261.39,29091829733.5,25984646039.7,16832
2016-06-06,'000686,东北证券,12.34,12.58,12.25,12.5,12.54,-0.2,-1.5949,1.9541,40849536,506099951.38,28881188971.1,25796502987.1,20092
2016-06-03,'000686,东北证券,12.54,12.88,12.22,12.34,12.36,0.18,1.4563,3.2574,68094764,855101658.05,29349279554.1,26214598659.5,33383
2016-06-02,'000686,东北证券,12.36,12.45,12.14,12.18,12.22,0.14,1.1457,1.9695,41171089,506032343.81,28927998029.4,25838312554.3,20130
2016-06-01,'000686,东北证券,12.22,12.65,12.21,12.47,12.45,-0.23,-1.8474,3.0828,64445506,800059608.5,28600334621.3,25545645583.6,31741
2016-05-31,'000686,东北证券,12.45,12.51,11.42,11.42,11.48,0.97,8.4495,4.3123,90148104,1103524165.48,29138638791.8,26026455606.9,43862
2016-05-30,'000686,东北证券,11.48,11.54,11.23,11.36,11.42,0.06,0.5254,0.86,17977962,205036990.76,26868399464.2,23998691595.8,9298
2016-05-27,'000686,东北证券,11.42,11.52,11.35,11.41,11.45,-0.03,-0.262,0.6274,13116536,149841774.65,26727972289.3,23873262894.0,7433
2016-05-26,'000686,东北证券,11.45,11.49,11.15,11.4,11.42,0.03,0.2627,1.0235,21396080,242089112.48,26798185876.8,23935977244.9,11906
2016-05-25,'000686,东北证券,11.42,11.63,11.38,11.5,11.41,0.01,0.0876,0.8121,16977019,195425859.71,26727972289.3,23873262894.0,9244
2016-05-24,'000686,东北证券,11.41,11.6,11.37,11.6,11.6,-0.19,-1.6379,0.8235,17214914,197450273.25,26704567760.2,23852358110.4,9370
2016-05-23,'000686,东北证券,11.6,11.8,11.51,11.62,11.66,-0.06,-0.5146,1.3695,28628888,333491991.14,27149253814.0,24249548999.2,14116
2016-05-20,'000686,东北证券,11.66,11.66,11.31,11.36,11.44,0.22,1.9231,1.1878,24830121,286524048.81,27289680988.9,24374977700.9,13416
2016-05-19,'000686,东北证券,11.44,11.65,11.44,11.46,11.52,-0.08,-0.6944,1.0368,21674384,250372878.06,26774781347.6,23915072461.3,11623
2016-05-18,'000686,东北证券,11.52,11.67,11.28,11.5,11.62,-0.1,-0.8606,1.357,28367430,325117916.32,26962017580.8,24082310730.2,15680
2016-05-17,'000686,东北证券,11.62,11.78,11.46,11.62,11.61,0.01,0.0861,1.1229,23473805,272933522.52,27196062872.3,24291358566.4,13729
2016-05-16,'000686,东北证券,11.61,11.64,11.36,11.44,11.55,0.06,0.5195,0.8805,18405941,212064923.59,27172658343.2,24270453782.8,10868
2016-05-13,'000686,东北证券,11.55,11.68,11.33,11.35,11.42,0.13,1.1384,1.8856,39418398,455468535.26,27032231168.2,24145025081.1,16780
2016-05-12,'000686,东北证券,11.42,11.52,11.11,11.32,11.47,-0.05,-0.4359,1.225,25608835,290861636.33,26727972289.3,23873262894.0,13238
2016-05-11,'000686,东北证券,11.47,11.57,11.25,11.57,11.5,-0.03,-0.2609,1.4848,31040420,354420514.77,26844994935.0,23977786812.1,16037
2016-05-10,'000686,东北证券,11.5,11.6,11.35,11.5,11.51,-0.01,-0.0869,1.2911,26989124,310394029.83,26915208522.5,24040501163.0,12239
2016-05-09,'000686,东北证券,11.51,11.78,11.28,11.7,12.12,-0.61,-5.033,2.7732,57973947,669872394.25,26938613051.7,24061405946.6,27290
2016-05-06,'000686,东北证券,12.12,12.76,12.12,12.71,12.69,-0.57,-4.4917,2.4168,50522621,625309019.02,28366289329.8,25336597747.4,26456
2016-05-05,'000686,东北证券,12.69,12.74,12.55,12.56,12.55,0.14,1.1155,1.7963,37551330,475412554.45,29700347491.3,26528170413.8,16946
2016-05-04,'000686,东北证券,12.55,12.69,12.48,12.56,12.67,-0.12,-0.9471,1.5979,33403625,420167060.68,29372684083.2,26235503443.1,16155
2016-05-03,'000686,东北证券,12.67,12.77,12.23,12.23,12.27,0.4,3.26,2.4208,50605342,637474126.4,29653538433.0,26486360846.5,24508
2016-04-29,'000686,东北证券,12.27,12.42,12.24,12.3,12.39,-0.12,-0.9685,1.2984,27143083,334650484.1,28717357267.0,25650169501.7,12644
2016-04-28,'000686,东北证券,12.39,12.47,12.12,12.27,12.21,0.18,1.4742,2.0032,41876775,515190260.23,28998211616.8,25901026905.2,20490
2016-04-27,'000686,东北证券,12.21,12.48,12.17,12.48,12.45,-0.24,-1.9277,1.5179,31731391,391851553.47,28576930092.2,25524740800.0,15941
2016-04-26,'000686,东北证券,12.45,12.5,12.2,12.32,12.31,0.14,1.1373,1.3383,27977387,346387912.95,29138638791.8,26026455606.9,16023
2016-04-25,'000686,东北证券,12.31,12.5,12.1,12.5,12.58,-0.27,-2.1463,1.4871,31086668,381937690.03,28810975383.7,25733788636.2,17439
2016-04-22,'000686,东北证券,12.58,12.68,12.25,12.44,12.57,0.01,0.0796,1.9628,41031711,513028887.29,29442897670.7,26298217794.0,21773
2016-04-21,'000686,东北证券,12.57,12.95,12.55,12.7,12.85,-0.28,-2.179,1.534,32067231,409003599.7,29419493141.5,26277313010.3,18121
2016-04-20,'000686,东北证券,12.85,13.37,12.41,13.37,13.32,-0.47,-3.5285,2.7007,56458132,728824482.37,30074819957.8,26862646951.7,33165
2016-04-19,'000686,东北证券,13.32,13.35,12.92,13.07,12.95,0.37,2.8571,2.1966,45919302,604743520.04,31174832827.8,27845171781.8,26763
2016-04-18,'000686,东北证券,12.95,13.09,12.84,13.07,13.23,-0.28,-2.1164,1.3701,28640724,370937202.53,30308865249.2,27071694787.9,18554
2016-04-15,'000686,东北证券,13.23,13.45,13.17,13.36,13.0,0.23,1.7692,2.5264,52812930,701950528.09,30964192065.5,27657028729.3,30889
2016-04-14,'000686,东北证券,0.0,0.0,0.0,0.0,13.77,None,None,0.0,0,0.0,26950176260.6,24081718258.1,0
2016-04-13,'000686,东北证券,0.0,0.0,0.0,0.0,13.77,None,None,0.0,0,0.0,26950176260.6,24081718258.1,0
2016-04-12,'000686,东北证券,0.0,0.0,0.0,0.0,13.77,None,None,0.0,0,0.0,26950176260.6,24081718258.1,0
2016-04-11,'000686,东北证券,0.0,0.0,0.0,0.0,13.77,None,None,0.0,0,0.0,26950176260.6,24081718258.1,0
2016-04-08,'000686,东北证券,0.0,0.0,0.0,0.0,13.77,None,None,0.0,0,0.0,26950176260.6,24081718258.1,0
2016-04-07,'000686,东北证券,0.0,0.0,0.0,0.0,13.77,None,None,0.0,0,0.0,26950176260.6,24081718258.1,0
2016-04-06,'000686,东北证券,13.77,13.98,13.66,13.84,13.99,-0.22,-1.5726,3.6392,63643761,879237967.35,26950176260.6,24081718258.1,33110
2016-04-05,'000686,东北证券,13.99,14.21,13.59,13.78,13.77,0.22,1.5977,3.8925,68074493,947904539.93,27380752787.7,24466466117.0,35778
2016-04-01,'000686,东北证券,13.77,14.38,13.53,14.09,14.15,-0.38,-2.6855,3.4872,60985401,844287812.29,26950176260.6,24081718258.1,32024
2016-03-31,'000686,东北证券,14.15,14.5,13.98,14.26,14.14,0.01,0.0707,3.6866,64473819,916000984.97,27693899352.8,24746282741.6,33349
2016-03-30,'000686,东北证券,14.14,14.15,13.8,13.92,13.68,0.46,3.3626,3.4388,60138953,842965835.62,27674327692.5,24728794202.6,30103
2016-03-29,'000686,东北证券,13.68,13.95,13.46,13.59,13.6,0.08,0.5882,2.5982,45439109,623346106.3,26774031317.8,23924321406.7,25827
2016-03-28,'000686,东北证券,13.6,14.12,13.55,14.01,13.93,-0.33,-2.369,2.2849,39959041,553866702.43,26617458035.2,23784413094.4,24704
2016-03-25,'000686,东北证券,13.93,13.96,13.64,13.64,13.69,0.24,1.7531,2.1062,36833532,509738051.6,27263322825.8,24361534882.7,21050
2016-03-24,'000686,东北证券,13.69,14.06,13.66,14.06,14.28,-0.59,-4.1317,3.1275,54696207,760206794.31,26793602978.1,23941809945.8,31737
2016-03-23,'000686,东北证券,14.28,14.48,13.86,13.91,14.06,0.22,1.5647,4.1851,73190752,1035269847.02,27948330937.0,24973633749.1,36372
2016-03-22,'000686,东北证券,14.06,14.42,13.94,14.21,14.52,-0.46,-3.168,5.9009,103198788,1459667624.4,27517754409.9,24588885890.2,48777
2016-03-21,'000686,东北证券,14.52,14.52,13.65,13.78,13.2,1.32,10.0,10.005,174973014,2513205427.65,28418050784.6,25393358686.1,64905
2016-03-18,'000686,东北证券,13.2,13.38,12.59,12.67,12.55,0.65,5.1793,4.0284,70451579,919021326.98,25834591622.4,23084871532.8,38475
2016-03-17,'000686,东北证券,12.55,12.66,12.16,12.19,12.14,0.41,3.3773,2.4295,42487898,528487480.67,24562433701.6,21948116495.2,22564
2016-03-16,'000686,东北证券,12.14,12.45,12.1,12.21,12.21,-0.07,-0.5733,1.3601,23786552,291652002.35,23759995628.5,21231086394.6,14022
2016-03-15,'000686,东北证券,12.21,12.42,12.08,12.36,12.4,-0.19,-1.5323,1.2682,22178900,271461717.59,23896997250.7,21353506167.8,14354
2016-03-14,'000686,东北证券,12.4,12.69,12.12,12.16,12.02,0.38,3.1614,2.3395,40915220,509196004.94,24268858796.8,21685788409.6,24025
2016-03-11,'000686,东北证券,12.02,12.19,11.7,11.73,11.93,0.09,0.7544,1.1427,19984814,239576101.04,23525135704.6,21021223926.1,13626
2016-03-10,'000686,东北证券,11.93,12.3,11.89,12.17,12.16,-0.23,-1.8914,1.0449,18274294,221418629.57,23348990761.8,20863827074.7,12641
2016-03-09,'000686,东北证券,12.16,12.44,12.02,12.18,12.47,-0.31,-2.486,1.3252,23176310,282596494.02,23799138949.1,21266063472.6,15509
2016-03-08,'000686,东北证券,12.47,12.5,11.93,12.5,12.56,-0.09,-0.7166,1.7419,30463008,371520577.88,24405860419.0,21808208182.9,20146
2016-03-07,'000686,东北证券,12.56,12.88,12.4,12.46,12.2,0.36,2.9508,2.1518,37631559,473362379.21,24582005361.9,21965605034.2,23358
2016-03-04,'000686,东北证券,12.2,12.4,12.06,12.2,12.26,-0.06,-0.4894,2.3447,41005545,502451353.74,23877425590.4,21336017628.8,19909
2016-03-03,'000686,东北证券,12.26,12.68,12.2,12.33,12.39,-0.13,-1.0492,2.4012,41994320,520225357.16,23994855552.3,21440948863.0,23096
2016-03-02,'000686,东北证券,12.39,12.51,11.48,11.7,11.61,0.78,6.7183,3.0204,52822557,634258493.36,24249287136.5,21668299870.6,29753
2016-03-01,'000686,东北证券,11.61,12.02,10.86,11.29,11.28,0.33,2.9255,2.3884,41770417,476584257.7,22722697631.5,20304193825.4,23804
2016-02-29,'000686,东北证券,11.28,11.92,10.88,11.82,11.93,-0.65,-5.4484,1.6999,29728130,331806486.45,22076832841.0,19727072037.1,19071
2016-02-26,'000686,东北证券,11.93,12.2,11.66,12.11,11.91,0.02,0.1679,1.4396,25175895,301742349.27,23348990761.8,20863827074.7,17552
2016-02-25,'000686,东北证券,11.91,13.18,11.91,13.18,13.23,-1.32,-9.9773,2.6878,47006280,586493216.56,23309847441.1,20828849996.6,30334
2016-02-24,'000686,东北证券,13.23,13.24,12.85,13.03,13.08,0.15,1.1468,1.5245,26660885,348501555.44,25893306603.4,23137337149.9,17268
2016-02-23,'000686,东北证券,13.08,13.3,12.96,13.26,13.25,-0.17,-1.283,1.7203,30085099,394159082.4,25599731698.6,22875009064.3,19505
2016-02-22,'000686,东北证券,13.25,13.6,13.0,13.11,12.85,0.4,3.1128,3.1889,55770051,740984822.07,25932449924.0,23172314228.0,30923
2016-02-19,'000686,东北证券,12.85,12.99,12.71,12.75,12.83,0.02,0.1559,1.2497,21856158,280868325.22,25149583511.2,22472772666.4,13250
2016-02-18,'000686,东北证券,12.83,13.25,12.81,13.03,12.89,-0.06,-0.4655,2.0582,35994561,469545495.86,25110440190.6,22437795588.3,22309
2016-02-17,'000686,东北证券,12.89,12.99,12.57,12.8,12.8,0.09,0.7031,1.8157,31753258,407045915.87,25227870152.5,22542726822.6,19249
2016-02-16,'000686,东北证券,12.8,12.89,12.37,12.42,12.27,0.53,4.3195,2.0679,36165308,460579105.84,25051725209.6,22385329971.2,23084
2016-02-15,'000686,东北证券,12.27,12.41,11.92,12.0,12.7,-0.43,-3.3858,1.2477,21821164,265798307.7,24014427212.6,21458437402.1,15992
2016-02-05,'000686,东北证券,12.7,13.15,12.69,13.08,13.34,-0.64,-4.7976,2.1944,38376074,494509332.99,24856008606.4,22210444580.8,26141
2016-02-04,'000686,东北证券,13.34,13.47,13.22,13.3,13.18,0.16,1.214,1.6307,28518655,380588896.36,26108594866.9,23329711079.4,17709
2016-02-03,'000686,东北证券,13.18,13.28,12.91,13.1,13.27,-0.09,-0.6782,1.2904,22566850,294730505.41,25795448301.8,23049894454.7,13838
2016-02-02,'000686,东北证券,13.27,13.43,12.97,13.0,12.96,0.31,2.392,1.9257,33677404,447391347.38,25971593244.6,23207291306.1,19247
2016-02-01,'000686,东北证券,12.96,13.35,12.6,13.26,13.36,-0.4,-2.994,1.9624,34320139,446047202.41,25364871774.7,22665146595.8,21365
2016-01-29,'000686,东北证券,13.36,13.6,12.72,12.78,12.78,0.58,4.5383,3.0853,53958043,719279792.91,26147738187.5,23364688157.4,29394
2016-01-28,'000686,东北证券,12.78,13.48,12.6,13.0,13.13,-0.35,-2.6657,2.3203,40577796,527992699.36,25012581889.0,22350352893.1,21252
2016-01-27,'000686,东北证券,13.13,13.62,12.5,13.43,13.5,-0.37,-2.7407,2.4677,43157138,563342301.61,25697590000.2,22962451759.5,24939
2016-01-26,'000686,东北证券,13.5,14.41,13.1,14.31,14.54,-1.04,-7.1527,2.5233,44128656,610969587.05,26421741432.0,23609527704.0,25903
2016-01-25,'000686,东北证券,14.54,14.68,14.3,14.48,14.37,0.17,1.183,1.9841,34698290,501426896.43,28457194105.3,25428335764.2,19154
2016-01-22,'000686,东北证券,14.37,14.54,13.8,13.95,13.78,0.59,4.2816,2.6243,45896040,649912680.6,28124475879.8,25131030600.5,27102
2016-01-21,'000686,东北证券,13.78,14.78,13.71,14.22,14.44,-0.66,-4.5706,2.7478,48055559,686861216.72,26969747921.0,24099206797.1,28718
2016-01-20,'000686,东北证券,14.44,14.64,14.19,14.19,14.42,0.02,0.1387,3.2202,56317095,809908515.95,28261477502.1,25253450373.8,30144
2016-01-19,'000686,东北证券,14.42,14.46,13.68,13.77,13.77,0.65,4.7204,3.4469,60281574,852598813.46,28222334181.4,25218473295.7,32563
2016-01-18,'000686,东北证券,13.77,14.06,13.05,13.34,13.52,0.25,1.8491,2.8536,49905698,686902573.3,26950176260.6,24081718258.1,28747
2016-01-15,'000686,东北证券,13.52,13.92,13.28,13.71,13.93,-0.41,-2.9433,3.3849,59196369,806241982.82,26460884752.6,23644504782.1,29755
2016-01-14,'000686,东北证券,13.93,13.98,12.8,12.81,13.35,0.58,4.3446,3.6036,63021706,855751133.79,27263322825.8,24361534882.7,33686
2016-01-13,'000686,东北证券,13.35,13.85,13.3,13.55,13.4,-0.05,-0.3731,4.0922,71566082,971261297.53,26128166527.2,23347199618.4,37389
2016-01-12,'000686,东北证券,13.4,13.74,12.92,13.13,12.94,0.46,3.5549,3.7364,65343314,871131374.41,26226024828.8,23434642313.6,38089
2016-01-11,'000686,东北证券,12.94,14.0,12.92,13.86,14.36,-1.42,-9.8886,4.3913,76797657,1036605428.08,25325728454.1,22630169517.8,41853
2016-01-08,'000686,东北证券,14.36,15.18,13.6,14.57,14.13,0.23,1.6277,4.5643,79823672,1160654713.11,28104904219.5,25113542061.4,45979
2016-01-07,'000686,东北证券,14.13,15.39,14.13,15.29,15.7,-1.57,-10.0,1.0481,18329219,268315183.31,27654756032.2,24711305663.5,10121
2016-01-06,'000686,东北证券,15.7,15.89,15.1,15.53,15.55,0.15,0.9646,3.601,62975934,978341866.47,30727506702.4,27457006292.8,36846
2016-01-05,'000686,东北证券,15.55,16.09,14.47,15.09,15.76,-0.21,-1.3325,4.4976,78657018,1208992625.11,30433931797.6,27194678207.2,46508
2016-01-04,'000686,东北证券,15.76,17.55,15.75,17.38,17.5,-1.74,-9.9429,3.2352,56579641,935860296.09,30844936664.3,27561937527.0,37361
