日期,股票代码,名称,收盘价,最高价,最低价,开盘价,前收盘,涨跌额,涨跌幅,换手率,成交量,成交金额,总市值,流通市值,成交笔数
2016-10-12,'000031,中粮地产,9.36,9.46,9.31,9.33,9.3,0.06,0.6452,0.7114,12903159,121021051.8,16976527738.6,16976527738.6,8918
2016-10-11,'000031,中粮地产,9.3,9.34,9.17,9.22,9.26,0.04,0.432,0.7211,13078313,121453524.01,16867703842.8,16867703842.8,8325
2016-10-10,'000031,中粮地产,9.26,9.44,9.0,9.43,9.43,-0.17,-1.8028,1.2969,23522599,215809597.61,16795154579.0,16795154579.0,15640
2016-09-30,'000031,中粮地产,9.43,9.48,9.36,9.36,9.38,0.05,0.533,0.3897,7067442,66667878.05,17103488950.3,17103488950.3,4102
2016-09-29,'000031,中粮地产,9.38,9.46,9.35,9.42,9.42,-0.04,-0.4246,0.4227,7666935,72091165.04,17012802370.5,17012802370.5,5301
2016-09-28,'000031,中粮地产,9.42,9.5,9.38,9.5,9.45,-0.03,-0.3175,0.3773,6843898,64536125.15,17085351634.3,17085351634.3,5142
2016-09-27,'000031,中粮地产,9.45,9.54,9.25,9.25,9.33,0.12,1.2862,0.7415,13449653,126755971.29,17139763582.2,17139763582.2,8163
2016-09-26,'000031,中粮地产,9.33,9.64,9.31,9.64,9.65,-0.32,-3.3161,0.9123,16546073,156399987.94,16922115790.7,16922115790.7,11816
2016-09-23,'000031,中粮地产,9.65,9.81,9.65,9.8,9.78,-0.13,-1.3292,0.65,11789587,114301683.22,17502509901.4,17502509901.4,7567
2016-09-22,'000031,中粮地产,9.78,9.93,9.71,9.73,9.69,0.09,0.9288,1.1306,20505228,201801780.47,17738295008.9,17738295008.9,12316
2016-09-21,'000031,中粮地产,9.69,9.71,9.61,9.68,9.68,0.01,0.1033,0.4308,7813848,75633928.04,17575059165.2,17575059165.2,4630
2016-09-20,'000031,中粮地产,9.68,9.69,9.57,9.65,9.63,0.05,0.5192,0.4467,8102726,78048739.39,17556921849.3,17556921849.3,5631
2016-09-19,'000031,中粮地产,9.63,9.68,9.56,9.57,9.56,0.07,0.7322,0.4233,7677237,73930773.14,17466235269.5,17466235269.5,5287
2016-09-14,'000031,中粮地产,9.56,9.68,9.52,9.64,9.69,-0.13,-1.3416,0.6703,12157971,116541353.38,17339274057.8,17339274057.8,8258
2016-09-13,'000031,中粮地产,9.69,9.82,9.61,9.71,9.69,0.0,0.0,0.6722,12191360,118347596.09,17575059165.2,17575059165.2,8012
2016-09-12,'000031,中粮地产,9.69,9.93,9.66,9.92,10.04,-0.35,-3.4861,1.3849,25117986,245535697.29,17575059165.2,17575059165.2,16648
2016-09-09,'000031,中粮地产,10.04,10.17,10.04,10.13,10.13,-0.09,-0.8885,0.8816,15989903,161261747.38,18209865223.8,18209865223.8,10154
2016-09-08,'000031,中粮地产,10.13,10.23,10.1,10.11,10.13,0.0,0.0,0.703,12750940,129338740.78,18373101067.5,18373101067.5,6866
2016-09-07,'000031,中粮地产,10.13,10.25,10.11,10.11,10.15,-0.02,-0.197,0.96,17411509,177364490.01,18373101067.5,18373101067.5,10654
2016-09-06,'000031,中粮地产,10.15,10.15,10.0,10.09,10.06,0.09,0.8946,0.7234,13120867,132261864.05,18409375699.4,18409375699.4,8793
2016-09-05,'000031,中粮地产,10.06,10.13,10.01,10.1,10.14,-0.08,-0.789,0.6856,12434933,125388747.37,18246139855.8,18246139855.8,8607
2016-09-02,'000031,中粮地产,10.14,10.21,10.01,10.01,10.05,0.09,0.8955,0.9826,17820935,180438950.15,18391238383.4,18391238383.4,12416
2016-09-01,'000031,中粮地产,10.05,10.28,10.05,10.28,10.31,-0.26,-2.5218,1.4094,25563064,258732297.3,18228002539.8,18228002539.8,17670
2016-08-31,'000031,中粮地产,10.31,10.44,10.05,10.22,10.29,0.02,0.1944,1.8624,33779428,346805304.03,18699572754.8,18699572754.8,18984
2016-08-30,'000031,中粮地产,10.29,10.41,10.27,10.33,10.31,-0.02,-0.194,0.7927,14377827,148814126.0,18663298122.8,18663298122.8,8157
2016-08-29,'000031,中粮地产,10.31,10.37,10.2,10.28,10.27,0.04,0.3895,0.5638,10226354,105547229.18,18699572754.8,18699572754.8,6748
2016-08-26,'000031,中粮地产,10.27,10.44,10.23,10.3,10.3,-0.03,-0.2913,0.9096,16497231,170473221.62,18627023490.9,18627023490.9,10613
2016-08-25,'000031,中粮地产,10.3,10.36,10.17,10.36,10.43,-0.13,-1.2464,1.1508,20871938,213933802.86,18681435438.8,18681435438.8,15004
2016-08-24,'000031,中粮地产,10.43,10.59,10.33,10.45,10.48,-0.05,-0.4771,1.0904,19776369,206551643.58,18917220546.3,18917220546.3,12792
2016-08-23,'000031,中粮地产,10.48,10.67,10.36,10.54,10.54,-0.06,-0.5693,1.4295,25928103,271982336.69,19007907126.1,19007907126.1,15927
2016-08-22,'000031,中粮地产,10.54,10.96,10.53,10.7,10.72,-0.18,-1.6791,2.0194,36626047,393704205.59,19116731021.8,19116731021.8,21378
2016-08-19,'000031,中粮地产,10.72,10.89,10.6,10.83,10.94,-0.22,-2.011,2.3013,41739958,447462424.99,19443202709.1,19443202709.1,25367
2016-08-18,'000031,中粮地产,10.94,11.45,10.7,10.75,10.75,0.19,1.7674,5.5497,100656430,1113029890.22,19842223660.2,19842223660.2,57561
2016-08-17,'000031,中粮地产,10.75,10.91,10.56,10.67,10.65,0.1,0.939,2.8715,52080824,561550982.07,19497614657.0,19497614657.0,27636
2016-08-16,'000031,中粮地产,10.65,10.88,10.56,10.76,10.74,-0.09,-0.838,3.2635,59190958,633165049.24,19316241497.4,19316241497.4,30838
2016-08-15,'000031,中粮地产,10.74,10.96,10.43,10.48,10.48,0.26,2.4809,5.1598,93585287,1008284946.65,19479477341.0,19479477341.0,49553
2016-08-12,'000031,中粮地产,10.48,10.5,9.99,10.03,10.05,0.43,4.2786,2.9155,52880105,544562695.98,19007907126.1,19007907126.1,30325
2016-08-11,'000031,中粮地产,10.05,10.26,10.02,10.17,10.18,-0.13,-1.277,1.097,19896140,201599381.39,18228002539.8,18228002539.8,13850
2016-08-10,'000031,中粮地产,10.18,10.43,10.16,10.37,10.38,-0.2,-1.9268,1.361,24684462,253106086.16,18463787647.3,18463787647.3,16340
2016-08-09,'000031,中粮地产,10.38,10.47,10.28,10.45,10.45,-0.07,-0.6699,1.5958,28943256,299973258.85,18826533966.5,18826533966.5,16227
2016-08-08,'000031,中粮地产,10.45,10.52,10.18,10.28,10.27,0.18,1.7527,2.2866,41472716,432166784.52,18953495178.2,18953495178.2,23599
2016-08-05,'000031,中粮地产,10.27,10.44,10.2,10.3,10.27,0.0,0.0,1.7685,32075357,331007939.18,18627023490.9,18627023490.9,18365
2016-08-04,'000031,中粮地产,10.27,10.37,10.09,10.2,10.27,0.0,0.0,1.8398,33369320,341111931.58,18627023490.9,18627023490.9,19122
2016-08-03,'000031,中粮地产,10.27,10.46,9.91,9.97,9.98,0.29,2.9058,2.5055,45442547,466090631.75,18627023490.9,18627023490.9,29543
2016-08-02,'000031,中粮地产,9.98,10.05,9.79,9.8,9.87,0.11,1.1145,0.9827,17822669,176862933.55,18101041328.1,18101041328.1,11481
2016-08-01,'000031,中粮地产,9.87,10.08,9.6,9.77,9.74,0.13,1.3347,1.4651,26573757,262716214.4,17901530852.5,17901530852.5,17522
2016-07-29,'000031,中粮地产,9.74,10.06,9.66,10.0,10.04,-0.3,-2.988,1.4475,26253258,257640701.45,17665745745.0,17665745745.0,17715
2016-07-28,'000031,中粮地产,10.08,10.24,9.91,10.07,10.07,0.01,0.0993,1.3997,25386261,255789178.53,18282414487.7,18282414487.7,16042
2016-07-27,'000031,中粮地产,10.07,10.59,9.74,10.46,10.37,-0.3,-2.893,2.7273,49466254,509344408.71,18264277171.7,18264277171.7,31718
2016-07-26,'000031,中粮地产,10.37,10.44,10.24,10.3,10.3,0.07,0.6796,1.1906,21594540,223388776.94,18808396650.5,18808396650.5,12442
2016-07-25,'000031,中粮地产,10.3,10.43,10.21,10.34,10.3,0.0,0.0,1.0217,18530256,190924092.98,18681435438.8,18681435438.8,12421
2016-07-22,'000031,中粮地产,10.3,10.42,10.22,10.29,10.36,-0.06,-0.5792,1.2049,21854331,225082861.3,18681435438.8,18681435438.8,15723
2016-07-21,'000031,中粮地产,10.36,10.59,10.34,10.39,10.37,-0.01,-0.0964,1.4501,26301810,274738500.65,18790259334.6,18790259334.6,18934
2016-07-20,'000031,中粮地产,10.37,10.6,10.37,10.54,10.55,-0.18,-1.7062,1.7248,31283739,326376854.77,18808396650.5,18808396650.5,22900
2016-07-19,'000031,中粮地产,10.55,10.75,10.41,10.61,10.8,-0.25,-2.3148,3.0006,54421973,574904269.77,19134868337.8,19134868337.8,38044
2016-07-18,'000031,中粮地产,10.8,10.99,10.0,10.14,10.15,0.65,6.4039,5.6314,102138074,1083101193.16,19588301236.8,19588301236.8,73118
2016-07-15,'000031,中粮地产,10.15,10.79,10.11,10.3,9.95,0.2,2.0101,4.1409,75105127,779881228.69,18409375699.4,18409375699.4,44549
2016-07-14,'000031,中粮地产,9.95,10.13,9.87,10.09,10.1,-0.15,-1.4851,1.579,28638325,286284978.31,18046629380.2,18046629380.2,15429
2016-07-13,'000031,中粮地产,10.1,10.1,9.88,9.97,9.91,0.19,1.9173,2.4497,44431737,444609758.64,18318689119.6,18318689119.6,25033
2016-07-12,'000031,中粮地产,9.91,9.94,9.65,9.77,9.78,0.13,1.3292,1.5993,29006483,284478512.18,17974080116.4,17974080116.4,15416
2016-07-11,'000031,中粮地产,9.78,9.99,9.76,9.84,9.88,-0.1,-1.0121,1.7702,32107516,317054945.28,17738295008.9,17738295008.9,17112
2016-07-08,'000031,中粮地产,9.88,10.08,9.63,9.68,9.66,0.22,2.2774,2.4122,43750735,432413273.43,17919668168.5,17919668168.5,25713
2016-07-07,'000031,中粮地产,9.66,9.82,9.56,9.77,9.82,-0.16,-1.6293,1.4183,25724002,249014631.29,17520647217.4,17520647217.4,16936
2016-07-06,'000031,中粮地产,9.82,10.06,9.74,9.74,9.77,0.05,0.5118,2.1307,38645655,381257917.73,17810844272.7,17810844272.7,22287
2016-07-05,'000031,中粮地产,9.77,10.14,9.72,9.91,9.65,0.12,1.2435,2.8774,52187927,514713984.5,17720157692.9,17720157692.9,29146
2016-07-04,'000031,中粮地产,9.65,9.74,9.36,9.41,9.46,0.19,2.0085,2.1642,39253344,375591890.6,17502509901.4,17502509901.4,20199
2016-07-01,'000031,中粮地产,9.46,9.6,9.35,9.46,9.43,0.03,0.3181,1.1942,21659256,204758639.12,17157900898.2,17157900898.2,13052
2016-06-30,'000031,中粮地产,9.43,9.6,9.37,9.48,9.48,-0.05,-0.5274,1.1067,20072081,190165754.69,17103488950.3,17103488950.3,12686
2016-06-29,'000031,中粮地产,9.48,9.57,9.32,9.36,9.36,0.12,1.2821,1.6316,29593340,279915530.35,17194175530.1,17194175530.1,18415
2016-06-28,'000031,中粮地产,9.36,9.46,9.22,9.27,9.33,0.03,0.3215,0.9444,17129338,160008832.02,16976527738.6,16976527738.6,11667
2016-06-27,'000031,中粮地产,9.33,9.52,9.02,9.05,9.07,0.26,2.8666,1.434,26009015,242185169.53,16922115790.7,16922115790.7,15488
2016-06-24,'000031,中粮地产,9.07,9.36,8.76,9.27,9.27,-0.2,-2.1575,1.2417,22521622,205470322.5,16450545575.7,16450545575.7,15588
2016-06-23,'000031,中粮地产,9.27,9.38,9.25,9.38,9.36,-0.09,-0.9615,0.6787,12309782,114479222.89,16813291894.9,16813291894.9,7986
2016-06-22,'000031,中粮地产,9.36,9.4,9.22,9.29,9.29,0.07,0.7535,0.6526,11836761,110356453.78,16976527738.6,16976527738.6,7201
2016-06-21,'000031,中粮地产,9.29,9.47,9.26,9.41,9.37,-0.08,-0.8538,0.7285,13213334,123891483.01,16849566526.8,16849566526.8,8939
2016-06-20,'000031,中粮地产,9.37,9.48,9.36,9.4,9.38,-0.01,-0.1066,0.6466,11727499,110150423.17,16994665054.5,16994665054.5,7253
2016-06-17,'000031,中粮地产,9.38,9.49,9.36,9.39,9.38,0.0,0.0,0.768,13929057,131237886.55,17012802370.5,17012802370.5,8799
2016-06-16,'000031,中粮地产,9.38,9.56,9.36,9.52,9.53,-0.15,-1.574,1.0484,19015416,179399464.27,17012802370.5,17012802370.5,12782
2016-06-15,'000031,中粮地产,9.53,9.67,9.27,9.34,9.53,0.0,0.0,1.7219,31231390,297294746.03,17284862109.9,17284862109.9,19936
2016-06-14,'000031,中粮地产,9.53,9.59,9.17,9.21,9.21,0.32,3.4745,1.8263,33123461,313357217.15,17284862109.9,17284862109.9,21415
2016-06-13,'000031,中粮地产,9.21,9.57,9.21,9.45,9.58,-0.37,-3.8622,1.1546,20941368,196882001.49,16704467999.2,16704467999.2,14228
2016-06-08,'000031,中粮地产,9.58,9.73,9.45,9.65,9.64,-0.06,-0.6224,1.1138,20202148,193320372.26,17375548689.7,17375548689.7,11359
2016-06-07,'000031,中粮地产,9.64,9.78,9.6,9.6,9.66,-0.02,-0.207,0.7048,12783066,123669065.74,17484372585.4,17484372585.4,8635
2016-06-06,'000031,中粮地产,9.66,9.84,9.58,9.79,9.76,-0.1,-1.0246,0.7394,13411006,129903333.02,17520647217.4,17520647217.4,10838
2016-06-03,'000031,中粮地产,9.76,9.87,9.71,9.85,9.74,0.02,0.2053,1.2169,22072067,215900794.07,17702020377.0,17702020377.0,14441
2016-06-02,'000031,中粮地产,9.74,9.88,9.64,9.65,9.84,-0.1,-1.0163,1.4238,25823147,251608781.89,17665745745.0,17665745745.0,18182
2016-06-01,'000031,中粮地产,9.84,10.34,9.4,9.49,9.49,0.35,3.6881,2.7029,49023794,478735160.78,17847118904.6,17847118904.6,31402
2016-05-31,'000031,中粮地产,9.49,9.5,9.15,9.15,9.13,0.36,3.943,1.4872,26973350,253163875.53,17212312846.0,17212312846.0,18195
2016-05-30,'000031,中粮地产,9.13,9.23,9.08,9.17,9.23,-0.1,-1.0834,0.4629,8396047,76756791.66,16559369471.5,16559369471.5,7164
2016-05-27,'000031,中粮地产,9.23,9.34,9.16,9.22,9.21,0.02,0.2172,0.6767,12274186,113433747.5,16740742631.1,16740742631.1,8431
2016-05-26,'000031,中粮地产,9.21,9.3,9.08,9.23,9.24,-0.03,-0.3247,0.6491,11773571,107777851.57,16704467999.2,16704467999.2,9519
2016-05-25,'000031,中粮地产,9.24,9.4,9.2,9.33,9.2,0.04,0.4348,0.5838,10587908,98484089.1,16758879947.0,16758879947.0,8116
2016-05-24,'000031,中粮地产,9.2,9.44,9.2,9.44,9.46,-0.26,-2.7484,0.6793,12321318,114396253.37,16686330683.2,16686330683.2,9509
2016-05-23,'000031,中粮地产,9.46,9.6,9.35,9.38,9.34,0.12,1.2848,0.8069,14634455,139059468.08,17157900898.2,17157900898.2,10332
2016-05-20,'000031,中粮地产,9.34,9.37,9.17,9.21,9.31,0.03,0.3222,0.6137,11130255,103400980.62,16940253106.6,16940253106.6,7852
2016-05-19,'000031,中粮地产,9.31,9.44,9.3,9.32,9.33,-0.02,-0.2144,0.5423,9835340,92123173.55,16885841158.8,16885841158.8,7575
2016-05-18,'000031,中粮地产,9.33,9.51,9.21,9.51,9.56,-0.23,-2.4059,1.0229,18552959,173207605.13,16922115790.7,16922115790.7,11175
2016-05-17,'000031,中粮地产,9.56,9.67,9.43,9.53,9.49,0.07,0.7376,0.9508,17245004,164521163.89,17339274057.8,17339274057.8,10304
2016-05-16,'000031,中粮地产,9.49,9.49,9.32,9.4,9.4,0.09,0.9574,0.5439,9864950,93052854.19,17212312846.0,17212312846.0,7493
2016-05-13,'000031,中粮地产,9.4,9.6,9.3,9.52,9.51,-0.11,-1.1567,0.6523,11831524,112034379.83,17049077002.4,17049077002.4,9291
2016-05-12,'000031,中粮地产,9.51,9.59,9.28,9.53,9.66,-0.15,-1.5528,0.7633,13843731,130737599.81,17248587478.0,17248587478.0,10629
2016-05-11,'000031,中粮地产,9.66,9.87,9.64,9.87,9.68,-0.02,-0.2066,0.764,13856641,134936665.38,17520647217.4,17520647217.4,10582
2016-05-10,'000031,中粮地产,9.68,9.8,9.57,9.61,9.61,0.07,0.7284,0.8062,14622743,141512310.48,17556921849.3,17556921849.3,10432
2016-05-09,'000031,中粮地产,9.61,10.05,9.5,10.01,10.0,-0.39,-3.9,1.1232,20371631,197488568.2,17429960637.6,17429960637.6,17698
2016-05-06,'000031,中粮地产,10.0,10.39,9.97,10.34,10.24,-0.24,-2.3438,1.2732,23092619,234149145.71,18137315960.0,18137315960.0,18880
2016-05-05,'000031,中粮地产,10.24,10.29,10.13,10.22,10.29,-0.05,-0.4859,0.8303,15058901,153859309.4,18572611543.0,18572611543.0,11776
2016-05-04,'000031,中粮地产,10.29,10.53,10.17,10.23,10.22,0.07,0.6849,1.4868,26966059,279078924.99,18663298122.8,18663298122.8,19699
2016-05-03,'000031,中粮地产,10.22,10.23,9.99,10.04,9.99,0.23,2.3023,1.0513,19067786,193785613.68,18536336911.1,18536336911.1,13972
2016-04-29,'000031,中粮地产,9.99,10.08,9.92,9.98,10.02,-0.03,-0.2994,0.7031,12752160,127497490.41,18119178644.0,18119178644.0,9549
2016-04-28,'000031,中粮地产,10.02,10.25,9.85,10.18,10.15,-0.13,-1.2808,1.1594,21029269,210379838.98,18173590591.9,18173590591.9,15512
2016-04-27,'000031,中粮地产,10.15,10.36,10.14,10.23,10.19,-0.04,-0.3925,0.8552,15511517,158737535.22,18409375699.4,18409375699.4,11933
2016-04-26,'000031,中粮地产,10.19,10.28,10.07,10.14,10.12,0.07,0.6917,0.7333,13299791,135211446.2,18481924963.2,18481924963.2,10772
2016-04-25,'000031,中粮地产,10.12,10.27,9.97,10.27,10.29,-0.17,-1.6521,0.9508,17245845,173885999.19,18354963751.5,18354963751.5,14224
2016-04-22,'000031,中粮地产,10.29,10.34,10.11,10.15,10.28,0.01,0.0973,0.7993,14496971,148286331.9,18663298122.8,18663298122.8,12754
2016-04-21,'000031,中粮地产,10.28,10.61,10.24,10.49,10.5,-0.22,-2.0952,1.2557,22775612,237423058.01,18645160806.9,18645160806.9,19283
2016-04-20,'000031,中粮地产,10.5,11.19,10.17,11.15,11.09,-0.59,-5.3201,2.279,41335025,440222226.28,19044181758.0,19044181758.0,32403
2016-04-19,'000031,中粮地产,11.09,11.2,11.02,11.14,11.1,-0.01,-0.0901,1.1637,21105580,234367925.02,20114283399.6,20114283399.6,14533
2016-04-18,'000031,中粮地产,11.1,11.25,11.08,11.11,11.21,-0.11,-0.9813,1.5009,27221928,303742315.38,20132420715.6,20132420715.6,18356
2016-04-15,'000031,中粮地产,11.21,11.28,11.12,11.23,11.2,0.01,0.0893,1.3816,25057927,280200433.77,20331931191.2,20331931191.2,17350
2016-04-14,'000031,中粮地产,11.2,11.35,11.09,11.2,11.05,0.15,1.3575,2.0946,37990416,425911286.43,20313793875.2,20313793875.2,26343
2016-04-13,'000031,中粮地产,11.05,11.19,11.0,11.0,10.93,0.12,1.0979,2.1897,39715703,442107729.3,20041734135.8,20041734135.8,26202
2016-04-12,'000031,中粮地产,10.93,11.1,10.85,11.08,11.05,-0.12,-1.086,0.9997,18131764,198083128.67,19824086344.3,19824086344.3,15290
2016-04-11,'000031,中粮地产,11.05,11.19,11.0,11.0,10.9,0.15,1.3761,1.4177,25712456,285359243.84,20041734135.8,20041734135.8,17720
2016-04-08,'000031,中粮地产,10.9,11.05,10.77,10.96,11.02,-0.12,-1.0889,1.4803,26847864,292633782.15,19769674396.4,19769674396.4,22068
2016-04-07,'000031,中粮地产,11.02,11.29,11.0,11.28,11.21,-0.19,-1.6949,1.51,27387663,304255986.28,19987322187.9,19987322187.9,23060
2016-04-06,'000031,中粮地产,11.21,11.36,11.08,11.3,11.4,-0.19,-1.6667,2.2022,39942619,448802622.91,20331931191.2,20331931191.2,29486
2016-04-05,'000031,中粮地产,11.4,11.69,11.1,11.26,11.18,0.22,1.9678,3.5762,64861963,738723687.05,20676540194.4,20676540194.4,43907
2016-04-01,'000031,中粮地产,11.18,11.35,10.97,11.03,11.02,0.16,1.4519,1.8622,33775501,376711943.87,20277519243.3,20277519243.3,26289
2016-03-31,'000031,中粮地产,11.02,11.23,10.97,11.04,10.94,0.08,0.7313,1.8319,33226520,368226985.55,19987322187.9,19987322187.9,25875
2016-03-30,'000031,中粮地产,10.94,10.99,10.72,10.8,10.64,0.3,2.8195,1.4127,25622734,278563849.17,19842223660.2,19842223660.2,20489
2016-03-29,'000031,中粮地产,10.64,11.1,10.56,11.06,11.06,-0.42,-3.7975,1.6063,29134819,313273278.5,19298104181.4,19298104181.4,28859
2016-03-28,'000031,中粮地产,11.06,11.38,11.0,11.31,11.22,-0.16,-1.426,2.0472,37131035,416294301.76,20059871451.8,20059871451.8,29374
2016-03-25,'000031,中粮地产,11.22,11.39,11.05,11.2,11.19,0.03,0.2681,1.64,29745070,333568969.09,20350068507.1,20350068507.1,21985
2016-03-24,'000031,中粮地产,11.19,11.52,11.02,11.26,11.4,-0.21,-1.8421,2.2592,40975429,460995038.14,20295656559.2,20295656559.2,32276
2016-03-23,'000031,中粮地产,11.4,11.58,11.25,11.31,11.31,0.09,0.7958,2.2295,40436998,461774933.69,20676540194.4,20676540194.4,30047
2016-03-22,'000031,中粮地产,11.31,11.55,11.28,11.5,11.71,-0.4,-3.4159,2.7202,49337883,563847774.3,20513304350.8,20513304350.8,40807
2016-03-21,'000031,中粮地产,11.71,11.97,11.11,11.23,11.04,0.67,6.0688,4.6706,84712280,977814558.06,21238796989.2,21238796989.2,64914
2016-03-18,'000031,中粮地产,11.04,11.17,10.55,10.6,10.52,0.52,4.943,3.2822,59530880,648079466.82,20023596819.8,20023596819.8,45603
2016-03-17,'000031,中粮地产,10.52,10.65,10.32,10.4,10.31,0.21,2.0369,1.707,30960988,324712032.44,19080456389.9,19080456389.9,25665
2016-03-16,'000031,中粮地产,10.31,10.74,10.3,10.65,10.6,-0.29,-2.7358,1.3878,25171638,262448462.12,18699572754.8,18699572754.8,22837
2016-03-15,'000031,中粮地产,10.6,10.87,10.55,10.75,10.8,-0.2,-1.8519,1.4023,25434815,271482606.42,19225554917.6,19225554917.6,22439
2016-03-14,'000031,中粮地产,10.8,10.99,10.58,10.6,10.48,0.32,3.0534,1.9707,35742997,387037594.18,19588301236.8,19588301236.8,29060
2016-03-11,'000031,中粮地产,10.48,10.71,10.35,10.68,10.82,-0.34,-3.1423,1.5925,28883274,303797869.39,19007907126.1,19007907126.1,27123
2016-03-10,'000031,中粮地产,10.82,11.3,10.75,11.08,10.98,-0.16,-1.4572,1.9206,34835139,383414718.46,19624575868.7,19624575868.7,31540
2016-03-09,'000031,中粮地产,10.98,11.3,10.9,11.0,11.67,-0.69,-5.9126,2.3059,41823706,463782546.0,19914772924.1,19914772924.1,40097
2016-03-08,'000031,中粮地产,11.67,11.97,10.87,11.8,11.98,-0.31,-2.5876,4.6819,84917014,964729720.21,21166247725.3,21166247725.3,66268
2016-03-07,'000031,中粮地产,0.0,0.0,0.0,0.0,11.98,None,None,0.0,0,0.0,21728504520.1,21728504520.1,0
2016-03-04,'000031,中粮地产,0.0,0.0,0.0,0.0,11.98,None,None,0.0,0,0.0,21728504520.1,21728504520.1,0
2016-03-03,'000031,中粮地产,0.0,0.0,0.0,0.0,11.98,None,None,0.0,0,0.0,21728504520.1,21728504520.1,0
2016-03-02,'000031,中粮地产,11.98,12.1,11.09,11.12,11.09,0.89,8.0252,5.5156,100037419,1163549020.82,21728504520.1,21728504520.1,77793
2016-03-01,'000031,中粮地产,11.09,11.28,10.61,10.75,10.56,0.53,5.0189,3.6258,65761740,723358588.12,20114283399.6,20114283399.6,50924
2016-02-29,'000031,中粮地产,10.56,10.94,10.01,10.72,10.56,0.0,0.0,3.0796,55855706,589802329.69,19153005653.8,19153005653.8,47435
2016-02-26,'000031,中粮地产,10.56,10.95,10.1,10.75,10.69,-0.13,-1.2161,2.0849,37814277,400774827.65,19153005653.8,19153005653.8,33871
2016-02-25,'000031,中粮地产,10.69,11.78,10.69,11.78,11.88,-1.19,-10.0168,3.452,62609872,700100315.57,19388790761.2,19388790761.2,55986
2016-02-24,'000031,中粮地产,11.88,12.35,11.4,11.4,11.34,0.54,4.7619,4.7238,85676715,1017418642.13,21547131360.5,21547131360.5,69395
2016-02-23,'000031,中粮地产,11.34,11.65,11.2,11.35,11.4,-0.06,-0.5263,2.5863,46908688,535239872.61,20567716298.6,20567716298.6,40338
2016-02-22,'000031,中粮地产,11.4,11.82,11.38,11.38,11.01,0.39,3.5422,3.485,63208660,729874521.12,20676540194.4,20676540194.4,52482
2016-02-19,'000031,中粮地产,11.01,11.2,10.81,10.93,10.96,0.05,0.4562,2.2588,40968428,449722252.91,19969184872.0,19969184872.0,34124
2016-02-18,'000031,中粮地产,10.96,11.68,10.88,11.17,11.17,-0.21,-1.88,4.4931,81492950,911464651.97,19878498292.2,19878498292.2,67299
2016-02-17,'000031,中粮地产,11.17,11.35,10.25,10.32,10.35,0.82,7.9227,4.4522,80750190,890042382.3,20259381927.3,20259381927.3,66325
2016-02-16,'000031,中粮地产,10.35,10.51,9.98,9.98,9.92,0.43,4.3347,1.8716,33946129,349869268.13,18772122018.6,18772122018.6,25602
2016-02-15,'000031,中粮地产,9.92,10.05,9.5,9.57,10.09,-0.17,-1.6848,1.1201,20316268,199690330.17,17992217432.3,17992217432.3,15923
2016-02-05,'000031,中粮地产,10.09,10.42,10.08,10.29,10.38,-0.29,-2.7938,1.4049,25481186,260340078.52,18300551803.6,18300551803.6,20739
2016-02-04,'000031,中粮地产,10.38,10.63,10.14,10.3,10.35,0.03,0.2899,2.5225,45750755,474446942.0,18826533966.5,18826533966.5,36237
2016-02-03,'000031,中粮地产,10.35,10.69,9.97,10.09,9.9,0.45,4.5455,2.9748,53955735,557185176.99,18772122018.6,18772122018.6,44164
2016-02-02,'000031,中粮地产,9.9,10.13,9.55,9.55,9.54,0.36,3.7736,1.5682,28443221,280504514.85,17955942800.4,17955942800.4,23183
2016-02-01,'000031,中粮地产,9.54,9.85,9.3,9.57,9.56,-0.02,-0.2092,1.3971,25340041,242867505.27,17302999425.8,17302999425.8,19347
2016-01-29,'000031,中粮地产,9.56,9.75,9.16,9.27,9.18,0.38,4.1394,1.4256,25856637,245071529.39,17339274057.8,17339274057.8,22025
2016-01-28,'000031,中粮地产,9.18,9.96,9.1,9.78,9.95,-0.77,-7.7387,1.5764,28591295,274278997.83,16650056051.3,16650056051.3,24389
2016-01-27,'000031,中粮地产,9.95,10.18,9.05,9.96,9.87,0.08,0.8105,2.2075,40037870,386631959.07,18046629380.2,18046629380.2,34491
2016-01-26,'000031,中粮地产,9.87,10.9,9.7,10.5,10.65,-0.78,-7.3239,2.7419,49730581,518900284.53,17901530852.5,17901530852.5,43128
2016-01-25,'000031,中粮地产,10.65,10.87,10.42,10.58,10.5,0.15,1.4286,1.7433,31618437,335802602.8,19316241497.4,19316241497.4,26675
2016-01-22,'000031,中粮地产,10.5,10.67,10.1,10.38,10.21,0.29,2.8404,1.9979,36237099,377537911.59,19044181758.0,19044181758.0,33128
2016-01-21,'000031,中粮地产,10.21,10.98,10.2,10.5,10.75,-0.54,-5.0233,2.1816,39567481,421270272.64,18518199595.2,18518199595.2,39026
2016-01-20,'000031,中粮地产,10.75,11.39,10.68,10.85,11.04,-0.29,-2.6268,3.1252,56683206,623848064.92,19497614657.0,19497614657.0,55714
2016-01-19,'000031,中粮地产,11.04,11.45,10.19,10.23,10.48,0.56,5.3435,4.1566,75389626,810574018.75,20023596819.8,20023596819.8,65288
2016-01-18,'000031,中粮地产,10.48,10.64,9.38,9.5,9.67,0.81,8.3764,3.691,66945699,692631823.81,19007907126.1,19007907126.1,50535
2016-01-15,'000031,中粮地产,9.67,10.4,9.53,10.27,10.3,-0.63,-6.1165,1.655,30016443,299153016.36,17538784533.3,17538784533.3,26269
2016-01-14,'000031,中粮地产,10.3,10.38,9.52,9.53,10.05,0.25,2.4876,1.693,30707282,307437954.23,18681435438.8,18681435438.8,26266
2016-01-13,'000031,中粮地产,10.05,10.75,9.9,10.64,10.57,-0.52,-4.9196,1.6755,30389978,316248187.69,18228002539.8,18228002539.8,26811
2016-01-12,'000031,中粮地产,10.57,10.95,10.01,10.54,10.4,0.17,1.6346,2.0084,36426303,380202525.67,19171142969.7,19171142969.7,31952
2016-01-11,'000031,中粮地产,10.4,11.42,10.4,11.38,11.56,-1.16,-10.0346,2.3713,43009775,466720113.05,18862808598.4,18862808598.4,38797
2016-01-08,'000031,中粮地产,11.56,12.08,10.67,11.84,11.54,0.02,0.1733,2.2989,41696044,487135067.38,20966737249.8,20966737249.8,36404
2016-01-07,'000031,中粮地产,11.54,12.61,11.52,12.61,12.8,-1.26,-9.8438,0.538,9757800,116066845.23,20930462617.8,20930462617.8,8821
2016-01-06,'000031,中粮地产,12.8,12.87,12.58,12.61,12.5,0.3,2.4,1.8608,33750331,429760117.46,23215764428.8,23215764428.8,28944
2016-01-05,'000031,中粮地产,12.5,12.97,11.77,11.8,12.68,-0.18,-1.4196,2.6569,48188356,597284639.12,22671644950.0,22671644950.0,44592
2016-01-04,'000031,中粮地产,12.68,14.21,12.66,14.1,14.05,-1.37,-9.7509,1.6054,29116980,391147503.47,22998116637.3,22998116637.3,28978
