日期,股票代码,名称,收盘价,最高价,最低价,开盘价,前收盘,涨跌额,涨跌幅,换手率,成交量,成交金额,总市值,流通市值,成交笔数
2016-10-12,'002597,金禾实业,15.11,15.18,14.97,15.09,15.2,-0.09,-0.5921,1.0425,5830354,87995583.81,8531081612.46,8450240090.46,4177
2016-10-11,'002597,金禾实业,15.2,15.31,14.96,15.07,14.96,0.24,1.6043,1.5976,8934397,135659461.61,8581895467.2,8500572427.2,6664
2016-10-10,'002597,金禾实业,14.96,15.03,14.56,14.61,14.59,0.37,2.536,1.6135,9023269,134026300.23,8446391854.56,8366352862.56,6244
2016-09-30,'002597,金禾实业,14.59,14.74,14.51,14.6,14.51,0.08,0.5513,0.6926,3873477,56526062.41,8237490451.74,8159431033.74,3344
2016-09-29,'002597,金禾实业,14.51,14.68,14.24,14.25,14.13,0.38,2.6893,1.5528,8683757,126139481.07,8192322580.86,8114691178.86,6485
2016-09-28,'002597,金禾实业,14.13,14.18,13.97,14.05,14.04,0.09,0.641,0.5594,3128507,44179524.84,7977775194.18,7902176868.18,2535
2016-09-27,'002597,金禾实业,14.04,14.06,13.85,13.91,13.9,0.14,1.0072,0.5284,2955060,41221250.8,7926961339.44,7851844531.44,2539
2016-09-26,'002597,金禾实业,13.9,14.26,13.89,14.15,14.16,-0.26,-1.8362,0.7342,4105860,57823351.0,7847917565.4,7773549785.4,4070
2016-09-23,'002597,金禾实业,14.16,14.53,14.06,14.53,14.46,-0.3,-2.0747,0.7694,4303115,61301835.85,7994713145.76,7918954313.76,3367
2016-09-22,'002597,金禾实业,14.46,14.6,14.45,14.55,14.45,0.01,0.0692,0.6453,3609100,52404348.98,8164092661.56,8086728769.56,2553
2016-09-21,'002597,金禾实业,14.45,14.53,14.33,14.33,14.33,0.12,0.8374,0.688,3847470,55643792.63,8158446677.7,8081136287.7,2787
2016-09-20,'002597,金禾实业,14.33,14.44,14.28,14.36,14.36,-0.03,-0.2089,0.5124,2865345,41047023.37,8090694871.38,8014026505.38,2059
2016-09-19,'002597,金禾实业,14.36,14.41,14.18,14.2,14.15,0.21,1.4841,0.8242,4609080,66052863.24,8107632822.96,8030803950.96,3663
2016-09-14,'002597,金禾实业,14.15,14.33,14.04,14.13,14.2,-0.05,-0.3521,0.8558,4786272,67888775.56,7989067161.9,7913361831.9,3808
2016-09-13,'002597,金禾实业,14.2,14.34,14.05,14.26,14.22,-0.02,-0.1406,0.8436,4717672,66883564.44,8017297081.2,7941324241.2,3442
2016-09-12,'002597,金禾实业,14.22,14.35,14.03,14.2,14.73,-0.51,-3.4623,2.2894,12803666,181456251.2,8028589048.92,7952509204.92,9354
2016-09-09,'002597,金禾实业,14.73,15.04,14.71,14.99,14.99,-0.26,-1.7345,1.5614,8732095,129317826.33,8316534225.78,8237725779.78,5499
2016-09-08,'002597,金禾实业,14.99,15.13,14.88,15.08,15.08,-0.09,-0.5968,1.1605,6489852,97421197.24,8463329806.14,8383130308.14,4734
2016-09-07,'002597,金禾实业,15.08,15.3,14.93,14.99,15.01,0.07,0.4664,2.1327,11926833,180348309.64,8514143660.88,8433462644.88,8043
2016-09-06,'002597,金禾实业,15.01,15.07,14.68,15.0,15.03,-0.02,-0.1331,1.9407,10853313,161498613.95,8474621773.86,8394315271.86,6883
2016-09-05,'002597,金禾实业,15.03,15.07,14.65,14.7,14.7,0.33,2.2449,1.9224,10751138,160336563.66,8485913741.58,8405500235.58,6912
2016-09-02,'002597,金禾实业,14.7,14.8,14.46,14.5,14.61,0.09,0.616,1.2685,7047492,103540279.67,8299596274.2,8166855274.2,6255
2016-09-01,'002597,金禾实业,14.61,15.05,14.57,14.94,14.94,-0.33,-2.2088,1.6836,9353386,138633821.13,8248782419.46,8116854119.46,7153
2016-08-31,'002597,金禾实业,14.94,14.99,14.74,14.98,14.86,0.08,0.5384,1.3818,7676933,114284925.77,8435099886.84,8300191686.84,5570
2016-08-30,'002597,金禾实业,14.86,15.05,14.69,14.69,14.57,0.29,1.9904,2.5213,14007593,208520886.91,8389932015.96,8255746215.96,9167
2016-08-29,'002597,金禾实业,14.57,15.26,14.55,15.26,15.49,-0.92,-5.9393,4.1046,22803932,337015880.15,8226198484.02,8094631384.02,17053
2016-08-26,'002597,金禾实业,15.49,15.75,15.44,15.58,15.5,-0.01,-0.0645,1.3571,7539700,117485698.17,8745628999.14,8605754299.14,6253
2016-08-25,'002597,金禾实业,15.5,15.8,15.34,15.68,15.83,-0.33,-2.0846,2.5042,13912588,215268988.08,8751274983.0,8611309983.0,9180
2016-08-24,'002597,金禾实业,15.83,16.13,15.79,16.05,15.88,-0.05,-0.3149,1.5086,8381329,133771564.84,8937592450.38,8794647550.38,6501
2016-08-23,'002597,金禾实业,15.88,15.99,15.6,15.76,15.68,0.2,1.2755,1.8408,10227135,161588540.41,8965822369.68,8822425969.68,7379
2016-08-22,'002597,金禾实业,15.68,16.03,15.66,15.93,16.02,-0.34,-2.1223,1.7703,9835263,154952118.2,8852902692.48,8711312292.48,7534
2016-08-19,'002597,金禾实业,16.02,16.38,15.96,15.96,15.96,0.06,0.3759,2.7586,15326143,247260627.92,9044866143.72,8900205543.72,9592
2016-08-18,'002597,金禾实业,15.96,16.28,15.83,16.2,16.3,-0.34,-2.0859,3.2368,17982774,287757112.09,9010990240.56,8866871440.56,11595
2016-08-17,'002597,金禾实业,16.3,16.59,15.9,16.04,16.2,0.1,0.6173,5.0033,27796873,450597225.41,9202953691.8,9055764691.8,14945
2016-08-16,'002597,金禾实业,16.2,16.58,15.37,15.48,15.37,0.83,5.4001,5.9948,33305232,533420581.62,9146493853.2,9000207853.2,21570
2016-08-15,'002597,金禾实业,15.37,15.45,14.7,14.99,14.94,0.43,2.8782,3.2011,17784185,268536559.31,8677877192.82,8539086092.82,11283
2016-08-12,'002597,金禾实业,14.94,14.98,14.71,14.78,14.81,0.13,0.8778,1.7713,9840635,146280090.29,8435099886.84,8300191686.84,6015
2016-08-11,'002597,金禾实业,14.81,15.33,14.8,15.25,15.24,-0.43,-2.8215,2.7158,15088310,226380491.04,8361702096.66,8227967796.66,11382
2016-08-10,'002597,金禾实业,15.24,16.04,15.23,15.75,15.65,-0.41,-2.6198,3.5426,19681618,305787019.67,8604479402.64,8466862202.64,14723
2016-08-09,'002597,金禾实业,15.65,15.65,15.14,15.35,15.26,0.39,2.5557,3.1943,17746316,272723929.99,8835964740.9,8694645240.9,12405
2016-08-08,'002597,金禾实业,15.26,15.36,14.85,15.0,15.07,0.19,1.2608,2.761,15339438,232351517.54,8615771370.36,8477973570.36,10874
2016-08-05,'002597,金禾实业,15.07,15.25,14.54,14.62,14.66,0.41,2.7967,3.2751,18195193,272503993.93,8508497677.02,8372415577.02,13135
2016-08-04,'002597,金禾实业,14.66,14.8,14.41,14.61,14.72,-0.06,-0.4076,1.8814,10452279,152704174.5,8277012338.76,8144632538.76,7256
2016-08-03,'002597,金禾实业,14.72,14.92,14.46,14.5,14.61,0.11,0.7529,2.5743,14302098,209787774.34,8310888241.92,8177966641.92,9398
2016-08-02,'002597,金禾实业,14.61,14.87,14.23,14.51,14.71,-0.1,-0.6798,3.0322,16845895,244476300.12,8248782419.46,8116854119.46,12481
2016-08-01,'002597,金禾实业,14.71,15.56,14.65,15.37,15.57,-0.86,-5.5234,4.1593,23107935,345697450.84,8305242258.06,8172410958.06,16380
2016-07-29,'002597,金禾实业,15.57,15.88,14.92,15.08,15.24,0.33,2.1654,6.6028,36683019,568401196.69,8790796870.02,8650199770.02,25025
2016-07-28,'002597,金禾实业,15.24,15.48,14.7,14.89,14.88,0.36,2.4194,6.7749,37639100,569388955.69,8604479402.64,8466862202.64,22607
2016-07-27,'002597,金禾实业,14.88,15.29,14.1,14.85,14.89,-0.01,-0.0672,7.7733,43185893,643594477.69,8401223983.68,8266857583.68,23609
2016-07-26,'002597,金禾实业,14.89,14.89,14.3,14.42,14.44,0.45,3.1163,2.6447,14693070,214590200.31,8406869967.54,8272413267.54,9981
2016-07-25,'002597,金禾实业,14.44,14.65,14.27,14.37,14.41,0.03,0.2082,2.6152,14529405,210011630.61,8152800693.84,8022407493.84,10184
2016-07-22,'002597,金禾实业,14.41,14.46,14.11,14.3,14.28,0.13,0.9104,1.8254,10141169,144408965.2,8135862742.26,8005740442.26,6617
2016-07-21,'002597,金禾实业,14.28,14.49,14.21,14.25,14.16,0.12,0.8475,2.1338,11854991,170075509.69,8062464952.08,7933516552.08,7087
2016-07-20,'002597,金禾实业,14.16,14.25,14.1,14.25,14.22,-0.06,-0.4219,1.1624,6457874,91621547.06,7994713145.76,7866848345.76,3976
2016-07-19,'002597,金禾实业,14.22,14.3,14.03,14.1,14.13,0.09,0.6369,1.4432,8017823,113571747.16,8028589048.92,7900182448.92,5552
2016-07-18,'002597,金禾实业,14.13,14.27,14.05,14.25,14.24,-0.11,-0.7725,1.6724,9291406,131408207.02,7977775194.18,7850181294.18,5768
2016-07-15,'002597,金禾实业,14.24,14.6,14.13,14.53,14.58,-0.34,-2.332,2.4448,13582509,193994431.5,8039881016.64,7911293816.64,8845
2016-07-14,'002597,金禾实业,14.58,14.65,14.38,14.53,14.52,0.06,0.4132,1.5877,8820954,128094004.2,8231844467.88,8100187067.88,5376
2016-07-13,'002597,金禾实业,14.52,15.05,14.33,14.68,14.65,-0.13,-0.8874,3.4338,19077141,277335134.22,8197968564.72,8066852964.72,12242
2016-07-12,'002597,金禾实业,14.65,14.84,14.12,14.2,14.17,0.48,3.3874,3.9891,22162127,321758263.76,8271366354.9,8139076854.9,13331
2016-07-11,'002597,金禾实业,14.17,14.55,14.09,14.27,14.13,0.04,0.2831,2.8616,15897899,226975184.37,8000359129.62,7872404029.62,8797
2016-07-08,'002597,金禾实业,14.13,14.37,13.95,14.13,14.14,-0.01,-0.0707,1.6336,9075960,128756643.78,7977775194.18,7850181294.18,6274
2016-07-07,'002597,金禾实业,14.14,14.53,13.95,14.4,14.5,-0.36,-2.4828,2.6234,14574728,206762858.82,7983421178.04,7855736978.04,9562
2016-07-06,'002597,金禾实业,14.5,14.68,14.16,14.26,14.24,0.26,1.8258,2.4792,13773873,199053794.16,8186676597.0,8055741597.0,8833
2016-07-05,'002597,金禾实业,14.24,14.64,14.06,14.3,14.22,0.02,0.1406,2.8385,15769655,225419250.39,8039881016.64,7911293816.64,10557
2016-07-04,'002597,金禾实业,14.22,14.45,13.43,13.53,13.61,0.61,4.482,4.0217,22343455,314257842.5,8028589048.92,7900182448.92,14738
2016-07-01,'002597,金禾实业,13.61,13.74,13.4,13.65,13.47,0.14,1.0393,1.9664,10924490,148250596.02,7684184033.46,7561285733.46,8411
2016-06-30,'002597,金禾实业,13.47,13.8,13.45,13.55,13.45,0.02,0.1487,2.5123,13957578,190208357.45,7605140259.42,7483506159.42,8866
2016-06-29,'002597,金禾实业,13.45,13.53,13.21,13.37,13.2,0.25,1.8939,2.5925,14403304,192904916.03,7593848291.7,7472394791.7,9018
2016-06-28,'002597,金禾实业,13.2,13.43,12.99,13.0,13.14,0.06,0.4566,2.4983,13879564,183456886.88,7452698695.2,7333502695.2,8102
2016-06-27,'002597,金禾实业,13.14,13.15,12.61,12.75,12.83,0.31,2.4162,1.8111,10061968,130756755.36,7418822792.04,7300168592.04,6346
2016-06-24,'002597,金禾实业,12.83,13.25,12.26,12.99,13.02,-0.19,-1.4593,2.4068,13371582,172372426.72,7243797292.38,7127942392.38,8737
2016-06-23,'002597,金禾实业,13.02,13.16,12.82,12.82,12.82,0.2,1.5601,2.0712,11507047,150256719.44,7351070985.72,7233500385.72,7378
2016-06-22,'002597,金禾实业,12.82,12.85,12.61,12.7,12.76,0.06,0.4702,1.3285,7381002,93841716.69,7238151308.52,7122386708.52,5817
2016-06-21,'002597,金禾实业,12.76,13.19,12.66,13.1,13.05,-0.29,-2.2222,1.6559,9199831,119180250.65,7204275405.36,7089052605.36,7808
2016-06-20,'002597,金禾实业,13.05,13.26,12.98,13.04,13.03,0.02,0.1535,1.7467,9703948,127223772.94,7368008937.3,7250167437.3,7636
2016-06-17,'002597,金禾实业,13.03,13.16,12.6,12.6,12.56,0.47,3.742,2.8989,16105406,208887581.24,7356716969.58,7239056069.58,10370
2016-06-16,'002597,金禾实业,12.56,12.92,12.48,12.8,12.46,0.1,0.8026,2.3004,12780253,162425424.81,7091355728.16,6977938928.16,8154
2016-06-15,'002597,金禾实业,12.46,12.62,11.93,12.06,12.11,0.35,2.8902,1.8156,10087038,125183492.27,7034895889.56,6922382089.56,7876
2016-06-14,'002597,金禾实业,12.11,12.28,11.88,12.17,12.2,-0.09,-0.7377,1.8937,10521059,126864933.9,6837286454.46,6727933154.46,7466
2016-06-13,'002597,金禾实业,12.2,13.29,12.2,13.29,13.56,-1.36,-10.0295,4.5594,25330731,322399070.02,6888100309.2,6777934309.2,17774
2016-06-08,'002597,金禾实业,13.56,13.68,13.46,13.51,13.51,0.05,0.3701,1.679,9328173,126823458.9,7655954114.16,7533507314.16,6235
2016-06-07,'002597,金禾实业,13.51,13.72,13.42,13.57,13.63,-0.12,-0.8804,1.7231,9573081,129580852.2,7627724194.86,7505728894.86,7161
2016-06-06,'002597,金禾实业,13.63,13.88,13.44,13.44,13.36,0.27,2.021,3.4778,19321480,264371342.31,7695476001.18,7572397101.18,12597
2016-06-03,'002597,金禾实业,13.36,13.42,13.13,13.17,13.26,0.1,0.7541,2.5344,14080592,186856411.65,7543034436.96,7422393636.96,8404
2016-06-02,'002597,金禾实业,13.26,13.37,13.13,13.32,13.32,-0.06,-0.4505,1.9751,10972948,145119415.97,7486574598.36,7366836798.36,7247
2016-06-01,'002597,金禾实业,13.32,13.46,13.1,13.25,13.19,0.13,0.9856,2.7207,15115489,200389512.74,7520450501.52,7400170901.52,9668
2016-05-31,'002597,金禾实业,13.19,13.25,12.73,12.73,12.79,0.4,3.1274,3.1568,17538333,229045186.37,7447052711.34,7327947011.34,10616
2016-05-30,'002597,金禾实业,12.79,13.02,12.7,13.02,13.08,-0.29,-2.2171,1.3084,7268845,93217432.88,7221213356.94,7105719656.94,5322
2016-05-27,'002597,金禾实业,13.08,13.25,13.0,13.15,13.2,-0.12,-0.9091,0.9833,5462933,71562644.56,7384946888.88,7266834488.88,4445
2016-05-26,'002597,金禾实业,13.2,13.25,12.8,13.08,13.01,0.19,1.4604,1.4552,8084796,105581175.99,7452698695.2,7333502695.2,6934
2016-05-25,'002597,金禾实业,13.01,13.32,12.88,13.11,12.92,0.09,0.6966,1.3117,7287454,95631967.88,7345425001.86,7227944701.86,6042
2016-05-24,'002597,金禾实业,12.92,13.33,12.8,13.16,13.14,-0.22,-1.6743,1.5669,8705021,113867363.33,7294611147.12,7177943547.12,6773
2016-05-23,'002597,金禾实业,13.14,13.33,13.02,13.03,13.02,0.12,0.9217,1.6815,9341634,122971174.94,7418822792.04,7300168592.04,6404
2016-05-20,'002597,金禾实业,13.02,13.12,12.42,12.6,12.78,0.24,1.8779,1.7988,9993466,127655503.69,7351070985.72,7233500385.72,8088
2016-05-19,'002597,金禾实业,12.78,13.22,12.72,12.99,12.98,-0.2,-1.5408,1.9167,10648576,138112247.53,7215567373.08,7100163973.08,8309
2016-05-18,'002597,金禾实业,12.98,13.66,12.7,13.66,13.76,-0.78,-5.6686,2.5079,13932841,182940420.94,7328487050.28,7211277650.28,12081
2016-05-17,'002597,金禾实业,13.76,14.21,13.73,14.21,14.2,-0.44,-3.0986,2.1683,12046423,167417587.59,7768873791.36,7644620991.36,10573
2016-05-16,'002597,金禾实业,14.2,14.37,13.95,14.05,14.11,0.09,0.6378,2.3097,12832068,181503603.85,8017297081.2,7889071081.2,10126
2016-05-13,'002597,金禾实业,14.11,14.33,13.71,13.77,13.93,0.18,1.2922,2.5562,14201583,200792129.04,7966483226.46,7839069926.46,11984
2016-05-12,'002597,金禾实业,13.93,13.98,12.92,13.29,13.58,0.35,2.5773,2.1475,11930863,159190952.48,7864855516.98,7739067616.98,9665
2016-05-11,'002597,金禾实业,13.75,14.27,13.65,14.14,14.02,-0.27,-1.9258,2.5649,14249880,198787242.52,7763227807.5,7639065307.5,10943
2016-05-10,'002597,金禾实业,14.02,14.24,13.85,13.92,13.94,0.08,0.5739,1.6076,8931348,125322181.28,7915669371.72,7789068771.72,7685
2016-05-09,'002597,金禾实业,13.94,14.25,13.8,14.11,14.44,-0.5,-3.4626,2.3428,13015996,181776469.41,7870501500.84,7744623300.84,10932
2016-05-06,'002597,金禾实业,14.44,15.35,14.35,15.06,15.07,-0.63,-4.1805,3.6573,20319026,302174303.49,8152800693.84,8022407493.84,16566
2016-05-05,'002597,金禾实业,15.07,15.34,14.7,15.12,15.21,-0.14,-0.9204,2.682,14900292,223103460.88,8508497677.02,8372415577.02,11952
2016-05-04,'002597,金禾实业,15.21,15.39,15.06,15.39,15.5,-0.29,-1.871,2.7758,15421371,234772097.79,8587541451.06,8450195151.06,12326
2016-05-03,'002597,金禾实业,15.5,15.58,14.12,14.12,14.39,1.11,7.7137,4.0502,22501616,338774947.58,8751274983.0,8611309983.0,17765
2016-04-29,'002597,金禾实业,14.39,14.65,14.27,14.6,14.82,-0.43,-2.9015,2.0499,11388557,165004724.51,8124570774.54,7994629074.54,10075
2016-04-28,'002597,金禾实业,14.82,14.83,14.1,14.62,14.62,0.2,1.368,3.0999,17222007,249764919.31,8367348080.52,8233523480.52,14231
2016-04-27,'002597,金禾实业,14.62,14.93,14.23,14.29,14.32,0.3,2.095,3.3375,18541867,272118821.4,8254428403.32,8122409803.32,15178
2016-04-26,'002597,金禾实业,14.32,14.7,14.1,14.13,14.31,0.01,0.0699,1.9596,10886872,155510913.89,8085048887.52,7955739287.52,9704
2016-04-25,'002597,金禾实业,14.31,14.65,13.57,14.0,13.98,0.33,2.3605,3.4763,19313126,273441349.43,8079402903.66,7950183603.66,14797
2016-04-22,'002597,金禾实业,13.98,14.18,13.2,13.28,13.36,0.62,4.6407,3.5442,19690549,269739116.35,7893085436.28,7766846036.28,13012
2016-04-21,'002597,金禾实业,13.36,13.88,13.04,13.33,13.35,0.01,0.0749,3.1566,17536898,234157708.07,7543034436.96,7422393636.96,11283
2016-04-20,'002597,金禾实业,13.35,14.53,13.03,14.5,14.48,-1.13,-7.8039,4.4817,24898995,339934725.06,7537388453.1,7416837953.1,16729
2016-04-19,'002597,金禾实业,14.48,14.72,14.1,14.66,14.51,-0.03,-0.2068,2.4133,13407648,191904078.67,8175384629.28,8044630229.28,10424
2016-04-18,'002597,金禾实业,14.51,14.87,14.3,14.79,14.99,-0.48,-3.2021,2.874,15966944,231610876.47,8192322580.86,8061297280.86,13296
2016-04-15,'002597,金禾实业,14.99,15.43,14.54,14.54,14.4,0.59,4.0972,5.0587,28104738,422323844.97,8463329806.14,8327970106.14,20626
2016-04-14,'002597,金禾实业,14.4,14.48,13.96,14.45,14.23,0.17,1.1947,3.1723,17624329,251284621.94,8130216758.4,8000184758.4,13977
2016-04-13,'002597,金禾实业,14.23,15.15,14.1,14.15,14.28,-0.05,-0.3501,6.3609,35339099,519429820.2,8034235032.78,7905738132.78,22588
2016-04-12,'002597,金禾实业,14.28,14.39,13.81,14.1,13.74,0.54,3.9301,6.3576,35320542,498837125.79,8062464952.08,7933516552.08,23604
2016-04-11,'002597,金禾实业,13.74,13.74,12.66,12.91,12.49,1.25,10.008,5.1498,28610619,384887409.25,7757581823.64,7633509623.64,17647
2016-04-08,'002597,金禾实业,12.49,12.94,12.3,12.94,13.0,-0.51,-3.9231,2.3641,13134086,164705221.3,7051833841.14,6939049141.14,11437
2016-04-07,'002597,金禾实业,13.0,13.73,13.0,13.61,13.6,-0.6,-4.4118,2.4762,13756918,182043424.25,7339779018.0,7222389018.0,11251
2016-04-06,'002597,金禾实业,13.6,13.86,13.31,13.38,13.35,0.25,1.8727,2.6716,14842375,202805029.07,7678538049.6,7555730049.6,11811
2016-04-05,'002597,金禾实业,13.35,13.43,12.81,13.0,13.08,0.27,2.0642,2.5704,14280271,187765519.11,7537388453.1,7416837953.1,10123
2016-04-01,'002597,金禾实业,13.08,13.15,12.87,12.91,13.09,-0.01,-0.0764,1.4111,7839675,102070744.05,7384946888.88,7266834488.88,7088
2016-03-31,'002597,金禾实业,13.09,13.44,13.02,13.41,13.33,-0.24,-1.8005,2.2518,12510491,165353236.01,7390592872.74,7272390172.74,10483
2016-03-30,'002597,金禾实业,13.33,13.5,13.1,13.1,13.05,0.28,2.1456,2.0605,11447495,152071500.68,7526096485.38,7405726585.38,8884
2016-03-29,'002597,金禾实业,13.05,13.77,12.74,13.66,13.57,-0.52,-3.832,2.939,16328016,214448285.76,7368008937.3,7250167437.3,13183
2016-03-28,'002597,金禾实业,13.57,14.09,13.4,13.61,13.48,0.09,0.6677,3.4115,18953029,260495899.77,7661600098.02,7539062998.02,14489
2016-03-25,'002597,金禾实业,13.48,13.56,12.71,12.9,13.02,0.46,3.533,3.1369,17427712,229391299.73,7610786243.28,7489061843.28,15298
2016-03-24,'002597,金禾实业,13.02,13.46,13.02,13.46,13.62,-0.6,-4.4053,2.5895,14386339,190683032.6,7351070985.72,7233500385.72,11607
2016-03-23,'002597,金禾实业,13.62,13.89,13.22,13.7,13.9,-0.28,-2.0144,3.2521,18067551,244150283.79,7689830017.32,7566841417.32,15543
2016-03-22,'002597,金禾实业,13.9,14.17,13.35,13.46,13.69,0.21,1.534,4.0142,22301561,310464016.07,7847917565.4,7722400565.4,17505
2016-03-21,'002597,金禾实业,13.69,13.92,13.3,13.67,13.59,0.1,0.7358,4.2137,23409759,318130090.26,7729351904.34,7605731204.34,18149
2016-03-18,'002597,金禾实业,13.59,13.96,13.21,13.32,13.32,0.27,2.027,4.3696,24275932,329856201.37,7672892065.74,7550174365.74,18484
2016-03-17,'002597,金禾实业,13.32,13.36,12.6,12.61,12.62,0.7,5.5468,3.3371,18539765,241269686.37,7520450501.52,7400170901.52,14995
2016-03-16,'002597,金禾实业,12.62,13.4,12.55,13.21,13.29,-0.67,-5.0414,3.3556,18642857,240852272.52,7125231631.32,7011273031.32,16476
2016-03-15,'002597,金禾实业,13.29,13.62,12.43,12.48,12.71,0.58,4.5633,5.1784,28769738,377195878.56,7503512549.94,7383503849.94,21958
2016-03-14,'002597,金禾实业,12.71,12.72,11.8,11.9,11.79,0.92,7.8032,3.5336,19631293,241340007.41,7176045486.06,7061274186.06,15013
2016-03-11,'002597,金禾实业,11.79,11.86,11.22,11.84,11.89,-0.1,-0.841,2.8152,15640627,180797290.3,6656614970.94,6550151270.94,12618
2016-03-10,'002597,金禾实业,11.89,12.73,11.72,12.51,12.49,-0.6,-4.8038,3.4185,18992382,230618292.44,6713074809.54,6605708109.54,14615
2016-03-09,'002597,金禾实业,12.49,12.96,12.38,12.75,13.3,-0.81,-6.0902,3.2771,18206337,231159855.99,7051833841.14,6939049141.14,14555
2016-03-08,'002597,金禾实业,13.3,13.79,13.0,13.79,13.95,-0.65,-4.6595,4.3253,24029975,318848068.55,7509158533.8,7389059533.8,18559
2016-03-07,'002597,金禾实业,13.95,13.98,12.93,13.2,13.17,0.78,5.9226,4.7676,26487112,355190631.31,7876147484.7,7750178984.7,20558
2016-03-04,'002597,金禾实业,13.17,14.1,13.01,13.51,13.75,-0.58,-4.2182,4.6571,25873649,352398271.13,7435760743.62,7316835643.62,19169
2016-03-03,'002597,金禾实业,13.75,14.16,13.54,13.88,14.18,-0.43,-3.0324,6.6538,36966406,510864803.48,7763227807.5,7639065307.5,26921
2016-03-02,'002597,金禾实业,14.18,14.68,13.1,13.3,13.5,0.68,5.037,7.6571,42540271,588217190.21,8006005113.48,7877959713.48,30391
2016-03-01,'002597,金禾实业,13.5,13.51,12.05,12.2,12.35,1.15,9.3117,6.9835,38797907,502252124.32,7622078211.0,7500173211.0,26556
2016-02-29,'002597,金禾实业,12.35,12.44,10.7,11.7,11.69,0.66,5.6459,6.4297,35721546,428015514.31,6972790067.1,6861269567.1,21879
2016-02-26,'002597,金禾实业,11.69,11.98,11.32,11.57,11.28,0.41,3.6348,3.8781,21545736,251887982.41,6600155132.34,6494594432.34,13387
2016-02-25,'002597,金禾实业,11.28,12.53,11.19,12.3,12.35,-1.07,-8.664,3.2139,17855178,212872941.74,6368669794.08,6266811394.08,12047
2016-02-24,'002597,金禾实业,12.35,12.58,12.01,12.23,12.45,-0.1,-0.8032,2.5662,14256839,175700767.12,6972790067.1,6861269567.1,9118
2016-02-23,'002597,金禾实业,12.45,12.8,12.14,12.43,12.62,-0.17,-1.3471,3.8061,21145252,264226375.08,7029249905.7,6916826405.7,12625
2016-02-22,'002597,金禾实业,12.62,12.67,11.85,12.19,12.03,0.59,4.9044,4.13,22945077,284693285.97,7125231631.32,7011273031.32,15613
2016-02-19,'002597,金禾实业,12.03,12.36,11.57,11.6,11.75,0.28,2.383,3.2585,18103403,218193115.91,6792118583.58,6683487683.58,13123
2016-02-18,'002597,金禾实业,11.75,12.1,11.63,11.76,11.9,-0.15,-1.2605,4.3843,24357687,289854573.36,6634031035.5,6527928535.5,15495
2016-02-17,'002597,金禾实业,11.9,12.1,11.07,11.41,11.33,0.57,5.0309,4.8357,26865863,311243377.81,6718720793.4,6611263793.4,18096
2016-02-16,'002597,金禾实业,11.33,11.57,10.59,10.59,10.56,0.77,7.2917,3.8978,21655172,241797368.24,6396899713.38,6294589813.38,12333
2016-02-15,'002597,金禾实业,10.56,10.7,10.03,10.61,10.84,-0.28,-2.583,3.1479,17488959,181792682.95,5962158956.16,5866802156.16,8250
2016-02-05,'002597,金禾实业,10.84,11.59,10.82,11.46,11.57,-0.73,-6.3094,3.2319,17955147,200405124.4,6120246504.24,6022361304.24,11761
2016-02-04,'002597,金禾实业,11.57,11.76,10.95,11.05,11.11,0.46,4.1404,4.143,23017344,261884259.49,6532403326.02,6427926226.02,14830
2016-02-03,'002597,金禾实业,11.11,11.5,10.64,11.15,11.53,-0.42,-3.6427,4.007,22261786,247427191.45,6272688068.46,6172364768.46,13734
2016-02-02,'002597,金禾实业,11.53,11.69,11.03,11.38,11.3,0.23,2.0354,4.6293,25718862,293643302.69,6509819390.58,6405703490.58,17529
2016-02-01,'002597,金禾实业,11.3,12.05,11.0,11.68,11.11,0.19,1.7102,7.0835,39353755,449959337.45,6379961761.8,6277922761.8,22882
2016-01-29,'002597,金禾实业,11.11,11.11,10.18,10.26,10.1,1.01,10.0,5.1819,28789023,309098110.01,6272688068.46,6172364768.46,14671
2016-01-28,'002597,金禾实业,10.1,10.36,9.19,9.28,9.42,0.68,7.2187,5.8563,32535910,327471016.95,5702443698.6,5611240698.6,17478
2016-01-27,'002597,金禾实业,9.42,9.7,8.71,9.24,9.05,0.37,4.0884,2.1974,12207820,111329824.04,5318516796.12,5233454196.12,7845
2016-01-26,'002597,金禾实业,9.05,10.03,9.02,9.77,9.97,-0.92,-9.2277,2.4492,13606945,130480062.69,5109615393.3,5027893893.3,8873
2016-01-25,'002597,金禾实业,9.97,10.1,9.38,9.45,9.37,0.6,6.4034,2.6819,14899876,146846701.71,5629045908.42,5539016808.42,9650
2016-01-22,'002597,金禾实业,9.37,9.45,9.13,9.45,9.31,0.06,0.6445,1.396,7755963,72262376.58,5290286876.82,5205675776.82,4676
2016-01-21,'002597,金禾实业,9.31,9.63,8.87,8.92,9.06,0.25,2.7594,2.6309,14616465,137164524.92,5256410973.66,5172341673.66,10385
2016-01-20,'002597,金禾实业,9.06,9.22,8.99,9.17,9.18,-0.12,-1.3072,0.9449,5249804,47828176.69,5115261377.16,5033449577.16,3612
2016-01-19,'002597,金禾实业,9.18,9.29,8.83,8.98,8.89,0.29,3.2621,1.39,7722351,70201712.63,5183013183.48,5100117783.48,4601
2016-01-18,'002597,金禾实业,8.89,9.11,8.6,8.69,8.9,-0.01,-0.1124,1.2549,7017718,62566537.9,5051778060.0,4971501360.0,4639
2016-01-15,'002597,金禾实业,8.9,9.2,8.87,9.06,9.06,-0.16,-1.766,1.0209,5709067,51508665.31,5057460600.0,4977093600.0,4377
2016-01-14,'002597,金禾实业,9.06,9.15,8.34,8.61,8.78,0.28,3.1891,0.9966,5573003,49669565.66,5148381240.0,5066569440.0,3668
2016-01-13,'002597,金禾实业,8.78,9.21,8.75,9.0,8.9,-0.12,-1.3483,0.9497,5311034,47709154.5,4989270120.0,4909986720.0,3708
2016-01-12,'002597,金禾实业,8.9,9.07,8.44,8.44,8.68,0.22,2.5346,1.043,5832757,51460979.26,5057460600.0,4977093600.0,3750
2016-01-11,'002597,金禾实业,8.68,9.43,8.68,9.43,9.47,-0.79,-8.3421,1.3488,7542896,68613825.7,4932444720.0,4854064320.0,6127
2016-01-08,'002597,金禾实业,9.47,9.76,9.05,9.7,9.33,0.14,1.5005,1.4282,7987094,75861905.51,5381365380.0,5295851280.0,5903
2016-01-07,'002597,金禾实业,9.33,10.14,9.32,10.14,10.36,-1.03,-9.9421,0.376,2102700,20540834.33,5301809820.0,5217559920.0,1364
2016-01-06,'002597,金禾实业,10.36,10.4,10.08,10.28,10.19,0.17,1.6683,1.2413,6941717,70970255.12,5887111440.0,5793560640.0,4694
2016-01-05,'002597,金禾实业,10.19,10.25,9.5,9.7,10.01,0.18,1.7982,2.0365,11388700,113035499.41,5790508260.0,5698492560.0,8176
2016-01-04,'002597,金禾实业,10.01,11.05,10.0,11.01,11.0,-0.99,-9.0,1.0612,5934353,63067723.48,5688222540.0,5597832240.0,4313
