日期,股票代码,名称,收盘价,最高价,最低价,开盘价,前收盘,涨跌额,涨跌幅,换手率,成交量,成交金额,总市值,流通市值,成交笔数
2016-10-12,'000927,一汽夏利,5.03,5.08,4.97,4.98,5.0,0.03,0.6,0.8716,13903641,70005415.06,8023725320.6,8023725320.6,3943
2016-10-11,'000927,一汽夏利,5.0,5.01,4.97,4.99,4.99,0.01,0.2004,0.6234,9944765,49660795.36,7975870100.0,7975870100.0,2772
2016-10-10,'000927,一汽夏利,4.99,5.01,4.91,4.93,4.92,0.07,1.4228,0.5886,9389485,46629841.06,7959918359.8,7959918359.8,3138
2016-09-30,'000927,一汽夏利,4.92,4.92,4.87,4.88,4.89,0.03,0.6135,0.2491,3973668,19475509.04,7848256178.4,7848256178.4,1427
2016-09-29,'000927,一汽夏利,4.89,4.96,4.87,4.88,4.87,0.02,0.4107,0.4513,7198800,35383954.0,7800400957.8,7800400957.8,1979
2016-09-28,'000927,一汽夏利,4.87,4.9,4.85,4.89,4.89,-0.02,-0.409,0.2594,4137945,20142426.7,7768497477.4,7768497477.4,1387
2016-09-27,'000927,一汽夏利,4.89,4.9,4.84,4.85,4.88,0.01,0.2049,0.439,7003494,34048423.54,7800400957.8,7800400957.8,2501
2016-09-26,'000927,一汽夏利,4.88,5.05,4.88,4.99,4.99,-0.11,-2.2044,0.6386,10186500,50556619.0,7784449217.6,7784449217.6,3555
2016-09-23,'000927,一汽夏利,4.99,5.0,4.95,5.0,4.98,0.01,0.2008,0.34,5423249,26964718.53,7959918359.8,7959918359.8,1807
2016-09-22,'000927,一汽夏利,4.98,5.02,4.96,4.99,4.96,0.02,0.4032,0.4329,6904743,34400396.08,7943966619.6,7943966619.6,2040
2016-09-21,'000927,一汽夏利,4.96,5.01,4.94,4.95,4.96,0.0,0.0,0.4478,7143090,35556705.81,7912063139.2,7912063139.2,2057
2016-09-20,'000927,一汽夏利,4.96,5.0,4.94,5.0,5.01,-0.05,-0.998,0.5071,8089199,40186133.76,7912063139.2,7912063139.2,2824
2016-09-19,'000927,一汽夏利,5.01,5.09,4.9,4.9,4.87,0.14,2.8747,1.2161,19398348,97049557.12,7991821840.2,7991821840.2,6118
2016-09-14,'000927,一汽夏利,4.87,4.93,4.85,4.89,4.93,-0.06,-1.217,0.4045,6451831,31492842.73,7768497477.4,7768497477.4,2373
2016-09-13,'000927,一汽夏利,4.93,4.93,4.81,4.83,4.82,0.11,2.2822,0.651,10384974,50626283.74,7864207918.6,7864207918.6,3670
2016-09-12,'000927,一汽夏利,4.82,4.9,4.8,4.9,4.96,-0.14,-2.8226,0.7143,11394000,55094396.28,7688738776.4,7688738776.4,4369
2016-09-09,'000927,一汽夏利,4.96,5.06,4.93,4.95,4.95,0.01,0.202,0.9549,15232748,75895685.6,7912063139.2,7912063139.2,4292
2016-09-08,'000927,一汽夏利,4.95,4.97,4.93,4.94,4.95,0.0,0.0,0.4769,7607239,37654522.69,7896111399.0,7896111399.0,2186
2016-09-07,'000927,一汽夏利,4.95,4.98,4.9,4.92,4.91,0.04,0.8147,0.7541,12028737,59381018.33,7896111399.0,7896111399.0,3913
2016-09-06,'000927,一汽夏利,4.91,4.91,4.8,4.86,4.86,0.05,1.0288,0.5685,9068042,44088693.16,7832304438.2,7832304438.2,3216
2016-09-05,'000927,一汽夏利,4.86,4.9,4.85,4.87,4.86,0.0,0.0,0.4233,6752900,32917668.7,7752545737.2,7752545737.2,2540
2016-09-02,'000927,一汽夏利,4.86,4.92,4.82,4.9,4.9,-0.04,-0.8163,0.5524,8812463,42874932.18,7752545737.2,7752545737.2,3594
2016-09-01,'000927,一汽夏利,4.9,4.96,4.9,4.93,4.93,-0.03,-0.6085,0.4346,6932916,34119938.84,7816352698.0,7816352698.0,2833
2016-08-31,'000927,一汽夏利,4.93,4.99,4.89,4.96,4.98,-0.05,-1.004,0.6486,10347043,50912475.95,7864207918.6,7864207918.6,3948
2016-08-30,'000927,一汽夏利,4.98,5.13,4.92,5.01,5.08,-0.1,-1.9685,1.3227,21099596,105430162.39,7943966619.6,7943966619.6,7242
2016-08-29,'000927,一汽夏利,0.0,0.0,0.0,0.0,5.08,None,None,0.0,0,0.0,8103484021.6,8103484021.6,0
2016-08-26,'000927,一汽夏利,0.0,0.0,0.0,0.0,5.08,None,None,0.0,0,0.0,8103484021.6,8103484021.6,0
2016-08-25,'000927,一汽夏利,0.0,0.0,0.0,0.0,5.08,None,None,0.0,0,0.0,8103484021.6,8103484021.6,0
2016-08-24,'000927,一汽夏利,0.0,0.0,0.0,0.0,5.08,None,None,0.0,0,0.0,8103484021.6,8103484021.6,0
2016-08-23,'000927,一汽夏利,0.0,0.0,0.0,0.0,5.08,None,None,0.0,0,0.0,8103484021.6,8103484021.6,0
2016-08-22,'000927,一汽夏利,0.0,0.0,0.0,0.0,5.08,None,None,0.0,0,0.0,8103484021.6,8103484021.6,0
2016-08-19,'000927,一汽夏利,5.08,5.13,5.06,5.11,5.11,-0.03,-0.5871,0.6474,10326721,52546460.57,8103484021.6,8103484021.6,3492
2016-08-18,'000927,一汽夏利,5.11,5.13,5.05,5.12,5.1,0.01,0.1961,0.8322,13275063,67551513.03,8151339242.2,8151339242.2,4560
2016-08-17,'000927,一汽夏利,5.1,5.17,5.07,5.09,5.09,0.01,0.1965,0.6708,10700711,54670377.04,8135387502.0,8135387502.0,4464
2016-08-16,'000927,一汽夏利,5.09,5.14,5.07,5.13,5.15,-0.06,-1.165,1.1475,18305385,93321916.89,8119435761.8,8119435761.8,6703
2016-08-15,'000927,一汽夏利,5.15,5.15,5.02,5.07,5.1,0.05,0.9804,1.9072,30423472,154626230.41,8215146203.0,8215146203.0,10813
2016-08-12,'000927,一汽夏利,5.1,5.32,4.94,4.95,4.84,0.26,5.3719,2.4111,38461732,197520304.99,8135387502.0,8135387502.0,15068
2016-08-11,'000927,一汽夏利,4.84,4.94,4.84,4.92,4.93,-0.09,-1.8256,0.4457,7109530,34822701.08,7720642256.8,7720642256.8,2908
2016-08-10,'000927,一汽夏利,4.93,4.96,4.91,4.93,4.94,-0.01,-0.2024,0.4361,6956201,34324509.17,7864207918.6,7864207918.6,2709
2016-08-09,'000927,一汽夏利,4.94,4.98,4.92,4.95,4.93,0.01,0.2028,0.5084,8109925,40078502.15,7880159658.8,7880159658.8,3246
2016-08-08,'000927,一汽夏利,4.93,4.94,4.81,4.84,4.85,0.08,1.6495,0.5751,9173705,44847420.58,7864207918.6,7864207918.6,3396
2016-08-05,'000927,一汽夏利,4.85,4.92,4.82,4.86,4.88,-0.03,-0.6148,0.5347,8529154,41497394.72,7736593997.0,7736593997.0,3440
2016-08-04,'000927,一汽夏利,4.88,4.96,4.77,4.78,4.77,0.11,2.3061,0.8797,14033424,68245022.85,7784449217.6,7784449217.6,5911
2016-08-03,'000927,一汽夏利,4.77,4.79,4.74,4.75,4.78,-0.01,-0.2092,0.5396,8606762,41010502.19,7608980075.4,7608980075.4,2766
2016-08-02,'000927,一汽夏利,4.78,4.79,4.73,4.79,4.76,0.02,0.4202,0.4752,7580162,36109624.2,7624931815.6,7624931815.6,2837
2016-08-01,'000927,一汽夏利,4.76,4.94,4.72,4.94,4.95,-0.19,-3.8384,0.8035,12816493,61158951.6,7593028335.2,7593028335.2,5679
2016-07-29,'000927,一汽夏利,4.95,5.0,4.94,4.99,5.0,-0.05,-1.0,0.608,9698011,48161249.94,7896111399.0,7896111399.0,3622
2016-07-28,'000927,一汽夏利,5.0,5.07,4.95,4.96,4.97,0.03,0.6036,0.7375,11764233,58829620.51,7975870100.0,7975870100.0,4862
2016-07-27,'000927,一汽夏利,4.97,5.24,4.92,5.23,5.25,-0.28,-5.3333,1.468,23416561,118854101.58,7928014879.4,7928014879.4,9679
2016-07-26,'000927,一汽夏利,5.25,5.26,5.15,5.16,5.17,0.08,1.5474,0.8439,13461602,70197749.89,8374663605.0,8374663605.0,4546
2016-07-25,'000927,一汽夏利,5.17,5.22,5.15,5.21,5.23,-0.06,-1.1472,0.716,11422216,59202125.88,8247049683.4,8247049683.4,4896
2016-07-22,'000927,一汽夏利,5.23,5.27,5.22,5.26,5.24,-0.01,-0.1908,0.5502,8776348,46008161.12,8342760124.6,8342760124.6,3581
2016-07-21,'000927,一汽夏利,5.24,5.28,5.23,5.24,5.26,-0.02,-0.3802,0.6111,9748800,51217007.0,8358711864.8,8358711864.8,3848
2016-07-20,'000927,一汽夏利,5.26,5.32,5.21,5.24,5.24,0.02,0.3817,0.9152,14599131,76905811.97,8390615345.2,8390615345.2,4886
2016-07-19,'000927,一汽夏利,5.24,5.24,5.19,5.22,5.22,0.02,0.3831,0.5858,9344536,48802436.11,8358711864.8,8358711864.8,3302
2016-07-18,'000927,一汽夏利,5.22,5.31,5.19,5.29,5.31,-0.09,-1.6949,1.0975,17507020,91610071.4,8326808384.4,8326808384.4,6470
2016-07-15,'000927,一汽夏利,5.31,5.34,5.28,5.28,5.34,-0.03,-0.5618,0.7484,11939012,63330207.31,8470374046.2,8470374046.2,4196
2016-07-14,'000927,一汽夏利,5.34,5.35,5.32,5.34,5.35,-0.01,-0.1869,1.0245,16343113,87136712.44,8518229266.8,8518229266.8,4669
2016-07-13,'000927,一汽夏利,5.35,5.39,5.32,5.37,5.39,-0.04,-0.7421,2.1088,33638721,179878949.04,8534181007.0,8534181007.0,7399
2016-07-12,'000927,一汽夏利,5.39,5.44,5.22,5.29,5.31,0.08,1.5066,1.9158,30560672,162997442.84,8597987967.8,8597987967.8,9138
2016-07-11,'000927,一汽夏利,5.31,5.37,5.29,5.33,5.32,-0.01,-0.188,1.1919,19012579,101286137.25,8470374046.2,8470374046.2,6417
2016-07-08,'000927,一汽夏利,5.32,5.34,5.26,5.3,5.31,0.01,0.1883,0.886,14132757,74874735.09,8486325786.4,8486325786.4,4749
2016-07-07,'000927,一汽夏利,5.31,5.37,5.26,5.3,5.3,0.01,0.1887,1.2415,19804365,105197845.42,8470374046.2,8470374046.2,6307
2016-07-06,'000927,一汽夏利,5.3,5.32,5.26,5.29,5.34,-0.04,-0.7491,0.9877,15755051,83196888.31,8454422306.0,8454422306.0,5768
2016-07-05,'000927,一汽夏利,5.34,5.42,5.28,5.3,5.3,0.04,0.7547,1.7462,27854527,148984437.27,8518229266.8,8518229266.8,7988
2016-07-04,'000927,一汽夏利,5.3,5.32,5.19,5.21,5.26,0.04,0.7605,1.1615,18528152,97846213.11,8454422306.0,8454422306.0,6543
2016-07-01,'000927,一汽夏利,5.26,5.34,5.25,5.32,5.29,-0.03,-0.5671,0.8374,13357651,70580624.77,8390615345.2,8390615345.2,5142
2016-06-30,'000927,一汽夏利,5.29,5.37,5.28,5.35,5.37,-0.08,-1.4898,1.0586,16887129,89687061.11,8438470565.8,8438470565.8,6252
2016-06-29,'000927,一汽夏利,5.37,5.39,5.28,5.36,5.39,-0.02,-0.3711,1.5298,24403476,130197075.0,8566084487.4,8566084487.4,9849
2016-06-28,'000927,一汽夏利,5.39,5.58,5.34,5.43,5.3,0.09,1.6981,2.2672,36166459,196128550.33,8597987967.8,8597987967.8,15043
2016-06-27,'000927,一汽夏利,5.3,5.32,5.19,5.19,5.17,0.13,2.5145,1.4103,22496034,118103286.8,8454422306.0,8454422306.0,8469
2016-06-24,'000927,一汽夏利,5.17,5.29,5.01,5.19,5.22,-0.05,-0.9579,1.5045,23999627,124146054.9,8247049683.4,8247049683.4,9065
2016-06-23,'000927,一汽夏利,5.22,5.28,5.2,5.27,5.29,-0.07,-1.3233,0.93,14835596,77628536.38,8326808384.4,8326808384.4,6258
2016-06-22,'000927,一汽夏利,5.29,5.32,5.22,5.25,5.29,0.0,0.0,1.3025,20777382,109530244.76,8438470565.8,8438470565.8,6429
2016-06-21,'000927,一汽夏利,5.29,5.43,5.26,5.42,5.39,-0.1,-1.8553,1.148,18313050,98073880.71,8438470565.8,8438470565.8,8531
2016-06-20,'000927,一汽夏利,5.39,5.48,5.35,5.46,5.55,-0.16,-2.8829,1.3614,21716828,117411797.05,8597987967.8,8597987967.8,8906
2016-06-17,'000927,一汽夏利,5.55,5.65,5.4,5.42,5.41,0.14,2.5878,2.0577,32823749,181201525.27,8853215811.0,8853215811.0,11822
2016-06-16,'000927,一汽夏利,5.41,5.51,5.37,5.5,5.51,-0.1,-1.8149,1.3637,21753267,118333341.14,8629891448.2,8629891448.2,9035
2016-06-15,'000927,一汽夏利,5.51,5.58,5.29,5.31,5.4,0.11,2.037,2.0551,32782492,180096629.66,8789408850.2,8789408850.2,11657
2016-06-14,'000927,一汽夏利,5.4,5.63,5.32,5.55,5.58,-0.18,-3.2258,1.8225,29072573,158510582.09,8613939708.0,8613939708.0,12577
2016-06-13,'000927,一汽夏利,5.58,5.88,5.58,5.86,6.0,-0.42,-7.0,2.5051,39960926,229993748.77,8901071031.6,8901071031.6,17417
2016-06-08,'000927,一汽夏利,6.0,6.09,5.87,6.06,6.1,-0.1,-1.6393,3.0075,47975349,286749812.19,9571044120.0,9571044120.0,17922
2016-06-07,'000927,一汽夏利,6.1,6.2,5.9,6.03,6.41,-0.31,-4.8362,4.1213,65741956,396860899.88,9730561522.0,9730561522.0,24238
2016-06-06,'000927,一汽夏利,6.41,6.41,6.41,6.41,7.12,-0.71,-9.9719,0.3139,5008000,32101280.0,10225065468.2,10225065468.2,2920
2016-06-03,'000927,一汽夏利,7.12,7.22,7.05,7.12,7.14,-0.02,-0.2801,0.693,11054695,78853156.43,11357639022.4,11357639022.4,4820
2016-06-02,'000927,一汽夏利,7.14,7.15,7.0,7.06,7.12,0.02,0.2809,0.9146,14589074,103133012.46,11389542502.8,11389542502.8,7118
2016-06-01,'000927,一汽夏利,7.12,7.47,7.12,7.19,7.17,-0.05,-0.6974,1.2137,19360680,140821719.67,11357639022.4,11357639022.4,10507
2016-05-31,'000927,一汽夏利,7.17,7.3,7.02,7.1,7.16,0.01,0.1397,1.2639,20161273,144626572.56,11437397723.4,11437397723.4,10237
2016-05-30,'000927,一汽夏利,7.16,7.34,6.88,7.09,7.07,0.09,1.273,1.2296,19613555,139242078.8,11421445983.2,11421445983.2,10152
2016-05-27,'000927,一汽夏利,7.07,7.38,6.69,6.76,6.79,0.28,4.1237,1.894,30212486,212847638.83,11277880321.4,11277880321.4,14278
2016-05-26,'000927,一汽夏利,6.79,6.84,6.39,6.47,6.5,0.29,4.4615,1.6029,25568394,170608416.71,10831231595.8,10831231595.8,12261
2016-05-25,'000927,一汽夏利,6.5,6.58,6.38,6.5,6.67,-0.17,-2.5487,1.2589,20082280,129895545.35,10368631130.0,10368631130.0,8451
2016-05-24,'000927,一汽夏利,6.67,6.78,6.13,6.16,6.16,0.51,8.2792,2.029,32365334,213778069.3,10639810713.4,10639810713.4,12156
2016-05-23,'000927,一汽夏利,6.16,6.21,6.12,6.13,6.17,-0.01,-0.1621,0.2778,4430900,27297859.5,9826271963.2,9826271963.2,2223
2016-05-20,'000927,一汽夏利,6.17,6.18,5.97,6.07,6.11,0.06,0.982,0.2813,4487313,27401540.07,9842223703.4,9842223703.4,1722
2016-05-19,'000927,一汽夏利,6.11,6.23,6.11,6.17,6.17,-0.06,-0.9724,0.2435,3884566,23966848.19,9746513262.2,9746513262.2,1827
2016-05-18,'000927,一汽夏利,6.17,6.25,6.07,6.25,6.28,-0.11,-1.7516,0.511,8151590,50041830.14,9842223703.4,9842223703.4,2835
2016-05-17,'000927,一汽夏利,6.28,6.36,6.23,6.26,6.26,0.02,0.3195,0.4745,7569361,47630472.91,10017692845.6,10017692845.6,3438
2016-05-16,'000927,一汽夏利,6.26,6.27,6.15,6.21,6.27,-0.01,-0.1595,0.4819,7687452,47805703.68,9985789365.2,9985789365.2,2801
2016-05-13,'000927,一汽夏利,6.27,6.3,6.12,6.23,6.25,0.02,0.32,0.521,8311472,51770958.74,10001741105.4,10001741105.4,3137
2016-05-12,'000927,一汽夏利,6.25,6.26,5.94,6.12,6.18,0.07,1.1327,0.4858,7748945,47567896.1,9969837625.0,9969837625.0,3294
2016-05-11,'000927,一汽夏利,6.18,6.32,6.09,6.26,6.24,-0.06,-0.9615,0.51,8134995,50265417.25,9858175443.6,9858175443.6,3556
2016-05-10,'000927,一汽夏利,6.24,6.29,5.9,6.03,6.09,0.15,2.4631,0.939,14978374,91976954.46,9953885884.8,9953885884.8,5252
2016-05-09,'000927,一汽夏利,6.09,6.18,5.73,5.99,6.03,0.06,0.995,0.8629,13764212,82257032.13,9714609781.8,9714609781.8,5289
2016-05-06,'000927,一汽夏利,6.03,6.25,6.02,6.13,6.11,-0.08,-1.3093,0.871,13893750,85280440.96,9618899340.6,9618899340.6,5818
2016-05-05,'000927,一汽夏利,6.11,6.2,6.06,6.17,6.22,-0.11,-1.7685,0.5763,9192242,56139046.71,9746513262.2,9746513262.2,3681
2016-05-04,'000927,一汽夏利,6.22,6.3,6.1,6.25,6.32,-0.1,-1.5823,0.7541,12029926,74619906.76,9921982404.4,9921982404.4,3958
2016-05-03,'000927,一汽夏利,6.32,6.47,6.17,6.2,6.24,0.08,1.2821,0.8801,14038728,88322680.57,10081499806.4,10081499806.4,4474
2016-04-29,'000927,一汽夏利,6.24,6.33,6.18,6.22,6.28,-0.04,-0.6369,0.3883,6194275,38630029.71,9953885884.8,9953885884.8,2300
2016-04-28,'000927,一汽夏利,6.28,6.33,6.1,6.29,6.24,0.04,0.641,0.4544,7248435,45106456.6,10017692845.6,10017692845.6,3204
2016-04-27,'000927,一汽夏利,6.24,6.24,6.15,6.2,6.16,0.08,1.2987,0.3637,5801684,35967267.77,9953885884.8,9953885884.8,2854
2016-04-26,'000927,一汽夏利,6.16,6.19,6.05,6.19,6.17,-0.01,-0.1621,0.356,5678410,34696471.83,9826271963.2,9826271963.2,2703
2016-04-25,'000927,一汽夏利,6.17,6.25,5.9,5.95,5.94,0.23,3.8721,0.6664,10630334,64960316.88,9842223703.4,9842223703.4,5129
2016-04-22,'000927,一汽夏利,5.94,6.03,5.8,5.91,5.9,0.04,0.678,0.477,7609235,45101851.31,9475333678.8,9475333678.8,2816
2016-04-21,'000927,一汽夏利,5.9,6.06,5.87,5.92,5.98,-0.08,-1.3378,0.5527,8816430,52621834.83,9411526718.0,9411526718.0,3738
2016-04-20,'000927,一汽夏利,5.98,6.46,5.81,6.43,6.43,-0.45,-6.9984,1.2501,19941764,121596996.77,9539140639.6,9539140639.6,9024
2016-04-19,'000927,一汽夏利,6.43,6.66,6.41,6.41,6.42,0.01,0.1558,0.7571,12076454,78707859.02,10256968948.6,10256968948.6,5028
2016-04-18,'000927,一汽夏利,6.42,6.8,6.35,6.8,6.84,-0.42,-6.1404,1.0207,16282303,105165305.58,10241017208.4,10241017208.4,7672
2016-04-15,'000927,*ST夏利,0.0,0.0,0.0,0.0,6.84,None,None,0.0,0,0.0,10910990296.8,10910990296.8,0
2016-04-14,'000927,*ST夏利,6.84,6.96,6.78,6.96,6.87,-0.03,-0.4367,0.3347,5339121,36614180.57,10910990296.8,10910990296.8,2193
2016-04-13,'000927,*ST夏利,6.87,6.95,6.82,6.87,6.88,-0.01,-0.1453,0.72,11484743,78974161.76,10958845517.4,10958845517.4,3816
2016-04-12,'000927,*ST夏利,6.88,6.88,6.67,6.7,6.79,0.09,1.3255,0.4585,7314374,49622160.48,10974797257.6,10974797257.6,3247
2016-04-11,'000927,*ST夏利,6.79,6.96,6.65,6.67,6.66,0.13,1.952,0.4876,7777791,52883533.58,10831231595.8,10831231595.8,3193
2016-04-08,'000927,*ST夏利,6.66,6.76,6.46,6.71,6.77,-0.11,-1.6248,0.531,8469580,56279810.01,10623858973.2,10623858973.2,4140
2016-04-07,'000927,*ST夏利,6.77,6.91,6.66,6.74,6.86,-0.09,-1.312,0.7372,11759046,79877491.56,10799328115.4,10799328115.4,4795
2016-04-06,'000927,*ST夏利,6.86,6.93,6.51,6.59,6.6,0.26,3.9394,0.7298,11642219,78915369.51,10942893777.2,10942893777.2,4996
2016-04-05,'000927,*ST夏利,6.6,6.69,6.47,6.53,6.56,0.04,0.6098,0.673,10735372,70743669.29,10528148532.0,10528148532.0,3983
2016-04-01,'000927,*ST夏利,6.56,6.68,6.33,6.6,6.55,0.01,0.1527,0.8141,12985862,84712065.35,10464341571.2,10464341571.2,5329
2016-03-31,'000927,*ST夏利,6.55,6.64,6.41,6.46,6.47,0.08,1.2365,0.6454,10295853,67374368.82,10448389831.0,10448389831.0,5191
2016-03-30,'000927,*ST夏利,6.47,6.52,6.2,6.35,6.35,0.12,1.8898,0.759,12107186,77184245.59,10320775909.4,10320775909.4,5344
2016-03-29,'000927,*ST夏利,6.35,6.35,6.05,6.05,6.05,0.3,4.9587,1.0382,16560966,103816787.92,10129355027.0,10129355027.0,7089
2016-03-28,'000927,*ST夏利,6.05,6.39,6.04,6.23,6.09,-0.04,-0.6568,0.8916,14222340,88364277.77,9650802821.0,9650802821.0,5555
2016-03-25,'000927,*ST夏利,6.09,6.09,5.8,5.8,5.8,0.29,5.0,0.4432,7070478,42602575.26,9714609781.8,9714609781.8,2338
2016-03-24,'000927,*ST夏利,5.8,5.9,5.77,5.83,5.87,-0.07,-1.1925,0.3832,6113042,35725334.73,9252009316.0,9252009316.0,2282
2016-03-23,'000927,*ST夏利,5.87,5.88,5.74,5.78,5.78,0.09,1.5571,0.3289,5246885,30574272.6,9363671497.4,9363671497.4,2179
2016-03-22,'000927,*ST夏利,5.78,5.85,5.76,5.85,5.88,-0.1,-1.7007,0.4465,7122606,41304717.02,9220105835.6,9220105835.6,2281
2016-03-21,'000927,*ST夏利,5.88,5.98,5.84,5.88,5.83,0.05,0.8576,0.5011,7993493,47053840.95,9379623237.6,9379623237.6,2732
2016-03-18,'000927,*ST夏利,5.83,5.87,5.7,5.7,5.7,0.13,2.2807,0.4168,6649268,38558654.42,9299864536.6,9299864536.6,2791
2016-03-17,'000927,*ST夏利,5.7,5.73,5.57,5.58,5.6,0.1,1.7857,0.277,4418000,24990995.98,9092491914.0,9092491914.0,1816
2016-03-16,'000927,*ST夏利,5.6,5.79,5.54,5.76,5.66,-0.06,-1.0601,0.2917,4653476,26311890.3,8932974512.0,8932974512.0,1975
2016-03-15,'000927,*ST夏利,5.66,5.76,5.64,5.67,5.66,0.0,0.0,0.2187,3489047,19816826.99,9028684953.2,9028684953.2,1414
2016-03-14,'000927,*ST夏利,5.66,5.73,5.54,5.54,5.5,0.16,2.9091,0.2291,3653941,20652176.92,9028684953.2,9028684953.2,1753
2016-03-11,'000927,*ST夏利,5.5,5.56,5.44,5.45,5.55,-0.05,-0.9009,0.1619,2583287,14215271.79,8773457110.0,8773457110.0,1117
2016-03-10,'000927,*ST夏利,5.55,5.66,5.51,5.59,5.61,-0.06,-1.0695,0.1807,2881848,16066319.25,8853215811.0,8853215811.0,1183
2016-03-09,'000927,*ST夏利,5.61,5.72,5.58,5.68,5.78,-0.17,-2.9412,0.1961,3128382,17650174.49,8948926252.2,8948926252.2,1543
2016-03-08,'000927,*ST夏利,5.78,5.86,5.52,5.8,5.8,-0.02,-0.3448,0.4917,7843443,44366386.64,9220105835.6,9220105835.6,2640
2016-03-07,'000927,*ST夏利,5.8,5.88,5.64,5.65,5.7,0.1,1.7544,0.3935,6277583,36268334.47,9252009316.0,9252009316.0,2360
2016-03-04,'000927,*ST夏利,5.7,5.84,5.41,5.56,5.58,0.12,2.1505,0.6105,9738056,54942129.86,9092491914.0,9092491914.0,3606
2016-03-03,'000927,*ST夏利,5.58,5.69,5.55,5.58,5.62,-0.04,-0.7117,0.4041,6445362,36282311.65,8901071031.6,8901071031.6,2491
2016-03-02,'000927,*ST夏利,5.62,5.64,5.31,5.38,5.39,0.23,4.2672,0.3891,6207295,34062537.64,8964877992.4,8964877992.4,2776
2016-03-01,'000927,*ST夏利,5.39,5.42,5.16,5.36,5.38,0.01,0.1859,0.2802,4469365,23776113.08,8597987967.8,8597987967.8,2113
2016-02-29,'000927,*ST夏利,5.38,5.72,5.38,5.59,5.66,-0.28,-4.947,0.3905,6229500,33760206.0,8582036227.6,8582036227.6,2598
2016-02-26,'000927,*ST夏利,5.66,5.77,5.48,5.68,5.73,-0.07,-1.2216,0.4111,6557409,36977847.07,9028684953.2,9028684953.2,3095
2016-02-25,'000927,*ST夏利,5.73,6.23,5.73,6.04,6.03,-0.3,-4.9751,0.7211,11502651,67772700.98,9140347134.6,9140347134.6,5235
2016-02-24,'000927,*ST夏利,6.03,6.1,5.86,5.93,5.89,0.14,2.3769,0.4836,7713897,46223204.79,9618899340.6,9618899340.6,3682
2016-02-23,'000927,*ST夏利,5.89,5.95,5.82,5.9,5.89,0.0,0.0,0.2894,4616974,27158404.51,9395574977.8,9395574977.8,2326
2016-02-22,'000927,*ST夏利,5.89,5.96,5.82,5.89,5.82,0.07,1.2027,0.3608,5755028,33903772.74,9395574977.8,9395574977.8,2647
2016-02-19,'000927,*ST夏利,5.82,5.87,5.73,5.76,5.81,0.01,0.1721,0.282,4499025,26050894.92,9283912796.4,9283912796.4,2184
2016-02-18,'000927,*ST夏利,5.81,5.91,5.75,5.86,5.88,-0.07,-1.1905,0.3959,6315633,36839246.69,9267961056.2,9267961056.2,3047
2016-02-17,'000927,*ST夏利,5.88,5.9,5.58,5.59,5.62,0.26,4.6263,0.6901,11008114,64061629.56,9379623237.6,9379623237.6,4479
2016-02-16,'000927,*ST夏利,5.62,5.65,5.42,5.42,5.43,0.19,3.4991,0.3137,5003760,27891935.48,8964877992.4,8964877992.4,2615
2016-02-15,'000927,*ST夏利,5.43,5.51,5.25,5.28,5.53,-0.1,-1.8083,0.2745,4378996,23462303.82,8661794928.6,8661794928.6,1947
2016-02-05,'000927,*ST夏利,5.53,5.69,5.46,5.53,5.48,0.05,0.9124,0.2623,4183774,23356066.86,8821312330.6,8821312330.6,2179
2016-02-04,'000927,*ST夏利,5.48,5.5,5.4,5.4,5.39,0.09,1.6698,0.2355,3757336,20512706.83,8741553629.6,8741553629.6,1810
2016-02-03,'000927,*ST夏利,5.39,5.43,5.3,5.35,5.42,-0.03,-0.5535,0.2202,3513255,18815431.51,8597987967.8,8597987967.8,1506
2016-02-02,'000927,*ST夏利,5.42,5.42,5.25,5.25,5.27,0.15,2.8463,0.2448,3905472,20958119.2,8645843188.4,8645843188.4,2426
2016-02-01,'000927,*ST夏利,5.27,5.33,5.19,5.3,5.3,-0.03,-0.566,0.2284,3643428,19210665.32,8406567085.4,8406567085.4,1718
2016-01-29,'000927,*ST夏利,5.3,5.34,5.08,5.1,5.18,0.12,2.3166,0.2501,3990113,20859726.26,8454422306.0,8454422306.0,2174
2016-01-28,'000927,*ST夏利,5.18,5.39,5.14,5.3,5.3,-0.12,-2.2642,0.2703,4311599,22782747.6,8263001423.6,8263001423.6,2492
2016-01-27,'000927,*ST夏利,5.3,5.35,5.03,5.11,5.2,0.1,1.9231,0.4588,7318419,38046325.38,8454422306.0,8454422306.0,3503
2016-01-26,'000927,*ST夏利,5.2,5.71,5.17,5.39,5.44,-0.24,-4.4118,0.6436,10265976,55830486.36,8294904904.0,8294904904.0,4540
2016-01-25,'000927,*ST夏利,5.44,5.5,5.38,5.48,5.41,0.03,0.5545,0.2573,4104840,22330994.2,8677746668.8,8677746668.8,1488
2016-01-22,'000927,*ST夏利,5.41,5.45,5.22,5.34,5.28,0.13,2.4621,0.2804,4473501,23815570.25,8629891448.2,8629891448.2,2076
2016-01-21,'000927,*ST夏利,5.28,5.59,5.28,5.42,5.56,-0.28,-5.036,0.3846,6135126,33164518.59,8422518825.6,8422518825.6,3007
2016-01-20,'000927,*ST夏利,5.56,5.76,5.43,5.66,5.72,-0.16,-2.7972,0.4678,7462046,41792236.9,8869167551.2,8869167551.2,3337
2016-01-19,'000927,*ST夏利,5.72,5.74,5.45,5.46,5.47,0.25,4.5704,0.5183,8267176,46751413.74,9124395394.4,9124395394.4,2920
2016-01-18,'000927,*ST夏利,5.47,5.58,5.19,5.3,5.43,0.04,0.7366,0.3121,4978945,27056643.45,8725601889.4,8725601889.4,2439
2016-01-15,'000927,*ST夏利,5.43,5.8,5.36,5.56,5.64,-0.21,-3.7234,0.4022,6415604,35757706.94,8661794928.6,8661794928.6,3226
2016-01-14,'000927,*ST夏利,5.64,5.66,5.22,5.25,5.48,0.16,2.9197,0.3694,5892160,32323068.5,8996781472.8,8996781472.8,2837
2016-01-13,'000927,*ST夏利,5.48,5.72,5.4,5.69,5.63,-0.15,-2.6643,0.3278,5228918,29401397.38,8741553629.6,8741553629.6,2648
2016-01-12,'000927,*ST夏利,5.63,5.72,5.63,5.7,5.93,-0.3,-5.059,0.4918,7845263,44325557.29,8980829732.6,8980829732.6,4038
2016-01-11,'000927,*ST夏利,5.93,6.1,5.93,6.0,6.24,-0.31,-4.9679,0.2914,4647800,27890267.0,9459381938.6,9459381938.6,2354
2016-01-08,'000927,*ST夏利,6.24,6.49,6.16,6.37,6.48,-0.24,-3.7037,0.6108,9743016,60943533.2,9953885884.8,9953885884.8,5252
2016-01-07,'000927,*ST夏利,6.48,6.78,6.48,6.78,6.82,-0.34,-4.9853,0.0995,1586900,10425604.0,10336727649.6,10336727649.6,796
2016-01-06,'000927,*ST夏利,6.82,6.82,6.65,6.69,6.7,0.12,1.791,0.4703,7501781,50564006.15,10879086816.4,10879086816.4,3877
2016-01-05,'000927,*ST夏利,6.7,6.82,6.7,6.7,7.05,-0.35,-4.9645,0.5935,9466990,63651944.95,10687665934.0,10687665934.0,4993
2016-01-04,'000927,*ST夏利,7.05,7.4,7.05,7.38,7.42,-0.37,-4.9865,0.4418,7047300,50235633.99,11245976841.0,11245976841.0,3852
