日期,股票代码,名称,收盘价,最高价,最低价,开盘价,前收盘,涨跌额,涨跌幅,换手率,成交量,成交金额,总市值,流通市值,成交笔数
2016-10-12,'001696,宗申动力,10.66,10.75,10.24,10.29,10.28,0.38,3.6965,4.2069,37556646,394717039.98,12205986967.2,9516553031.96,22968
2016-10-11,'001696,宗申动力,10.28,10.44,10.22,10.4,10.38,-0.1,-0.9634,2.0625,18412981,189684539.4,11770876737.6,9177313805.68,9501
2016-10-10,'001696,宗申动力,10.38,10.38,10.16,10.17,10.16,0.22,2.1654,2.0715,18493353,190342536.44,11885379429.6,9266587286.28,9185
2016-09-30,'001696,宗申动力,10.16,10.27,10.14,10.2,10.24,-0.08,-0.7813,1.0616,9476977,96651438.65,11633473507.2,9070185628.96,5982
2016-09-29,'001696,宗申动力,10.24,10.39,10.13,10.16,10.16,0.08,0.7874,2.0134,17974064,184220131.76,11725075660.8,9141604413.44,9541
2016-09-28,'001696,宗申动力,10.16,10.38,10.13,10.38,10.34,-0.18,-1.7408,1.374,12266503,125060441.41,11633473507.2,9070185628.96,8458
2016-09-27,'001696,宗申动力,10.34,10.44,10.11,10.35,10.14,0.2,1.9724,2.5157,22458632,230466570.4,11839578352.8,9230877894.04,16133
2016-09-26,'001696,宗申动力,10.14,10.43,10.11,10.33,10.36,-0.22,-2.1236,2.4034,21456168,220332521.13,11610572968.8,9052330932.84,13571
2016-09-23,'001696,宗申动力,10.36,10.42,10.02,10.02,10.01,0.35,3.4965,5.3988,48196605,494712134.24,11862478891.2,9248732590.16,28175
2016-09-22,'001696,宗申动力,10.01,10.08,9.98,10.03,10.02,-0.01,-0.0998,1.5163,13536587,135776505.12,11461719469.2,8936275408.06,7132
2016-09-21,'001696,宗申动力,10.02,10.02,9.85,9.96,9.97,0.05,0.5015,1.9921,17784277,177025655.22,11473169738.4,8945202756.12,8509
2016-09-20,'001696,宗申动力,9.97,10.0,9.66,9.67,9.66,0.31,3.2091,2.1738,19406122,191225686.38,11415918392.4,8900566015.82,11699
2016-09-19,'001696,宗申动力,9.66,9.73,9.54,9.56,9.53,0.13,1.3641,0.8953,7992271,77297991.93,11060960047.2,8623818225.96,4380
2016-09-14,'001696,宗申动力,9.53,9.63,9.5,9.58,9.59,-0.06,-0.6257,0.702,6267408,59851223.18,10912106547.6,8507762701.18,3955
2016-09-13,'001696,宗申动力,9.59,9.63,9.52,9.58,9.52,0.07,0.7353,0.6315,5637988,53903726.88,10980808162.8,8561326789.54,3817
2016-09-12,'001696,宗申动力,9.52,9.81,9.51,9.66,9.91,-0.39,-3.9354,1.6817,15012971,144412143.2,10900656278.4,8498835353.12,10364
2016-09-09,'001696,宗申动力,9.91,9.98,9.87,9.93,9.91,0.0,0.0,0.8621,7696246,76426760.33,11347216777.2,8847001927.46,4996
2016-09-08,'001696,宗申动力,9.91,9.95,9.85,9.93,9.93,-0.02,-0.2014,0.793,7079272,70119612.94,11347216777.2,8847001927.46,4264
2016-09-07,'001696,宗申动力,9.93,10.03,9.91,9.92,9.92,0.01,0.1008,1.3031,11633052,115945311.52,11370117315.6,8864856623.58,7147
2016-09-06,'001696,宗申动力,9.92,9.92,9.68,9.79,9.79,0.13,1.3279,1.1882,10607867,104308511.71,11358667046.4,8855929275.52,6594
2016-09-05,'001696,宗申动力,9.79,9.88,9.71,9.74,9.75,0.04,0.4103,0.7135,6369397,62557455.09,11209813546.8,8739873750.74,4106
2016-09-02,'001696,宗申动力,9.75,9.87,9.69,9.86,9.85,-0.1,-1.0152,1.1679,10426293,101936229.01,11164012470.0,8704164358.5,7493
2016-09-01,'001696,宗申动力,9.85,9.98,9.85,9.95,9.96,-0.11,-1.1044,0.7762,6929085,68661363.14,11278515162.0,8793437839.1,4272
2016-08-31,'001696,宗申动力,9.96,9.99,9.8,9.9,9.91,0.05,0.5045,1.3314,11885583,117660676.78,11404468123.2,8891638667.76,6656
2016-08-30,'001696,宗申动力,9.91,10.02,9.9,10.0,9.97,-0.06,-0.6018,1.2298,10979220,109087778.9,11347216777.2,8847001927.46,6031
2016-08-29,'001696,宗申动力,9.97,10.02,9.92,9.97,9.91,0.06,0.6054,1.0691,9544522,95184868.05,11415918392.4,8900566015.82,5622
2016-08-26,'001696,宗申动力,9.91,10.02,9.85,9.91,9.86,0.05,0.5071,0.945,8436016,83772893.74,11347216777.2,8847001927.46,5967
2016-08-25,'001696,宗申动力,9.86,9.99,9.72,9.99,10.0,-0.14,-1.4,1.4965,13359824,131191976.0,11289965431.2,8802365187.16,9353
2016-08-24,'001696,宗申动力,10.0,10.09,9.95,9.99,9.95,0.05,0.5025,1.0007,8933842,89526381.25,11450269200.0,8927348060.0,5238
2016-08-23,'001696,宗申动力,9.95,10.05,9.89,9.98,9.99,-0.04,-0.4004,1.1513,10278010,102555469.74,11393017854.0,8882711319.7,5853
2016-08-22,'001696,宗申动力,9.99,10.22,9.98,10.2,10.2,-0.21,-2.0588,1.4281,12748989,128512944.06,11438818930.8,8918420711.94,7780
2016-08-19,'001696,宗申动力,10.2,10.22,10.13,10.2,10.22,-0.02,-0.1957,0.9769,8721508,88735500.49,11679274584.0,9105895021.2,5369
2016-08-18,'001696,宗申动力,10.22,10.23,10.15,10.2,10.2,0.02,0.1961,1.4059,12550766,127918414.4,11702175122.4,9123749717.32,7003
2016-08-17,'001696,宗申动力,10.2,10.28,10.14,10.28,10.28,-0.08,-0.7782,1.3745,12270770,125227390.18,11679274584.0,9105895021.2,7083
2016-08-16,'001696,宗申动力,10.28,10.31,10.17,10.21,10.18,0.1,0.9823,1.8979,16943324,173480154.6,11770876737.6,9177313805.68,9740
2016-08-15,'001696,宗申动力,10.18,10.23,9.95,10.0,10.0,0.18,1.8,2.3069,20594698,208778967.75,11656374045.6,9088040325.08,11960
2016-08-12,'001696,宗申动力,10.0,10.02,9.79,9.85,9.87,0.13,1.3171,1.3187,11772062,116677166.94,11450269200.0,8927348060.0,7088
2016-08-11,'001696,宗申动力,9.87,10.1,9.86,10.07,10.08,-0.21,-2.0833,1.2883,11501208,114618500.88,11301415700.4,8811292535.22,7738
2016-08-10,'001696,宗申动力,10.08,10.24,10.06,10.12,10.11,-0.03,-0.2967,1.3424,11983905,121499897.08,11541871353.6,8998766844.48,8072
2016-08-09,'001696,宗申动力,10.11,10.13,10.0,10.05,10.09,0.02,0.1982,1.3417,11977613,120747361.03,11576222161.2,9025548888.66,7917
2016-08-08,'001696,宗申动力,10.09,10.1,9.65,9.89,9.91,0.18,1.8163,2.3319,20817712,205453196.67,11553321622.8,9007694192.54,13253
2016-08-05,'001696,宗申动力,9.91,10.08,9.89,10.03,10.05,-0.14,-1.393,1.4182,12660981,126301479.42,11347216777.2,8847001927.46,8274
2016-08-04,'001696,宗申动力,10.05,10.09,9.97,9.98,9.99,0.06,0.6006,1.2365,11038222,110734317.32,11507520546.0,8971984800.3,7255
2016-08-03,'001696,宗申动力,9.99,10.13,9.9,10.05,10.04,-0.05,-0.498,1.4698,13121746,131173638.74,11438818930.8,8918420711.94,8628
2016-08-02,'001696,宗申动力,10.04,10.06,9.93,10.0,9.97,0.07,0.7021,1.4105,12592188,125942859.06,11496070276.8,8963057452.24,7109
2016-08-01,'001696,宗申动力,9.97,10.17,9.91,10.17,10.22,-0.25,-2.4462,1.9082,17035379,170125468.65,11415918392.4,8900566015.82,9876
2016-07-29,'001696,宗申动力,10.22,10.6,10.18,10.57,10.56,-0.34,-3.2197,2.1791,19453951,201416220.1,11702175122.4,9123749717.32,12180
2016-07-28,'001696,宗申动力,10.56,10.62,10.3,10.54,10.53,0.03,0.2849,2.6752,23882562,250524853.3,12091484275.2,9427279551.36,13900
2016-07-27,'001696,宗申动力,10.53,11.23,10.28,11.23,11.23,-0.7,-6.2333,5.7898,51687770,557740648.31,12057133467.6,9400497507.18,31209
2016-07-26,'001696,宗申动力,11.23,11.25,10.76,10.77,10.77,0.46,4.2711,5.4586,48730642,540766097.86,12858652311.6,10025411871.4,30168
2016-07-25,'001696,宗申动力,10.77,10.82,10.7,10.72,10.71,0.06,0.5602,1.4358,12817568,137980179.94,12331939928.4,9614753860.62,7608
2016-07-22,'001696,宗申动力,10.71,10.81,10.66,10.75,10.7,0.01,0.0935,1.8889,16862776,180908176.13,12263238313.2,9561189772.26,9482
2016-07-21,'001696,宗申动力,10.7,10.87,10.68,10.72,10.74,-0.04,-0.3724,2.1336,19047715,205182310.43,12251788044.0,9552262424.2,11022
2016-07-20,'001696,宗申动力,10.74,10.96,10.71,10.92,10.97,-0.23,-2.0966,2.3857,21298144,230638692.84,12297589120.8,9587971816.44,12135
2016-07-19,'001696,宗申动力,10.97,10.98,10.72,10.84,10.85,0.12,1.106,1.9962,17820831,193210902.39,12560945312.4,9793300821.82,11373
2016-07-18,'001696,宗申动力,10.85,10.96,10.78,10.96,10.94,-0.09,-0.8227,1.8249,16291561,176773023.81,12423542082.0,9686172645.1,10028
2016-07-15,'001696,宗申动力,10.94,11.17,10.87,11.14,11.13,-0.19,-1.7071,3.2085,28643085,314711055.35,12526594504.8,9766518777.64,16198
2016-07-14,'001696,宗申动力,11.13,11.22,11.02,11.15,11.21,-0.08,-0.7136,2.7401,24462179,271273877.44,12744149619.6,9936138390.78,14340
2016-07-13,'001696,宗申动力,11.21,11.37,10.95,10.99,10.95,0.26,2.3744,5.3896,48114868,538665367.84,12835751773.2,10007557175.3,26726
2016-07-12,'001696,宗申动力,10.95,11.04,10.68,10.88,10.86,0.09,0.8287,3.3738,30119464,327480374.91,12538044774.0,9775446125.7,16559
2016-07-11,'001696,宗申动力,10.86,11.08,10.78,10.85,10.79,0.07,0.6487,4.033,36004369,394410308.13,12434992351.2,9695099993.16,20042
2016-07-08,'001696,宗申动力,10.79,10.93,10.7,10.88,10.81,-0.02,-0.185,2.7512,24560735,265407501.93,12354840466.8,9632608556.74,16986
2016-07-07,'001696,宗申动力,11.17,11.4,11.08,11.26,11.31,-0.14,-1.2378,4.1846,37357027,418520526.93,12789950696.4,9971847783.02,19946
2016-07-06,'001696,宗申动力,11.31,11.41,11.2,11.39,11.46,-0.15,-1.3089,3.9781,35513793,400689452.42,12950254465.2,10096830655.9,19516
2016-07-05,'001696,宗申动力,11.46,11.53,11.11,11.28,11.24,0.22,1.9573,6.4491,57573285,653131053.39,13122008503.2,10230740876.8,30247
2016-07-04,'001696,宗申动力,11.24,11.25,10.75,10.75,10.82,0.42,3.8817,4.1642,37175695,411248584.27,12870102580.8,10034339219.4,22279
2016-07-01,'001696,宗申动力,10.82,11.14,10.8,10.9,10.92,-0.1,-0.9158,2.6849,23968752,261980804.61,12389191274.4,9659390600.92,13893
2016-06-30,'001696,宗申动力,10.92,11.15,10.82,10.93,10.9,0.02,0.1835,2.8939,25834661,283070422.96,12503693966.4,9748664081.52,15496
2016-06-29,'001696,宗申动力,10.9,11.24,10.9,11.19,11.13,-0.23,-2.0665,3.4592,30881889,340116302.61,12480793428.0,9730809385.4,19105
2016-06-28,'001696,宗申动力,11.13,11.17,10.85,10.98,11.02,0.11,0.9982,4.3155,38526084,424276512.18,12744149619.6,9936138390.78,21608
2016-06-27,'001696,宗申动力,11.02,11.07,10.54,10.62,10.68,0.34,3.1835,4.5176,40330015,440661527.29,12618196658.4,9837937562.12,21571
2016-06-24,'001696,宗申动力,10.68,10.94,10.3,10.6,10.69,-0.01,-0.0935,4.0645,36285492,387839612.59,12228887505.6,9534407728.08,22223
2016-06-23,'001696,宗申动力,10.69,10.95,10.57,10.9,10.97,-0.28,-2.5524,2.9814,26615700,285334771.92,12240337774.8,9543335076.14,15880
2016-06-22,'001696,宗申动力,10.97,10.99,10.55,10.64,10.61,0.36,3.393,3.2045,28607704,308242465.77,12560945312.4,9793300821.82,17536
2016-06-21,'001696,宗申动力,10.61,11.17,10.46,11.04,11.0,-0.39,-3.5455,4.783,42699136,463311247.02,12148735621.2,9471916291.66,25476
2016-06-20,'001696,宗申动力,11.0,11.15,10.81,11.14,11.19,-0.19,-1.6979,4.805,42895611,471505416.06,12595296120.0,9820082866.0,25471
2016-06-17,'001696,宗申动力,11.19,11.5,10.35,10.48,10.5,0.69,6.5714,7.2318,64560423,703460003.59,12812851234.8,9989702479.14,39840
2016-06-16,'001696,宗申动力,10.5,10.8,10.3,10.37,10.27,0.23,2.2395,4.5826,40910373,433764330.0,12022782660.0,9373715463.0,25971
2016-06-15,'001696,宗申动力,10.27,10.36,9.55,9.63,9.65,0.62,6.4249,2.8298,25262792,254444247.21,11759426468.4,9168386457.62,17044
2016-06-14,'001696,宗申动力,9.65,9.77,9.52,9.65,9.7,-0.05,-0.5155,2.0097,17940918,172922431.07,11049509778.0,8614890877.9,11666
2016-06-13,'001696,宗申动力,9.7,10.48,9.65,10.39,10.56,-0.86,-8.1439,2.7737,24762226,252129049.86,11106761124.0,8659527618.2,16405
2016-06-08,'001696,宗申动力,10.56,10.71,10.45,10.71,10.66,-0.1,-0.9381,1.6316,14565558,153753071.51,12091484275.2,9427279551.36,9098
2016-06-07,'001696,宗申动力,10.66,10.83,10.6,10.68,10.67,-0.01,-0.0937,1.8474,16492741,176269321.35,12205986967.2,9516553031.96,10937
2016-06-06,'001696,宗申动力,10.67,10.8,10.49,10.59,10.52,0.15,1.4259,2.8877,25779414,274805867.65,12217437236.4,9525480380.02,15355
2016-06-03,'001696,宗申动力,10.52,10.67,10.47,10.59,10.57,-0.05,-0.473,2.4182,21587942,228175956.55,12045683198.4,9391570159.12,13163
2016-06-02,'001696,宗申动力,10.57,10.74,10.27,10.3,10.41,0.16,1.537,3.019,26951455,285012596.2,12102934544.4,9436206899.42,16819
2016-06-01,'001696,宗申动力,10.41,10.87,10.18,10.5,10.16,0.25,2.4606,5.2573,46934037,497999872.64,11919730237.2,9293369330.46,26960
2016-05-31,'001696,宗申动力,10.16,10.2,9.58,9.6,9.65,0.51,5.285,2.8349,25308571,252299061.53,11633473507.2,9070185628.96,17412
2016-05-30,'001696,宗申动力,9.65,9.88,9.48,9.57,9.63,0.02,0.2077,1.3842,12356815,119850741.46,11049509778.0,8614890877.9,7664
2016-05-27,'001696,宗申动力,9.63,9.7,9.55,9.7,9.68,-0.05,-0.5165,1.0381,9267665,89105712.46,11026609239.6,8597036181.78,6617
2016-05-26,'001696,宗申动力,9.68,9.74,9.44,9.66,9.7,-0.02,-0.2062,1.1271,10061950,96072823.15,11083860585.6,8641672922.08,8041
2016-05-25,'001696,宗申动力,9.7,9.87,9.64,9.8,9.68,0.02,0.2066,1.0124,9038071,88164510.61,11106761124.0,8659527618.2,5735
2016-05-24,'001696,宗申动力,9.68,9.86,9.61,9.81,9.79,-0.11,-1.1236,1.0248,9149145,89133728.95,11083860585.6,8641672922.08,6196
2016-05-23,'001696,宗申动力,9.79,9.89,9.7,9.71,9.73,0.06,0.6166,1.1949,10667523,104473741.45,11209813546.8,8739873750.74,6756
2016-05-20,'001696,宗申动力,9.73,9.74,9.45,9.47,9.6,0.13,1.3542,1.1608,10363250,99526052.15,11141111931.6,8686309662.38,7223
2016-05-19,'001696,宗申动力,9.6,9.82,9.56,9.61,9.62,-0.02,-0.2079,1.4151,12632903,122652816.71,10992258432.0,8570254137.6,7703
2016-05-18,'001696,宗申动力,9.62,10.02,9.44,10.01,10.01,-0.39,-3.8961,2.0433,18240876,177680395.31,11015158970.4,8588108833.72,11587
2016-05-17,'001696,宗申动力,10.01,10.17,9.82,9.91,9.91,0.1,1.0091,2.1562,19249584,193156754.96,11461719469.2,8936275408.06,12474
2016-05-16,'001696,宗申动力,9.91,9.94,9.57,9.78,9.85,0.06,0.6091,1.4169,12648794,123788859.39,11347216777.2,8847001927.46,8417
2016-05-13,'001696,宗申动力,9.85,10.0,9.66,9.8,9.97,-0.12,-1.2036,1.8552,16562372,163042392.27,11278515162.0,8793437839.1,11607
2016-05-12,'001696,宗申动力,9.97,10.15,9.68,9.77,9.68,0.29,2.9959,2.5344,22625670,225836369.44,11415918392.4,8900566015.82,16792
2016-05-11,'001696,宗申动力,9.68,9.89,9.67,9.82,9.8,-0.12,-1.2245,1.232,10998169,107478946.13,11083860585.6,8641672922.08,7394
2016-05-10,'001696,宗申动力,9.8,9.9,9.42,9.6,9.6,0.2,2.0833,1.7333,15474011,149486881.25,11221263816.0,8748801098.8,10125
2016-05-09,'001696,宗申动力,9.6,10.04,9.5,10.0,10.09,-0.49,-4.8563,2.1723,19393136,189485645.23,10992258432.0,8570254137.6,13356
2016-05-06,'001696,宗申动力,10.09,10.74,10.05,10.69,10.67,-0.58,-5.4358,3.3691,30077381,310241817.38,11553321622.8,9007694192.54,19165
2016-05-05,'001696,宗申动力,10.67,10.72,10.49,10.61,10.65,0.02,0.1878,2.1769,19433575,206242986.33,12217437236.4,9525480380.02,10957
2016-05-04,'001696,宗申动力,10.65,10.88,10.53,10.54,10.64,0.01,0.094,3.602,32155883,344490254.94,12194536698.0,9507625683.9,17601
2016-05-03,'001696,宗申动力,10.64,10.65,10.06,10.2,10.26,0.38,3.7037,2.8333,25293999,264790248.86,12183086428.8,9498698335.84,15862
2016-04-29,'001696,宗申动力,10.26,10.39,10.01,10.01,10.2,0.06,0.5882,1.8974,16938625,173086852.89,11747976199.2,9159459109.56,9653
2016-04-28,'001696,宗申动力,10.2,10.28,9.93,10.26,10.24,-0.04,-0.3906,1.8308,16344458,164936271.75,11679274584.0,9105895021.2,10376
2016-04-27,'001696,宗申动力,10.24,10.44,10.21,10.37,10.27,-0.03,-0.2921,2.2163,19785728,204253818.37,11725075660.8,9141604413.44,10873
2016-04-26,'001696,宗申动力,10.27,10.29,10.04,10.09,10.12,0.15,1.4822,2.0396,18208152,185368027.45,11759426468.4,9168386457.62,9297
2016-04-25,'001696,宗申动力,10.12,10.2,9.96,10.19,10.19,-0.07,-0.6869,1.4143,12626019,127076145.74,11587672430.4,9034476236.72,8329
2016-04-22,'001696,宗申动力,10.19,10.27,9.97,10.14,10.19,0.0,0.0,2.1217,18941343,192045429.26,11667824314.8,9096967673.14,11713
2016-04-21,'001696,宗申动力,10.19,10.59,10.12,10.23,10.27,-0.08,-0.779,3.6845,32892611,341755924.49,11667824314.8,9096967673.14,18311
2016-04-20,'001696,宗申动力,10.27,11.06,10.0,10.89,10.85,-0.58,-5.3456,5.5788,49804229,525912667.12,11759426468.4,9168386457.62,30802
2016-04-19,'001696,宗申动力,10.85,10.96,10.7,10.87,10.9,-0.05,-0.4587,3.129,27933385,302197584.52,12423542082.0,9686172645.1,15727
2016-04-18,'001696,宗申动力,10.9,11.08,10.38,10.58,10.64,0.26,2.4436,5.9034,52701368,567022401.47,12480793428.0,9730809385.4,27015
2016-04-15,'001696,宗申动力,10.64,10.87,10.56,10.78,10.82,-0.18,-1.6636,3.2086,28644383,305694902.41,12183086428.8,9498698335.84,15658
2016-04-14,'001696,宗申动力,10.82,10.88,10.51,10.59,10.53,0.29,2.754,4.0827,36447962,389458757.63,12389191274.4,9659390600.92,20837
2016-04-13,'001696,宗申动力,10.53,10.77,10.49,10.57,10.49,0.04,0.3813,4.0484,36141426,385085822.9,12057133467.6,9400497507.18,21489
2016-04-12,'001696,宗申动力,10.49,10.69,10.35,10.69,10.61,-0.12,-1.131,2.7799,24817158,260049642.4,12011332390.8,9364788114.94,16520
2016-04-11,'001696,宗申动力,10.61,10.78,10.47,10.59,10.45,0.16,1.5311,3.8451,34326180,365059143.54,12148735621.2,9471916291.66,20811
2016-04-08,'001696,宗申动力,10.45,10.53,10.14,10.24,10.36,0.09,0.8687,3.663,32701122,338155459.91,11965531314.0,9329078722.7,21961
2016-04-07,'001696,宗申动力,10.36,10.73,10.35,10.7,10.78,-0.42,-3.8961,4.8391,43200040,453919202.99,11862478891.2,9248732590.16,29699
2016-04-06,'001696,宗申动力,10.78,10.92,10.18,10.2,10.34,0.44,4.2553,6.2238,55561932,585701211.43,12343390197.6,9623681208.68,38172
2016-04-05,'001696,宗申动力,10.34,10.45,9.97,10.05,10.07,0.27,2.6812,3.8757,34599871,354779446.97,11839578352.8,9230877894.04,22727
2016-04-01,'001696,宗申动力,10.07,10.23,9.8,10.21,10.25,-0.18,-1.7561,3.8124,34034654,339722683.2,11530421084.4,8989839496.42,23568
2016-03-31,'001696,宗申动力,10.25,10.49,10.15,10.36,10.29,-0.04,-0.3887,4.6588,41590783,428404050.03,11736525930.0,9150531761.5,28258
2016-03-30,'001696,宗申动力,10.29,10.29,9.78,9.8,9.69,0.6,6.192,4.4566,39785883,400420514.51,11782327006.8,9186241153.74,28265
2016-03-29,'001696,宗申动力,9.69,10.05,9.6,9.92,10.05,-0.36,-3.5821,3.8631,34486918,336805219.21,11095310854.8,8650600270.14,26003
2016-03-28,'001696,宗申动力,10.05,10.68,10.02,10.5,10.16,-0.11,-1.0827,8.9386,79797874,829486698.23,11507520546.0,8971984800.3,50903
2016-03-25,'001696,宗申动力,10.16,10.18,9.39,9.39,9.42,0.74,7.8556,7.577,67642952,668332048.96,11633473507.2,9070185628.96,39925
2016-03-24,'001696,宗申动力,9.42,9.69,9.41,9.68,9.71,-0.29,-2.9866,3.4134,30472761,291816780.15,10786153586.4,8409561872.52,15692
2016-03-23,'001696,宗申动力,9.71,9.75,9.58,9.61,9.67,0.04,0.4137,2.827,25237425,244157456.94,11118211393.2,8668454966.26,12574
2016-03-22,'001696,宗申动力,9.67,9.97,9.61,9.69,9.82,-0.15,-1.5275,3.6543,32622820,318660148.22,11072410316.4,8632745574.02,18552
2016-03-21,'001696,宗申动力,9.82,9.86,9.54,9.68,9.49,0.33,3.4773,4.7454,42363450,410352974.02,11244164354.4,8766655794.92,22247
2016-03-18,'001696,宗申动力,9.49,9.5,8.98,9.05,8.98,0.51,5.6793,4.5859,40940280,380452349.47,10866305470.8,8472053308.94,24198
2016-03-17,'001696,宗申动力,8.98,9.1,8.63,8.66,8.61,0.37,4.2973,3.6511,32594670,290218657.8,10282341741.6,8016758557.88,18038
2016-03-16,'001696,宗申动力,8.61,8.88,8.51,8.82,8.77,-0.16,-1.8244,1.8064,16126196,140235818.22,9858681781.2,7686446679.66,10608
2016-03-15,'001696,宗申动力,8.77,8.95,8.72,8.89,8.83,-0.06,-0.6795,1.9188,17129979,151215114.44,10041886088.4,7829284248.62,11276
2016-03-14,'001696,宗申动力,8.83,9.11,8.44,8.47,8.34,0.49,5.8753,2.987,26665794,234452291.44,10110587703.6,7882848336.98,17564
2016-03-11,'001696,宗申动力,8.34,8.4,8.2,8.38,8.44,-0.1,-1.1848,1.4899,13300730,110486146.38,9549524512.8,7445408282.04,8771
2016-03-10,'001696,宗申动力,8.44,8.68,8.42,8.63,8.59,-0.15,-1.7462,1.3526,12074877,103100057.13,9664027204.8,7534681762.64,8650
2016-03-09,'001696,宗申动力,8.59,8.73,8.48,8.6,8.83,-0.24,-2.718,1.7368,15505450,133303186.29,9835781242.8,7668591983.54,9970
2016-03-08,'001696,宗申动力,8.83,8.85,8.31,8.84,8.82,0.01,0.1134,2.3528,21004231,180642758.51,10110587703.6,7882848336.98,13362
2016-03-07,'001696,宗申动力,8.82,8.97,8.67,8.67,8.58,0.24,2.7972,2.0276,18101423,159617126.33,10099137434.4,7873920988.92,11075
2016-03-04,'001696,宗申动力,8.58,9.04,8.41,9.03,9.03,-0.45,-4.9834,2.7571,24613462,215864951.18,9824330973.6,7659664635.48,15766
2016-03-03,'001696,宗申动力,9.03,9.23,8.94,8.97,8.94,0.09,1.0067,3.2181,28728934,260560103.08,10339593087.6,8061395298.18,16695
2016-03-02,'001696,宗申动力,8.94,8.99,8.38,8.44,8.44,0.5,5.9242,3.1676,28278201,245598986.93,10236540664.8,7981049165.64,16682
2016-03-01,'001696,宗申动力,8.44,8.53,8.08,8.35,8.26,0.18,2.1792,2.6555,23706808,197652975.53,9664027204.8,7534681762.64,13770
2016-02-29,'001696,宗申动力,8.26,9.11,8.21,9.11,9.11,-0.85,-9.3304,2.7981,24979912,210963499.32,9457922359.2,7373989497.56,17494
2016-02-26,'001696,宗申动力,9.11,9.42,8.89,9.32,9.16,-0.05,-0.5459,3.0379,27120414,248113243.07,10431195241.2,8132814082.66,16553
2016-02-25,'001696,宗申动力,9.16,10.35,9.14,10.2,10.16,-1.0,-9.8425,5.4478,48634399,479840171.62,10488446587.2,8177450822.96,31787
2016-02-24,'001696,宗申动力,10.16,10.19,9.8,10.05,10.19,-0.03,-0.2944,3.5834,31989953,320195109.52,11633473507.2,9070185628.96,20331
2016-02-23,'001696,宗申动力,10.19,10.48,9.96,10.24,10.21,-0.02,-0.1959,4.0226,35911321,365996867.53,11667824314.8,9096967673.14,22264
2016-02-22,'001696,宗申动力,10.21,10.29,10.06,10.18,10.05,0.16,1.592,3.6081,32210821,328067604.13,11690724853.2,9114822369.26,16437
2016-02-19,'001696,宗申动力,10.05,10.12,9.9,10.03,10.11,-0.06,-0.5935,3.3943,30301876,303243894.81,11507520546.0,8971984800.3,17393
2016-02-18,'001696,宗申动力,10.11,10.25,9.83,10.01,10.04,0.07,0.6972,4.4222,39478497,395517447.4,11576222161.2,9025548888.66,21008
2016-02-17,'001696,宗申动力,10.04,10.1,9.55,9.7,9.68,0.36,3.719,4.1235,36812105,360591402.81,11496070276.8,8963057452.24,21958
2016-02-16,'001696,宗申动力,9.68,9.75,9.08,9.1,9.05,0.63,6.9613,3.4215,30544751,289129110.95,11083860585.6,8641672922.08,18652
2016-02-15,'001696,宗申动力,9.05,9.14,8.72,8.78,9.25,-0.2,-2.1622,2.8007,25003160,222910001.39,10362493626.0,8079249994.3,14397
2016-02-05,'001696,宗申动力,9.25,9.45,9.25,9.45,9.43,-0.18,-1.9088,1.7043,15214907,142373927.6,10591499010.0,8257796955.5,9165
2016-02-04,'001696,宗申动力,9.43,9.53,9.21,9.21,9.21,0.22,2.3887,2.4799,22138831,207853061.62,10797603855.6,8418489220.58,13626
2016-02-03,'001696,宗申动力,9.21,9.23,8.92,9.05,9.19,0.02,0.2176,2.0445,18252214,165427516.38,10545697933.2,8222087563.26,10506
2016-02-02,'001696,宗申动力,9.19,9.32,8.89,8.91,8.91,0.28,3.1425,2.5575,22831330,209554125.72,10522797394.8,8204232867.14,12895
2016-02-01,'001696,宗申动力,8.91,9.2,8.71,9.15,9.26,-0.35,-3.7797,2.3608,21075489,189544889.59,10202189857.2,7954267121.46,13081
2016-01-29,'001696,宗申动力,9.26,9.34,8.7,8.94,8.82,0.44,4.9887,3.2938,29405323,265366201.5,10602949279.2,8266724303.56,18569
2016-01-28,'001696,宗申动力,8.82,8.95,8.43,8.8,8.95,-0.13,-1.4525,3.3784,30160427,263002900.42,10099137434.4,7873920988.92,17368
2016-01-27,'001696,宗申动力,8.95,9.5,8.42,9.49,9.35,-0.4,-4.2781,3.0474,27205330,240795982.82,10247990934.0,7989976513.7,18390
2016-01-26,'001696,宗申动力,9.35,10.29,9.34,10.26,10.38,-1.03,-9.9229,2.29,20444043,200971591.91,10706001702.0,8347070436.1,15564
2016-01-25,'001696,宗申动力,10.38,10.53,10.25,10.45,10.27,0.11,1.0711,1.3754,12278378,127747184.67,11885379429.6,9266587286.28,8302
2016-01-22,'001696,宗申动力,10.27,10.4,9.97,10.22,10.11,0.16,1.5826,1.8384,16411809,167446371.92,11759426468.4,9168386457.62,11521
2016-01-21,'001696,宗申动力,10.11,10.85,10.11,10.4,10.59,-0.48,-4.5326,2.4403,21785449,228706731.54,11576222161.2,9025548888.66,18444
2016-01-20,'001696,宗申动力,10.59,11.09,10.55,10.88,10.93,-0.34,-3.1107,3.399,30344398,327247465.84,12125835082.8,9454061595.54,20758
2016-01-19,'001696,宗申动力,10.93,10.97,10.19,10.47,10.45,0.48,4.5933,2.9553,26382746,280040864.3,12515144235.6,9757591429.58,19904
2016-01-18,'001696,宗申动力,10.45,10.6,10.02,10.2,10.2,0.25,2.451,2.3218,20727935,214853016.87,11965531314.0,9329078722.7,15574
2016-01-15,'001696,宗申动力,10.2,10.66,10.02,10.22,10.1,0.1,0.9901,4.0997,36599602,378826416.54,11679274584.0,9105895021.2,25871
2016-01-14,'001696,宗申动力,10.1,10.16,9.21,9.21,9.51,0.59,6.204,2.8023,25017013,246332522.96,11564771892.0,9016621540.6,17091
2016-01-13,'001696,宗申动力,9.51,10.14,9.51,10.0,9.96,-0.45,-4.5181,1.637,14614475,144630025.24,10889206009.2,8489908005.06,10338
2016-01-12,'001696,宗申动力,9.96,10.11,9.52,9.99,9.83,0.13,1.3225,2.0344,18162216,178654146.28,11404468123.2,8891638667.76,11818
2016-01-11,'001696,宗申动力,9.83,10.75,9.83,10.69,10.92,-1.09,-9.9817,2.4518,21887798,224636734.54,11255614623.6,8775583142.98,15494
2016-01-08,'001696,宗申动力,10.92,11.33,10.0,11.16,10.84,0.08,0.738,2.4795,22135263,242365591.43,12503693966.4,9748664081.52,16122
2016-01-07,'001696,宗申动力,10.84,11.85,10.84,11.85,12.04,-1.2,-9.9668,0.5868,5238900,58892461.04,12412091812.8,9677245297.04,3476
2016-01-06,'001696,宗申动力,12.04,12.07,11.73,11.86,11.78,0.26,2.2071,2.5311,22596082,269470570.47,13786124116.8,10748527064.2,15934
2016-01-05,'001696,宗申动力,11.78,12.43,11.35,11.66,12.45,-0.67,-5.3815,2.5694,22937895,273377810.08,13488417117.6,10516416014.7,18063
2016-01-04,'001696,宗申动力,12.45,13.99,12.44,13.9,13.82,-1.37,-9.9132,1.6768,14969255,196868967.17,14255585154.0,11114548334.7,13278
