日期,股票代码,名称,收盘价,最高价,最低价,开盘价,前收盘,涨跌额,涨跌幅,换手率,成交量,成交金额,总市值,流通市值,成交笔数
2016-10-12,'002475,立讯精密,20.41,20.59,20.18,20.48,20.36,0.05,0.2456,0.3358,6285964,127944164.28,38492483195.4,38204392065.4,5169
2016-10-11,'002475,立讯精密,20.36,20.68,20.22,20.55,20.5,-0.14,-0.6829,0.4373,8184853,167467475.14,38398185098.4,38110799728.2,9512
2016-10-10,'002475,立讯精密,20.5,20.57,20.0,20.34,20.22,0.28,1.3848,0.4048,7576808,154502619.61,38662219770.0,38372858272.5,7300
2016-09-30,'002475,立讯精密,20.22,20.31,20.01,20.15,20.16,0.06,0.2976,0.2931,5486086,110760936.51,38134150426.8,37848741183.9,5140
2016-09-29,'002475,立讯精密,20.16,20.39,19.91,19.98,19.91,0.25,1.2557,0.45,8422663,169532622.6,38020992710.4,37736430379.2,4797
2016-09-28,'002475,立讯精密,19.91,20.18,19.62,19.9,19.71,0.2,1.0147,0.3851,7208975,143621050.38,37549502225.4,37268468692.9,5940
2016-09-27,'002475,立讯精密,19.71,19.91,19.4,19.65,19.68,0.03,0.1524,0.4623,8653143,169856640.72,37172309837.4,36894099343.9,5077
2016-09-26,'002475,立讯精密,19.68,20.45,19.6,20.2,20.43,-0.75,-3.6711,0.7287,13639394,272753354.63,37115730979.2,36837943941.6,7807
2016-09-23,'002475,立讯精密,20.43,20.66,20.17,20.35,20.38,0.05,0.2453,0.5662,10598000,216281502.87,38530202434.2,38241829000.3,6783
2016-09-22,'002475,立讯精密,20.38,20.66,20.36,20.5,20.41,-0.03,-0.147,0.3294,6166433,126184603.03,38435904337.2,38148236663.1,4294
2016-09-21,'002475,立讯精密,20.41,20.68,20.18,20.38,20.42,-0.01,-0.049,0.4771,8930806,182257320.74,38492483195.4,38204392065.4,6202
2016-09-20,'002475,立讯精密,20.42,20.86,20.2,20.81,20.83,-0.41,-1.9683,0.4782,8951807,183170460.31,38511342814.8,38223110532.9,7300
2016-09-19,'002475,立讯精密,20.83,21.51,20.61,21.1,20.46,0.37,1.8084,0.9477,17740059,372526440.57,39284587210.2,38990567698.3,19123
2016-09-14,'002475,立讯精密,20.46,21.09,20.25,20.5,20.22,0.24,1.1869,1.0808,20230114,419139959.8,38586781292.4,38297984402.7,16751
2016-09-13,'002475,立讯精密,20.22,20.6,19.81,19.81,19.81,0.41,2.0697,0.6536,12233979,248534678.56,38134150426.8,37848741183.9,9615
2016-09-12,'002475,立讯精密,19.81,20.15,19.5,19.75,20.22,-0.41,-2.0277,0.5786,10829651,214199882.36,37360906031.4,37081284018.4,7288
2016-09-09,'002475,立讯精密,20.22,20.45,20.14,20.14,20.14,0.08,0.3972,0.65,12166233,246771391.11,38134150426.8,37848741183.9,9158
2016-09-08,'002475,立讯精密,20.14,20.8,19.83,20.59,20.57,-0.43,-2.0904,0.9002,16849791,337806083.53,37983273471.6,37698993444.3,12007
2016-09-07,'002475,立讯精密,20.57,21.23,20.49,20.92,20.92,-0.35,-1.673,0.7914,14813521,308219005.11,38794237105.8,38503887544.7,10794
2016-09-06,'002475,立讯精密,20.92,21.33,20.5,21.09,20.8,0.12,0.5769,0.7659,14337273,298042526.73,39454323784.8,39159033905.4,11803
2016-09-05,'002475,立讯精密,20.8,20.94,20.26,20.3,20.26,0.54,2.6654,1.0253,19191119,396789741.8,39228008352.0,38934412296.0,12075
2016-09-02,'002475,立讯精密,20.26,20.28,19.79,20.0,20.08,0.18,0.8964,0.4935,9237046,184728135.82,38209588904.4,37923615053.7,5820
2016-09-01,'002475,立讯精密,20.08,20.23,19.85,19.86,19.87,0.21,1.0569,0.5078,9505100,191427138.83,37870115755.2,37586682639.6,5335
2016-08-31,'002475,立讯精密,19.87,20.26,19.85,20.21,20.21,-0.34,-1.6823,0.4116,7705274,154141542.2,37474063747.8,37193594823.2,6583
2016-08-30,'002475,立讯精密,20.21,20.58,20.03,20.15,20.16,0.05,0.248,0.8572,16044992,325513267.18,38115290807.4,37830022716.4,8440
2016-08-29,'002475,立讯精密,20.16,20.48,19.71,19.71,19.55,0.61,3.1202,1.1154,20878051,420605946.91,38020992710.4,37736430379.2,12297
2016-08-26,'002475,立讯精密,19.55,19.86,19.16,19.35,19.25,0.3,1.5584,0.5818,10889525,213554098.48,36870555927.0,36594603864.8,8918
2016-08-25,'002475,立讯精密,19.25,19.37,18.85,19.07,19.29,-0.04,-0.2074,0.4418,8269018,158251126.33,36304767345.0,36033049841.2,6693
2016-08-24,'002475,立讯精密,19.29,19.57,19.06,19.42,19.44,-0.15,-0.7716,0.4409,8253358,158599088.53,36380205822.6,36107923711.1,6253
2016-08-23,'002475,立讯精密,19.44,19.48,18.66,18.7,18.79,0.65,3.4593,0.6645,12437723,238681804.37,36663100113.6,36388700722.8,8931
2016-08-22,'002475,立讯精密,18.79,19.16,18.73,19.04,19.04,-0.25,-1.313,0.4,7486647,141609291.32,35437224852.6,35172000338.6,6995
2016-08-19,'002475,立讯精密,19.04,19.08,18.74,18.88,18.87,0.17,0.9009,0.5211,9753377,185068334.92,35908715337.6,35639962024.8,7542
2016-08-18,'002475,立讯精密,18.87,19.11,18.73,18.95,18.95,-0.08,-0.4222,0.4279,8009731,151625243.15,35588101807.8,35321748078.2,6742
2016-08-17,'002475,立讯精密,18.95,19.01,18.6,18.9,18.9,0.05,0.2646,0.4048,7577490,142722875.87,35738978763.0,35471495817.8,6709
2016-08-16,'002475,立讯精密,18.9,19.04,18.61,18.69,18.71,0.19,1.0155,0.4865,9106096,171380992.94,35644680666.0,35377903480.5,7550
2016-08-15,'002475,立讯精密,18.71,18.8,18.03,18.22,18.2,0.51,2.8022,0.5342,9999742,184909997.27,35286347897.4,35022252598.9,11048
2016-08-12,'002475,立讯精密,18.2,18.37,17.9,18.18,18.17,0.03,0.1651,0.3577,6696015,121646472.41,34324507308.0,34067610759.0,7641
2016-08-11,'002475,立讯精密,18.17,18.64,18.15,18.6,18.65,-0.48,-2.5737,0.5261,9848564,180705474.36,34267928449.8,34011455356.7,10661
2016-08-10,'002475,立讯精密,18.65,18.94,18.61,18.78,18.99,-0.34,-1.7904,0.5531,10353273,193824858.23,35173190181.0,34909941794.2,12531
2016-08-09,'002475,立讯精密,18.99,19.2,18.9,19.16,18.97,0.02,0.1054,0.3338,6247866,118631308.27,35814417240.6,35546369687.6,6057
2016-08-08,'002475,立讯精密,18.97,19.05,18.64,18.74,18.74,0.23,1.2273,0.4455,8338710,157906424.74,35776698001.8,35508932752.7,5946
2016-08-05,'002475,立讯精密,18.74,18.88,18.54,18.73,18.75,-0.01,-0.0533,0.3169,5931947,111318378.26,35342926755.6,35078408001.3,6418
2016-08-04,'002475,立讯精密,18.75,18.93,18.42,18.57,18.58,0.17,0.915,0.4759,8908094,166767471.89,35361786375.0,35097126468.8,7921
2016-08-03,'002475,立讯精密,18.58,18.94,18.5,18.92,18.82,-0.24,-1.2752,0.2865,5362553,99986179.82,35041172845.2,34778912522.1,5098
2016-08-02,'002475,立讯精密,18.82,19.03,18.42,18.42,18.4,0.42,2.2826,0.519,9714597,182257471.03,35493803710.8,35228155740.9,8075
2016-08-01,'002475,立讯精密,18.4,18.58,18.0,18.42,18.56,-0.16,-0.8621,0.5868,10984925,202171025.56,34701699696.0,34441980108.0,9764
2016-07-29,'002475,立讯精密,18.56,18.59,18.18,18.29,18.31,0.25,1.3654,0.6073,11367066,209518987.1,35003453606.4,34741475587.2,9011
2016-07-28,'002475,立讯精密,18.31,18.42,17.81,18.2,18.15,0.16,0.8815,0.4959,9281610,168278788.27,34531963121.4,34273513901.0,8729
2016-07-27,'002475,立讯精密,18.15,18.88,17.79,18.35,18.28,-0.13,-0.7112,1.1002,20593559,378784666.44,34230209211.0,33974018421.8,17816
2016-07-26,'002475,立讯精密,18.28,18.43,18.04,18.2,18.23,0.05,0.2743,0.536,10032811,183553208.67,34475384263.2,34217358498.6,8041
2016-07-25,'002475,立讯精密,18.23,18.48,17.73,17.73,17.72,0.51,2.8781,1.0189,19072086,347348312.75,34381086166.2,34123766161.3,17475
2016-07-22,'002475,立讯精密,17.72,17.77,17.61,17.71,17.64,0.08,0.4535,0.5512,10318154,182673329.42,33419245576.8,33169124321.4,7946
2016-07-21,'002475,立讯精密,17.64,17.76,17.48,17.71,17.58,0.06,0.3413,0.5432,10168273,178946114.48,33268368621.6,33019376581.8,9442
2016-07-20,'002475,立讯精密,17.58,17.88,17.48,17.8,17.73,-0.15,-0.846,0.5691,10652545,187572048.0,33155210905.2,32907065777.1,9010
2016-07-19,'002475,立讯精密,17.73,17.87,17.45,17.52,17.42,0.31,1.7796,0.5734,10733549,189289519.23,33438105196.2,33187842788.8,9571
2016-07-18,'002475,立讯精密,17.42,17.7,17.4,17.7,17.75,-0.33,-1.8592,0.5156,9651998,168822347.44,32853456994.8,32607570297.9,8345
2016-07-15,'002475,立讯精密,17.75,17.97,17.68,17.78,17.84,-0.09,-0.5045,0.4662,8726194,155266850.98,33475824435.0,33225279723.8,9776
2016-07-14,'002475,立讯精密,17.84,17.93,17.51,17.88,17.83,0.01,0.0561,0.6655,12456444,220602745.1,33645561009.6,33393745930.8,11055
2016-07-13,'002475,立讯精密,17.83,18.04,17.42,17.58,17.58,0.25,1.4221,1.053,19710787,349615443.34,33626701390.2,33375027463.3,16591
2016-07-12,'002475,立讯精密,17.58,18.09,16.94,17.76,17.98,-0.4,-2.2247,1.5013,28101494,492443997.56,33159659524.2,32907065777.1,26454
2016-07-11,'002475,立讯精密,17.98,19.13,17.98,19.01,19.98,-2.0,-10.01,3.2521,60875130,1121891987.41,33914145520.2,33655804475.1,40119
2016-07-08,'002475,立讯精密,19.98,20.22,19.64,19.7,19.69,0.29,1.4728,0.6911,12936749,259444197.53,37686575500.2,37399497965.1,9209
2016-07-07,'002475,立讯精密,19.69,19.92,19.42,19.6,19.7,-0.01,-0.0508,0.3525,6598446,129669895.7,37139573153.1,36856662409.1,5356
2016-07-06,'002475,立讯精密,19.7,19.91,19.4,19.59,19.79,-0.09,-0.4548,0.4321,8087550,158786090.05,37158435303.0,36875380876.5,13907
2016-07-05,'002475,立讯精密,19.79,19.9,19.39,19.5,19.37,0.42,2.1683,0.5142,9624293,189206284.63,37328194652.1,37043847083.6,6692
2016-07-04,'002475,立讯精密,19.37,19.58,19.15,19.15,19.15,0.22,1.1488,0.3615,6766513,131149218.82,36535984356.3,36257671450.7,5129
2016-07-01,'002475,立讯精密,19.15,19.6,19.0,19.6,19.65,-0.5,-2.5445,0.5331,9979133,191705280.92,36121017058.5,35845865166.8,10340
2016-06-30,'002475,立讯精密,19.65,19.94,19.47,19.51,19.6,0.05,0.2551,0.2644,4949984,97207137.07,37064124553.5,36781788539.2,5809
2016-06-29,'002475,立讯精密,19.6,20.22,19.0,19.9,19.84,-0.24,-1.2097,0.5217,9765658,194805140.2,36969813804.0,36688196202.0,8215
2016-06-28,'002475,立讯精密,19.84,19.98,19.2,19.31,19.65,0.19,0.9669,0.6344,11874359,232717646.61,37422505401.6,37137439420.8,9318
2016-06-27,'002475,立讯精密,19.65,19.84,18.3,18.48,18.74,0.91,4.8559,0.9841,18421399,354850609.75,37064124553.5,36781788539.2,10591
2016-06-24,'002475,立讯精密,18.74,19.1,18.01,18.88,18.91,-0.17,-0.899,0.3488,6528329,121841899.97,35347668912.6,35078408001.3,6128
2016-06-23,'002475,立讯精密,18.91,19.12,18.69,19.0,18.9,0.01,0.0529,0.4473,8372251,158345337.3,35668325460.9,35396621947.9,6431
2016-06-22,'002475,立讯精密,18.9,19.15,18.69,19.02,19.15,-0.25,-1.3055,0.3541,6628064,125284765.98,35649463311.0,35377903480.5,4514
2016-06-21,'002475,立讯精密,19.15,19.46,18.8,19.33,19.12,0.03,0.1569,0.3696,6918000,132542666.92,36121017058.5,35845865166.8,6427
2016-06-20,'002475,立讯精密,19.12,19.41,18.8,19.15,19.09,0.03,0.1572,0.3657,6845893,130954128.66,36064430608.8,35789709764.4,5987
2016-06-17,'002475,立讯精密,19.09,19.22,18.85,18.85,18.92,0.17,0.8985,0.4903,9176902,174865826.03,36007844159.1,35733554362.1,6759
2016-06-16,'002475,立讯精密,18.92,19.25,18.68,19.18,19.31,-0.39,-2.0197,0.5206,9744139,184080544.52,35687187610.8,35415340415.4,7226
2016-06-15,'002475,立讯精密,19.31,19.36,18.43,18.47,18.71,0.6,3.2068,0.4228,7914523,151260198.44,36422811456.9,36145360645.9,6815
2016-06-14,'002475,立讯精密,18.71,18.87,18.3,18.6,18.8,-0.09,-0.4787,0.3928,7352005,136905083.38,35291082462.9,35022252598.9,6213
2016-06-13,'002475,立讯精密,18.8,19.48,18.8,19.16,19.54,-0.74,-3.7871,0.276,5166309,99468463.71,35460841812.0,35190718806.0,6940
2016-06-08,'002475,立讯精密,29.4,29.8,29.0,29.8,29.85,-0.45,-1.5075,0.4203,5244704,153789730.96,36969813804.0,36688196202.0,7658
2016-06-07,'002475,立讯精密,29.85,29.95,29.22,29.95,29.45,0.4,1.3582,0.3967,4950619,146547846.9,37535678301.0,37249750225.5,7340
2016-06-06,'002475,立讯精密,29.45,30.58,29.35,30.0,30.04,-0.59,-1.964,0.608,7587234,226567563.13,37032687637.0,36750591093.5,9663
2016-06-03,'002475,立讯精密,30.04,30.18,28.8,28.8,28.7,1.34,4.669,1.2721,15874805,473171922.75,37774598866.4,37486850813.2,14061
2016-06-02,'002475,立讯精密,28.7,29.2,28.5,28.66,28.5,0.2,0.7018,0.48,5990113,172518066.3,36089580142.0,35814667721.0,6275
2016-06-01,'002475,立讯精密,28.5,28.88,28.41,28.5,28.51,-0.01,-0.0351,0.471,5877942,168581939.08,35838084810.0,35565088155.0,6655
2016-05-31,'002475,立讯精密,28.51,28.58,27.58,27.58,27.65,0.86,3.1103,0.4951,6178063,174686027.04,35850659576.6,35577567133.3,6227
2016-05-30,'002475,立讯精密,27.65,27.83,27.0,27.41,27.45,0.2,0.7286,0.208,2595375,71562367.95,34769229649.0,34504374999.5,3095
2016-05-27,'002475,立讯精密,27.45,27.64,27.25,27.55,27.58,-0.13,-0.4714,0.2238,2793350,76500537.92,34517734317.0,34254795433.5,2721
2016-05-26,'002475,立讯精密,27.58,27.71,27.1,27.36,27.59,-0.01,-0.0362,0.1616,2016198,55179561.3,34681206282.8,34417022151.4,2769
2016-05-25,'002475,立讯精密,27.59,28.06,27.4,27.73,27.6,-0.01,-0.0362,0.2294,2862177,79245120.64,34693781049.4,34429501129.7,3904
2016-05-24,'002475,立讯精密,27.6,27.8,27.3,27.7,27.78,-0.18,-0.6479,0.1841,2297683,63204953.36,34706355816.0,34441980108.0,3134
2016-05-23,'002475,立讯精密,27.78,27.95,27.13,27.33,27.15,0.63,2.3204,0.4006,4999475,137962671.65,34932701614.8,34666601717.4,4526
2016-05-20,'002475,立讯精密,27.15,27.35,26.99,27.35,27.26,-0.11,-0.4035,0.2279,2844477,77176913.79,34140491319.0,33880426084.5,4221
2016-05-19,'002475,立讯精密,27.26,27.7,26.97,27.13,27.31,-0.05,-0.1831,0.3789,4727746,128747361.99,34278813751.6,34017694845.8,4915
2016-05-18,'002475,立讯精密,27.31,27.99,26.88,27.61,27.9,-0.59,-2.1147,0.5104,6369494,174047778.65,34341687584.6,34080089737.3,6925
2016-05-17,'002475,立讯精密,27.9,28.09,27.23,27.44,27.32,0.58,2.123,0.4486,5598065,155943099.12,35083598814.0,34816349457.0,7729
2016-05-16,'002475,立讯精密,27.32,27.54,26.65,27.06,27.51,-0.19,-0.6907,0.4581,5716186,154515637.55,34354262351.2,34092568715.6,7241
2016-05-13,'002475,立讯精密,27.51,28.1,27.22,28.1,27.95,-0.44,-1.5742,0.5994,7480245,206185491.37,34593182916.6,34329669303.3,9726
2016-05-12,'002475,立讯精密,27.95,28.29,27.78,27.82,28.06,-0.11,-0.392,0.2325,2901325,81292721.14,35146472647.0,34878744348.5,4404
2016-05-11,'002475,立讯精密,28.06,28.38,27.72,27.72,27.53,0.53,1.9252,0.5997,7483701,210305840.83,35284795079.6,35016013109.8,6750
2016-05-10,'002475,立讯精密,27.53,27.86,27.41,27.42,27.55,-0.02,-0.0726,0.2946,3676667,101772445.6,34618332449.8,34354627259.9,4901
2016-05-09,'002475,立讯精密,27.55,27.78,26.5,27.17,27.17,0.38,1.3986,0.3812,4757600,128676996.76,34643481983.0,34379585216.5,7370
2016-05-06,'002475,立讯精密,27.17,28.56,27.17,28.4,28.29,-1.12,-3.959,0.4045,5047220,140722652.32,34165640852.2,33905384041.1,7800
2016-05-05,'002475,立讯精密,28.29,28.39,28.12,28.26,28.25,0.04,0.1416,0.1794,2238690,63288888.52,35574014711.4,35303029610.7,3649
2016-05-04,'002475,立讯精密,28.25,28.65,28.18,28.57,28.68,-0.43,-1.4993,0.3712,4632736,131122720.35,35523715645.0,35253113697.5,6990
2016-05-03,'002475,立讯精密,28.68,28.76,27.93,28.24,28.22,0.46,1.63,0.5545,6919143,197437004.43,36064430608.8,35789709764.4,6707
2016-04-29,'002475,立讯精密,28.22,28.52,27.73,27.87,27.92,0.3,1.0745,0.6365,7942418,224474449.85,35485991345.2,35215676762.6,9644
2016-04-28,'002475,立讯精密,27.92,28.0,27.0,27.59,27.59,0.33,1.1961,0.3161,3944839,108349756.37,35108748347.2,34841307413.6,5373
2016-04-27,'002475,立讯精密,27.59,28.12,27.53,27.74,27.92,-0.33,-1.1819,0.3014,3760619,104755390.11,34693781049.4,34429501129.7,5052
2016-04-26,'002475,立讯精密,27.92,28.22,27.4,27.92,27.93,-0.01,-0.0358,0.3094,3860885,106910094.75,35108748347.2,34841307413.6,6002
2016-04-25,'002475,立讯精密,27.93,28.48,27.67,27.8,27.9,0.03,0.1075,0.4722,5892885,165587944.6,35121323113.8,34853786391.9,8852
2016-04-22,'002475,立讯精密,27.9,28.0,26.89,26.89,26.75,1.15,4.2991,0.6294,7854062,215796700.46,35083598814.0,34816349457.0,8782
2016-04-21,'002475,立讯精密,26.75,27.39,26.5,26.63,26.9,-0.15,-0.5576,0.4736,5909973,159682728.28,33637500655.0,33381266952.5,8319
2016-04-20,'002475,立讯精密,26.9,27.8,26.0,27.75,27.63,-0.73,-2.6421,0.6543,8164775,219175028.06,33826122154.0,33568451627.0,11673
2016-04-19,'002475,立讯精密,27.63,28.26,27.28,28.12,27.99,-0.36,-1.2862,0.5901,7364186,203461780.33,34744080115.8,34479417042.9,10521
2016-04-18,'002475,立讯精密,27.99,28.83,27.83,28.78,28.69,-0.7,-2.4399,0.4066,5074231,142381966.65,35196771713.4,34928660261.7,7445
2016-04-15,'002475,立讯精密,28.69,29.1,28.6,28.84,28.82,-0.13,-0.4511,0.2971,3707209,106591769.17,36077005375.4,35802188742.7,5492
2016-04-14,'002475,立讯精密,28.82,29.11,28.57,28.8,28.74,0.08,0.2784,0.471,5877140,169471811.19,36240477341.2,35964415460.6,8986
2016-04-13,'002475,立讯精密,28.74,28.97,28.51,28.51,28.42,0.32,1.126,0.8586,10714961,308901284.59,36139879208.4,35864583634.2,9529
2016-04-12,'002475,立讯精密,28.42,28.8,28.2,28.8,28.8,-0.38,-1.3194,0.3693,4608120,130993294.47,35737486677.2,35465256328.6,7432
2016-04-11,'002475,立讯精密,28.8,28.92,28.0,28.2,27.98,0.82,2.9307,0.6288,7846328,224800583.07,36215327808.0,35939457504.0,10296
2016-04-08,'002475,立讯精密,27.98,28.7,27.75,28.7,28.87,-0.89,-3.0828,0.7172,8949791,251660723.02,35184196946.8,34916181283.4,11612
2016-04-07,'002475,立讯精密,28.87,29.42,28.75,29.05,28.97,-0.1,-0.3452,0.7386,9217095,268433217.72,36303351174.2,36026810352.1,11414
2016-04-06,'002475,立讯精密,28.97,29.02,28.62,28.78,28.82,0.15,0.5205,0.6754,8427818,242762457.27,36429098840.2,36151600135.1,10163
2016-04-05,'002475,立讯精密,28.82,28.91,28.25,28.47,28.22,0.6,2.1262,0.8037,10029690,287111672.74,36240477341.2,35964415460.6,10893
2016-04-01,'002475,立讯精密,28.22,29.0,27.91,28.9,29.25,-1.03,-3.5214,0.721,8996774,254978702.87,35485991345.2,35215676762.6,14703
2016-03-31,'002475,立讯精密,29.25,30.18,28.52,30.18,30.16,-0.91,-3.0172,1.6167,20174470,584823096.44,36781192305.0,36501011527.5,23326
2016-03-30,'002475,立讯精密,30.16,30.28,29.21,29.21,29.08,1.08,3.7139,0.5405,6744278,200740115.24,37925496065.6,37636598552.8,7016
2016-03-29,'002475,立讯精密,29.08,29.55,28.75,29.35,29.48,-0.4,-1.3569,0.4088,5100858,148781374.14,36567421272.8,36288868896.4,6438
2016-03-28,'002475,立讯精密,29.48,30.53,29.35,30.25,30.2,-0.72,-2.3841,0.4373,5456829,163729001.93,37070411936.8,36788028028.4,5625
2016-03-25,'002475,立讯精密,30.2,30.74,29.94,30.51,30.59,-0.39,-1.2749,0.3634,4535238,137041936.3,37975795132.0,37686514466.0,5404
2016-03-24,'002475,立讯精密,30.59,31.12,30.4,30.6,30.8,-0.21,-0.6818,0.3365,4199658,129301771.56,38466211029.4,38173194619.7,5541
2016-03-23,'002475,立讯精密,30.8,31.14,30.38,30.79,30.8,0.0,0.0,0.3323,4146335,127200995.11,38730281128.0,38435253164.0,5994
2016-03-22,'002475,立讯精密,30.8,31.14,30.58,30.9,31.16,-0.36,-1.1553,0.3307,4126586,127332339.27,38730281128.0,38435253164.0,5151
2016-03-21,'002475,立讯精密,31.16,32.12,30.7,31.42,31.29,-0.13,-0.4155,0.6753,8427200,264295736.98,39182972725.6,38884496382.8,9019
2016-03-18,'002475,立讯精密,31.29,31.52,30.85,31.02,31.0,0.29,0.9355,0.5184,6468491,202375684.85,39346444691.4,39046723100.7,8140
2016-03-17,'002475,立讯精密,31.0,31.02,30.0,30.0,29.85,1.15,3.8526,0.6819,8509690,261216189.63,38981776460.0,38684832730.0,7038
2016-03-16,'002475,立讯精密,29.85,30.55,29.83,30.3,30.43,-0.58,-1.906,0.2449,3056420,92064505.24,37535678301.0,37249750225.5,4213
2016-03-15,'002475,立讯精密,30.43,30.56,29.89,29.99,30.13,0.3,0.9957,0.6037,7533706,228376948.67,38265014763.8,37973530966.9,7398
2016-03-14,'002475,立讯精密,30.13,30.5,28.98,28.98,28.8,1.33,4.6181,0.3362,4195938,125750919.6,37887771765.8,37599161617.9,5171
2016-03-11,'002475,立讯精密,28.8,29.26,28.55,28.98,29.31,-0.51,-1.74,0.2022,2523189,72832992.93,36215327808.0,35939457504.0,3946
2016-03-10,'002475,立讯精密,29.31,29.5,28.66,28.87,28.86,0.45,1.5593,0.2939,3668060,106961677.64,36856640904.6,36575885397.3,3925
2016-03-09,'002475,立讯精密,28.86,29.5,28.81,29.15,29.55,-0.69,-2.335,0.1883,2349938,68357029.14,36290776407.6,36014331373.8,3541
2016-03-08,'002475,立讯精密,29.55,29.96,28.85,29.86,30.13,-0.58,-1.925,0.3648,4551739,133125666.8,37158435303.0,36875380876.5,5389
2016-03-07,'002475,立讯精密,30.13,30.59,29.35,30.11,30.33,-0.2,-0.6594,0.6132,7652519,228839933.03,37887771765.8,37599161617.9,7142
2016-03-04,'002475,立讯精密,30.33,30.68,29.62,30.02,30.02,0.31,1.0326,1.1007,13736077,416114966.27,38139267097.8,37848741183.9,8978
2016-03-03,'002475,立讯精密,30.02,30.33,29.2,29.2,29.68,0.34,1.1456,0.4822,6017550,180344165.59,37749449333.2,37461892856.6,6833
2016-03-02,'002475,立讯精密,29.68,29.7,28.15,28.63,28.63,1.05,3.6675,0.5295,6608101,192578631.1,37321907268.8,37037607594.4,7710
2016-03-01,'002475,立讯精密,28.63,28.68,27.4,27.41,27.68,0.95,3.4321,0.5444,6794013,191787782.04,36001556775.8,35727314872.9,6330
2016-02-29,'002475,立讯精密,27.68,28.25,26.1,28.15,28.1,-0.42,-1.4947,0.6585,8216877,225039814.7,34806953948.8,34541811934.4,9630
2016-02-26,'002475,立讯精密,28.1,28.39,27.01,27.01,26.66,1.44,5.4014,0.7165,8940820,248759481.19,35335094146.0,35065929023.0,13830
2016-02-25,'002475,立讯精密,26.66,29.03,26.3,28.8,29.03,-2.37,-8.164,0.5697,7109355,199330861.24,33524327755.6,33268956147.8,5838
2016-02-24,'002475,立讯精密,29.03,29.4,28.3,29.38,29.16,-0.13,-0.4458,0.3218,4016158,115945130.54,36504547439.8,36226474004.9,5607
2016-02-23,'002475,立讯精密,29.16,30.09,28.82,29.95,29.94,-0.78,-2.6052,0.3728,4651741,135915298.22,36668019405.6,36388700722.8,6168
2016-02-22,'002475,立讯精密,29.94,30.7,29.53,30.49,28.99,0.95,3.277,0.4885,6096481,182907740.18,37648851200.4,37362061030.2,9094
2016-02-19,'002475,立讯精密,28.99,29.27,28.79,29.1,29.01,-0.02,-0.0689,0.2674,3337338,96767840.99,36454248373.4,36176558091.7,3983
2016-02-18,'002475,立讯精密,29.01,29.66,28.77,29.31,29.2,-0.19,-0.6507,0.3775,4710958,137494610.93,36479397906.6,36201516048.3,3797
2016-02-17,'002475,立讯精密,29.2,29.6,28.58,29.48,29.2,0.0,0.0,0.2364,2950644,85820880.38,36718318472.0,36438616636.0,4002
2016-02-16,'002475,立讯精密,29.2,29.36,28.09,28.09,28.02,1.18,4.2113,0.4212,5256533,152437551.01,36718318472.0,36438616636.0,5643
2016-02-15,'002475,立讯精密,28.02,28.25,26.8,26.89,27.89,0.13,0.4661,0.2512,3134254,87194245.95,35234496013.2,34966097196.6,3389
2016-02-05,'002475,立讯精密,27.89,28.3,27.6,28.0,28.02,-0.13,-0.464,0.2059,2569100,71881195.92,35071024047.4,34803870478.7,3670
2016-02-04,'002475,立讯精密,28.02,28.91,27.92,28.07,27.98,0.04,0.143,0.4162,5193621,147475948.08,35234496013.2,34966097196.6,4967
2016-02-03,'002475,立讯精密,27.98,28.18,27.61,27.93,27.92,0.06,0.2149,0.3057,3815130,106253523.96,35184196946.8,34916181283.4,4799
2016-02-02,'002475,立讯精密,27.92,28.76,27.77,27.98,27.76,0.16,0.5764,0.4084,5096375,144338307.19,35108748347.2,34841307413.6,5281
2016-02-01,'002475,立讯精密,27.76,28.18,27.56,27.8,27.78,-0.02,-0.072,0.5539,6912110,192643459.71,34907552081.6,34641643760.8,11178
2016-01-29,'002475,立讯精密,27.78,28.11,26.25,26.25,26.1,1.68,6.4368,0.6963,8688791,236231562.57,34932701614.8,34666601717.4,8360
2016-01-28,'002475,立讯精密,26.1,26.84,25.41,25.6,25.8,0.3,1.1628,0.5949,7423881,195212431.77,32820140826.0,32570133363.0,7394
2016-01-27,'002475,立讯精密,25.8,26.54,24.08,25.54,25.0,0.8,3.2,0.7057,8806563,221627571.46,32442897828.0,32195764014.0,8436
2016-01-26,'002475,立讯精密,25.0,26.54,24.88,25.88,26.0,-1.0,-3.8462,0.6001,7488819,193761799.01,31436916500.0,31197445750.0,7142
2016-01-25,'002475,立讯精密,26.0,26.49,25.71,26.39,26.02,-0.02,-0.0769,0.3381,4219384,110135842.7,32694393160.0,32445343580.0,4230
2016-01-22,'002475,立讯精密,26.02,27.05,25.53,27.0,26.6,-0.58,-2.1805,0.4584,5720301,149507114.59,32719542693.2,32470301536.6,5193
2016-01-21,'002475,立讯精密,26.6,27.64,26.45,26.85,27.17,-0.57,-2.0979,0.4634,5783377,156242898.01,33448879156.0,33194082278.0,4687
2016-01-20,'002475,立讯精密,27.17,28.06,27.0,27.6,27.62,-0.45,-1.6293,0.4662,5817320,160412928.62,34165640852.2,33905384041.1,5346
2016-01-19,'002475,立讯精密,27.62,28.3,26.65,27.17,27.05,0.57,2.1072,0.5724,7142723,195617942.47,34731505349.2,34466938064.6,10689
2016-01-18,'002475,立讯精密,27.05,27.6,26.12,26.58,27.0,0.05,0.1852,0.3672,4581862,123990252.69,34014743653.0,33755636301.5,4333
2016-01-15,'002475,立讯精密,27.0,28.23,26.8,27.81,27.81,-0.81,-2.9126,0.4878,6087073,167524300.82,33951869820.0,33693241410.0,5187
2016-01-14,'002475,立讯精密,27.81,28.13,26.0,26.75,27.3,0.51,1.8681,0.5922,7390616,203871515.19,34970425914.6,34704038652.3,5956
2016-01-13,'002475,立讯精密,27.3,28.38,27.06,27.98,27.47,-0.17,-0.6189,0.3226,4026202,112052712.8,34329112818.0,34067610759.0,4396
2016-01-12,'002475,立讯精密,27.47,28.19,26.86,27.47,27.08,0.39,1.4402,0.4219,5265142,145116957.95,34542883850.2,34279753390.1,4895
2016-01-11,'002475,立讯精密,27.08,28.88,27.03,28.84,29.06,-1.98,-6.8135,0.4764,5945274,165114658.55,34052467952.8,33793073236.4,7253
2016-01-08,'002475,立讯精密,29.06,29.95,27.5,29.0,28.6,0.46,1.6084,0.5332,6653998,192986404.61,36542271739.6,36263910939.8,7631
2016-01-07,'002475,立讯精密,28.6,30.6,28.28,30.6,30.89,-2.29,-7.4134,0.0782,976363,28896035.82,35963832476.0,35689877938.0,929
2016-01-06,'002475,立讯精密,30.89,30.93,29.9,30.42,30.4,0.49,1.6118,0.4355,5434976,165352763.62,38843454027.4,38547563968.7,5142
2016-01-05,'002475,立讯精密,30.4,31.0,29.02,29.85,29.8,0.6,2.0134,0.7208,8994917,270947882.11,38227290464.0,37936094032.0,9828
2016-01-04,'002475,立讯精密,29.8,32.1,29.76,32.1,31.95,-2.15,-6.7293,0.4577,5711193,176496755.11,37472804468.0,37187355334.0,4662
