日期,股票代码,名称,收盘价,最高价,最低价,开盘价,前收盘,涨跌额,涨跌幅,换手率,成交量,成交金额,总市值,流通市值,成交笔数
2016-10-12,'002307,北新路桥,8.97,9.1,8.78,8.82,8.85,0.12,1.3559,2.8684,15986165,142899508.36,4999224625.2,4999224625.2,6714
2016-10-11,'002307,北新路桥,8.85,8.9,8.76,8.78,8.81,0.04,0.454,1.8377,10241816,90374070.68,4932345366.0,4932345366.0,4262
2016-10-10,'002307,北新路桥,8.81,8.82,8.62,8.66,8.63,0.18,2.0857,1.8412,10261671,89853431.59,4910052279.6,4910052279.6,4438
2016-09-30,'002307,北新路桥,8.63,8.63,8.54,8.6,8.61,0.02,0.2323,1.1831,6593587,56704974.97,4809733390.8,4809733390.8,3094
2016-09-29,'002307,北新路桥,8.61,8.66,8.52,8.64,8.59,0.02,0.2328,1.6137,8993379,77280424.97,4798586847.6,4798586847.6,4971
2016-09-28,'002307,北新路桥,8.59,8.92,8.51,8.92,8.88,-0.29,-3.2658,2.2644,12620185,110186224.31,4787440304.4,4787440304.4,6046
2016-09-27,'002307,北新路桥,8.88,8.92,8.71,8.82,8.76,0.12,1.3699,2.3,12818619,113136519.3,4949065180.8,4949065180.8,6184
2016-09-26,'002307,北新路桥,8.76,9.08,8.71,9.05,9.13,-0.37,-4.0526,3.2468,18095493,160700980.75,4882185921.6,4882185921.6,9406
2016-09-23,'002307,北新路桥,9.13,9.33,8.9,9.02,8.98,0.15,1.6704,4.5884,25572217,233483311.8,5088396970.8,5088396970.8,12850
2016-09-22,'002307,北新路桥,8.98,9.12,8.89,8.94,8.87,0.11,1.2401,2.6873,14977309,135012233.6,5004797896.8,5004797896.8,7774
2016-09-21,'002307,北新路桥,8.87,9.0,8.75,9.0,9.02,-0.15,-1.663,2.4265,13523352,120106903.3,4943491909.2,4943491909.2,7965
2016-09-20,'002307,北新路桥,9.02,9.22,8.9,9.05,8.86,0.16,1.8059,5.2365,29184712,264224132.11,5027090983.2,5027090983.2,15338
2016-09-19,'002307,北新路桥,8.86,8.87,8.59,8.64,8.63,0.23,2.6651,1.7254,9616381,83492729.78,4937918637.6,4937918637.6,4936
2016-09-14,'002307,北新路桥,8.63,8.81,8.58,8.7,8.75,-0.12,-1.3714,1.4975,8346249,72676573.38,4809733390.8,4809733390.8,4384
2016-09-13,'002307,北新路桥,8.75,8.75,8.56,8.57,8.53,0.22,2.5791,1.7977,10018835,86726084.87,4876612650.0,4876612650.0,5131
2016-09-12,'002307,北新路桥,8.53,8.8,8.47,8.7,8.84,-0.31,-3.5068,2.4481,13644022,117347598.86,4754000674.8,4754000674.8,6972
2016-09-09,'002307,北新路桥,8.84,9.13,8.84,9.05,9.08,-0.24,-2.6432,3.0064,16755445,149850870.8,4926772094.4,4926772094.4,8403
2016-09-08,'002307,北新路桥,9.08,9.23,8.92,9.01,8.94,0.14,1.566,4.3667,24336680,220818759.85,5060530612.8,5060530612.8,11857
2016-09-07,'002307,北新路桥,8.94,9.25,8.8,8.84,8.84,0.1,1.1312,5.5973,31195231,282722599.69,4982504810.4,4982504810.4,14780
2016-09-06,'002307,北新路桥,8.84,8.9,8.65,8.87,8.9,-0.06,-0.6742,3.0076,16762266,147346227.09,4926772094.4,4926772094.4,8607
2016-09-05,'002307,北新路桥,8.9,8.95,8.48,8.57,8.52,0.38,4.4601,4.7142,26273580,231153773.26,4960211724.0,4960211724.0,12762
2016-09-02,'002307,北新路桥,8.52,8.67,8.4,8.61,8.6,-0.08,-0.9302,2.4409,13603951,115540919.73,4748427403.2,4748427403.2,6710
2016-09-01,'002307,北新路桥,8.6,8.88,8.6,8.8,8.86,-0.26,-2.9345,2.4957,13909347,121372122.36,4793013576.0,4793013576.0,6771
2016-08-31,'002307,北新路桥,8.86,8.93,8.65,8.85,9.0,-0.14,-1.5556,3.8791,21619288,189560728.59,4937918637.6,4937918637.6,9794
2016-08-30,'002307,北新路桥,9.0,9.14,8.61,8.73,8.77,0.23,2.6226,7.3083,40731252,363251862.47,5015944440.0,5015944440.0,18199
2016-08-29,'002307,北新路桥,8.77,8.95,8.3,8.3,8.29,0.48,5.7901,5.5514,30939476,268323259.51,4887759193.2,4887759193.2,14594
2016-08-26,'002307,北新路桥,8.29,8.38,8.27,8.31,8.32,-0.03,-0.3606,1.0285,5732071,47723309.45,4620242156.4,4620242156.4,2678
2016-08-25,'002307,北新路桥,8.32,8.36,8.15,8.36,8.38,-0.06,-0.716,1.1503,6411212,53026661.96,4636961971.2,4636961971.2,3253
2016-08-24,'002307,北新路桥,8.38,8.47,8.36,8.41,8.41,-0.03,-0.3567,1.0921,6086346,51194697.08,4670401600.8,4670401600.8,2954
2016-08-23,'002307,北新路桥,8.41,8.48,8.33,8.34,8.37,0.04,0.4779,1.2672,7062446,59437004.64,4687121415.6,4687121415.6,3267
2016-08-22,'002307,北新路桥,8.37,8.65,8.36,8.65,8.66,-0.29,-3.3487,2.3017,12827833,108645738.61,4664828329.2,4664828329.2,7019
2016-08-19,'002307,北新路桥,8.66,8.74,8.49,8.51,8.6,0.06,0.6977,3.0523,17011153,146587775.15,4826453205.6,4826453205.6,8244
2016-08-18,'002307,北新路桥,8.6,8.75,8.5,8.71,8.7,-0.1,-1.1494,4.6743,26051145,223653967.74,4793013576.0,4793013576.0,11082
2016-08-17,'002307,北新路桥,8.7,8.71,8.23,8.24,8.26,0.44,5.3269,5.5158,30741142,261953937.17,4848746292.0,4848746292.0,14282
2016-08-16,'002307,北新路桥,8.26,8.39,8.21,8.26,8.29,-0.03,-0.3619,2.0451,11398046,94487138.87,4603522341.6,4603522341.6,4998
2016-08-15,'002307,北新路桥,8.29,8.33,8.1,8.15,8.15,0.14,1.7178,2.584,14401106,118585258.66,4620242156.4,4620242156.4,6961
2016-08-12,'002307,北新路桥,8.15,8.16,7.86,8.0,7.96,0.19,2.3869,1.5986,8909311,72155552.14,4542216354.0,4542216354.0,4245
2016-08-11,'002307,北新路桥,7.96,8.11,7.96,8.09,8.05,-0.09,-1.118,1.0704,5965353,48009552.91,4436324193.6,4436324193.6,2932
2016-08-10,'002307,北新路桥,8.05,8.17,8.02,8.14,8.19,-0.14,-1.7094,1.4376,8012273,64835090.37,4486483638.0,4486483638.0,4191
2016-08-09,'002307,北新路桥,8.19,8.23,8.1,8.15,8.07,0.12,1.487,2.2494,12536674,102261838.58,4564509440.4,4564509440.4,6365
2016-08-08,'002307,北新路桥,8.07,8.09,7.86,7.98,7.97,0.1,1.2547,1.6729,9323804,74795014.92,4497630181.2,4497630181.2,3229
2016-08-05,'002307,北新路桥,7.97,8.13,7.97,8.13,8.13,-0.16,-1.968,1.5123,8428682,67710096.0,4441897465.2,4441897465.2,3909
2016-08-04,'002307,北新路桥,8.13,8.17,7.96,8.08,8.15,-0.02,-0.2454,2.4514,13662559,110314481.25,4531069810.8,4531069810.8,5707
2016-08-03,'002307,北新路桥,8.15,8.23,7.63,7.7,7.69,0.46,5.9818,3.7743,21035230,168958846.11,4542216354.0,4542216354.0,9536
2016-08-02,'002307,北新路桥,7.69,7.7,7.61,7.67,7.63,0.06,0.7864,0.5541,3088220,23618517.9,4285845860.4,4285845860.4,1643
2016-08-01,'002307,北新路桥,7.63,7.8,7.58,7.78,7.81,-0.18,-2.3047,1.0968,6112965,46769281.33,4252406230.8,4252406230.8,2833
2016-07-29,'002307,北新路桥,7.81,8.0,7.79,7.95,7.95,-0.14,-1.761,1.1801,6576986,51826901.12,4352725119.6,4352725119.6,3084
2016-07-28,'002307,北新路桥,7.95,8.0,7.78,7.84,7.84,0.11,1.4031,1.6258,9060934,71732546.41,4430750922.0,4430750922.0,3870
2016-07-27,'002307,北新路桥,7.84,8.36,7.8,8.3,8.32,-0.48,-5.7692,3.1211,17394554,140587370.91,4369444934.4,4369444934.4,8330
2016-07-26,'002307,北新路桥,8.32,8.39,8.21,8.39,8.37,-0.05,-0.5974,2.3431,13058678,108012864.06,4636961971.2,4636961971.2,6359
2016-07-25,'002307,北新路桥,8.37,8.39,8.13,8.16,8.11,0.26,3.2059,3.1282,17434178,143925907.05,4664828329.2,4664828329.2,7531
2016-07-22,'002307,北新路桥,8.11,8.19,8.09,8.1,8.13,-0.02,-0.246,0.9994,5569852,45273506.49,4519923267.6,4519923267.6,2623
2016-07-21,'002307,北新路桥,8.13,8.2,8.09,8.11,8.12,0.01,0.1232,1.2767,7115604,57964272.52,4531069810.8,4531069810.8,3244
2016-07-20,'002307,北新路桥,8.12,8.25,8.07,8.07,8.1,0.02,0.2469,1.5677,8737496,71452340.77,4525496539.2,4525496539.2,3682
2016-07-19,'002307,北新路桥,8.1,8.16,8.0,8.04,8.08,0.02,0.2475,0.9967,5555053,44859326.31,4514349996.0,4514349996.0,2720
2016-07-18,'002307,北新路桥,8.08,8.21,8.05,8.15,8.14,-0.06,-0.7371,1.3277,7399825,60150046.78,4503203452.8,4503203452.8,3207
2016-07-15,'002307,北新路桥,8.14,8.25,8.1,8.16,8.14,0.0,0.0,1.5821,8817415,72109269.03,4536643082.4,4536643082.4,3889
2016-07-14,'002307,北新路桥,8.14,8.17,8.1,8.17,8.18,-0.04,-0.489,1.1448,6380313,51902122.21,4536643082.4,4536643082.4,2770
2016-07-13,'002307,北新路桥,8.18,8.19,8.04,8.1,8.08,0.1,1.2376,2.1699,12093253,98328696.66,4558936168.8,4558936168.8,4871
2016-07-12,'002307,北新路桥,8.08,8.09,7.9,7.95,8.02,0.06,0.7481,1.791,9981506,80145828.38,4503203452.8,4503203452.8,3941
2016-07-11,'002307,北新路桥,8.02,8.11,8.0,8.01,8.01,0.01,0.1248,1.3497,7522398,60519319.44,4469763823.2,4469763823.2,3420
2016-07-08,'002307,北新路桥,8.01,8.09,7.97,8.02,8.01,0.0,0.0,1.3323,7425030,59620155.64,4464190551.6,4464190551.6,3151
2016-07-07,'002307,北新路桥,8.01,8.09,7.93,8.09,8.07,-0.06,-0.7435,1.5699,8749407,70044961.0,4464190551.6,4464190551.6,4062
2016-07-06,'002307,北新路桥,8.07,8.14,7.97,8.04,8.06,0.01,0.1241,1.7272,9626325,77492165.31,4497630181.2,4497630181.2,4351
2016-07-05,'002307,北新路桥,8.06,8.11,7.93,7.96,7.93,0.13,1.6393,2.4824,13835270,111283439.15,4492056909.6,4492056909.6,6114
2016-07-04,'002307,北新路桥,7.93,7.96,7.72,7.72,7.74,0.19,2.4548,1.9571,10907359,85916414.26,4419604378.8,4419604378.8,5065
2016-07-01,'002307,北新路桥,7.74,7.88,7.7,7.85,7.85,-0.11,-1.4013,1.1625,6479172,50320541.11,4313712218.4,4313712218.4,2987
2016-06-30,'002307,北新路桥,7.85,7.86,7.73,7.8,7.83,0.02,0.2554,1.4225,7928044,61874306.37,4375018206.0,4375018206.0,3718
2016-06-29,'002307,北新路桥,7.83,7.94,7.71,7.74,7.71,0.12,1.5564,2.9613,16504119,129429777.05,4363871662.8,4363871662.8,6412
2016-06-28,'002307,北新路桥,7.71,7.75,7.59,7.63,7.68,0.03,0.3906,1.4424,8038723,61697105.45,4296992403.6,4296992403.6,3259
2016-06-27,'002307,北新路桥,7.68,7.69,7.41,7.44,7.49,0.19,2.5367,0.8628,4808896,36567546.32,4280272588.8,4280272588.8,2913
2016-06-24,'002307,北新路桥,7.49,7.78,7.21,7.72,7.68,-0.19,-2.474,1.5273,8512127,64541961.18,4174380428.4,4174380428.4,4065
2016-06-23,'002307,北新路桥,7.68,7.78,7.66,7.76,7.79,-0.11,-1.4121,1.0145,5653847,43606924.2,4280272588.8,4280272588.8,2519
2016-06-22,'002307,北新路桥,7.79,7.8,7.63,7.7,7.74,0.05,0.646,1.2939,7211109,55765087.24,4341578576.4,4341578576.4,3130
2016-06-21,'002307,北新路桥,7.74,7.85,7.66,7.66,7.69,0.05,0.6502,1.3082,7291220,56584569.44,4313712218.4,4313712218.4,3480
2016-06-20,'002307,北新路桥,7.69,7.82,7.63,7.82,7.65,0.04,0.5229,1.128,6286407,48455191.68,4285845860.4,4285845860.4,2827
2016-06-17,'002307,北新路桥,7.65,7.78,7.55,7.55,7.61,0.04,0.5256,0.9763,5441137,41734717.44,4263552774.0,4263552774.0,2711
2016-06-16,'002307,北新路桥,7.61,7.63,7.51,7.55,7.54,0.07,0.9284,0.8249,4597471,34845361.67,4241259687.6,4241259687.6,3050
2016-06-15,'002307,北新路桥,7.54,7.62,7.2,7.21,7.38,0.16,2.168,1.0505,5854627,43894898.31,4202246786.4,4202246786.4,3174
2016-06-14,'002307,北新路桥,7.38,7.52,7.32,7.38,7.4,-0.02,-0.2703,0.9114,5079701,37525573.96,4113074440.8,4113074440.8,2994
2016-06-13,'002307,北新路桥,7.4,7.82,7.4,7.75,7.84,-0.44,-5.6122,1.3182,7346593,56455950.7,4124220984.0,4124220984.0,4114
2016-06-08,'002307,北新路桥,7.84,7.89,7.7,7.85,7.83,0.01,0.1277,1.1308,6302104,49420795.63,4369444934.4,4369444934.4,3054
2016-06-07,'002307,北新路桥,7.83,7.9,7.8,7.84,7.83,0.0,0.0,0.8255,4600816,36068287.87,4363871662.8,4363871662.8,2499
2016-06-06,'002307,北新路桥,7.83,7.92,7.79,7.84,7.8,0.03,0.3846,1.0155,5659829,44433306.1,4363871662.8,4363871662.8,2765
2016-06-03,'002307,北新路桥,7.8,7.95,7.77,7.8,7.8,0.0,0.0,1.3745,7660231,60153665.45,4347151848.0,4347151848.0,3537
2016-06-02,'002307,北新路桥,7.8,7.86,7.72,7.82,7.75,0.05,0.6452,1.0603,5909409,46020714.59,4347151848.0,4347151848.0,3062
2016-06-01,'002307,北新路桥,7.75,7.89,7.69,7.71,7.75,0.0,0.0,1.446,8058727,62738983.27,4319285490.0,4319285490.0,3981
2016-05-31,'002307,北新路桥,7.75,7.76,7.44,7.44,7.48,0.27,3.6096,1.7758,9896957,75930034.73,4319285490.0,4319285490.0,5254
2016-05-30,'002307,北新路桥,7.48,7.59,7.41,7.45,7.43,0.05,0.6729,1.0581,5897219,44386411.99,4168807156.8,4168807156.8,3822
2016-05-27,'002307,北新路桥,7.43,7.54,7.36,7.42,7.42,0.01,0.1348,0.6677,3721026,27734668.21,4140940798.8,4140940798.8,2227
2016-05-26,'002307,北新路桥,7.42,7.45,7.21,7.36,7.36,0.06,0.8152,0.7511,4186202,30694073.05,4135367527.2,4135367527.2,2641
2016-05-25,'002307,北新路桥,7.36,7.56,7.36,7.48,7.41,-0.05,-0.6748,0.8179,4558340,34030341.88,4101927897.6,4101927897.6,2491
2016-05-24,'002307,北新路桥,7.41,7.6,7.34,7.42,7.41,0.0,0.0,1.2225,6813222,51008059.94,4129794255.6,4129794255.6,3549
2016-05-23,'002307,北新路桥,7.41,7.45,7.3,7.31,7.32,0.09,1.2295,0.7884,4394123,32509786.37,4129794255.6,4129794255.6,2177
2016-05-20,'002307,北新路桥,7.32,7.32,7.13,7.17,7.25,0.07,0.9655,0.7207,4016707,29069757.78,4079634811.2,4079634811.2,2142
2016-05-19,'002307,北新路桥,7.25,7.41,7.23,7.28,7.27,-0.02,-0.2751,0.6127,3414794,25036786.15,4040621910.0,4040621910.0,2272
2016-05-18,'002307,北新路桥,7.27,7.54,7.19,7.5,7.58,-0.31,-4.0897,1.047,5835439,42681107.78,4051768453.2,4051768453.2,3373
2016-05-17,'002307,北新路桥,7.58,7.65,7.53,7.65,7.64,-0.06,-0.7853,0.7938,4424190,33580713.22,4224539872.8,4224539872.8,2372
2016-05-16,'002307,北新路桥,7.64,7.66,7.38,7.5,7.58,0.06,0.7916,1.1128,6201726,46472720.66,4257979502.4,4257979502.4,3249
2016-05-13,'002307,北新路桥,7.58,7.64,7.34,7.45,7.45,0.13,1.745,0.8855,4934878,37065654.29,4224539872.8,4224539872.8,3529
2016-05-12,'002307,北新路桥,7.45,7.49,7.2,7.45,7.52,-0.07,-0.9309,0.7982,4448732,32645701.76,4152087342.0,4152087342.0,2884
2016-05-11,'002307,北新路桥,7.52,7.64,7.5,7.63,7.56,-0.04,-0.5291,0.6838,3811008,28881269.25,4191100243.2,4191100243.2,2281
2016-05-10,'002307,北新路桥,7.56,7.61,7.5,7.55,7.55,0.01,0.1325,0.6432,3584949,27094234.96,4213393329.6,4213393329.6,2449
2016-05-09,'002307,北新路桥,7.55,7.96,7.49,7.95,7.97,-0.42,-5.2698,1.316,7334678,56134273.7,4207820058.0,4207820058.0,5088
2016-05-06,'002307,北新路桥,7.97,8.41,7.96,8.37,8.38,-0.41,-4.8926,1.8223,10155986,83143725.06,4441897465.2,4441897465.2,5931
2016-05-05,'002307,北新路桥,8.38,8.4,8.28,8.37,8.39,-0.01,-0.1192,1.1752,6549717,54647912.94,4670401600.8,4670401600.8,3280
2016-05-04,'002307,北新路桥,8.39,8.43,8.29,8.31,8.37,0.02,0.2389,1.5001,8360648,69978268.99,4675974872.4,4675974872.4,4193
2016-05-03,'002307,北新路桥,8.37,8.39,8.15,8.18,8.15,0.22,2.6994,1.4517,8090643,67234160.78,4664828329.2,4664828329.2,4333
2016-04-29,'002307,北新路桥,8.15,8.24,8.08,8.13,8.18,-0.03,-0.3667,0.8002,4459681,36423916.52,4542216354.0,4542216354.0,2672
2016-04-28,'002307,北新路桥,8.18,8.32,8.07,8.27,8.27,-0.09,-1.0883,1.475,8220434,67335703.94,4558936168.8,4558936168.8,3990
2016-04-27,'002307,北新路桥,8.27,8.44,8.19,8.25,8.25,0.02,0.2424,1.6648,9278476,77144163.22,4609095613.2,4609095613.2,4656
2016-04-26,'002307,北新路桥,8.25,8.25,8.1,8.2,8.19,0.06,0.7326,1.0288,5733507,46887011.25,4597949070.0,4597949070.0,3576
2016-04-25,'002307,北新路桥,8.19,8.28,7.98,8.25,8.32,-0.13,-1.5625,1.4362,8004318,65101535.06,4564509440.4,4564509440.4,4887
2016-04-22,'002307,北新路桥,8.32,8.38,8.08,8.15,8.27,0.05,0.6046,1.5671,8734112,71712519.02,4636961971.2,4636961971.2,5267
2016-04-21,'002307,北新路桥,8.27,8.49,8.24,8.4,8.4,-0.13,-1.5476,2.2524,12553359,105169555.31,4609095613.2,4609095613.2,7042
2016-04-20,'002307,北新路桥,8.4,9.26,8.28,9.1,9.11,-0.71,-7.7936,3.2639,18190516,157736772.73,4681548144.0,4681548144.0,13059
2016-04-19,'002307,北新路桥,9.11,9.44,9.02,9.29,9.31,-0.2,-2.1482,2.8003,15606759,143077835.56,5077250427.6,5077250427.6,9765
2016-04-18,'002307,北新路桥,9.31,9.34,8.84,8.9,8.98,0.33,3.6748,5.1723,28826860,265480860.59,5188715859.6,5188715859.6,14890
2016-04-15,'002307,北新路桥,8.98,9.14,8.95,9.08,9.14,-0.16,-1.7505,2.8519,15894536,143479590.77,5004797896.8,5004797896.8,8903
2016-04-14,'002307,北新路桥,9.14,9.22,9.01,9.15,9.13,0.01,0.1095,3.7527,20914900,191041779.65,5093970242.4,5093970242.4,11681
2016-04-13,'002307,北新路桥,9.13,9.29,8.84,9.0,8.99,0.14,1.5573,6.4161,35758395,325024158.06,5088396970.8,5088396970.8,19148
2016-04-12,'002307,北新路桥,8.99,9.07,8.6,8.68,8.71,0.28,3.2147,5.7902,32270462,287507804.02,5010371168.4,5010371168.4,17677
2016-04-11,'002307,北新路桥,8.71,8.71,8.46,8.49,8.49,0.22,2.5913,3.319,18497700,159214969.4,4854319563.6,4854319563.6,9806
2016-04-08,'002307,北新路桥,8.49,8.56,8.31,8.32,8.34,0.15,1.7986,2.7515,15334744,129537150.79,4731707588.4,4731707588.4,8888
2016-04-07,'002307,北新路桥,8.34,8.62,8.33,8.58,8.66,-0.32,-3.6952,2.81,15660921,132259601.82,4648108514.4,4648108514.4,8342
2016-04-06,'002307,北新路桥,8.66,8.77,8.36,8.42,8.44,0.22,2.6066,3.3691,18776901,161194571.56,4826453205.6,4826453205.6,10874
2016-04-05,'002307,北新路桥,8.44,8.49,8.22,8.22,8.21,0.23,2.8015,1.6091,8968225,75327794.68,4703841230.4,4703841230.4,5613
2016-04-01,'002307,北新路桥,8.21,8.36,8.13,8.33,8.33,-0.12,-1.4406,1.0833,6037330,49645218.57,4575655983.6,4575655983.6,3682
2016-03-31,'002307,北新路桥,8.33,8.43,8.31,8.32,8.31,0.02,0.2407,1.4059,7835480,65546183.66,4642535242.8,4642535242.8,4538
2016-03-30,'002307,北新路桥,8.31,8.35,8.09,8.09,8.04,0.27,3.3582,1.2435,6930534,57079629.63,4631388699.6,4631388699.6,4151
2016-03-29,'002307,北新路桥,8.04,8.32,8.0,8.26,8.26,-0.22,-2.6634,1.4605,8139882,66105548.79,4480910366.4,4480910366.4,4952
2016-03-28,'002307,北新路桥,8.26,8.58,8.25,8.46,8.42,-0.16,-1.9002,2.2174,12358286,104344748.45,4603522341.6,4603522341.6,6021
2016-03-25,'002307,北新路桥,8.42,8.47,8.28,8.3,8.35,0.07,0.8383,1.4108,7862565,65832657.97,4692694687.2,4692694687.2,3958
2016-03-24,'002307,北新路桥,8.35,8.58,8.21,8.37,8.44,-0.09,-1.0664,2.0124,11215540,94320162.76,4653681786.0,4653681786.0,6617
2016-03-23,'002307,北新路桥,8.44,8.47,8.31,8.31,8.36,0.08,0.9569,1.5146,8441356,70884128.87,4703841230.4,4703841230.4,4903
2016-03-22,'002307,北新路桥,8.36,8.5,8.33,8.43,8.53,-0.17,-1.993,2.1696,12091913,101697255.74,4659255057.6,4659255057.6,7350
2016-03-21,'002307,北新路桥,8.53,8.59,8.31,8.47,8.33,0.2,2.401,3.9871,22221121,187731893.97,4754000674.8,4754000674.8,11723
2016-03-18,'002307,北新路桥,8.33,8.43,8.04,8.04,7.99,0.34,4.2553,3.0145,16800472,138850890.81,4642535242.8,4642535242.8,10473
2016-03-17,'002307,北新路桥,7.99,8.06,7.83,7.85,7.81,0.18,2.3047,1.3652,7608565,60678059.69,4453044008.4,4453044008.4,5209
2016-03-16,'002307,北新路桥,7.81,8.09,7.78,8.0,7.98,-0.17,-2.1303,1.1458,6385729,50405365.75,4352725119.6,4352725119.6,4317
2016-03-15,'002307,北新路桥,7.98,8.15,7.91,8.06,8.19,-0.21,-2.5641,1.4862,8282878,66467640.95,4447470736.8,4447470736.8,5677
2016-03-14,'002307,北新路桥,8.19,8.3,7.78,7.86,7.75,0.44,5.6774,2.4946,13903093,112361470.41,4564509440.4,4564509440.4,9376
2016-03-11,'002307,北新路桥,7.75,7.95,7.52,7.52,7.66,0.09,1.1749,1.1818,6586768,51307748.55,4319285490.0,4319285490.0,4724
2016-03-10,'002307,北新路桥,7.66,7.94,7.63,7.81,7.83,-0.17,-2.1711,1.1078,6174058,48018196.23,4269126045.6,4269126045.6,4434
2016-03-09,'002307,北新路桥,7.83,8.15,7.8,8.0,8.31,-0.48,-5.7762,2.3045,12843787,102152625.48,4363871662.8,4363871662.8,8749
2016-03-08,'002307,北新路桥,8.31,8.51,7.41,7.8,7.74,0.57,7.3643,3.794,21144933,171636291.19,4631388699.6,4631388699.6,13176
2016-03-07,'002307,北新路桥,7.74,7.83,7.55,7.7,7.51,0.23,3.0626,1.2143,6767554,52358968.76,4313712218.4,4313712218.4,3765
2016-03-04,'002307,北新路桥,7.51,7.88,7.41,7.81,7.92,-0.41,-5.1768,1.5964,8896944,68163683.94,4185526971.6,4185526971.6,5648
2016-03-03,'002307,北新路桥,7.92,8.16,7.58,7.62,7.68,0.24,3.125,2.4303,13544645,105839935.97,4414031107.2,4414031107.2,7577
2016-03-02,'002307,北新路桥,7.68,7.7,7.22,7.29,7.29,0.39,5.3498,1.8624,10379936,78144488.67,4280272588.8,4280272588.8,6060
2016-03-01,'002307,北新路桥,7.29,7.33,6.92,7.19,7.13,0.16,2.244,1.3586,7572083,54279809.46,4062914996.4,4062914996.4,4439
2016-02-29,'002307,北新路桥,7.13,7.72,7.01,7.7,7.72,-0.59,-7.6425,1.278,7122434,51330374.39,3973742650.8,3973742650.8,5029
2016-02-26,'002307,北新路桥,7.72,7.95,7.5,7.81,7.75,-0.03,-0.3871,1.3347,7438478,57389404.79,4302565675.2,4302565675.2,4867
2016-02-25,'002307,北新路桥,7.75,8.58,7.75,8.55,8.61,-0.86,-9.9884,2.2602,12596871,102284710.16,4319285490.0,4319285490.0,8479
2016-02-24,'002307,北新路桥,8.61,8.65,8.37,8.4,8.45,0.16,1.8935,2.0972,11688523,99603642.78,4798586847.6,4798586847.6,7093
2016-02-23,'002307,北新路桥,8.45,8.52,8.27,8.49,8.5,-0.05,-0.5882,1.4411,8031756,67375643.94,4709414502.0,4709414502.0,4861
2016-02-22,'002307,北新路桥,8.5,8.59,8.32,8.4,8.3,0.2,2.4096,1.8611,10372319,87837981.92,4737280860.0,4737280860.0,5698
2016-02-19,'002307,北新路桥,8.3,8.48,8.21,8.29,8.38,-0.08,-0.9547,1.5238,8492582,70657503.74,4625815428.0,4625815428.0,5317
2016-02-18,'002307,北新路桥,8.38,8.64,8.19,8.3,8.26,0.12,1.4528,2.7339,15236816,128401261.35,4670401600.8,4670401600.8,8901
2016-02-17,'002307,北新路桥,8.26,8.31,8.07,8.14,8.14,0.12,1.4742,2.1484,11973424,98432432.5,4603522341.6,4603522341.6,6571
2016-02-16,'002307,北新路桥,8.14,8.2,7.79,7.8,7.77,0.37,4.7619,1.685,9391116,75555103.76,4536643082.4,4536643082.4,5441
2016-02-15,'002307,北新路桥,7.77,7.88,7.55,7.61,7.92,-0.15,-1.8939,0.8396,4679282,36036333.75,4330432033.2,4330432033.2,3241
2016-02-05,'002307,北新路桥,7.92,8.11,7.92,7.99,8.05,-0.13,-1.6149,1.1038,6151849,49331809.82,4414031107.2,4414031107.2,3845
2016-02-04,'002307,北新路桥,8.05,8.15,7.88,8.02,8.01,0.04,0.4994,1.8512,10317226,82820067.9,4486483638.0,4486483638.0,6609
2016-02-03,'002307,北新路桥,8.01,8.15,7.75,7.9,7.74,0.27,3.4884,1.8949,10560777,84226410.58,4464190551.6,4464190551.6,7331
2016-02-02,'002307,北新路桥,7.74,7.74,7.44,7.5,7.45,0.29,3.8926,1.1103,6188258,47325038.78,4313712218.4,4313712218.4,4064
2016-02-01,'002307,北新路桥,7.45,7.73,7.31,7.65,7.67,-0.22,-2.8683,0.8511,4743258,35869188.65,4152087342.0,4152087342.0,3369
2016-01-29,'002307,北新路桥,7.67,7.87,7.37,7.38,7.37,0.3,4.0706,1.2598,7021406,53316427.79,4274699317.2,4274699317.2,4799
2016-01-28,'002307,北新路桥,7.37,8.1,7.28,8.0,8.05,-0.68,-8.4472,1.2404,6913210,53613542.08,4107501169.2,4107501169.2,5497
2016-01-27,'002307,北新路桥,8.05,8.17,7.57,8.09,7.97,0.08,1.0038,1.804,10053969,79630816.14,4486483638.0,4486483638.0,7552
2016-01-26,'002307,北新路桥,7.97,8.94,7.85,8.56,8.7,-0.73,-8.3908,3.0491,16993699,145394650.21,4441897465.2,4441897465.2,11887
2016-01-25,'002307,北新路桥,8.7,8.7,8.42,8.52,8.44,0.26,3.0806,1.7433,9715931,83177818.04,4848746292.0,4848746292.0,5897
2016-01-22,'002307,北新路桥,8.44,8.56,8.18,8.39,8.33,0.11,1.3205,1.727,9625061,80545990.6,4703841230.4,4703841230.4,6084
2016-01-21,'002307,北新路桥,8.33,8.93,8.15,8.35,8.47,-0.14,-1.6529,2.2812,12713570,107879652.63,4642535242.8,4642535242.8,8367
2016-01-20,'002307,北新路桥,8.47,8.66,8.37,8.51,8.62,-0.15,-1.7401,2.048,11414001,97254323.26,4720561045.2,4720561045.2,7490
2016-01-19,'002307,北新路桥,8.62,8.7,7.96,8.1,8.07,0.55,6.8154,2.7897,15547573,130712600.62,4804160119.2,4804160119.2,9963
2016-01-18,'002307,北新路桥,8.07,8.2,7.75,7.8,7.98,0.09,1.1278,1.3669,7618269,61412554.03,4497630181.2,4497630181.2,4871
2016-01-15,'002307,北新路桥,7.98,8.48,7.8,8.25,8.43,-0.45,-5.3381,1.5042,8383279,68568271.15,4447470736.8,4447470736.8,6216
2016-01-14,'002307,北新路桥,8.43,8.48,7.61,7.8,8.18,0.25,3.0562,1.7549,9780808,79257861.02,4698267958.8,4698267958.8,6682
2016-01-13,'002307,北新路桥,8.18,8.62,8.18,8.56,8.4,-0.22,-2.619,1.5604,8696798,73217882.22,4558936168.8,4558936168.8,6049
2016-01-12,'002307,北新路桥,8.4,8.58,8.12,8.4,8.43,-0.03,-0.3559,1.6289,9078375,76299401.59,4681548144.0,4681548144.0,6348
2016-01-11,'002307,北新路桥,8.43,9.38,8.36,9.14,9.2,-0.77,-8.3696,2.073,11553508,103653080.43,4698267958.8,4698267958.8,8839
2016-01-08,'002307,北新路桥,9.2,9.54,8.32,9.43,9.14,0.06,0.6565,2.2285,12420241,113751878.72,5127409872.0,5127409872.0,8992
2016-01-07,'002307,北新路桥,9.14,9.96,9.13,9.95,10.14,-1.0,-9.8619,0.5447,3035800,28739006.5,5093970242.4,5093970242.4,2193
2016-01-06,'002307,北新路桥,10.14,10.19,9.9,9.92,9.86,0.28,2.8398,1.863,10383159,104239174.62,5651297402.4,5651297402.4,7641
2016-01-05,'002307,北新路桥,9.86,10.48,9.36,9.72,10.22,-0.36,-3.5225,2.647,14752419,145391660.7,5495245797.6,5495245797.6,12308
2016-01-04,'002307,北新路桥,10.22,11.49,10.18,11.43,11.28,-1.06,-9.3972,2.1996,12259027,135602007.1,5695883575.2,5695883575.2,9874
