日期,股票代码,名称,收盘价,最高价,最低价,开盘价,前收盘,涨跌额,涨跌幅,换手率,成交量,成交金额,总市值,流通市值,成交笔数
2016-10-12,'000078,海王生物,6.95,7.02,6.93,7.02,7.04,-0.09,-1.2784,1.2768,23621344,164711164.61,18412918261.2,12857949227.1,9723
2016-10-11,'000078,海王生物,7.04,7.07,7.01,7.05,7.05,-0.01,-0.1418,0.9054,16750314,117795864.15,18651358929.3,13024455044.5,8101
2016-10-10,'000078,海王生物,7.05,7.07,6.9,6.91,6.88,0.17,2.4709,1.3677,25303445,177641128.74,18677852336.8,13042955690.9,11826
2016-09-30,'000078,海王生物,6.88,6.93,6.81,6.82,6.83,0.05,0.7321,0.9194,17009165,117048317.96,18227464408.2,12728444702.6,7004
2016-09-29,'000078,海王生物,6.83,6.89,6.82,6.88,6.86,-0.03,-0.4373,0.8271,15301597,104993240.82,18094997370.3,12635941470.7,7323
2016-09-28,'000078,海王生物,6.86,6.92,6.85,6.92,6.9,-0.04,-0.5797,0.5824,10774257,74030101.66,18174477593.0,12691443409.8,5733
2016-09-27,'000078,海王生物,6.9,6.95,6.8,6.84,6.84,0.06,0.8772,1.0998,20347352,139637201.97,18280451223.3,12765445995.3,10112
2016-09-26,'000078,海王生物,6.84,7.11,6.8,7.09,7.07,-0.23,-3.2532,1.7796,32922896,229761122.04,18121490777.9,12654442117.1,16911
2016-09-23,'000078,海王生物,7.07,7.12,7.06,7.12,7.1,-0.03,-0.4225,0.7757,14351629,101649855.36,18730839152.0,13079956983.6,6977
2016-09-22,'000078,海王生物,7.1,7.19,7.09,7.16,7.09,0.01,0.141,1.0547,19513433,139299434.52,18810319374.7,13135458922.7,9210
2016-09-21,'000078,海王生物,7.09,7.14,7.07,7.08,7.09,0.0,0.0,0.8211,15191164,107755049.63,18783825967.1,13116958276.3,7045
2016-09-20,'000078,海王生物,7.09,7.14,7.06,7.13,7.13,-0.04,-0.561,0.9796,18123296,128393020.04,18783825967.1,13116958276.3,8381
2016-09-19,'000078,海王生物,7.13,7.14,7.08,7.11,7.11,0.02,0.2813,1.0243,18951006,134933490.46,18889799597.4,13190960861.8,8303
2016-09-14,'000078,海王生物,7.11,7.19,7.02,7.06,7.1,0.01,0.1408,1.4406,26652559,189246252.87,18836812782.3,13153959569.1,11485
2016-09-13,'000078,海王生物,7.1,7.16,7.05,7.13,7.06,0.04,0.5666,1.317,24364689,172738141.03,18810319374.7,13135458922.7,10500
2016-09-12,'000078,海王生物,7.06,7.2,7.05,7.2,7.32,-0.26,-3.5519,2.264,41886111,297822140.78,18704345744.4,13061456337.2,22571
2016-09-09,'000078,海王生物,7.32,7.52,7.31,7.5,7.48,-0.16,-2.139,2.5781,47696431,352852260.69,19393174341.2,13542473142.8,22630
2016-09-08,'000078,海王生物,7.48,7.6,7.4,7.44,7.61,-0.13,-1.7083,4.697,86897298,651280752.49,19817068862.4,13838483484.8,39934
2016-09-07,'000078,海王生物,7.61,7.78,7.17,7.18,7.16,0.45,6.2849,4.9922,92358438,681412335.81,20161483160.8,14078991887.6,39897
2016-09-06,'000078,海王生物,7.16,7.2,7.06,7.13,7.15,0.01,0.1399,1.5923,29459187,209765835.63,18969279820.1,13246462800.9,13374
2016-09-05,'000078,海王生物,7.15,7.28,7.13,7.16,7.07,0.08,1.1315,2.0156,37289874,268547763.14,18942786412.5,13227962154.5,18975
2016-09-02,'000078,海王生物,7.07,7.11,7.03,7.04,7.06,0.01,0.1416,1.04,19241262,135995485.16,18730839152.0,13079956983.6,8637
2016-09-01,'000078,海王生物,7.06,7.15,7.06,7.1,7.11,-0.05,-0.7032,1.0099,18683930,132372184.47,18704345744.4,13061456337.2,8916
2016-08-31,'000078,海王生物,7.11,7.18,7.05,7.15,7.14,-0.03,-0.4202,1.4299,26454394,187900215.24,18836812782.3,13153959569.1,11292
2016-08-30,'000078,海王生物,7.14,7.22,7.14,7.15,7.17,-0.03,-0.4184,1.4049,25991659,186556657.03,18916293005.0,13209461508.2,10000
2016-08-29,'000078,海王生物,7.17,7.25,7.15,7.2,7.24,-0.07,-0.9669,2.0422,37782493,271649758.7,18995773227.7,13264963447.3,14091
2016-08-26,'000078,海王生物,7.24,7.37,7.08,7.08,7.06,0.18,2.5496,4.2573,78763280,571524172.48,19181227080.7,13394467971.9,34149
2016-08-25,'000078,海王生物,7.06,7.14,7.0,7.14,7.17,-0.11,-1.5342,1.6959,31374866,221299933.08,18704345744.4,13061456337.2,16189
2016-08-24,'000078,海王生物,7.17,7.3,7.11,7.22,7.24,-0.07,-0.9669,1.9246,35606741,255735287.85,18995773227.7,13264963447.3,16755
2016-08-23,'000078,海王生物,7.24,7.36,7.04,7.13,7.11,0.13,1.8284,3.4839,64454058,464164878.29,19181227080.7,13394467971.9,28112
2016-08-22,'000078,海王生物,7.11,7.22,7.06,7.1,7.1,0.01,0.1408,1.5155,28037406,199683372.52,18836812782.3,13153959569.1,11911
2016-08-19,'000078,海王生物,7.1,7.12,7.04,7.06,7.05,0.05,0.7092,1.0881,20131105,142414982.84,18810319374.7,13135458922.7,9405
2016-08-18,'000078,海王生物,7.05,7.14,7.04,7.11,7.11,-0.06,-0.8439,1.6586,30684622,217234622.89,18677852336.8,13042955690.9,13979
2016-08-17,'000078,海王生物,7.11,7.25,7.03,7.11,7.12,-0.01,-0.1404,2.1328,39458761,281522378.45,18836812782.3,13153959569.1,19080
2016-08-16,'000078,海王生物,7.12,7.28,6.84,6.86,6.86,0.26,3.7901,4.0134,74250569,525234765.23,18863306189.8,13172460215.4,30740
2016-08-15,'000078,海王生物,6.86,6.89,6.71,6.73,6.74,0.12,1.7804,2.0864,38599363,262901698.66,18174477593.0,12691443409.8,15532
2016-08-12,'000078,海王生物,6.74,6.75,6.64,6.69,6.71,0.03,0.4471,1.1212,20743408,138997619.95,17856556702.2,12469435653.4,8655
2016-08-11,'000078,海王生物,6.71,6.82,6.7,6.81,6.83,-0.12,-1.757,1.0369,19182434,129355509.59,17777076479.5,12413933714.3,9204
2016-08-10,'000078,海王生物,6.83,6.88,6.82,6.86,6.85,-0.02,-0.292,0.898,16612789,113826020.31,18094997370.3,12635941470.7,7508
2016-08-09,'000078,海王生物,6.85,6.87,6.78,6.81,6.81,0.04,0.5874,0.9493,17561979,120086825.63,18147984185.5,12672942763.5,7910
2016-08-08,'000078,海王生物,6.81,6.84,6.68,6.77,6.8,0.01,0.1471,0.9837,18198371,122726007.87,18042010555.2,12598940178.0,8247
2016-08-05,'000078,海王生物,6.8,6.9,6.8,6.84,6.83,-0.03,-0.4392,0.7703,14250163,97458406.36,18015517147.6,12580439531.6,8096
2016-08-04,'000078,海王生物,6.83,6.87,6.8,6.82,6.88,-0.05,-0.7267,1.0058,18608340,127128117.37,18094997370.3,12635941470.7,9186
2016-08-03,'000078,海王生物,6.88,6.93,6.66,6.69,6.72,0.16,2.381,1.8073,33435434,226626564.35,18227464408.2,12728444702.6,14827
2016-08-02,'000078,海王生物,6.72,6.74,6.65,6.74,6.7,0.02,0.2985,1.0372,19188821,128400308.75,17803569887.0,12432434360.6,10496
2016-08-01,'000078,海王生物,6.7,6.79,6.6,6.77,6.78,-0.08,-1.1799,1.3202,24425248,162718173.12,17750583071.9,12395433067.9,12248
2016-07-29,'000078,海王生物,6.78,6.89,6.72,6.81,6.86,-0.08,-1.1662,1.3152,24331439,165053335.56,17962530332.5,12543438238.9,12716
2016-07-28,'000078,海王生物,6.86,6.92,6.68,6.9,6.93,-0.07,-1.0101,3.0391,56225892,381927128.44,18174477593.0,12691443409.8,25516
2016-07-27,'000078,海王生物,6.93,7.31,6.8,7.31,7.3,-0.37,-5.0685,3.4045,62986263,444098223.41,18359931446.0,12820947934.4,32875
2016-07-26,'000078,海王生物,7.3,7.3,7.21,7.27,7.25,0.05,0.6897,1.6536,30593460,222155622.27,19340187526.1,13505471850.1,12837
2016-07-25,'000078,海王生物,7.25,7.35,7.2,7.3,7.31,-0.06,-0.8208,1.75,32375288,235366337.15,19207720488.2,13412968618.2,16959
2016-07-22,'000078,海王生物,7.31,7.5,7.29,7.48,7.46,-0.15,-2.0107,2.5713,47569832,350305508.72,19366680933.7,13523972496.5,21586
2016-07-21,'000078,海王生物,7.46,7.52,7.43,7.45,7.46,0.0,0.0,1.2848,23770035,177596057.18,19764082047.2,13801482192.0,10639
2016-07-20,'000078,海王生物,7.46,7.55,7.45,7.5,7.53,-0.07,-0.9296,1.5721,29085088,217885419.21,19764082047.2,13801482192.0,12211
2016-07-19,'000078,海王生物,7.53,7.6,7.43,7.58,7.52,0.01,0.133,1.8844,34862643,261051488.28,19949535900.2,13930986716.6,15303
2016-07-18,'000078,海王生物,7.52,7.66,7.5,7.58,7.6,-0.08,-1.0526,1.9019,35186746,266616815.76,19923042492.6,13912486070.2,14958
2016-07-15,'000078,海王生物,7.6,7.7,7.53,7.58,7.59,0.01,0.1318,2.4476,45282311,344637179.16,20114089753.2,14060491241.2,17828
2016-07-14,'000078,海王生物,7.59,7.6,7.49,7.59,7.59,0.0,0.0,1.8319,33891041,255786615.14,20087623845.6,14041990594.8,13797
2016-07-13,'000078,海王生物,7.59,7.66,7.51,7.62,7.59,0.0,0.0,2.9339,54279513,411335541.84,20087623845.6,14041990594.8,21394
2016-07-12,'000078,海王生物,7.59,7.63,7.4,7.46,7.45,0.14,1.8792,2.9343,54286279,408990530.01,20087623845.6,14041990594.8,21972
2016-07-11,'000078,海王生物,7.45,7.57,7.43,7.52,7.53,-0.08,-1.0624,2.2836,42247483,316484695.58,19717101139.7,13782981545.6,19278
2016-07-08,'000078,海王生物,7.53,7.68,7.49,7.67,7.67,-0.14,-1.8253,2.2013,40724818,307456438.58,19928828400.2,13930986716.6,18505
2016-07-07,'000078,海王生物,7.67,7.74,7.45,7.54,7.51,0.16,2.1305,4.9612,91786306,698399129.81,20299351106.2,14189995765.8,39737
2016-07-06,'000078,海王生物,7.51,7.52,7.38,7.43,7.43,0.08,1.0767,2.915,53929686,402040304.4,19875896585.1,13893985423.9,20966
2016-07-05,'000078,海王生物,7.43,7.47,7.36,7.41,7.44,-0.01,-0.1344,2.0641,38187201,282766346.02,19664169324.5,13745980252.9,15160
2016-07-04,'000078,海王生物,7.44,7.45,7.26,7.33,7.37,0.07,0.9498,2.1203,38786043,286984009.78,19690635232.1,13609877699.3,16386
2016-07-01,'000078,海王生物,7.37,7.49,7.34,7.44,7.43,-0.06,-0.8075,1.4479,26485807,195797104.52,19505373879.1,13481827774.7,12306
2016-06-30,'000078,海王生物,7.43,7.51,7.37,7.47,7.47,-0.04,-0.5355,1.7632,32254415,240002506.25,19664169324.5,13591584852.9,14357
2016-06-29,'000078,海王生物,7.47,7.62,7.42,7.61,7.58,-0.11,-1.4512,2.5489,46626203,348832974.37,19770032954.8,13664756238.4,22145
2016-06-28,'000078,海王生物,7.58,7.58,7.16,7.19,7.23,0.35,4.8409,4.1036,75066419,560189536.92,20061157938.1,13865977548.5,39792
2016-06-27,'000078,海王生物,7.23,7.25,7.06,7.12,7.15,0.08,1.1189,1.4686,26865608,193355781.92,19134851173.1,13225727925.5,12293
2016-06-24,'000078,海王生物,7.15,7.32,7.0,7.26,7.2,-0.05,-0.6944,2.2084,40397165,291224922.86,18923123912.5,13079385154.5,19309
2016-06-23,'000078,海王生物,7.2,7.3,7.17,7.3,7.32,-0.12,-1.6393,1.5601,28538727,206049237.47,19055453450.4,13170849386.4,15613
2016-06-22,'000078,海王生物,7.32,7.32,7.21,7.21,7.28,0.04,0.5495,1.2447,22769280,165430727.27,19373044341.2,13390363542.8,11790
2016-06-21,'000078,海王生物,7.28,7.54,7.25,7.49,7.38,-0.1,-1.355,1.951,35690191,263019905.9,13695752157.4,13317192157.4,17819
2016-06-20,'000078,海王生物,7.38,7.46,7.28,7.28,7.27,0.11,1.5131,2.2423,41018292,302504529.52,13883880621.1,13500120621.1,21560
2016-06-17,'000078,海王生物,7.27,7.48,7.13,7.17,7.14,0.13,1.8207,2.5816,47224433,346969288.24,13676939311.0,13298899311.0,24361
2016-06-16,'000078,海王生物,7.14,7.28,7.11,7.28,7.29,-0.15,-2.0576,2.0353,37231035,267016323.12,13432372308.2,13061092308.2,18762
2016-06-15,'000078,海王生物,7.29,7.33,7.02,7.09,7.14,0.15,2.1008,2.4016,43931748,317887414.58,13714565003.7,13335485003.7,19172
2016-06-14,'000078,海王生物,7.14,7.22,7.0,7.11,7.11,0.03,0.4219,1.5292,27972736,199052945.71,13432372308.2,13061092308.2,16564
2016-06-13,'000078,海王生物,7.11,7.53,7.1,7.49,7.59,-0.48,-6.3241,2.6473,48426804,356054336.55,13375933769.1,13006213769.1,26933
2016-06-08,'000078,海王生物,7.59,7.65,7.34,7.48,7.47,0.12,1.6064,2.6304,48118242,362323349.16,14278950394.8,13884270394.8,24907
2016-06-07,'000078,海王生物,7.47,7.56,7.34,7.53,7.52,-0.05,-0.6649,2.0853,38145475,283121937.97,14053196238.4,13664756238.4,20873
2016-06-06,'000078,海王生物,7.52,7.68,7.45,7.64,7.63,-0.11,-1.4417,2.5498,46642839,350744490.36,14147260470.2,13756220470.2,24374
2016-06-03,'000078,海王生物,7.63,7.72,7.55,7.68,7.68,-0.05,-0.651,2.7359,50046955,381659143.09,14354201780.3,13957441780.3,25311
2016-06-02,'000078,海王生物,7.68,7.85,7.61,7.65,7.64,0.04,0.5236,2.9047,53134692,409501477.38,14448266012.2,14048906012.2,28170
2016-06-01,'000078,海王生物,7.64,7.74,7.43,7.46,7.45,0.19,2.5503,3.8376,70199769,536300042.65,14373014626.7,13975734626.7,35143
2016-05-31,'000078,海王生物,7.45,7.53,7.17,7.17,7.19,0.26,3.6161,3.2269,59029128,435784301.13,14015570545.6,13628170545.6,29621
2016-05-30,'000078,海王生物,7.19,7.38,7.07,7.17,7.38,-0.19,-2.5745,2.3458,42911827,310179953.38,13526436540.0,13152556540.0,21770
2016-05-27,'000078,海王生物,7.38,7.93,7.3,7.76,7.66,-0.28,-3.6554,4.2844,78374008,598693395.78,13883880621.1,13500120621.1,45647
2016-05-26,'000078,海王生物,19.15,19.3,18.38,19.0,19.12,0.03,0.1569,3.3862,24776949,466290646.94,14410640323.2,14012320323.2,24115
2016-05-25,'000078,海王生物,19.12,19.89,19.04,19.8,19.67,-0.55,-2.7961,3.5136,25709577,499756919.2,14388064907.6,13990368907.6,24220
2016-05-24,'000078,海王生物,19.67,20.18,19.4,19.49,19.49,0.18,0.9236,4.2075,30786833,608976890.88,14801947527.9,14392811527.9,30509
2016-05-23,'000078,海王生物,19.49,19.76,19.3,19.49,19.33,0.16,0.8277,3.7567,27488574,536037587.77,14666495034.0,14261103034.0,23307
2016-05-20,'000078,海王生物,19.33,19.39,18.2,18.6,18.98,0.35,1.844,3.6796,26924086,505072029.84,14546092817.1,14144028817.1,23846
2016-05-19,'000078,海王生物,18.98,19.43,18.92,19.1,18.98,0.0,0.0,2.711,19836962,380115362.02,14282712967.9,13887928967.9,18459
2016-05-18,'000078,海王生物,18.98,19.48,18.66,19.35,19.63,-0.65,-3.3113,3.478,25448872,483734017.93,14282712967.9,13887928967.9,24622
2016-05-17,'000078,海王生物,19.63,20.08,19.36,20.0,20.0,-0.37,-1.85,4.563,33388243,658236824.07,14771846973.6,14363542973.6,31150
2016-05-16,'000078,海王生物,20.0,20.1,18.81,18.96,19.04,0.96,5.042,5.839,42724502,834589838.74,15050277100.0,14634277100.0,37068
2016-05-13,'000078,海王生物,19.04,19.38,18.56,18.56,18.74,0.3,1.6009,3.5825,26213707,498136790.42,14327863799.2,13931831799.2,23829
2016-05-12,'000078,海王生物,18.74,18.93,18.0,18.68,18.96,-0.22,-1.1603,3.1391,22969084,425512911.14,14102109642.7,13712317642.7,20147
2016-05-11,'000078,海王生物,18.96,19.29,18.39,18.65,18.41,0.55,2.9875,4.8345,35374441,668740564.99,14267662690.8,13873294690.8,30836
2016-05-10,'000078,海王生物,18.41,18.63,18.04,18.3,18.58,-0.17,-0.915,2.4003,17563367,323144687.33,13853780070.5,13470852070.5,15818
2016-05-09,'000078,海王生物,18.58,19.15,18.02,18.41,18.52,0.06,0.324,4.7222,34552748,644918190.63,13981707425.9,13595243425.9,29632
2016-05-06,'000078,海王生物,18.52,19.7,18.52,19.6,19.57,-1.05,-5.3654,5.4551,39915759,759250724.56,13936556594.6,13551340594.6,36608
2016-05-05,'000078,海王生物,19.57,19.69,19.21,19.33,19.55,0.02,0.1023,3.5703,26124574,508336880.69,14726696142.4,14319640142.4,24602
2016-05-04,'000078,海王生物,19.55,20.38,19.38,19.48,19.64,-0.09,-0.4582,7.2377,52959580,1053339877.91,14711645865.2,14305005865.2,45420
2016-05-03,'000078,海王生物,19.64,19.67,18.6,18.7,18.73,0.91,4.8585,6.4694,47337148,910903741.43,14779372112.2,14370860112.2,39549
2016-04-29,'000078,海王生物,18.73,19.4,18.71,18.9,19.07,-0.34,-1.7829,5.1005,37321425,709504485.75,14094584504.1,13705000504.1,34949
2016-04-28,'000078,海王生物,19.07,19.48,18.61,19.28,19.2,-0.13,-0.6771,6.2845,45984816,874807272.89,14350439214.9,13953783214.9,45138
2016-04-27,'000078,海王生物,19.2,20.2,18.06,18.33,18.47,0.73,3.9524,10.4756,76651539,1469006135.05,14448266016.0,14048906016.0,80139
2016-04-26,'000078,海王生物,18.47,18.95,18.02,18.38,17.89,0.58,3.242,11.5058,84189172,1558989777.29,13898930901.9,13514754901.9,69869
2016-04-25,'000078,海王生物,17.89,18.23,17.4,18.23,18.25,-0.36,-1.9726,4.2355,30991850,553829433.04,13462472866.0,13090360866.0,21859
2016-04-22,'000078,海王生物,18.25,18.25,16.95,17.0,17.18,1.07,6.2282,5.0584,37012866,656712418.19,13733377853.8,13353777853.8,28852
2016-04-21,'000078,海王生物,17.18,17.75,16.6,16.7,16.7,0.48,2.8743,4.6496,34021962,588846870.17,12928188028.9,12570844028.9,27046
2016-04-20,'000078,海王生物,16.7,18.06,16.3,18.0,17.9,-1.2,-6.7039,4.0842,29885000,509569699.38,12566981378.5,12219621378.5,26892
2016-04-19,'000078,海王生物,17.9,17.94,17.53,17.89,17.68,0.22,1.2443,2.0721,15162042,269711795.1,13469998004.5,13097678004.5,13377
2016-04-18,'000078,海王生物,17.68,17.96,17.5,17.95,18.12,-0.44,-2.4283,2.7452,20087227,355180907.44,13304444956.4,12936700956.4,18780
2016-04-15,'000078,海王生物,18.12,18.47,17.91,18.35,18.37,-0.25,-1.3609,3.3356,24406902,442514705.2,13635551052.6,13258655052.6,20832
2016-04-14,'000078,海王生物,18.37,18.55,18.22,18.55,18.52,-0.15,-0.8099,3.8043,27836923,510992478.7,13823679516.4,13441583516.4,21459
2016-04-13,'000078,海王生物,18.52,18.77,17.88,18.2,18.2,0.32,1.7582,8.1724,59798684,1096493736.35,13936556594.6,13551340594.6,45987
2016-04-12,'000078,海王生物,18.2,19.0,17.96,18.92,18.0,0.2,1.1111,11.3862,83314288,1538401297.96,13695752161.0,13317192161.0,60067
2016-04-11,'000078,海王生物,18.0,18.0,16.45,16.45,16.36,1.64,10.0244,4.7006,34395117,605698925.95,13545249390.0,13170849390.0,19568
2016-04-08,'000078,海王生物,16.36,16.51,16.1,16.3,16.59,-0.23,-1.3864,2.2497,16461061,268734108.2,12311126667.8,11970838667.8,13990
2016-04-07,'000078,海王生物,16.59,17.15,16.58,16.85,16.79,-0.2,-1.1912,3.9668,29025550,490125625.32,12484204854.5,12139132854.5,22497
2016-04-06,'000078,海王生物,16.79,16.87,16.47,16.7,16.78,0.01,0.0596,3.0274,22151744,368914396.94,12634707625.5,12285475625.5,17833
2016-04-05,'000078,海王生物,16.78,16.8,16.11,16.13,16.12,0.66,4.0943,3.2628,23874652,395655772.75,12627182486.9,12278158486.9,19316
2016-04-01,'000078,海王生物,16.12,16.34,15.88,16.3,16.4,-0.28,-1.7073,2.3494,17190768,275455756.94,12130523342.6,11795227342.6,14710
2016-03-31,'000078,海王生物,16.4,16.69,16.25,16.68,16.43,-0.03,-0.1826,2.1316,15597101,256556026.55,12341227222.0,12000107222.0,13590
2016-03-30,'000078,海王生物,16.43,16.48,15.9,16.0,15.81,0.62,3.9216,2.1842,15982271,259559640.59,12363802637.6,12022058637.6,14038
2016-03-29,'000078,海王生物,15.81,16.45,15.6,16.3,16.37,-0.56,-3.4209,2.5393,18580671,295557225.35,11897244047.5,11568396047.5,16416
2016-03-28,'000078,海王生物,16.37,16.85,16.28,16.57,16.7,-0.33,-1.976,2.7557,20163857,335515686.54,12318651806.4,11978155806.4,15394
2016-03-25,'000078,海王生物,16.7,16.88,16.28,16.38,16.43,0.27,1.6433,2.4834,18171164,300450641.69,12566981378.5,12219621378.5,14055
2016-03-24,'000078,海王生物,16.43,16.85,16.43,16.85,17.08,-0.65,-3.8056,3.0772,22516375,374630323.2,12363802637.6,12022058637.6,18850
2016-03-23,'000078,海王生物,17.08,17.5,16.78,16.98,16.89,0.19,1.1249,3.4696,25387400,433201629.39,12852936643.4,12497672643.4,19638
2016-03-22,'000078,海王生物,16.89,17.17,16.59,16.74,16.99,-0.1,-0.5886,3.9386,28819358,486824730.35,12709959011.0,12358647011.0,20994
2016-03-21,'000078,海王生物,16.99,17.28,16.6,16.79,16.57,0.42,2.5347,4.5474,33274016,561795848.4,12785210396.5,12431818396.5,23965
2016-03-18,'000078,海王生物,16.57,16.83,15.66,15.77,15.72,0.85,5.4071,4.4593,32629014,534804612.64,12469154577.4,12124498577.4,27482
2016-03-17,'000078,海王生物,15.72,15.88,15.08,15.21,15.02,0.7,4.6605,3.8977,28519719,442168736.1,11829517800.6,11502541800.6,22469
2016-03-16,'000078,海王生物,15.02,15.44,14.94,15.21,15.09,-0.07,-0.4639,2.2199,16243428,246205281.72,11302758102.1,10990342102.1,12551
2016-03-15,'000078,海王生物,15.09,15.36,14.92,15.3,15.27,-0.18,-1.1788,2.2231,16267035,246430590.67,11355434072.0,11041562072.0,12467
2016-03-14,'000078,海王生物,15.27,15.51,14.88,14.9,14.66,0.61,4.161,3.1128,22776906,347964834.24,11490886565.9,11173270565.9,18522
2016-03-11,'000078,海王生物,14.66,14.86,14.4,14.5,14.77,-0.11,-0.7448,1.4724,10773820,157983172.14,11031853114.3,10726925114.3,9789
2016-03-10,'000078,海王生物,14.77,15.5,14.68,15.2,15.2,-0.43,-2.8289,2.0389,14918685,222673196.12,11114629638.4,10807413638.4,14191
2016-03-09,'000078,海王生物,15.2,15.5,14.61,14.8,15.19,0.01,0.0658,3.108,22741895,344503510.51,11438210596.0,11122050596.0,18899
2016-03-08,'000078,海王生物,15.19,15.26,14.08,15.26,15.26,-0.07,-0.4587,3.0929,22631053,333777666.79,11430685457.5,11114733457.5,18677
2016-03-07,'000078,海王生物,15.26,15.59,15.07,15.25,15.02,0.24,1.5979,2.6208,19176945,293425151.77,11483361427.3,11165953427.3,15804
2016-03-04,'000078,海王生物,15.02,16.0,14.78,15.5,15.58,-0.56,-3.5944,4.5383,33207429,510998117.04,11302758102.1,10990342102.1,27281
2016-03-03,'000078,海王生物,15.58,16.08,15.51,15.63,15.68,-0.1,-0.6378,3.861,28251121,444678145.67,11724165860.9,11400101860.9,22690
2016-03-02,'000078,海王生物,15.68,15.87,14.58,14.75,14.99,0.69,4.6031,5.1706,37833713,574717621.69,11799417246.4,11473273246.4,29123
2016-03-01,'000078,海王生物,14.99,15.02,13.65,14.58,14.45,0.54,3.737,4.5861,33557122,483073438.14,11280182686.5,10968390686.5,26597
2016-02-29,'000078,海王生物,14.45,15.9,14.37,15.9,15.97,-1.52,-9.5178,4.6625,34116506,500749299.91,10873825204.8,10573265204.8,27201
2016-02-26,'000078,海王生物,15.97,16.5,15.53,16.21,15.93,0.04,0.2511,4.2277,30934955,499020242.32,12017646264.4,11685470264.4,22656
2016-02-25,'000078,海王生物,15.93,18.25,15.93,17.77,17.7,-1.77,-10.0,6.4834,47440093,822266741.09,11987545710.1,11656201710.1,37911
2016-02-24,'000078,海王生物,17.7,17.73,17.13,17.3,17.42,0.28,1.6073,4.4012,32203963,562490667.38,13319495233.5,12951335233.5,21729
2016-02-23,'000078,海王生物,17.42,17.77,17.11,17.7,17.7,-0.28,-1.5819,2.6285,19232759,334881777.95,13108791354.1,12746455354.1,17604
2016-02-22,'000078,海王生物,17.7,18.0,17.48,17.9,17.58,0.12,0.6826,3.2879,24058060,426327367.87,13319495233.5,12951335233.5,19312
2016-02-19,'000078,海王生物,17.58,17.77,17.21,17.26,17.34,0.24,1.3841,2.862,20941518,367018559.49,13229193570.9,12863529570.9,17888
2016-02-18,'000078,海王生物,17.34,17.78,17.26,17.7,17.75,-0.41,-2.3099,4.0447,29595619,518162119.97,13048590245.7,12687918245.7,25396
2016-02-17,'000078,海王生物,17.75,18.01,16.94,17.6,17.56,0.19,1.082,6.7769,49587858,863446382.41,13357120926.2,12987920926.2,37420
2016-02-16,'000078,海王生物,17.56,17.56,16.16,16.18,15.96,1.6,10.0251,3.5814,26205758,452023930.77,13214143293.8,12848895293.8,16137
2016-02-15,'000078,海王生物,15.96,16.1,15.21,15.39,15.98,-0.02,-0.1252,2.506,18336856,287017578.34,12010121125.8,11678153125.8,13909
2016-02-05,'000078,海王生物,15.98,16.16,15.74,15.93,15.93,0.05,0.3139,2.8305,20711071,331056501.63,12025171402.9,11692787402.9,14762
2016-02-04,'000078,海王生物,15.93,16.08,15.51,15.51,15.37,0.56,3.6435,3.8546,28204712,447132900.97,11987545710.1,11656201710.1,21022
2016-02-03,'000078,海王生物,15.37,15.53,14.97,15.34,15.6,-0.23,-1.4744,2.4838,18174657,276406733.97,11566137951.4,11246441951.4,15166
2016-02-02,'000078,海王生物,15.6,15.79,14.9,14.9,15.06,0.54,3.5857,2.8727,21019814,326985754.84,11739216138.0,11414736138.0,15411
2016-02-01,'000078,海王生物,15.06,15.67,14.75,15.6,15.65,-0.59,-3.77,2.6111,19105578,292271032.77,11332858656.3,11019610656.3,15746
2016-01-29,'000078,海王生物,15.65,15.83,14.8,14.89,15.15,0.5,3.3003,3.8234,27976214,432436916.95,11776841830.8,11451321830.8,21157
2016-01-28,'000078,海王生物,15.15,16.38,14.89,15.3,15.5,-0.35,-2.2581,4.4747,32741759,507668504.84,11400584903.2,11085464903.2,25589
2016-01-27,'000078,海王生物,15.5,16.3,14.52,16.15,16.02,-0.52,-3.2459,4.0179,29399341,449313925.75,11663964752.5,11341564752.5,22959
2016-01-26,'000078,海王生物,16.02,17.64,16.02,17.46,17.8,-1.78,-10.0,4.2904,31393448,522616267.34,12055271957.1,11722055957.1,27088
2016-01-25,'000078,海王生物,17.8,18.1,17.45,17.9,17.61,0.19,1.0789,2.7473,20102276,358703295.02,13394746619.0,13024506619.0,15990
2016-01-22,'000078,海王生物,17.61,17.88,16.8,17.5,17.3,0.31,1.7919,3.0393,22239169,387770815.48,13251768986.5,12885480986.5,19958
2016-01-21,'000078,海王生物,17.3,18.45,17.29,17.7,17.95,-0.65,-3.6212,4.1114,30083342,539948271.1,13018489691.5,12658649691.5,25402
2016-01-20,'000078,海王生物,17.95,18.86,17.82,18.28,18.3,-0.35,-1.9126,4.9052,35891970,656344863.92,13507623697.2,13134263697.2,29774
2016-01-19,'000078,海王生物,18.3,18.36,17.32,17.5,17.52,0.78,4.4521,4.3859,32091981,576873231.55,13771003546.5,13390363546.5,24687
2016-01-18,'000078,海王生物,17.52,17.9,16.2,16.5,17.0,0.52,3.0588,4.0171,29394007,509751461.0,13184042739.6,12819626739.6,25279
2016-01-15,'000078,海王生物,17.0,17.96,16.63,17.0,17.23,-0.23,-1.3349,5.9709,43690138,758807184.99,12792735535.0,12439135535.0,35512
2016-01-14,'000078,海王生物,17.23,17.38,15.12,15.69,16.25,0.98,6.0308,4.746,34726968,571491507.34,12965813721.6,12607429721.6,27762
2016-01-13,'000078,海王生物,16.25,17.19,16.23,17.0,16.8,-0.55,-3.2738,4.2434,31049483,522891289.12,12228350143.8,11890350143.8,24622
2016-01-12,'000078,海王生物,16.8,17.42,15.8,17.16,17.26,-0.46,-2.6651,5.4447,39839788,668187692.46,12642232764.0,12292792764.0,29163
2016-01-11,'000078,海王生物,17.26,19.05,17.26,18.5,19.18,-1.92,-10.0104,5.2507,38419965,691681362.74,12988389137.3,12629381137.3,29287
2016-01-08,'000078,海王生物,19.18,19.79,17.3,19.12,18.91,0.27,1.4278,6.3041,46127975,877222514.85,14433215738.9,14034271738.9,34248
2016-01-07,'000078,海王生物,18.91,20.5,18.91,20.5,21.01,-2.1,-9.9952,1.3841,10127994,197016516.31,14230036998.0,13836708998.0,8547
2016-01-06,'000078,海王生物,21.01,21.2,20.18,20.93,20.43,0.58,2.839,6.0403,44197368,916970367.51,15810316093.5,15373308093.5,34084
2016-01-05,'000078,海王生物,20.43,21.35,19.45,19.9,21.56,-1.13,-5.2412,6.9629,50948646,1039530432.91,15373858057.6,14948914057.6,39517
2016-01-04,'000078,海王生物,21.56,23.98,21.56,23.98,23.96,-2.4,-10.0167,5.0329,36826725,820410573.55,16224198713.8,15775750713.8,34133
