日期,股票代码,名称,收盘价,最高价,最低价,开盘价,前收盘,涨跌额,涨跌幅,换手率,成交量,成交金额,总市值,流通市值,成交笔数
2016-10-12,'002276,万马股份,17.23,17.3,17.16,17.23,17.29,-0.06,-0.347,0.6638,6207193,106877588.04,16183888958.2,16112053642.2,6875
2016-10-11,'002276,万马股份,17.29,17.47,17.2,17.38,17.36,-0.07,-0.4032,0.9367,8759032,151707142.65,16240246087.5,16168160619.5,8766
2016-10-10,'002276,万马股份,17.36,17.4,16.96,17.01,16.86,0.5,2.9656,1.0863,10158496,174734869.49,16305996071.7,16233618759.7,10310
2016-09-30,'002276,万马股份,16.86,16.91,16.76,16.82,16.82,0.04,0.2378,0.5206,4868195,82024273.95,15836353327.7,15766060615.7,4680
2016-09-29,'002276,万马股份,16.82,16.95,16.81,16.9,16.83,-0.01,-0.0594,0.5346,4999221,84373798.0,15798781908.2,15728655964.2,6227
2016-09-28,'002276,万马股份,16.83,17.0,16.81,17.0,16.98,-0.15,-0.8834,0.561,5245711,88472744.08,15808174763.0,15738007127.0,5571
2016-09-27,'002276,万马股份,16.98,16.99,16.74,16.78,16.78,0.2,1.1919,0.8526,7972687,134483361.48,15949067586.2,15878274570.2,8758
2016-09-26,'002276,万马股份,16.78,17.59,16.77,17.59,17.6,-0.82,-4.6591,1.7373,16246217,278657661.74,15761210488.6,15691251312.6,17789
2016-09-23,'002276,万马股份,17.6,17.9,17.59,17.9,17.85,-0.25,-1.4006,1.0558,9872655,174881598.33,16531424588.8,16458046668.8,10294
2016-09-22,'002276,万马股份,17.85,17.99,17.82,17.99,17.84,0.01,0.0561,0.7219,6750648,120760012.19,16766245960.8,16691825740.8,6778
2016-09-21,'002276,万马股份,17.84,17.95,17.76,17.83,17.8,0.04,0.2247,0.5152,4817656,85990134.21,16756853105.9,16682474577.9,5272
2016-09-20,'002276,万马股份,17.8,18.03,17.75,17.99,17.94,-0.14,-0.7804,0.7823,7315108,130447777.91,16719281686.4,16645069926.4,7815
2016-09-19,'002276,万马股份,17.94,18.08,17.85,17.85,17.82,0.12,0.6734,0.6297,5888457,105778805.56,16850781654.7,16775986206.7,6321
2016-09-14,'002276,万马股份,17.82,18.07,17.75,17.8,17.91,-0.09,-0.5025,0.9129,8537090,152715583.68,16738067396.2,16663772252.2,8729
2016-09-13,'002276,万马股份,17.91,18.15,17.88,18.05,17.86,0.05,0.28,0.8331,7790263,140110589.91,16822603090.1,16747932718.1,8705
2016-09-12,'002276,万马股份,17.86,18.3,17.84,18.16,18.38,-0.52,-2.8292,1.7775,16621938,300065424.21,16775638815.7,16701176903.7,17654
2016-09-09,'002276,万马股份,18.38,18.61,18.38,18.51,18.51,-0.13,-0.7023,0.9872,9231662,170821577.54,17264067269.4,17187437373.4,8822
2016-09-08,'002276,万马股份,18.51,18.58,18.45,18.48,18.54,-0.03,-0.1618,0.7621,7126147,131980077.9,17386174382.9,17309002490.9,7182
2016-09-07,'002276,万马股份,18.54,18.79,18.51,18.55,18.55,-0.01,-0.0539,1.3783,12888495,240177339.29,17414352947.5,17337055979.5,12870
2016-09-06,'002276,万马股份,18.55,18.58,18.23,18.34,18.31,0.24,1.3108,1.2019,11239595,207501438.04,17423745802.4,17346407142.4,11617
2016-09-05,'002276,万马股份,18.31,18.49,18.27,18.45,18.29,0.02,0.1093,0.6883,6436660,118318097.77,17198317285.3,17121979233.3,6687
2016-09-02,'002276,万马股份,18.29,18.51,18.24,18.43,18.4,-0.11,-0.5978,0.9447,8833577,162028914.75,17179531575.5,17103276907.5,9357
2016-09-01,'002276,万马股份,18.4,18.62,18.4,18.59,18.57,-0.17,-0.9155,0.8956,8374570,154701628.41,17282852979.2,17206139699.2,8973
2016-08-31,'002276,万马股份,18.57,18.69,18.5,18.54,18.52,0.05,0.27,0.8873,8297055,154057318.02,17442531512.2,17365109468.2,8165
2016-08-30,'002276,万马股份,18.52,18.63,18.44,18.48,18.48,0.04,0.2165,0.8127,7599552,140756153.72,17395567237.8,17318353653.8,7303
2016-08-29,'002276,万马股份,18.48,18.59,18.4,18.45,18.45,0.03,0.1626,0.7909,7396253,136785380.85,17357995818.2,17280949002.2,7850
2016-08-26,'002276,万马股份,18.45,18.72,18.42,18.55,18.42,0.03,0.1629,1.009,9435478,174872954.14,17329817253.6,17252895513.6,10382
2016-08-25,'002276,万马股份,18.42,18.8,18.36,18.8,18.95,-0.53,-2.7968,1.7788,16634095,307437226.36,17301638689.0,17224842025.0,17365
2016-08-24,'002276,万马股份,18.95,19.1,18.63,18.81,18.7,0.25,1.3369,1.7071,15963255,301542376.62,17799459997.6,17720453657.6,14700
2016-08-23,'002276,万马股份,18.7,18.85,18.56,18.67,18.63,0.07,0.3757,0.8782,8211916,153510544.82,17564638625.6,17486674585.6,8760
2016-08-22,'002276,万马股份,18.63,18.95,18.6,18.95,18.98,-0.35,-1.844,1.2209,11416368,214470166.52,17498888641.4,17421216445.4,12482
2016-08-19,'002276,万马股份,18.98,19.22,18.92,19.12,19.07,-0.09,-0.4719,1.2764,11935818,227243071.92,17827638562.2,17748507146.2,13112
2016-08-18,'002276,万马股份,19.07,19.28,18.79,18.83,18.91,0.16,0.8461,2.1728,20318564,386139573.21,17912174256.2,17832667612.2,19238
2016-08-17,'002276,万马股份,18.91,19.04,18.8,18.98,19.02,-0.11,-0.5783,1.3881,12980468,245447895.8,17761888578.1,17683049006.1,13152
2016-08-16,'002276,万马股份,19.02,19.03,18.82,18.93,18.9,0.12,0.6349,1.6948,15848279,300193005.14,17865209981.8,17785911797.8,16150
2016-08-15,'002276,万马股份,18.9,19.0,18.4,18.6,18.52,0.38,2.0518,2.1927,20504524,385138749.9,17752495723.2,17673697843.2,21178
2016-08-12,'002276,万马股份,18.52,18.6,18.31,18.31,18.4,0.12,0.6522,1.1188,10461877,193154460.83,17395567237.8,17318353653.8,9778
2016-08-11,'002276,万马股份,18.4,18.79,18.36,18.73,18.73,-0.33,-1.7619,1.4868,13903749,256988327.81,17282852979.2,17206139699.2,15019
2016-08-10,'002276,万马股份,18.73,19.06,18.67,18.71,18.7,0.03,0.1604,1.5556,14546829,274024793.92,17592817190.2,17514728074.2,15822
2016-08-09,'002276,万马股份,18.7,18.74,18.52,18.59,18.55,0.15,0.8086,1.4455,13516793,252083009.68,17564638625.6,17486674585.6,13258
2016-08-08,'002276,万马股份,18.55,18.63,18.18,18.39,18.44,0.11,0.5965,1.2453,11644792,214360120.58,17423745802.4,17346407142.4,11958
2016-08-05,'002276,万马股份,18.44,18.75,18.41,18.61,18.6,-0.16,-0.8602,1.2083,11299020,209592285.84,17320424398.7,17243544350.7,12826
2016-08-04,'002276,万马股份,18.6,18.68,18.38,18.51,18.43,0.17,0.9224,1.2603,11785711,218564024.98,17470710076.8,17393162956.8,12628
2016-08-03,'002276,万马股份,18.43,18.66,18.36,18.6,18.58,-0.15,-0.8073,1.2656,11834810,218740605.15,17311031543.8,17234193187.8,12595
2016-08-02,'002276,万马股份,18.58,18.7,18.28,18.28,18.41,0.17,0.9234,1.036,9688264,179631013.65,17451924367.0,17374460631.0,11006
2016-08-01,'002276,万马股份,18.41,18.8,18.13,18.64,18.83,-0.42,-2.2305,1.8148,16970208,311559779.83,17292245834.1,17215490862.1,17842
2016-07-29,'002276,万马股份,18.83,19.23,18.72,19.13,19.12,-0.29,-1.5167,1.6329,15269714,288216492.06,17686745739.0,17608239703.0,16372
2016-07-28,'002276,万马股份,19.12,19.63,18.55,19.45,19.45,-0.33,-1.6967,3.0053,28103156,537807931.11,17959138530.6,17879423426.6,28233
2016-07-27,'002276,万马股份,19.45,21.17,19.42,21.09,21.09,-1.64,-7.7762,5.2826,49398083,997191009.74,18269102741.6,18188011801.6,49974
2016-07-26,'002276,万马股份,21.09,21.09,20.78,20.87,20.87,0.22,1.0541,3.082,28820092,603863337.13,19809530941.9,19721602513.9,27095
2016-07-25,'002276,万马股份,20.87,21.04,20.58,20.6,20.7,0.17,0.8213,2.4878,23263650,484273581.79,19602888134.6,19515876930.6,22849
2016-07-22,'002276,万马股份,20.7,20.96,20.52,20.6,20.6,0.1,0.4854,3.0712,28718996,596225964.1,19443209601.6,19356907161.6,27697
2016-07-21,'002276,万马股份,20.6,20.94,20.5,20.64,20.74,-0.14,-0.675,3.1979,29904459,619029626.66,19349281052.8,19263395532.8,30095
2016-07-20,'002276,万马股份,20.74,21.5,20.51,20.51,20.39,0.35,1.7165,5.7975,54213480,1141769973.0,19480781021.1,19394311813.1,57599
2016-07-19,'002276,万马股份,20.39,20.57,20.12,20.3,20.4,-0.01,-0.049,2.4759,23152367,469168487.04,19152031100.3,19067021112.3,22192
2016-07-18,'002276,万马股份,20.4,20.75,20.22,20.3,20.41,-0.01,-0.049,2.7111,25351993,520323490.45,19161423955.2,19076372275.2,23679
2016-07-15,'002276,万马股份,20.41,20.84,20.33,20.7,20.87,-0.46,-2.2041,3.3713,31525470,647881036.87,19170816810.1,19085723438.1,32772
2016-07-14,'002276,万马股份,20.87,21.17,20.11,20.28,20.26,0.61,3.0109,7.0384,65817381,1364284611.04,19602888134.6,19515876930.6,62383
2016-07-13,'002276,万马股份,20.26,20.46,20.0,20.17,20.08,0.18,0.8964,3.8831,36311746,734958142.98,19029923986.9,18945455994.9,32840
2016-07-12,'002276,万马股份,20.08,20.15,19.69,19.92,19.9,0.18,0.9045,2.9951,28007928,558377696.75,18860852599.0,18777135063.0,23625
2016-07-11,'002276,万马股份,19.9,20.2,19.74,20.0,19.88,0.02,0.1006,3.3695,31508791,629155379.45,18691781211.2,18608814131.2,27844
2016-07-08,'002276,万马股份,19.88,20.18,19.86,19.86,19.85,0.03,0.1511,2.3941,22387532,447933030.36,18672995501.4,18590111805.4,21675
2016-07-07,'002276,万马股份,19.85,20.09,19.61,19.91,19.99,-0.14,-0.7004,2.7476,25692862,510317697.31,18644816936.8,18562058316.8,24715
2016-07-06,'002276,万马股份,19.99,20.23,19.93,20.23,20.26,-0.27,-1.3327,2.7378,25601990,512622296.45,18776316905.1,18692974597.1,23544
2016-07-05,'002276,万马股份,20.26,20.3,19.92,20.06,20.0,0.26,1.3,3.7393,34966670,702400535.93,19029923986.9,18945455994.9,31304
2016-07-04,'002276,万马股份,20.0,20.15,19.44,19.51,19.67,0.33,1.6777,3.0413,28439987,566408698.58,18785709760.0,18702325760.0,25960
2016-07-01,'002276,万马股份,19.67,19.96,19.56,19.9,19.81,-0.14,-0.7067,2.2088,20654850,408164559.21,18475745549.0,18393737385.0,19908
2016-06-30,'002276,万马股份,19.81,20.02,19.74,19.88,19.9,-0.09,-0.4523,2.1418,20028388,397182608.9,18607245517.3,18524653665.3,18789
2016-06-29,'002276,万马股份,19.9,20.06,19.81,19.97,19.9,0.0,0.0,3.0365,28394415,566262257.71,18691781211.2,18608814131.2,25759
2016-06-28,'002276,万马股份,19.9,20.08,19.54,19.65,19.73,0.17,0.8616,3.522,32934480,653608774.28,18691781211.2,18608814131.2,31948
2016-06-27,'002276,万马股份,19.83,19.94,19.09,19.1,19.33,0.5,2.5867,2.9981,28036187,550018089.77,18626031227.0,18543355991.0,27480
2016-06-24,'002276,万马股份,19.33,20.16,18.4,19.83,20.0,-0.67,-3.35,4.2303,39558185,769764510.88,18156388483.0,18075797847.0,44507
2016-06-23,'002276,万马股份,20.0,20.4,19.55,19.91,19.94,0.06,0.3009,3.4978,32708721,655005473.87,18785709760.0,18702325760.0,34541
2016-06-22,'002276,万马股份,19.94,19.95,19.43,19.56,19.68,0.26,1.3211,3.028,28315123,558166786.12,18729352630.7,18646218782.7,29758
2016-06-21,'002276,万马股份,19.68,20.78,19.5,20.62,20.48,-0.8,-3.9063,4.7764,44665281,898642503.72,18485138403.8,18403088547.8,50020
2016-06-20,'002276,万马股份,20.48,20.6,20.05,20.1,20.25,0.23,1.1358,3.3796,31603367,642087302.86,19236566794.2,19151181578.2,31223
2016-06-17,'002276,万马股份,20.25,20.9,20.06,20.54,20.69,-0.44,-2.1266,5.9001,55172577,1132823742.99,19020531132.0,18936104832.0,54549
2016-06-16,'002276,万马股份,20.69,21.36,20.32,20.75,20.43,0.26,1.2726,10.6548,99634731,2074856781.87,19433816746.7,19347555998.7,94201
2016-06-15,'002276,万马股份,20.43,20.43,18.25,18.4,18.57,1.86,10.0162,7.2488,67784703,1339832065.89,19189602519.8,19104425763.8,59278
2016-06-14,'002276,万马股份,18.57,19.02,18.25,18.25,18.25,0.32,1.7534,2.4825,23214520,431029888.01,17442531512.2,17365109468.2,25239
2016-06-13,'002276,万马股份,18.25,19.51,18.24,19.31,19.77,-1.52,-7.6884,3.5715,33397524,634649830.78,17142690156.0,17065872256.0,38612
2016-06-08,'002276,万马股份,19.77,20.15,19.35,19.79,19.74,0.03,0.152,3.8119,35646089,704414389.22,18570464897.8,18487249013.8,36587
2016-06-07,'002276,万马股份,19.74,19.91,19.15,19.52,19.51,0.23,1.1789,3.6941,34544221,675401133.3,18542285133.1,18459195525.1,36199
2016-06-06,'002276,万马股份,19.51,19.87,19.36,19.76,19.77,-0.26,-1.3151,2.8084,26262201,513929948.74,18326240270.9,18244118778.9,29962
2016-06-03,'002276,万马股份,19.77,20.1,19.35,19.5,19.44,0.33,1.6975,5.1202,47879435,947092479.56,18570464897.8,18487249013.8,49961
2016-06-02,'002276,万马股份,19.44,19.61,19.22,19.35,19.22,0.22,1.1446,3.007,28119022,545979086.0,18260487486.7,18178660638.7,30292
2016-06-01,'002276,万马股份,19.22,19.59,19.19,19.2,19.19,0.03,0.1563,3.5942,33609525,650962243.86,18053835879.4,17972935055.4,35713
2016-05-31,'002276,万马股份,19.19,19.2,18.45,18.53,18.28,0.91,4.9781,4.0092,37490578,708954652.4,18025656114.7,17944881566.7,40832
2016-05-30,'002276,万马股份,18.28,18.53,18.05,18.39,18.51,-0.23,-1.2426,1.3014,12169690,223037725.45,17170869920.6,17093925744.6,14323
2016-05-27,'002276,万马股份,18.51,18.77,18.42,18.53,18.52,-0.01,-0.054,1.7779,16625437,309235145.34,17386914782.9,17309002490.9,18329
2016-05-26,'002276,万马股份,18.52,18.62,18.01,18.52,18.55,-0.03,-0.1617,2.0931,19572709,358022890.87,17396308037.8,17318353653.8,23253
2016-05-25,'002276,万马股份,18.55,18.98,18.43,18.94,18.66,-0.11,-0.5895,1.8769,17551613,328359306.9,17424487802.4,17346407142.4,20321
2016-05-24,'002276,万马股份,18.66,19.3,18.55,19.3,18.93,-0.27,-1.4263,2.2833,21351429,402387564.76,17527813606.1,17449269934.1,25753
2016-05-23,'002276,万马股份,18.93,18.97,18.58,18.58,18.49,0.44,2.3797,2.4772,23165042,435748118.56,17781431487.8,17701751331.8,25880
2016-05-20,'002276,万马股份,18.49,18.58,17.98,18.02,18.39,0.1,0.5438,1.7959,16794061,308459031.4,17368128273.1,17290300165.1,20423
2016-05-19,'002276,万马股份,18.39,18.95,18.35,18.41,18.3,0.09,0.4918,2.4167,22598563,421273915.26,17274195724.3,17196788536.3,27252
2016-05-18,'002276,万马股份,18.3,19.04,17.91,18.96,19.31,-1.01,-5.2305,3.0205,28244832,524164146.4,17189656430.4,17112628070.4,35558
2016-05-17,'002276,万马股份,19.31,19.65,18.85,19.14,19.14,0.17,0.8882,4.0477,37850246,732020576.15,18138375173.3,18057095521.3,43303
2016-05-16,'002276,万马股份,19.14,19.2,18.58,18.64,18.88,0.26,1.3771,2.2962,21471720,407174442.68,17978689840.3,17898125752.3,24229
2016-05-13,'002276,万马股份,18.88,19.46,18.67,18.86,18.85,0.03,0.1592,2.4808,23198794,440344707.88,17734465213.4,17654995517.4,27444
2016-05-12,'002276,万马股份,18.85,19.17,17.81,18.47,18.69,0.16,0.8561,2.3447,21925987,405298091.81,17706285448.8,17626942028.8,29815
2016-05-11,'002276,万马股份,18.69,19.25,18.66,19.1,18.99,-0.3,-1.5798,2.0655,19314440,364619076.61,17555993370.7,17477323422.7,23113
2016-05-10,'002276,万马股份,18.99,19.29,18.54,18.54,18.69,0.3,1.6051,2.3576,22045961,418953493.4,17837791017.1,17757858309.1,27280
2016-05-09,'002276,万马股份,18.69,19.58,18.5,19.51,19.86,-1.17,-5.8912,3.2369,30268334,574313424.23,17555993370.7,17477323422.7,38380
2016-05-06,'002276,万马股份,19.86,21.15,19.8,21.0,21.04,-1.18,-5.6084,4.5215,42281238,860821503.12,18655004191.7,18571409479.7,52446
2016-05-05,'002276,万马股份,21.04,21.14,20.72,20.88,20.85,0.19,0.9113,3.1215,29190080,611264843.92,19763408267.5,19674846699.5,29298
2016-05-04,'002276,万马股份,20.85,21.15,20.78,21.0,21.14,-0.29,-1.3718,3.2999,30857637,645472206.55,19584936424.8,19497174604.8,35077
2016-05-03,'002276,万马股份,21.14,21.18,20.16,20.3,20.31,0.83,4.0867,3.891,36385828,757329863.2,19857340816.3,19768358328.3,42296
2016-04-29,'002276,万马股份,20.31,20.7,20.26,20.26,20.52,-0.21,-1.0234,2.1085,19717364,402849982.96,19077700661.3,18992211809.3,21863
2016-04-28,'002276,万马股份,20.52,20.73,20.02,20.4,20.47,0.05,0.2443,2.8167,26339087,537745466.12,19274959013.8,19188586229.8,30819
2016-04-27,'002276,万马股份,20.47,21.12,20.43,20.9,20.85,-0.38,-1.8225,3.5949,33616163,697754552.13,19227992739.4,19141830415.4,38876
2016-04-26,'002276,万马股份,20.85,20.88,20.12,20.21,20.3,0.55,2.7094,3.6077,33736092,690701690.16,19584936424.8,19497174604.8,34560
2016-04-25,'002276,万马股份,20.3,20.6,20.0,20.6,20.58,-0.28,-1.3605,2.4832,23220760,469968357.14,19068307406.4,18982860646.4,26853
2016-04-22,'002276,万马股份,20.58,20.6,19.66,19.79,20.02,0.56,2.7972,3.4391,32159391,649639357.23,19331318543.0,19244693207.0,37402
2016-04-21,'002276,万马股份,20.02,20.68,19.98,20.58,20.71,-0.69,-3.3317,4.6462,43447742,882176759.26,18805296269.8,18721028085.8,49113
2016-04-20,'002276,万马股份,20.71,22.79,20.37,22.79,22.62,-1.91,-8.4439,6.5665,61404217,1309417213.86,19453430856.5,19366258324.5,72292
2016-04-19,'002276,万马股份,22.62,22.78,22.3,22.6,22.38,0.24,1.0724,3.4317,32090826,724565871.4,21247542538.6,21152330434.6,33658
2016-04-18,'002276,万马股份,22.38,22.85,22.17,22.8,23.23,-0.85,-3.6591,4.353,40705504,914243984.29,21022104421.4,20927902525.4,45621
2016-04-15,'002276,万马股份,23.23,23.92,23.1,23.83,23.62,-0.39,-1.6511,4.4184,41316765,968464568.98,21820531086.2,21722751370.2,46731
2016-04-14,'002276,万马股份,23.62,23.64,23.02,23.38,23.18,0.44,1.8982,4.6293,43289518,1011242333.24,22186868026.6,22087446722.6,45837
2016-04-13,'002276,万马股份,23.18,23.88,22.91,23.4,23.2,-0.02,-0.0862,6.4786,60582708,1422725767.0,21773564811.8,21675995555.8,62717
2016-04-12,'002276,万马股份,23.2,24.28,22.73,23.63,23.57,-0.37,-1.5698,6.9772,65244487,1535093096.78,21792351321.6,21694697881.6,71841
2016-04-11,'002276,万马股份,23.57,24.5,23.51,24.1,23.49,0.08,0.3406,9.3605,87531660,2096459461.75,22139901752.2,22040690908.2,94480
2016-04-08,'002276,万马股份,23.49,23.85,22.26,22.51,22.9,0.59,2.5764,10.8519,101477695,2356230367.67,22064755713.1,21965881605.1,105483
2016-04-07,'002276,万马股份,22.9,24.19,22.1,22.66,22.59,0.31,1.3723,11.18,104545986,2400190212.66,21510553675.2,21414162995.2,104919
2016-04-06,'002276,万马股份,22.59,22.99,22.06,22.7,22.54,0.05,0.2218,9.2231,86246922,1949264274.58,21219362773.9,21124276945.9,88345
2016-04-05,'002276,万马股份,22.54,22.54,20.75,20.77,20.49,2.05,10.0049,8.0314,75102901,1624991721.57,21172396499.5,21077521131.5,73768
2016-04-01,'002276,万马股份,20.49,21.07,20.13,21.0,20.87,-0.38,-1.8208,3.0096,28143331,577031672.79,19246779249.1,19160532741.1,32790
2016-03-31,'002276,万马股份,20.87,21.44,20.76,20.93,20.81,0.06,0.2883,4.7421,44344115,935954921.07,19603722934.6,19515876930.6,47132
2016-03-30,'002276,万马股份,20.81,20.81,19.85,20.05,19.8,1.01,5.101,3.9979,37384664,756785753.11,19547363405.3,19459769953.3,43088
2016-03-29,'002276,万马股份,19.8,20.69,19.59,20.59,20.62,-0.82,-3.9767,3.722,34804600,695507067.93,18598644662.4,18515302502.4,44401
2016-03-28,'002276,万马股份,20.62,21.42,20.55,21.12,20.93,-0.31,-1.4811,3.9212,36667519,770581965.04,19368891562.6,19282097858.6,40611
2016-03-25,'002276,万马股份,20.93,21.37,20.61,21.1,21.1,-0.17,-0.8057,3.3551,31374410,657652219.31,19660082463.8,19571983907.8,38546
2016-03-24,'002276,万马股份,21.1,21.98,20.9,21.34,21.64,-0.54,-2.4954,5.8622,54818217,1172646500.78,19819767796.8,19730953676.8,60046
2016-03-23,'002276,万马股份,21.64,21.79,20.81,20.91,21.05,0.59,2.8029,6.3327,59218370,1269611741.04,20327003560.3,20235916472.3,56515
2016-03-22,'002276,万马股份,21.05,21.52,21.0,21.5,21.71,-0.66,-3.0401,5.496,51394192,1092717546.75,19772801522.4,19684197862.4,53698
2016-03-21,'002276,万马股份,21.71,21.74,21.01,21.48,21.2,0.51,2.4057,7.1633,66985475,1432369821.48,20392756344.5,20301374612.5,69860
2016-03-18,'002276,万马股份,21.2,21.49,20.3,20.3,20.15,1.05,5.2109,7.778,72733550,1529129410.59,19913700345.6,19824465305.6,77827
2016-03-17,'002276,万马股份,20.15,20.22,18.88,19.0,19.26,0.89,4.621,7.4126,69316519,1367303421.28,18927408583.2,18842593203.2,71428
2016-03-16,'002276,万马股份,19.26,19.76,18.8,19.73,19.41,-0.15,-0.7728,3.4781,32524570,626983718.35,18091408898.9,18010339706.9,43234
2016-03-15,'002276,万马股份,19.41,20.22,19.1,19.4,19.35,0.06,0.3101,4.9769,46539927,913525790.64,18232307722.1,18150607150.1,57586
2016-03-14,'002276,万马股份,19.35,19.69,18.75,18.75,18.39,0.96,5.2202,4.3438,40619876,782440681.58,18175948192.8,18094500172.8,49463
2016-03-11,'002276,万马股份,18.39,18.79,18.2,18.42,18.76,-0.37,-1.9723,2.8214,26383680,486447420.15,17274195724.3,17196788536.3,34934
2016-03-10,'002276,万马股份,18.76,19.39,18.68,19.11,19.01,-0.25,-1.3151,2.8836,26964730,512745039.17,17621746154.9,17542781562.9,36480
2016-03-09,'002276,万马股份,19.01,19.55,19.0,19.01,20.11,-1.1,-5.4699,5.1421,48084792,923936997.58,17856577526.9,17776560634.9,58804
2016-03-08,'002276,万马股份,20.11,20.5,19.24,20.5,21.14,-1.03,-4.8723,6.8983,64507181,1279876345.68,18889835563.7,18805188551.7,67083
2016-03-07,'002276,万马股份,21.14,21.79,20.98,21.4,21.06,0.08,0.3799,3.6035,33697127,721482943.7,19857340816.3,19768358328.3,33306
2016-03-04,'002276,万马股份,21.06,22.28,20.5,22.1,22.42,-1.36,-6.066,4.2235,39494383,847970501.93,19782194777.3,19693549025.3,48300
2016-03-03,'002276,万马股份,22.42,23.06,21.5,21.7,21.69,0.73,3.3656,5.1728,48371413,1076477062.07,21059677441.0,20965307177.0,62402
2016-03-02,'002276,万马股份,21.69,21.95,20.25,20.48,20.57,1.12,5.4448,4.0176,37569087,790479986.5,20373969834.7,20282672286.7,48839
2016-03-01,'002276,万马股份,20.57,20.96,19.01,20.57,20.47,0.1,0.4885,3.7192,34778612,703258784.77,19321925288.2,19235342044.2,45580
2016-02-29,'002276,万马股份,20.47,22.4,20.47,22.38,22.74,-2.27,-9.9824,3.6461,34094966,714104777.94,19227992739.4,19141830415.4,42133
2016-02-26,'002276,万马股份,22.74,23.2,21.5,22.8,22.43,0.31,1.3821,4.6525,43506142,982054583.06,21360261597.1,21264544389.1,51916
2016-02-25,'002276,万马股份,22.43,25.22,21.99,24.22,23.97,-1.54,-6.4247,7.5259,70375531,1689883739.08,21069070695.8,20974658339.8,88949
2016-02-24,'002276,万马股份,23.97,24.36,23.53,23.9,23.96,0.01,0.0417,3.9661,37087962,887419416.51,22515631947.4,22414737423.4,43845
2016-02-23,'002276,万马股份,23.96,24.45,23.4,24.15,24.32,-0.36,-1.4803,4.789,44782561,1076460750.97,22506238692.5,22405386260.5,56293
2016-02-22,'002276,万马股份,24.32,25.01,23.23,23.84,23.54,0.78,3.3135,6.825,63822103,1532582657.81,22844395868.2,22742028124.2,69044
2016-02-19,'002276,万马股份,23.54,23.84,22.46,22.5,22.85,0.69,3.0197,5.9342,55491444,1297947708.33,22111721987.5,22012637419.5,64981
2016-02-18,'002276,万马股份,22.85,23.3,22.35,22.85,22.79,0.06,0.2633,5.0023,46777631,1067033387.13,21463587400.8,21367407180.8,52915
2016-02-17,'002276,万马股份,22.79,23.7,21.63,21.9,21.88,0.91,4.159,5.4508,50970874,1150926179.73,21407227871.5,21311300203.5,59358
2016-02-16,'002276,万马股份,21.88,22.25,21.18,21.2,20.84,1.04,4.9904,3.5446,33146285,722718868.04,20552441677.4,20460344381.4,39963
2016-02-15,'002276,万马股份,20.84,21.23,19.7,19.7,20.78,0.06,0.2887,2.3983,22427191,457869719.37,19575543169.9,19487823441.9,28359
2016-02-05,'002276,万马股份,20.78,21.7,20.74,21.45,21.33,-0.55,-2.5785,2.4799,23190411,492115660.62,19519183640.6,19431716464.6,30799
2016-02-04,'002276,万马股份,21.33,21.97,21.28,21.65,21.27,0.06,0.2821,4.1289,38609918,833420267.41,20035812659.0,19946030423.0,45755
2016-02-03,'002276,万马股份,21.27,21.96,19.9,20.01,20.41,0.86,4.2136,3.8107,35634858,734017085.24,19979453129.8,19889923445.8,41761
2016-02-02,'002276,万马股份,20.41,21.0,19.35,19.35,19.38,1.03,5.3148,3.4703,32451789,658675184.92,19171633210.1,19085723438.1,39624
2016-02-01,'002276,万马股份,19.38,20.1,18.79,19.6,19.89,-0.51,-2.5641,2.7475,25692720,502328702.34,18204127957.4,18122553661.4,31944
2016-01-29,'002276,万马股份,19.89,20.28,18.51,18.56,18.53,1.36,7.3394,3.4471,32234819,627200184.75,18683183956.3,18599462968.3,42427
2016-01-28,'002276,万马股份,18.53,20.15,18.45,19.95,20.48,-1.95,-9.5215,2.8112,26288044,510790152.45,17405701292.6,17327704816.6,34934
2016-01-27,'002276,万马股份,20.48,20.79,18.29,20.06,20.22,0.26,1.2859,3.9151,36611060,716036756.66,19237385994.2,19151181578.2,47728
2016-01-26,'002276,万马股份,20.22,22.23,20.22,22.0,22.47,-2.25,-10.0134,3.7161,34750201,732904691.34,18993161367.4,18908051343.4,49179
2016-01-25,'002276,万马股份,22.47,22.94,22.0,22.5,22.23,0.24,1.0796,3.2824,30693812,692012243.77,21106643715.4,21012062991.4,40290
2016-01-22,'002276,万马股份,22.23,22.51,21.38,22.0,21.38,0.85,3.9757,4.2364,39615705,871667756.65,20881205598.2,20787635082.2,50771
2016-01-21,'002276,万马股份,21.38,23.49,21.3,22.51,23.2,-1.82,-7.8448,4.7984,44870193,1019187320.86,20082778933.4,19992786237.4,61638
2016-01-20,'002276,万马股份,23.2,23.78,22.89,23.01,22.73,0.47,2.0678,7.2857,68130069,1590022173.08,21792351321.6,21694697881.6,83585
2016-01-19,'002276,万马股份,22.73,22.73,20.31,20.59,20.66,2.07,10.0194,5.1489,48148230,1021550369.72,21350868342.2,21255193226.2,53975
2016-01-18,'002276,万马股份,20.66,21.25,19.18,19.18,19.82,0.84,4.2381,4.8675,45516751,940328859.72,19406464582.1,19319502510.1,54723
2016-01-15,'002276,万马股份,19.82,20.98,19.51,20.7,20.7,-0.88,-4.2512,3.7963,35500155,721977531.21,18617431172.2,18534004828.2,46509
2016-01-14,'002276,万马股份,20.7,20.75,18.18,18.4,19.5,1.2,6.1538,4.203,39302722,782761190.99,19444037601.6,19356907161.6,48345
2016-01-13,'002276,万马股份,19.5,21.36,19.4,21.3,21.18,-1.68,-7.932,3.0857,28854425,595163277.81,18316847016.0,18234767616.0,38466
2016-01-12,'002276,万马股份,21.18,21.5,19.5,20.54,20.54,0.64,3.1159,3.7352,34928004,719559214.28,19894913835.8,19805762979.8,45538
2016-01-11,'002276,万马股份,20.54,22.77,20.54,22.0,22.82,-2.28,-9.9912,3.0274,28309767,608965407.88,19293745523.5,19207288555.5,38783
2016-01-08,'002276,万马股份,22.82,24.4,21.06,24.0,23.31,-0.49,-2.1021,3.7561,35124014,809434705.24,21435407636.2,21339353692.2,49955
2016-01-07,'002276,万马股份,23.31,25.2,23.31,25.0,25.9,-2.59,-10.0,0.8801,8229900,198518439.5,21895677125.3,21797560673.3,12028
2016-01-06,'002276,万马股份,25.9,26.2,25.03,25.45,25.3,0.6,2.3715,3.1623,29571547,759567681.59,24328530139.2,24219511859.2,43858
2016-01-05,'002276,万马股份,25.3,26.8,24.38,25.01,27.09,-1.79,-6.6076,4.7763,44663585,1143428543.08,23764934846.4,23658442086.4,66386
2016-01-04,'002276,万马股份,27.09,29.98,27.09,29.98,30.1,-3.01,-10.0,3.7525,35090145,986016403.81,25446327469.9,25332300241.9,55083
