日期,股票代码,名称,收盘价,最高价,最低价,开盘价,前收盘,涨跌额,涨跌幅,换手率,成交量,成交金额,总市值,流通市值,成交笔数
2016-10-12,'002171,楚江新材,18.4,19.09,17.73,17.99,17.45,0.95,5.4441,5.1048,16643605,307289599.57,8182755852.8,5999136000.0,13891
2016-10-11,'002171,楚江新材,17.45,17.56,17.34,17.35,17.33,0.12,0.6924,1.5692,5116063,89342241.3,7760276610.4,5689398000.0,3783
2016-10-10,'002171,楚江新材,17.33,17.38,16.76,16.76,16.7,0.63,3.7725,1.382,4505997,77303953.41,7706910811.36,5650273200.0,4771
2016-09-30,'002171,楚江新材,16.7,16.79,16.52,16.62,16.67,0.03,0.18,0.7505,2447013,40840191.34,7426740366.4,5444868000.0,2075
2016-09-29,'002171,楚江新材,16.67,16.88,16.6,16.64,16.62,0.05,0.3008,0.8453,2756019,46090182.08,7413398916.64,5435086800.0,2508
2016-09-28,'002171,楚江新材,16.62,17.08,16.59,16.9,16.95,-0.33,-1.9469,1.1195,3649921,61229776.75,7391163167.04,5418784800.0,3282
2016-09-27,'002171,楚江新材,16.95,16.99,16.65,16.81,16.86,0.09,0.5338,0.8668,2826135,47635077.89,7537919114.4,5526378000.0,2549
2016-09-26,'002171,楚江新材,16.86,17.2,16.85,17.07,17.06,-0.2,-1.1723,0.9365,3053396,52023377.62,7497894765.12,5497034400.0,3091
2016-09-23,'002171,楚江新材,17.06,17.24,17.0,17.06,17.03,0.03,0.1762,0.733,2390012,40908853.72,7586837763.52,5562242400.0,2269
2016-09-22,'002171,楚江新材,17.03,17.35,17.0,17.3,17.2,-0.17,-0.9884,1.1095,3617521,62108599.84,7573496313.76,5552461200.0,2869
2016-09-21,'002171,楚江新材,17.2,17.32,17.17,17.3,17.23,-0.03,-0.1741,0.5779,1884100,32467900.94,7649097862.4,5607888000.0,1588
2016-09-20,'002171,楚江新材,17.23,17.32,17.11,17.11,17.16,0.07,0.4079,0.6331,2064262,35539856.66,7662439312.16,5617669200.0,2048
2016-09-19,'002171,楚江新材,17.16,17.22,17.01,17.1,17.0,0.16,0.9412,0.6158,2007613,34400028.09,7631309262.72,5594846400.0,2067
2016-09-14,'002171,楚江新材,17.0,17.29,16.91,16.96,17.08,-0.08,-0.4684,0.697,2272521,38871339.11,7560154864.0,5542680000.0,2285
2016-09-13,'002171,楚江新材,17.08,17.12,16.87,17.0,16.87,0.21,1.2448,0.7052,2299274,39037816.51,7595732063.36,5568763200.0,2106
2016-09-12,'002171,楚江新材,16.87,17.18,16.8,17.0,17.43,-0.56,-3.2129,1.336,4355890,73974123.62,7502341915.04,5500294800.0,4659
2016-09-09,'002171,楚江新材,17.43,17.71,17.37,17.55,17.75,-0.32,-1.8028,1.3651,4450775,77945611.71,7751382310.56,5682877200.0,4514
2016-09-08,'002171,楚江新材,17.75,17.83,17.44,17.67,17.5,0.25,1.4286,1.423,4639530,82063635.64,7893691108.0,5787210000.0,3997
2016-09-07,'002171,楚江新材,17.5,17.86,17.49,17.65,17.64,-0.14,-0.7937,1.6819,5483812,97103075.17,7782512360.0,5705700000.0,5211
2016-09-06,'002171,楚江新材,17.64,17.66,17.11,17.3,17.49,0.15,0.8576,1.6902,5510868,95854018.02,7844772458.88,5751345600.0,5068
2016-09-05,'002171,楚江新材,17.49,17.76,17.44,17.75,17.4,0.09,0.5172,1.1995,3910850,68682126.86,7778065210.08,5702439600.0,3530
2016-09-02,'002171,楚江新材,17.4,17.42,17.19,17.4,17.25,0.15,0.8696,1.1146,3634197,62887979.29,7738040860.8,5673096000.0,3647
2016-09-01,'002171,楚江新材,17.25,17.65,17.24,17.57,17.54,-0.29,-1.6534,1.5925,5192327,90578409.5,7671333612.0,5624190000.0,5030
2016-08-31,'002171,楚江新材,17.54,18.03,17.42,18.03,17.93,-0.39,-2.1751,2.5285,8243963,144875650.74,7800300959.68,5718741600.0,6865
2016-08-30,'002171,楚江新材,17.93,18.07,17.88,17.98,17.93,0.0,0.0,0.9742,3176226,57054668.79,7973739806.56,5845897200.0,3332
2016-08-29,'002171,楚江新材,17.93,18.08,17.8,18.08,18.18,-0.25,-1.3751,1.5188,4951781,88624728.17,7973739806.56,5845897200.0,5706
2016-08-26,'002171,楚江新材,18.18,18.47,18.0,18.31,18.37,-0.19,-1.0343,1.9487,6353394,115954809.52,8084918554.56,5927407200.0,5873
2016-08-25,'002171,楚江新材,18.37,18.42,17.71,18.01,17.9,0.47,2.6257,2.7391,8930571,162113466.92,8169414403.04,5989354800.0,7846
2016-08-24,'002171,楚江新材,17.9,18.14,17.83,17.97,17.84,0.06,0.3363,1.1691,3811763,68639195.97,7960398356.8,5836116000.0,3422
2016-08-23,'002171,楚江新材,17.84,18.05,17.61,17.8,17.85,-0.01,-0.056,1.3384,4363581,77829732.47,7933715457.28,5816553600.0,4133
2016-08-22,'002171,楚江新材,17.85,18.67,17.85,18.31,18.19,-0.34,-1.8692,2.2071,7195913,131287566.36,7938162607.2,5819814000.0,7011
2016-08-19,'002171,楚江新材,18.19,18.33,18.04,18.33,18.38,-0.19,-1.0337,2.0352,6635428,120390186.75,8089365704.48,5930667600.0,5734
2016-08-18,'002171,楚江新材,18.38,18.52,17.8,17.93,17.9,0.48,2.6816,3.1817,10373669,188412664.8,8173861552.96,5992615200.0,9017
2016-08-17,'002171,楚江新材,17.9,17.95,17.63,17.84,17.83,0.07,0.3926,1.7354,5658227,100787922.81,7960398356.8,5836116000.0,4925
2016-08-16,'002171,楚江新材,17.83,18.14,17.75,17.99,17.85,-0.02,-0.112,1.8435,6010691,107676707.77,7929268307.36,5813293200.0,6058
2016-08-15,'002171,楚江新材,17.85,17.9,17.13,17.38,17.5,0.35,2.0,2.4379,7948663,139999591.97,7938162607.2,5819814000.0,7610
2016-08-12,'002171,楚江新材,17.5,17.63,16.85,17.53,17.69,-0.19,-1.0741,3.209,10462510,180178424.73,7782512360.0,5705700000.0,9062
2016-08-11,'002171,楚江新材,17.69,18.12,17.65,18.0,18.09,-0.4,-2.2112,1.8001,5869176,104778835.37,7867008208.48,5767647600.0,5771
2016-08-10,'002171,楚江新材,18.09,18.37,17.71,17.71,17.68,0.41,2.319,2.7391,8930630,162216802.89,8044894205.28,5898063600.0,8312
2016-08-09,'002171,楚江新材,17.68,17.93,17.51,17.53,17.64,0.04,0.2268,1.5279,4981462,88540341.56,7862561058.56,5764387200.0,5020
2016-08-08,'002171,楚江新材,17.64,17.67,17.18,17.21,17.49,0.15,0.8576,1.3246,4318614,75403997.44,7844772458.88,5751345600.0,4824
2016-08-05,'002171,楚江新材,17.49,17.88,17.39,17.59,17.67,-0.18,-1.0187,2.6137,8521625,150375560.29,7778065210.08,5702439600.0,7866
2016-08-04,'002171,楚江新材,17.67,17.7,16.82,16.89,16.89,0.78,4.6181,3.7465,12215140,211695184.66,7858113908.64,5761126800.0,9312
2016-08-03,'002171,楚江新材,16.89,17.31,16.78,16.85,16.91,-0.02,-0.1183,1.7756,5789024,98690367.28,7511236214.88,5506815600.0,5879
2016-08-02,'002171,楚江新材,16.91,16.96,16.58,16.78,16.78,0.13,0.7747,1.4803,4826287,81026163.54,7520130514.72,5513336400.0,4404
2016-08-01,'002171,楚江新材,16.78,16.86,16.2,16.24,16.39,0.39,2.3795,2.5555,8332076,137044949.89,7462317565.76,5470951200.0,7626
2016-07-29,'002171,楚江新材,16.39,17.0,16.18,16.88,16.94,-0.55,-3.2468,2.1137,6891482,114310446.49,7288878718.88,5343795600.0,6496
2016-07-28,'002171,楚江新材,16.94,17.07,16.62,16.88,16.88,0.06,0.3555,1.7552,5722515,96605852.46,7533471964.48,5523117600.0,5441
2016-07-27,'002171,楚江新材,16.88,18.65,16.61,18.39,18.38,-1.5,-8.161,4.6944,15305613,267980678.38,7506789064.96,5503555200.0,12124
2016-07-26,'002171,楚江新材,18.38,18.43,18.17,18.17,18.16,0.22,1.2115,1.6139,5262015,96490016.96,8173861552.96,5992615200.0,4261
2016-07-25,'002171,楚江新材,18.16,18.38,17.96,18.03,18.22,-0.06,-0.3293,1.6185,5277071,96083780.94,8076024254.72,5920886400.0,4452
2016-07-22,'002171,楚江新材,18.22,18.4,18.15,18.33,18.23,-0.01,-0.0549,1.6778,5470208,99964511.36,8102707154.24,5940448800.0,5275
2016-07-21,'002171,楚江新材,18.23,18.6,18.16,18.26,18.26,-0.03,-0.1643,2.2472,7326702,134439558.8,8107154304.16,5943709200.0,6000
2016-07-20,'002171,楚江新材,18.26,18.47,18.19,18.45,18.4,-0.14,-0.7609,1.9025,6203019,113513718.09,8120495753.92,5953490400.0,4684
2016-07-19,'002171,楚江新材,18.4,18.48,18.07,18.21,18.21,0.19,1.0434,2.1057,6865581,125393409.68,8182755852.8,5999136000.0,6420
2016-07-18,'002171,楚江新材,18.21,18.88,18.07,18.85,18.83,-0.62,-3.2926,3.5326,11517698,210783129.73,8098260004.32,5937188400.0,9587
2016-07-15,'002171,楚江新材,18.83,19.29,18.81,19.2,19.21,-0.38,-1.9781,2.2898,7465770,141793009.38,8373983299.36,6139333200.0,7610
2016-07-14,'002171,楚江新材,19.21,19.32,18.6,18.75,18.84,0.37,1.9639,3.0359,9898373,186555790.71,8542974996.32,6263228400.0,9558
2016-07-13,'002171,楚江新材,18.84,19.36,18.65,19.17,18.79,0.05,0.2661,3.5242,11490152,217380707.92,8378430449.28,6142593600.0,10293
2016-07-12,'002171,楚江新材,18.79,18.87,17.89,18.2,18.4,0.39,2.1196,4.0781,13296262,244736005.29,8356194699.68,6126291600.0,11132
2016-07-11,'002171,楚江新材,18.4,18.9,18.2,18.2,18.14,0.26,1.4333,4.0121,13081099,243549831.01,8182755852.8,5999136000.0,11984
2016-07-08,'002171,楚江新材,18.14,18.33,17.8,18.18,18.28,-0.14,-0.7659,2.8605,9326512,168452737.54,8067129954.88,5914365600.0,8698
2016-07-07,'002171,楚江新材,18.28,18.8,18.18,18.5,18.63,-0.35,-1.8787,4.6725,15234139,280272876.23,8129390053.76,5960011200.0,13579
2016-07-06,'002171,楚江新材,18.63,19.06,18.08,18.36,18.56,0.07,0.3772,4.5552,14851624,276408054.33,8285040300.96,6074125200.0,14064
2016-07-05,'002171,楚江新材,18.56,19.18,17.8,17.88,17.98,0.58,3.2258,8.0219,26154560,483496449.24,8253910251.52,6051302400.0,20200
2016-07-04,'002171,楚江新材,17.98,18.3,16.68,16.84,16.93,1.05,6.202,6.3702,20769472,367877781.91,7995975556.16,5862199200.0,17347
2016-07-01,'002171,楚江新材,16.93,17.34,16.87,17.25,17.23,-0.3,-1.7411,2.196,7159742,121818191.15,7529024814.56,5519857200.0,6534
2016-06-30,'002171,楚江新材,17.23,17.45,17.05,17.12,16.98,0.25,1.4723,2.8713,9361496,161591071.17,7662439312.16,5617669200.0,7879
2016-06-29,'002171,楚江新材,16.98,17.65,16.91,17.57,17.33,-0.35,-2.0196,3.4764,11334362,194092656.03,7551260564.16,5536159200.0,10432
2016-06-28,'002171,楚江新材,17.33,17.58,17.03,17.4,17.58,-0.25,-1.4221,3.7091,12093163,209332022.99,7706910811.36,5650273200.0,10779
2016-06-27,'002171,楚江新材,17.58,17.68,17.01,17.12,17.39,0.19,1.0926,6.0611,19761735,344405660.31,7818089559.36,5731783200.0,15698
2016-06-24,'002171,楚江新材,17.39,17.75,16.46,16.6,16.63,0.76,4.5701,8.3851,27338638,467208398.73,7733593710.88,5669835600.0,21858
2016-06-23,'002171,楚江新材,16.63,16.68,16.0,16.17,16.2,0.43,2.6543,4.2278,13784390,225674084.98,7395610316.96,5422045200.0,11152
2016-06-22,'002171,楚江新材,16.2,16.26,15.6,15.7,15.74,0.46,2.9225,2.3107,7533743,120752199.65,7204382870.4,5281848000.0,6645
2016-06-21,'002171,楚江新材,15.74,16.4,15.59,16.3,16.14,-0.4,-2.4783,2.5553,8331321,133967950.28,6999813974.08,5131869600.0,8217
2016-06-20,'002171,楚江新材,16.14,16.15,15.42,15.9,16.12,0.02,0.1241,3.3693,10985303,173235024.51,7177699970.88,5262285600.0,9364
2016-06-17,'002171,楚江新材,16.12,16.69,15.89,16.0,16.0,0.12,0.75,3.2564,10617143,172236532.61,7168805671.04,5255764800.0,8644
2016-06-16,'002171,楚江新材,16.0,16.46,15.88,16.01,16.0,0.0,0.0,3.1003,10108160,163318993.12,7115439872.0,5216640000.0,9124
2016-06-15,'002171,楚江新材,16.0,16.15,14.8,14.95,15.1,0.9,5.9603,2.7538,8978627,140649466.84,7115439872.0,5216640000.0,7491
2016-06-14,'002171,楚江新材,15.1,15.35,14.9,15.1,15.15,-0.05,-0.33,1.5947,5199427,78610441.46,6715196379.2,4923204000.0,4926
2016-06-13,'002171,楚江新材,15.15,16.27,15.13,15.77,16.19,-1.04,-6.4237,2.9193,9517957,151206012.4,6737432128.8,4939506000.0,8711
2016-06-08,'002171,楚江新材,16.19,16.69,16.01,16.6,16.49,-0.3,-1.8193,2.7325,8909174,144784392.95,7199935720.48,5278587600.0,8892
2016-06-07,'002171,楚江新材,16.49,16.59,15.61,15.76,15.92,0.57,3.5804,4.0521,13211386,214495223.62,7333350218.08,5376399600.0,11160
2016-06-06,'002171,楚江新材,15.92,15.98,15.5,15.62,15.46,0.46,2.9754,2.9529,9627701,151805074.55,7079862672.64,5190556800.0,7903
2016-06-03,'002171,楚江新材,15.46,15.62,15.28,15.52,15.49,-0.03,-0.1937,1.7233,5618594,86626151.66,6875293776.32,5040578400.0,5481
2016-06-02,'002171,楚江新材,15.49,15.54,15.11,15.26,15.28,0.21,1.3743,1.8424,6007056,92619210.06,6888635226.08,5050359600.0,5771
2016-06-01,'002171,楚江新材,15.28,15.49,15.1,15.1,15.08,0.2,1.3263,2.3698,7726645,118159012.57,6795245077.76,4981891200.0,7028
2016-05-31,'002171,楚江新材,15.08,15.11,14.39,14.39,14.34,0.74,5.1604,2.282,7440099,110659576.76,6706302079.36,4916683200.0,6999
2016-05-30,'002171,楚江新材,14.34,14.64,14.17,14.53,14.61,-0.27,-1.848,0.9685,3157732,45486809.03,6377212985.28,4675413600.0,3667
2016-05-27,'002171,楚江新材,14.61,14.74,14.4,14.42,14.62,-0.01,-0.0684,1.3464,4389832,64073396.39,6497286033.12,4763444400.0,3529
2016-05-26,'002171,楚江新材,14.62,14.65,14.0,14.39,14.49,0.13,0.8972,1.3442,4382702,62745806.25,6501733183.04,4766704800.0,4674
2016-05-25,'002171,楚江新材,14.49,14.78,14.37,14.57,14.42,0.07,0.4854,1.1214,3656364,53335694.66,6443920234.08,4724319600.0,3877
2016-05-24,'002171,楚江新材,14.42,14.81,14.3,14.81,14.79,-0.37,-2.5017,1.2808,4175784,60534460.87,6412790184.64,4701496800.0,4394
2016-05-23,'002171,楚江新材,14.79,14.88,14.57,14.66,14.61,0.18,1.232,1.3009,4241499,62494837.06,6577334731.68,4822131600.0,3990
2016-05-20,'002171,楚江新材,14.61,14.68,13.92,14.1,14.3,0.31,2.1678,1.208,3938551,56710130.58,6497286033.12,4763444400.0,3817
2016-05-19,'002171,楚江新材,14.32,14.6,14.2,14.24,14.23,0.09,0.6325,1.0578,3448813,49738244.91,6368318685.44,4668892800.0,3797
2016-05-18,'002171,楚江新材,14.23,14.68,14.01,14.68,14.85,-0.62,-4.1751,1.4731,4802948,68611875.35,6328294336.16,4639549200.0,5268
2016-05-17,'002171,楚江新材,14.85,15.15,14.6,14.93,14.86,-0.01,-0.0673,1.6822,5484641,81593592.53,6604017631.2,4841694000.0,5833
2016-05-16,'002171,楚江新材,14.86,14.88,14.2,14.33,14.35,0.51,3.554,1.873,6106805,89040237.1,6608464781.12,4844954400.0,5982
2016-05-13,'002171,楚江新材,14.35,14.59,14.22,14.36,14.36,-0.01,-0.0696,1.3114,4275568,61697819.81,6381660135.2,4678674000.0,4123
2016-05-12,'002171,楚江新材,14.36,14.42,13.7,14.0,14.36,0.0,0.0,1.5868,5173712,72894648.74,6386107285.12,4681934400.0,4856
2016-05-11,'002171,楚江新材,14.36,14.74,14.25,14.55,14.47,-0.11,-0.7602,1.2558,4094356,59351110.1,6386107285.12,4681934400.0,4437
2016-05-10,'002171,楚江新材,14.47,14.62,14.31,14.37,14.38,0.09,0.6259,1.4211,4633419,67219936.74,6435025934.24,4717798800.0,4677
2016-05-09,'002171,楚江新材,14.38,15.38,14.14,15.38,15.57,-1.19,-7.6429,2.6613,8677010,127278743.96,6395001584.96,4688455200.0,9789
2016-05-06,'002171,楚江新材,15.57,16.72,15.55,16.53,16.52,-0.95,-5.7506,3.4108,11120580,179174210.38,6924212425.44,5076442800.0,11497
2016-05-05,'002171,楚江新材,16.52,16.56,16.28,16.34,16.45,0.07,0.4255,2.1479,7002965,115016647.47,7346691667.84,5386180800.0,7134
2016-05-04,'002171,楚江新材,16.45,16.79,16.1,16.1,16.28,0.17,1.0442,3.272,10667893,175734413.21,7315561618.4,5363358000.0,10000
2016-05-03,'002171,楚江新材,16.28,16.28,15.7,15.79,15.72,0.56,3.5623,2.5507,8316434,134145605.2,7239960069.76,5307931200.0,8186
2016-04-29,'002171,楚江新材,15.72,15.95,15.6,15.89,15.97,-0.25,-1.5654,1.8028,5877817,92650926.32,6990919674.24,5125348800.0,5435
2016-04-28,'002171,楚江新材,15.97,16.3,15.53,16.22,16.22,-0.25,-1.5413,2.4748,8068880,127746693.35,7102098422.24,5206858800.0,7704
2016-04-27,'002171,楚江新材,16.22,16.49,16.03,16.2,16.1,0.12,0.7453,2.986,9735643,158345311.45,7213277170.24,5288368800.0,8912
2016-04-26,'002171,楚江新材,16.1,16.1,15.68,15.84,15.88,0.22,1.3854,2.1098,6878655,109483068.96,7159911371.2,5249244000.0,6945
2016-04-25,'002171,楚江新材,15.88,16.05,15.61,16.05,16.17,-0.29,-1.7934,2.3098,7530958,118769029.05,7062074072.96,5177515200.0,8270
2016-04-22,'002171,楚江新材,16.17,16.23,15.85,15.96,15.91,0.26,1.6342,2.6023,8484656,136394700.93,7191041420.64,5272066800.0,8211
2016-04-21,'002171,楚江新材,15.91,16.55,15.8,15.95,15.99,-0.08,-0.5003,3.1821,10374818,167783128.46,7075415522.72,5187296400.0,10372
2016-04-20,'002171,楚江新材,15.99,17.65,15.68,17.58,17.37,-1.38,-7.9447,4.4201,14411411,238265320.15,7110992722.08,5213379600.0,14923
2016-04-19,'002171,楚江新材,17.37,17.61,17.18,17.39,17.19,0.18,1.0471,2.6098,8508885,147918890.8,7724699411.04,5663314800.0,8591
2016-04-18,'002171,楚江新材,17.19,17.77,17.17,17.77,18.07,-0.88,-4.87,3.7599,12258793,212904276.27,7644650712.48,5604627600.0,14340
2016-04-15,'002171,楚江新材,18.07,18.2,17.48,17.75,17.83,0.24,1.346,4.2114,13730854,244569792.25,8035999905.44,5891542800.0,14471
2016-04-14,'002171,楚江新材,17.83,17.99,17.45,17.91,17.91,-0.08,-0.4467,4.2342,13805142,243793049.63,7929268307.36,5813293200.0,14820
2016-04-13,'002171,楚江新材,17.91,18.45,17.88,18.22,17.83,0.08,0.4487,6.6055,21536454,392952340.18,7964845506.72,5839376400.0,21580
2016-04-12,'002171,楚江新材,17.83,18.33,17.51,18.2,18.63,-0.8,-4.2941,6.0076,19587271,350293454.13,7929268307.36,5813293200.0,22917
2016-04-11,'002171,楚江新材,18.63,19.47,17.68,18.19,17.89,0.74,4.1364,12.1781,39705555,726462617.9,8285040300.96,6074125200.0,37652
2016-04-08,'002171,楚江新材,17.89,17.89,16.6,16.6,16.26,1.63,10.0246,7.173,23386759,405897384.43,7955951206.88,5832855600.0,15723
2016-04-07,'002171,楚江新材,16.26,16.7,16.12,16.7,16.75,-0.49,-2.9254,4.1421,13504855,221323394.24,7231065769.92,5301410400.0,10234
2016-04-06,'002171,楚江新材,16.75,16.79,15.97,16.1,16.14,0.61,3.7794,4.4193,14408798,236485020.54,7448976116.0,5461170000.0,12903
2016-04-05,'002171,楚江新材,16.14,16.21,15.4,15.65,15.61,0.53,3.3953,3.1028,10116255,160676897.06,7177699970.88,5262285600.0,8729
2016-04-01,'002171,楚江新材,15.61,15.92,15.21,15.75,15.87,-0.26,-1.6383,1.8855,6147585,95435557.13,6942001025.12,5089484400.0,6083
2016-03-31,'002171,楚江新材,15.87,16.2,15.75,16.2,15.94,-0.07,-0.4391,2.5027,8159779,130153882.98,7057626923.04,5174254800.0,7850
2016-03-30,'002171,楚江新材,15.94,15.97,15.37,15.45,15.23,0.71,4.6619,2.2785,7428663,116256744.76,7088756972.48,5197077600.0,7102
2016-03-29,'002171,楚江新材,15.23,15.9,15.08,15.88,15.81,-0.58,-3.6686,2.3347,7612208,117263423.86,6773009328.16,4965589200.0,7354
2016-03-28,'002171,楚江新材,15.81,16.32,15.7,16.0,15.88,-0.07,-0.4408,2.1768,7097160,114324466.68,7030944023.52,5154692400.0,7299
2016-03-25,'002171,楚江新材,15.88,15.95,15.52,15.66,15.78,0.1,0.6337,1.893,6172037,97249222.93,7062074072.96,5177515200.0,6359
2016-03-24,'002171,楚江新材,15.78,16.5,15.78,16.29,16.58,-0.8,-4.8251,3.4034,11096395,179796621.01,7017602573.76,5144911200.0,11066
2016-03-23,'002171,楚江新材,16.58,16.58,15.72,15.99,16.25,0.33,2.0308,4.4164,14399327,230629667.89,7373374567.36,5405743200.0,14070
2016-03-22,'002171,楚江新材,16.25,17.0,16.2,16.25,16.19,0.06,0.3706,6.1937,20193779,334061999.82,7226618620.0,5298150000.0,18531
2016-03-21,'002171,楚江新材,16.19,16.23,15.15,15.4,15.19,1.0,6.5833,4.646,15147936,236830836.08,7199935720.48,5278587600.0,12265
2016-03-18,'002171,楚江新材,15.19,15.26,14.55,14.71,14.49,0.7,4.8309,3.307,10782089,161733390.24,6755220728.48,4952547600.0,9019
2016-03-17,'002171,楚江新材,14.49,14.59,13.97,14.2,14.01,0.48,3.4261,2.1164,6900395,98997018.9,6443920234.08,4724319600.0,6195
2016-03-16,'002171,楚江新材,14.01,14.66,13.91,14.66,14.42,-0.41,-2.8433,1.3151,4287613,60970002.22,6230457037.92,4567820400.0,4693
2016-03-15,'002171,楚江新材,14.42,14.88,14.24,14.39,14.4,0.02,0.1389,2.3133,7542346,110126513.26,6412790184.64,4701496800.0,6630
2016-03-14,'002171,楚江新材,14.4,14.65,14.08,14.2,13.87,0.53,3.8212,1.7928,5845323,84284530.03,6403895884.8,4694976000.0,6824
2016-03-11,'002171,楚江新材,13.87,14.01,13.59,13.7,13.92,-0.05,-0.3592,1.3602,4434723,61131057.26,6168196939.04,4522174800.0,4658
2016-03-10,'002171,楚江新材,13.92,14.64,13.9,14.39,14.57,-0.65,-4.4612,2.0986,6842216,97743586.95,6190432688.64,4538476800.0,6850
2016-03-09,'002171,楚江新材,14.57,15.24,14.5,15.0,15.45,-0.88,-5.6958,3.1817,10373527,154244911.12,6479497433.44,4750402800.0,9168
2016-03-08,'002171,楚江新材,15.45,15.47,13.84,14.87,14.7,0.75,5.102,4.1502,13531297,201165887.38,6870846626.4,5037318000.0,12690
2016-03-07,'002171,楚江新材,14.7,14.8,14.23,14.35,13.97,0.73,5.2255,2.5762,8399406,121561034.0,6537310382.4,4792788000.0,8109
2016-03-04,'002171,楚江新材,13.97,14.6,13.5,14.27,14.23,-0.26,-1.8271,2.3955,7810176,109953272.21,6212668438.24,4554778800.0,8047
2016-03-03,'002171,楚江新材,14.23,14.9,14.13,14.21,14.2,0.03,0.2113,2.8977,9447663,137306692.52,6328294336.16,4639549200.0,8841
2016-03-02,'002171,楚江新材,14.2,14.29,13.4,13.45,13.39,0.81,6.0493,2.8374,9250932,128295196.58,6314952886.4,4629768000.0,7862
2016-03-01,'002171,楚江新材,13.39,13.58,12.88,13.05,12.95,0.44,3.3977,2.3399,7628943,100889267.74,5954733742.88,4365675600.0,7091
2016-02-29,'002171,楚江新材,12.95,14.31,12.76,14.06,14.17,-1.22,-8.6097,2.4517,7993670,105811837.1,5759059146.4,4222218000.0,7959
2016-02-26,'002171,楚江新材,14.17,14.94,13.98,14.7,14.57,-0.4,-2.7454,2.2436,7315179,104879470.69,6301611436.64,4619986800.0,6896
2016-02-25,'002171,楚江新材,14.57,16.4,14.57,16.24,16.19,-1.62,-10.0062,3.145,10254014,157249813.13,6479497433.44,4750402800.0,9787
2016-02-24,'002171,楚江新材,16.19,16.66,15.83,16.5,16.95,-0.76,-4.4838,3.437,11205879,181558297.83,7199935720.48,5278587600.0,11849
2016-02-23,'002171,楚江新材,16.95,18.0,16.68,18.0,16.68,0.27,1.6187,5.4299,17703636,304141330.92,7537919114.4,5526378000.0,16478
2016-02-22,'002171,楚江新材,0.0,0.0,0.0,0.0,16.68,None,None,0.0,0,0.0,7417846066.56,5438347200.0,0
2016-02-19,'002171,楚江新材,0.0,0.0,0.0,0.0,16.68,None,None,0.0,0,0.0,7417846066.56,5438347200.0,0
2016-02-18,'002171,楚江新材,0.0,0.0,0.0,0.0,16.68,None,None,0.0,0,0.0,7417846066.56,5438347200.0,0
2016-02-17,'002171,楚江新材,0.0,0.0,0.0,0.0,16.68,None,None,0.0,0,0.0,7417846066.56,5438347200.0,0
2016-02-16,'002171,楚江新材,16.68,16.73,15.72,15.9,15.94,0.74,4.6424,1.8534,6042824,98143916.33,7417846066.56,5438347200.0,4818
2016-02-15,'002171,楚江新材,15.94,16.4,14.3,14.3,15.21,0.73,4.7995,1.4655,4777973,73620006.64,7088756972.48,5197077600.0,4195
2016-02-05,'002171,楚江新材,15.21,15.77,15.16,15.45,15.45,-0.24,-1.5534,0.855,2787713,42812183.04,6764115028.32,4959068400.0,4040
2016-02-04,'002171,楚江新材,15.45,15.6,14.56,14.56,14.52,0.93,6.405,1.7763,5791586,88508903.5,6870846626.4,5037318000.0,4866
2016-02-03,'002171,楚江新材,14.52,14.62,13.98,14.1,14.37,0.15,1.0438,1.0638,3468257,49488516.66,6457261683.84,4734100800.0,3054
2016-02-02,'002171,楚江新材,14.37,14.65,13.88,13.88,13.76,0.61,4.4331,1.4779,4818477,69049003.4,6390554435.04,4685194800.0,3503
2016-02-01,'002171,楚江新材,13.76,14.5,13.42,14.5,14.53,-0.77,-5.2994,1.4757,4811388,67375880.01,6119278289.92,4486310400.0,4217
2016-01-29,'002171,楚江新材,14.53,14.8,13.51,13.93,13.93,0.6,4.3073,2.1193,6909812,98158509.91,6461708833.76,4737361200.0,4503
2016-01-28,'002171,楚江新材,13.93,14.89,13.87,14.21,14.63,-0.7,-4.7847,1.6499,5379400,76918814.92,6194879838.56,4541737200.0,4498
2016-01-27,'002171,楚江新材,14.63,15.35,13.7,15.1,15.1,-0.47,-3.1126,1.6546,5394807,77489454.57,6506180332.96,4769965200.0,4994
2016-01-26,'002171,楚江新材,15.1,16.54,15.1,16.54,16.78,-1.68,-10.0119,2.0956,6832626,107813428.34,6715196379.2,4923204000.0,6191
2016-01-25,'002171,楚江新材,16.78,17.07,16.4,16.47,16.35,0.43,2.63,1.7666,5759739,96460341.98,7462317565.76,5470951200.0,5593
2016-01-22,'002171,楚江新材,16.35,16.56,15.56,16.3,16.0,0.35,2.1875,2.0699,6748728,108790646.7,7271090119.2,5330754000.0,6113
2016-01-21,'002171,楚江新材,16.0,17.3,15.6,15.81,15.99,0.01,0.0625,3.8622,12592395,208850663.24,7115439872.0,5216640000.0,10394
2016-01-20,'002171,楚江新材,15.99,16.88,15.85,16.4,16.5,-0.51,-3.0909,1.9446,6340147,103173766.77,7110992722.08,5213379600.0,6119
2016-01-19,'002171,楚江新材,16.5,16.69,15.15,15.3,15.43,1.07,6.9345,2.0551,6700610,106306019.54,7337797368.0,5379660000.0,6347
2016-01-18,'002171,楚江新材,15.43,15.63,14.59,15.0,15.27,0.16,1.0478,2.4288,7918788,119952246.63,6861952326.56,5030797200.0,6114
2016-01-15,'002171,楚江新材,15.27,17.0,15.27,17.0,16.97,-1.7,-10.0177,3.1007,10109438,160748754.64,6790797927.84,4978630800.0,8678
2016-01-14,'002171,楚江新材,16.97,17.25,15.61,15.61,16.9,0.07,0.4142,2.3059,7518141,124923438.47,7546813414.24,5532898800.0,8296
2016-01-13,'002171,楚江新材,16.9,19.2,16.9,19.0,18.78,-1.88,-10.0106,2.7297,8899757,156912113.03,7515683364.8,5510076000.0,9173
2016-01-12,'002171,楚江新材,18.78,20.29,18.58,19.85,20.64,-1.86,-9.0116,2.9169,9510265,182632667.95,8351747549.76,6123031200.0,9656
2016-01-11,'002171,楚江新材,20.64,22.69,20.64,22.01,22.93,-2.29,-9.9869,3.3183,10818959,231773893.69,9178917434.88,6729465600.0,12791
2016-01-08,'002171,楚江新材,22.93,23.43,19.58,22.5,21.75,1.18,5.4253,3.3507,10924550,243372943.9,10197314766.6,7476097200.0,9949
2016-01-07,'002171,楚江新材,21.75,23.65,21.75,23.63,24.17,-2.42,-10.0124,0.8422,2745800,61745541.61,9672551076.0,7091370000.0,2463
2016-01-06,'002171,楚江新材,24.17,24.62,21.97,22.01,22.42,1.75,7.8055,3.8798,12649557,292148455.38,10748761356.6,7880386800.0,12419
2016-01-05,'002171,楚江新材,22.42,22.58,20.1,20.8,21.58,0.84,3.8925,4.2026,13702149,298401106.79,9970510120.64,7309816800.0,12094
2016-01-04,'002171,楚江新材,21.58,24.24,21.58,23.93,23.98,-2.4,-10.0083,2.959,9647400,220790181.46,9596949527.36,7035943200.0,6878
