日期,股票代码,名称,收盘价,最高价,最低价,开盘价,前收盘,涨跌额,涨跌幅,换手率,成交量,成交金额,总市值,流通市值,成交笔数
2016-10-12,'002452,长高集团,9.73,9.95,9.52,9.59,9.6,0.13,1.3542,2.7664,10091018,98707204.09,5112375520.0,3549155899.52,8089
2016-10-11,'002452,长高集团,9.6,9.65,9.52,9.57,9.54,0.06,0.6289,1.9677,7177435,68862828.12,5044070400.0,3501736550.4,6186
2016-10-10,'002452,长高集团,9.54,9.58,9.3,9.3,9.27,0.27,2.9126,2.0166,7355815,69800047.1,5012544960.0,3479850696.96,5846
2016-09-30,'002452,长高集团,9.27,9.31,9.24,9.28,9.26,0.01,0.108,0.6786,2475360,22949711.66,4870680480.0,3381364356.48,2179
2016-09-29,'002452,长高集团,9.26,9.32,9.23,9.3,9.24,0.02,0.2165,0.8311,3031495,28106067.04,4865426240.0,3377716714.24,2643
2016-09-28,'002452,长高集团,9.24,9.29,9.13,9.23,9.2,0.04,0.4348,0.8658,3158138,29153936.36,4854917760.0,3370421429.76,2999
2016-09-27,'002452,长高集团,9.2,9.25,9.06,9.18,9.2,0.0,0.0,1.2402,4523970,41430427.06,4833900800.0,3355830860.8,4420
2016-09-26,'002452,长高集团,9.2,9.47,9.2,9.44,9.44,-0.24,-2.5424,1.7409,6350007,59330496.12,4833900800.0,3355830860.8,5624
2016-09-23,'002452,长高集团,9.44,9.58,9.43,9.56,9.56,-0.12,-1.2552,1.6689,6087372,57758575.72,4960002560.0,3443374274.56,4715
2016-09-22,'002452,长高集团,9.56,9.66,9.54,9.64,9.58,-0.02,-0.2088,1.4942,5450326,52362385.89,5023053440.0,3487145981.44,4543
2016-09-21,'002452,长高集团,9.58,9.58,9.48,9.55,9.54,0.04,0.4193,1.4281,5209112,49691830.33,5033561920.0,3494441265.92,3698
2016-09-20,'002452,长高集团,9.54,9.62,9.51,9.53,9.57,-0.03,-0.3135,1.1258,4106676,39214699.2,5012544960.0,3479850696.96,3616
2016-09-19,'002452,长高集团,9.57,9.58,9.48,9.49,9.48,0.09,0.9494,1.2399,4522722,43211492.82,5028307680.0,3490793623.68,3438
2016-09-14,'002452,长高集团,9.48,9.59,9.44,9.51,9.61,-0.13,-1.3528,1.6744,6107600,58070112.0,4981019520.0,3457964843.52,5082
2016-09-13,'002452,长高集团,9.61,9.66,9.55,9.66,9.55,0.06,0.6283,1.3611,4964929,47669253.13,5049324640.0,3505384192.64,4261
2016-09-12,'002452,长高集团,9.55,9.78,9.55,9.78,9.95,-0.4,-4.0201,3.2079,11701269,112868068.1,5017799200.0,3483498339.2,10653
2016-09-09,'002452,长高集团,9.95,10.16,9.95,10.1,10.1,-0.15,-1.4851,2.483,9057130,90796544.89,5227968800.0,3629404028.8,7888
2016-09-08,'002452,长高集团,10.1,10.25,10.03,10.16,10.21,-0.11,-1.0774,3.6293,13238342,133855940.67,5306782400.0,3684118662.4,11138
2016-09-07,'002452,长高集团,10.21,10.38,9.81,9.85,9.83,0.38,3.8657,7.6687,27972725,285236841.24,5364579040.0,3724242727.04,22214
2016-09-06,'002452,长高集团,9.83,9.83,9.65,9.74,9.73,0.1,1.0277,2.2591,8240333,80229803.61,5164917920.0,3585632321.92,6176
2016-09-05,'002452,长高集团,9.73,9.84,9.7,9.79,9.75,-0.02,-0.2051,1.5445,5633718,55066208.97,5112375520.0,3549155899.52,4338
2016-09-02,'002452,长高集团,9.75,9.85,9.72,9.82,9.8,-0.05,-0.5102,1.7738,6470247,63294525.77,5122884000.0,3556451184.0,4717
2016-09-01,'002452,长高集团,9.8,9.89,9.77,9.79,9.76,0.04,0.4098,2.3264,8486030,83464783.16,5149155200.0,3574689395.2,6371
2016-08-31,'002452,长高集团,9.76,9.85,9.68,9.85,9.83,-0.07,-0.7121,1.6751,6110098,59602859.91,5128138240.0,3560098826.24,4398
2016-08-30,'002452,长高集团,9.83,9.89,9.81,9.84,9.81,0.02,0.2039,1.9251,7022179,69170369.66,5164917920.0,3585632321.92,4836
2016-08-29,'002452,长高集团,9.81,9.84,9.73,9.74,9.74,0.07,0.7187,1.9487,7108057,69563862.61,5154409440.0,3578337037.44,5111
2016-08-26,'002452,长高集团,9.74,9.85,9.67,9.67,9.68,0.06,0.6198,2.0246,7385073,72100609.24,5117629760.0,3552803541.76,5917
2016-08-25,'002452,长高集团,9.68,9.75,9.58,9.75,9.81,-0.13,-1.3252,1.9679,7178308,69290744.22,5086104320.0,3530917688.32,5612
2016-08-24,'002452,长高集团,9.81,9.85,9.66,9.72,9.69,0.12,1.2384,1.9442,7091762,69068181.11,5154409440.0,3578337037.44,5602
2016-08-23,'002452,长高集团,9.69,9.76,9.62,9.7,9.7,-0.01,-0.1031,1.587,5788824,56153433.97,5091358560.0,3534565330.56,5090
2016-08-22,'002452,长高集团,9.7,9.94,9.68,9.9,9.89,-0.19,-1.9211,2.3906,8720164,85383706.08,5096612800.0,3538212972.8,7111
2016-08-19,'002452,长高集团,9.89,10.0,9.83,9.94,9.98,-0.09,-0.9018,2.5157,9176228,90722996.59,5196443360.0,3607518175.36,7043
2016-08-18,'002452,长高集团,9.98,10.06,9.94,10.03,9.99,-0.01,-0.1001,2.1534,7854917,78418045.1,5243731520.0,3640346955.52,5735
2016-08-17,'002452,长高集团,9.99,10.02,9.91,10.02,10.03,-0.04,-0.3988,2.2286,8129187,81002054.06,5248985760.0,3643994597.76,6461
2016-08-16,'002452,长高集团,10.03,10.09,9.92,10.04,9.98,0.05,0.501,3.1055,11327839,113187944.63,5270002720.0,3658585166.72,8775
2016-08-15,'002452,长高集团,9.98,10.06,9.71,9.78,9.69,0.29,2.9928,3.8752,14135219,140564285.22,5243731520.0,3640346955.52,11757
2016-08-12,'002452,长高集团,9.69,9.73,9.57,9.65,9.66,0.03,0.3106,1.6161,5895061,57015139.24,5091358560.0,3534565330.56,5180
2016-08-11,'002452,长高集团,9.66,9.9,9.66,9.85,9.83,-0.17,-1.7294,1.9494,7110568,69293087.24,5075595840.0,3523622403.84,7106
2016-08-10,'002452,长高集团,9.83,9.99,9.82,9.94,9.95,-0.12,-1.206,2.5202,9192614,90981842.84,5164917920.0,3585632321.92,7941
2016-08-09,'002452,长高集团,9.95,9.98,9.73,9.76,9.74,0.21,2.1561,3.0013,10947515,108416071.6,5227968800.0,3629404028.8,9666
2016-08-08,'002452,长高集团,9.74,9.75,9.5,9.67,9.67,0.07,0.7239,2.0104,7333349,70730428.45,5117629760.0,3552803541.76,6305
2016-08-05,'002452,长高集团,9.67,9.79,9.6,9.79,9.78,-0.11,-1.1247,2.4167,8815240,85519230.0,5080850080.0,3527270046.08,6708
2016-08-04,'002452,长高集团,9.78,9.78,9.61,9.63,9.61,0.17,1.769,3.0814,11239818,109202036.59,5138646720.0,3567394110.72,9239
2016-08-03,'002452,长高集团,9.61,9.65,9.55,9.64,9.64,-0.03,-0.3112,2.0668,7538795,72292282.36,5049324640.0,3505384192.64,6054
2016-08-02,'002452,长高集团,9.64,9.64,9.52,9.59,9.54,0.1,1.0482,2.1087,7691950,73687190.24,5065087360.0,3516327119.36,6832
2016-08-01,'002452,长高集团,9.54,9.81,9.41,9.77,9.76,-0.22,-2.2541,3.1054,11327276,107675110.16,5012544960.0,3479850696.96,9650
2016-07-29,'002452,长高集团,9.76,9.96,9.72,9.87,9.87,-0.11,-1.1145,2.4974,9109656,89252604.34,5128138240.0,3560098826.24,8254
2016-07-28,'002452,长高集团,9.87,10.1,9.62,9.97,9.99,-0.12,-1.2012,4.1424,15109833,148810742.57,5185934880.0,3600222890.88,13209
2016-07-27,'002452,长高集团,9.99,10.75,9.78,10.69,10.69,-0.7,-6.5482,6.3478,23154382,237004061.77,5248985760.0,3643994597.76,21021
2016-07-26,'002452,长高集团,10.69,10.75,10.46,10.53,10.59,0.1,0.9443,4.3395,15828782,168701585.29,5616782560.0,3899329554.56,11724
2016-07-25,'002452,长高集团,10.59,10.75,10.41,10.45,10.52,0.07,0.6654,4.5002,16415158,174256246.03,5564240160.0,3862853132.16,13443
2016-07-22,'002452,长高集团,10.52,10.87,10.51,10.83,10.94,-0.42,-3.8391,7.5917,27691935,294198973.76,5527460480.0,3837319636.48,24770
2016-07-21,'002452,长高集团,10.94,11.56,10.82,11.55,11.65,-0.71,-6.0944,14.7589,53835178,597140009.67,5748138560.0,3990520610.56,43547
2016-07-20,'002452,长高集团,11.65,11.85,11.62,11.75,11.8,-0.15,-1.2712,13.0112,47460150,556342376.93,6121189600.0,4249503209.6,25769
2016-07-19,'002452,长高集团,11.8,12.21,11.62,12.01,12.0,-0.2,-1.6667,16.5226,60268402,713916853.6,6200003200.0,4304217843.2,31544
2016-07-18,'002452,长高集团,12.0,12.21,11.6,11.8,12.07,-0.07,-0.58,15.8314,57747196,690555548.3,6305088000.0,4377170688.0,30672
2016-07-15,'002452,长高集团,12.07,12.2,11.7,11.95,12.09,-0.02,-0.1654,18.4066,67140573,805860720.9,6341867680.0,4402704183.68,37734
2016-07-14,'002452,长高集团,12.09,12.29,11.59,11.94,11.99,0.1,0.834,20.5932,75116513,903296559.61,6352376160.0,4409999468.16,37867
2016-07-13,'002452,长高集团,11.99,12.46,11.75,12.29,12.83,-0.84,-6.5472,23.5837,86024777,1038024641.79,6299833760.0,4373523045.76,42529
2016-07-12,'002452,长高集团,12.83,12.83,10.82,10.82,12.02,0.81,6.7388,24.9435,90985089,1022189139.21,6741189920.0,4679924993.92,29355
2016-07-11,'002452,长高集团,0.0,0.0,0.0,0.0,12.02,None,None,0.0,0,0.0,6315596480.0,4384465972.48,0
2016-07-08,'002452,长高集团,0.0,0.0,0.0,0.0,12.02,None,None,0.0,0,0.0,6315596480.0,4384465972.48,0
2016-07-07,'002452,长高集团,0.0,0.0,0.0,0.0,12.02,None,None,0.0,0,0.0,6315596480.0,4384465972.48,0
2016-07-06,'002452,长高集团,0.0,0.0,0.0,0.0,12.02,None,None,0.0,0,0.0,6315596480.0,4384465972.48,0
2016-07-05,'002452,长高集团,0.0,0.0,0.0,0.0,12.02,None,None,0.0,0,0.0,6315596480.0,4384465972.48,0
2016-07-04,'002452,长高集团,0.0,0.0,0.0,0.0,12.02,None,None,0.0,0,0.0,6315596480.0,4384465972.48,0
2016-07-01,'002452,长高集团,0.0,0.0,0.0,0.0,12.02,None,None,0.0,0,0.0,6315596480.0,4384465972.48,0
2016-06-30,'002452,长高集团,0.0,0.0,0.0,0.0,12.02,None,None,0.0,0,0.0,6315596480.0,4384465972.48,0
2016-06-29,'002452,长高集团,0.0,0.0,0.0,0.0,12.02,None,None,0.0,0,0.0,6315596480.0,4384465972.48,0
2016-06-28,'002452,长高集团,0.0,0.0,0.0,0.0,12.02,None,None,0.0,0,0.0,6315596480.0,4384465972.48,0
2016-06-27,'002452,长高集团,0.0,0.0,0.0,0.0,12.02,None,None,0.0,0,0.0,6315596480.0,4384465972.48,0
2016-06-24,'002452,长高集团,0.0,0.0,0.0,0.0,12.02,None,None,0.0,0,0.0,6315596480.0,4384465972.48,0
2016-06-23,'002452,长高集团,0.0,0.0,0.0,0.0,12.02,None,None,0.0,0,0.0,6315596480.0,4384465972.48,0
2016-06-22,'002452,长高集团,0.0,0.0,0.0,0.0,12.02,None,None,0.0,0,0.0,6315596480.0,4384465972.48,0
2016-06-21,'002452,长高集团,0.0,0.0,0.0,0.0,12.02,None,None,0.0,0,0.0,6315596480.0,4384465972.48,0
2016-06-20,'002452,长高集团,0.0,0.0,0.0,0.0,12.02,None,None,0.0,0,0.0,6315596480.0,4384465972.48,0
2016-06-17,'002452,长高集团,0.0,0.0,0.0,0.0,12.02,None,None,0.0,0,0.0,6315596480.0,4384465972.48,0
2016-06-16,'002452,长高集团,0.0,0.0,0.0,0.0,12.02,None,None,0.0,0,0.0,6315596480.0,4384465972.48,0
2016-06-15,'002452,长高集团,0.0,0.0,0.0,0.0,12.02,None,None,0.0,0,0.0,6315596480.0,4384465972.48,0
2016-06-14,'002452,长高集团,0.0,0.0,0.0,0.0,12.02,None,None,0.0,0,0.0,6315596480.0,4384465972.48,0
2016-06-13,'002452,长高集团,12.02,12.78,11.92,12.0,11.92,0.1,0.8389,7.8604,28672079,357186015.21,6315596480.0,4384465972.48,18368
2016-06-08,'002452,长高集团,11.92,12.11,11.45,11.82,11.84,0.08,0.6757,4.0337,14713490,172890363.91,6263054080.0,4347989550.08,8944
2016-06-07,'002452,长高集团,11.84,12.15,11.69,12.15,12.16,-0.32,-2.6316,3.1683,11556979,137020849.1,6221020160.0,4318808412.16,7440
2016-06-06,'002452,长高集团,12.16,12.32,11.79,12.0,11.79,0.37,3.1383,3.9214,14303724,173168180.7,6389155840.0,4435532963.84,9372
2016-06-03,'002452,长高集团,11.79,12.14,11.41,11.42,11.47,0.32,2.7899,4.188,15276197,180591165.9,6194748960.0,4300570200.96,10432
2016-06-02,'002452,长高集团,11.47,11.58,11.11,11.32,11.34,0.13,1.1464,3.6952,13478632,153338755.89,6026613280.0,4183845649.28,7332
2016-06-01,'002452,长高集团,11.34,11.48,10.96,11.0,10.97,0.37,3.3728,3.5323,12884397,145450225.18,5958308160.0,4136426300.16,8592
2016-05-31,'002452,长高集团,10.97,10.99,10.46,10.46,10.44,0.53,5.0766,3.2459,11839759,128536382.1,5763901280.0,4001463537.28,7365
2016-05-30,'002452,长高集团,10.44,10.76,10.23,10.53,10.56,-0.12,-1.1364,1.7931,6540634,68972004.16,5485426560.0,3808138498.56,3851
2016-05-27,'002452,长高集团,10.56,10.63,10.43,10.48,10.57,-0.01,-0.0946,1.3399,4887465,51553085.45,5548477440.0,3851910205.44,3684
2016-05-26,'002452,长高集团,10.57,10.7,10.18,10.65,10.65,-0.08,-0.7512,1.9236,7016763,72857179.14,5553731680.0,3855557847.68,5838
2016-05-25,'002452,长高集团,10.65,11.0,10.45,10.84,10.84,-0.19,-1.7528,2.1122,7704542,82316472.26,5595765600.0,3884738985.6,6170
2016-05-24,'002452,长高集团,10.84,10.96,10.48,10.48,10.47,0.37,3.5339,4.5142,16466013,177009566.86,5695596160.0,3954044188.16,11974
2016-05-23,'002452,长高集团,10.47,10.55,10.15,10.2,10.14,0.33,3.2544,2.5765,9398087,97737989.65,5501189280.0,3819081425.28,7846
2016-05-20,'002452,长高集团,10.14,10.16,9.82,9.9,9.99,0.15,1.5015,1.8564,6771558,67847122.23,5327799360.0,3698709231.36,4229
2016-05-19,'002452,长高集团,9.99,10.3,9.8,9.81,9.88,0.11,1.1134,2.2531,8218540,82951670.13,5248985760.0,3643994597.76,5978
2016-05-18,'002452,长高集团,9.88,10.05,9.6,10.01,10.09,-0.21,-2.0813,2.3674,8635528,85511543.97,5191189120.0,3603870533.12,5295
2016-05-17,'002452,长高集团,10.09,10.29,10.05,10.16,10.08,0.01,0.0992,2.0133,7343876,74577393.54,5301528160.0,3680471020.16,5341
2016-05-16,'002452,长高集团,10.08,10.15,9.95,9.96,9.95,0.13,1.3065,2.2046,8041602,80717193.58,5296273920.0,3676823377.92,4386
2016-05-13,'002452,长高集团,9.95,10.23,9.74,10.08,10.08,-0.13,-1.2897,2.3714,8650200,86488525.25,5227968800.0,3629404028.8,5913
2016-05-12,'002452,长高集团,10.08,10.19,9.55,9.99,10.0,0.08,0.8,2.4833,9058021,89410098.27,5296273920.0,3676823377.92,6495
2016-05-11,'002452,长高集团,10.0,10.99,9.99,10.91,10.8,-0.8,-7.4074,5.1863,18917603,196339850.04,5254240000.0,3647642240.0,12160
2016-05-10,'002452,长高集团,10.8,11.1,10.8,11.09,10.93,-0.13,-1.1894,1.5574,5680658,62014874.62,5674579200.0,3939453619.2,4263
2016-05-09,'002452,长高集团,10.93,11.4,10.51,11.4,11.59,-0.66,-5.6946,3.0537,11138902,122444564.56,5742884320.0,3986872968.32,8098
2016-05-06,'002452,长高集团,11.59,12.5,11.58,12.33,12.3,-0.71,-5.7724,4.3711,15944028,190104541.42,6089664160.0,4227617356.16,11326
2016-05-05,'002452,长高集团,12.3,12.42,12.12,12.12,12.19,0.11,0.9024,2.9086,10609430,130207591.45,6462715200.0,4486599955.2,6364
2016-05-04,'002452,长高集团,12.19,12.66,12.08,12.15,12.23,-0.04,-0.3271,4.4815,16346772,202616164.16,6404918560.0,4446475890.56,10821
2016-05-03,'002452,长高集团,12.23,12.25,11.58,11.63,11.87,0.36,3.0329,5.4975,20053023,239568363.32,6425935520.0,4461066459.52,9830
2016-04-29,'002452,长高集团,11.87,12.1,11.4,11.48,11.53,0.34,2.9488,3.5363,12899207,152581197.68,6236782880.0,4329751338.88,8090
2016-04-28,'002452,长高集团,11.53,11.86,11.25,11.82,11.8,-0.27,-2.2881,2.7206,9923811,114160560.64,6058138720.0,4205731502.72,6335
2016-04-27,'002452,长高集团,11.8,12.08,11.66,11.77,11.79,0.01,0.0848,2.3703,8645996,102691740.5,6200003200.0,4304217843.2,6217
2016-04-26,'002452,长高集团,11.79,11.85,11.55,11.56,11.54,0.25,2.1664,2.1384,7800143,91411170.18,6194748960.0,4300570200.96,5149
2016-04-25,'002452,长高集团,11.54,11.79,11.42,11.79,11.67,-0.13,-1.114,1.6994,6198755,71795210.4,6063392960.0,4209379144.96,4330
2016-04-22,'002452,长高集团,11.67,11.67,11.11,11.15,11.33,0.34,3.0009,2.5978,9475918,109045986.54,6131698080.0,4256798494.08,5989
2016-04-21,'002452,长高集团,11.33,11.76,11.32,11.56,11.65,-0.32,-2.7468,3.1213,11385334,130937225.1,5953053920.0,4132778657.92,8046
2016-04-20,'002452,长高集团,11.65,12.81,11.35,12.74,12.6,-0.95,-7.5397,5.9253,21613293,259588754.06,6121189600.0,4249503209.6,15213
2016-04-19,'002452,长高集团,12.6,12.6,12.15,12.31,12.32,0.28,2.2727,3.6781,13416272,166424343.14,6620342400.0,4596029222.4,9107
2016-04-18,'002452,长高集团,12.32,12.56,12.15,12.56,12.61,-0.29,-2.2998,2.9456,10744558,131721874.29,6473223680.0,4493895239.68,8183
2016-04-15,'002452,长高集团,12.61,12.75,12.35,12.53,12.52,0.09,0.7188,3.5498,12948281,162360003.83,6625596640.0,4599676864.64,8447
2016-04-14,'002452,长高集团,12.52,12.74,12.15,12.63,12.58,-0.06,-0.4769,5.0914,18571664,230533069.76,6578308480.0,4566848084.48,13156
2016-04-13,'002452,长高集团,12.58,13.15,12.5,12.7,12.68,-0.1,-0.7886,5.8842,21463342,274610888.25,6609833920.0,4588733937.92,16441
2016-04-12,'002452,长高集团,12.68,12.76,12.06,12.41,12.41,0.27,2.1757,4.7584,17356769,216001048.41,6662376320.0,4625210360.32,13674
2016-04-11,'002452,长高集团,12.41,12.73,12.27,12.52,12.26,0.15,1.2235,5.7487,20969269,261926329.4,6520511840.0,4526724019.84,14465
2016-04-08,'002452,长高集团,12.26,12.64,11.99,12.61,12.89,-0.63,-4.8875,7.7958,28436372,349678609.42,6441698240.0,4472009386.24,18680
2016-04-07,'002452,长高集团,12.89,13.26,12.63,13.04,12.91,-0.02,-0.1549,6.1802,22543040,291510833.01,6772715360.0,4701810847.36,16664
2016-04-06,'002452,长高集团,12.91,13.21,12.68,13.1,13.1,-0.19,-1.4504,7.5092,27390717,354886086.25,6783223840.0,4709106131.84,18365
2016-04-05,'002452,长高集团,13.1,13.1,11.78,11.91,11.91,1.19,9.9916,11.2423,41007859,520728180.97,6883054400.0,4778411334.4,21169
2016-04-01,'002452,长高集团,11.91,12.2,11.63,12.2,12.1,-0.19,-1.5702,4.7003,17144886,202557250.61,6257799840.0,4344341907.84,11814
2016-03-31,'002452,长高集团,12.1,12.46,11.81,12.01,11.82,0.28,2.3689,8.7044,31750620,384215816.77,6357630400.0,4413647110.4,19835
2016-03-30,'002452,长高集团,11.88,11.88,10.95,11.0,10.8,1.08,10.0,6.2652,22853126,261985254.95,6242037120.0,4333398981.12,12842
2016-03-29,'002452,长高集团,10.8,11.57,10.55,11.52,11.5,-0.7,-6.087,5.4524,19888325,219098973.43,5674579200.0,3939453619.2,12870
2016-03-28,'002452,长高集团,11.5,12.16,11.45,11.55,11.7,-0.2,-1.7094,6.2492,22794780,269044541.65,6042376000.0,4194788576.0,13466
2016-03-25,'002452,长高集团,11.7,12.23,11.38,11.39,11.5,0.2,1.7391,7.6496,27903185,329132414.33,6147460800.0,4267741420.8,16453
2016-03-24,'002452,长高集团,11.5,11.95,11.04,11.2,11.45,0.05,0.4367,6.5437,23868936,274084198.13,6042376000.0,4194788576.0,16046
2016-03-23,'002452,长高集团,11.45,11.62,11.0,11.37,11.58,-0.13,-1.1226,6.4867,23661093,267293278.43,6016104800.0,4176550364.8,17256
2016-03-22,'002452,长高集团,11.58,11.87,11.29,11.85,12.02,-0.44,-3.6606,8.0167,29242030,339397288.15,6084409920.0,4223969713.92,20527
2016-03-21,'002452,长高集团,12.02,12.02,11.2,11.2,10.93,1.09,9.9726,11.444,41743693,488468490.92,6315596480.0,4384465972.48,23747
2016-03-18,'002452,长高集团,10.93,11.47,10.78,10.78,10.59,0.34,3.2106,7.8766,28731014,319082305.92,5742884320.0,3986872968.32,19347
2016-03-17,'002452,长高集团,10.59,10.82,9.71,9.89,9.84,0.75,7.622,7.8801,28743892,299152935.46,5564240160.0,3862853132.16,19772
2016-03-16,'002452,长高集团,9.84,9.96,9.28,9.87,9.5,0.34,3.5789,5.1342,18727619,180886971.67,5170172160.0,3589279964.16,11969
2016-03-15,'002452,长高集团,9.5,10.13,9.46,9.77,9.72,-0.22,-2.2634,4.7492,17323524,169651927.96,4991528000.0,3465260128.0,11276
2016-03-14,'002452,长高集团,9.72,9.72,8.95,9.0,8.84,0.88,9.9548,6.1243,22339313,214576533.01,5107121280.0,3545508257.28,12556
2016-03-11,'002452,长高集团,8.84,8.98,8.58,8.81,9.02,-0.18,-1.9956,2.0976,7651114,67347169.84,4644748160.0,3224515740.16,6473
2016-03-10,'002452,长高集团,9.02,9.73,8.97,9.45,9.36,-0.34,-3.6325,3.129,11413649,106408605.23,4739324480.0,3290173300.48,9145
2016-03-09,'002452,长高集团,9.36,9.79,8.9,9.1,9.31,0.05,0.5371,5.0185,18305788,172888973.83,4917968640.0,3414193136.64,15389
2016-03-08,'002452,长高集团,9.31,9.36,8.02,8.62,8.61,0.7,8.1301,5.7505,20975880,184646824.63,4891697440.0,3395954925.44,14534
2016-03-07,'002452,长高集团,8.61,8.9,8.52,8.64,8.51,0.1,1.1751,3.2899,12000212,104302336.02,4523900640.0,3140619968.64,8119
2016-03-04,'002452,长高集团,8.51,9.41,8.51,9.38,9.45,-0.94,-9.9471,5.6489,20605302,180309316.36,4471358240.0,3104143546.24,14789
2016-03-03,'002452,长高集团,9.45,9.83,9.45,9.54,9.54,-0.09,-0.9434,4.2729,15586185,149194988.17,4965256800.0,3447021916.8,9552
2016-03-02,'002452,长高集团,9.54,9.6,9.12,9.16,9.19,0.35,3.8085,5.866,21397042,200829216.66,5012544960.0,3479850696.96,11823
2016-03-01,'002452,长高集团,9.19,9.35,8.51,8.88,8.96,0.23,2.567,3.4865,12717396,113708910.27,4828646560.0,3352183218.56,8548
2016-02-29,'002452,长高集团,8.96,9.99,8.95,9.99,9.94,-0.98,-9.8592,4.8504,17692476,163248253.24,4707799040.0,3268287447.04,12433
2016-02-26,'002452,长高集团,9.94,10.3,9.6,10.05,10.13,-0.19,-1.8756,3.7919,13821329,138353904.41,5220048652.0,3623090478.56,8800
2016-02-25,'002452,长高集团,10.13,11.37,10.13,11.13,11.25,-1.12,-9.9556,4.215,15363509,161964588.48,5319828254.0,3692344723.12,11079
2016-02-24,'002452,长高集团,11.25,11.84,10.82,11.65,11.71,-0.46,-3.9283,4.8828,17797563,200379147.06,5908002750.0,4100580270.0,12029
2016-02-23,'002452,长高集团,11.71,12.1,11.48,12.1,12.1,-0.39,-3.2231,4.383,15975695,186389950.74,6149574418.0,4268248441.04,11893
2016-02-22,'002452,长高集团,12.1,12.4,11.86,11.86,11.81,0.29,2.4555,5.133,18709478,225644828.46,6354385180.0,4410401890.4,11874
2016-02-19,'002452,长高集团,11.81,12.18,11.5,11.55,11.74,0.07,0.5963,4.896,17845622,210828432.86,6202089998.0,4304698043.44,13783
2016-02-18,'002452,长高集团,11.74,12.16,11.25,11.8,11.71,0.03,0.2562,7.439,27114776,320457880.48,6165329092.0,4279183321.76,17765
2016-02-17,'002452,长高集团,11.71,11.88,10.9,11.04,11.05,0.66,5.9729,7.3479,26782719,307570785.4,6149574418.0,4268248441.04,16928
2016-02-16,'002452,长高集团,11.05,11.29,10.71,10.8,10.69,0.36,3.3676,5.0242,18312957,202995916.23,5802971590.0,4027681065.2,14306
2016-02-15,'002452,长高集团,10.69,10.93,9.51,9.85,10.35,0.34,3.285,6.0325,21988381,230702569.67,5613915502.0,3896462496.56,12468
2016-02-05,'002452,长高集团,10.35,11.68,10.3,10.83,10.75,-0.4,-3.7209,7.1882,26200642,288692086.1,5435362530.0,3772533848.4,16726
2016-02-04,'002452,长高集团,10.75,10.75,9.7,9.7,9.77,0.98,10.0307,6.3789,23250797,238128446.09,5645424850.0,3918332258.0,14686
2016-02-03,'002452,长高集团,9.77,9.99,9.4,9.88,10.05,-0.28,-2.7861,3.8223,13932292,135250985.52,5130772166.0,3561126154.48,9545
2016-02-02,'002452,长高集团,10.05,10.15,9.51,9.6,9.6,0.45,4.6875,5.0064,18248156,181470736.23,5277815790.0,3663185041.2,11821
2016-02-01,'002452,长高集团,9.6,9.88,9.25,9.8,9.89,-0.29,-2.9323,4.3034,15685602,149173725.43,5041495680.0,3499161830.4,11049
2016-01-29,'002452,长高集团,9.89,10.16,9.0,9.41,9.73,0.16,1.6444,6.8237,24871981,237918847.53,5193790862.0,3604865677.36,17573
2016-01-28,'002452,长高集团,9.73,10.1,9.32,9.57,9.6,0.13,1.3542,8.0238,29246394,288235682.12,5109765934.0,3546546313.52,19112
2016-01-27,'002452,长高集团,9.6,10.28,9.55,10.0,10.61,-1.01,-9.5193,8.2619,30114329,290744487.39,5041495680.0,3499161830.4,17254
2016-01-26,'002452,长高集团,10.61,11.43,10.61,11.24,11.79,-1.18,-10.0085,7.7342,28190759,304848064.75,5571903038.0,3867302814.64,20318
2016-01-25,'002452,长高集团,11.79,12.48,11.45,11.98,11.79,0.0,0.0,11.5592,42132711,500236224.16,6191586882.0,4297408122.96,29867
2016-01-22,'002452,长高集团,11.79,12.3,11.11,11.47,12.0,-0.21,-1.75,13.8567,50506943,586624808.74,6191586882.0,4297408122.96,31197
2016-01-21,'002452,长高集团,12.0,12.0,11.21,11.5,10.91,1.09,9.9908,21.1861,77222353,917019651.52,6301869600.0,4373952288.0,38084
2016-01-20,'002452,长高集团,10.91,10.91,10.91,10.91,9.92,0.99,9.9798,0.8344,3041460,33182328.6,5729449778.0,3976651621.84,1081
2016-01-19,'002452,长高集团,9.92,9.92,9.06,9.1,9.02,0.9,9.9778,2.6703,9733025,93663587.33,5209545536.0,3615800558.08,4885
2016-01-18,'002452,长高集团,9.02,9.4,8.45,8.8,9.0,0.02,0.2222,4.0351,14707645,132136076.6,4736905316.0,3287754136.48,9656
2016-01-15,'002452,长高集团,9.0,10.13,9.0,10.1,10.0,-1.0,-10.0,5.1885,18912017,177281805.78,4726402200.0,3280464216.0,12155
2016-01-14,'002452,长高集团,10.0,10.08,9.0,9.31,9.83,0.17,1.7294,4.4779,16321745,159760841.84,5251558000.0,3644960240.0,10243
2016-01-13,'002452,长高集团,9.83,10.48,8.88,9.25,9.86,-0.03,-0.3043,7.0483,25690847,248464357.5,5162281514.0,3582995915.92,17118
2016-01-12,'002452,长高集团,9.86,10.5,9.86,10.11,10.95,-1.09,-9.9543,4.8843,17803163,178017009.84,5178036188.0,3593930796.64,10021
2016-01-11,'002452,长高集团,10.95,11.5,10.95,11.5,12.17,-1.22,-10.0247,9.1735,33437204,370350364.94,5750456010.0,3991231462.8,18882
2016-01-08,'002452,长高集团,12.17,12.17,11.17,12.17,11.06,1.11,10.0362,20.4066,74381102,896056692.33,6391146086.0,4435916612.08,35519
2016-01-07,'002452,长高集团,11.06,11.06,11.06,11.06,10.05,1.01,10.0498,0.2687,979496,10833225.76,5808223148.0,4031326025.44,415
2016-01-06,'002452,长高集团,10.05,10.05,10.05,10.05,9.14,0.91,9.9562,0.0953,347540,3492777.0,5277815790.0,3663185041.2,261
2016-01-05,'002452,长高集团,0.0,0.0,0.0,0.0,9.14,None,None,0.0,0,0.0,4799924012.0,3331493659.36,0
2016-01-04,'002452,长高集团,0.0,0.0,0.0,0.0,9.14,None,None,0.0,0,0.0,4799924012.0,3331493659.36,0
