日期,股票代码,名称,收盘价,最高价,最低价,开盘价,前收盘,涨跌额,涨跌幅,换手率,成交量,成交金额,总市值,流通市值,成交笔数
2016-10-12,'000922,佳电股份,9.45,9.59,9.35,9.47,9.56,-0.11,-1.1506,1.7901,8197077,77442850.11,5137655767.65,4327159687.2,4258
2016-10-11,'000922,佳电股份,9.56,9.85,9.15,9.2,9.19,0.37,4.0261,2.7436,12562881,119815737.33,5197459168.12,4377528741.76,7309
2016-10-10,'000922,佳电股份,9.19,9.2,9.02,9.13,9.05,0.14,1.547,0.8284,3793040,34698934.13,4996302275.63,4208105558.24,2432
2016-09-30,'000922,佳电股份,9.05,9.07,9.0,9.0,8.99,0.06,0.6674,0.4426,2026835,18317456.31,4920188856.85,4143999488.8,1180
2016-09-29,'000922,佳电股份,8.99,9.02,8.91,8.91,8.92,0.07,0.7848,0.4805,2200176,19758408.93,4887568820.23,4116525459.04,1397
2016-09-28,'000922,佳电股份,8.92,9.0,8.9,8.93,8.93,-0.01,-0.112,0.3453,1581036,14166992.35,4849512110.84,4084472424.32,1025
2016-09-27,'000922,佳电股份,8.93,8.95,8.81,8.85,8.85,0.08,0.904,0.3644,1668600,14816731.0,4854948783.61,4089051429.28,1358
2016-09-26,'000922,佳电股份,8.85,8.99,8.83,8.98,9.0,-0.15,-1.6667,0.5609,2568300,22902651.88,4811455401.45,4052419389.6,2399
2016-09-23,'000922,佳电股份,9.0,9.13,8.99,9.1,9.14,-0.14,-1.5317,0.6119,2802070,25345742.1,4893005493.0,4121104464.0,2345
2016-09-22,'000922,佳电股份,9.14,9.17,9.0,9.16,9.1,0.04,0.4396,0.8227,3767372,34218037.83,4969118911.78,4185210533.44,2099
2016-09-21,'000922,佳电股份,9.1,9.16,9.08,9.1,9.09,0.01,0.11,0.4559,2087465,19014269.5,4947372220.7,4166894513.6,1503
2016-09-20,'000922,佳电股份,9.09,9.23,9.02,9.08,9.14,-0.05,-0.547,0.8453,3870607,35343029.02,4941935547.93,4162315508.64,2433
2016-09-19,'000922,佳电股份,9.14,9.38,8.98,8.98,8.87,0.27,3.044,1.2599,5769046,53268953.75,4969118911.78,4185210533.44,4121
2016-09-14,'000922,佳电股份,8.87,8.98,8.81,8.86,8.88,-0.01,-0.1126,0.4457,2041034,18164099.19,4822328746.99,4061577399.52,1407
2016-09-13,'000922,佳电股份,8.88,8.98,8.82,8.98,8.87,0.01,0.1127,0.5139,2353096,20908115.18,4827765419.76,4066156404.48,1698
2016-09-12,'000922,佳电股份,8.87,9.17,8.87,9.17,9.3,-0.43,-4.6237,0.8904,4077327,36808127.06,4822328746.99,4061577399.52,3002
2016-09-09,'000922,佳电股份,9.3,9.38,9.26,9.3,9.3,0.0,0.0,0.7033,3220567,30010532.1,5056105676.1,4258474612.8,1841
2016-09-08,'000922,佳电股份,9.3,9.37,9.22,9.27,9.29,0.01,0.1076,0.7229,3310000,30749083.0,5056105676.1,4258474612.8,1940
2016-09-07,'000922,佳电股份,9.29,9.46,9.19,9.22,9.23,0.06,0.6501,1.0741,4918281,45938251.3,5050669003.33,4253895607.84,2878
2016-09-06,'000922,佳电股份,9.23,9.23,9.04,9.14,9.14,0.09,0.9847,0.8241,3773513,34518011.73,5018048966.71,4226421578.08,2174
2016-09-05,'000922,佳电股份,9.14,9.21,9.11,9.17,9.15,-0.01,-0.1093,0.4466,2044786,18748546.12,4969118911.78,4185210533.44,1384
2016-09-02,'000922,佳电股份,9.15,9.28,9.11,9.15,9.17,-0.02,-0.2181,0.6778,3103846,28501392.64,4974555584.55,4189789538.4,1492
2016-09-01,'000922,佳电股份,9.17,9.28,9.14,9.19,9.19,-0.02,-0.2176,0.6379,2921140,26890629.68,4985428930.09,4198947548.32,1646
2016-08-31,'000922,佳电股份,9.19,9.22,9.12,9.21,9.2,-0.01,-0.1087,0.556,2546000,23348854.58,4996302275.63,4208105558.24,1543
2016-08-30,'000922,佳电股份,9.2,9.28,9.16,9.22,9.19,0.01,0.1088,0.6172,2825981,26040600.05,5001738948.4,4212684563.2,1729
2016-08-29,'000922,佳电股份,9.19,9.26,9.07,9.11,9.18,0.01,0.1089,0.7076,3240200,29699564.3,4996302275.63,4208105558.24,1975
2016-08-26,'000922,佳电股份,9.18,9.3,9.17,9.3,9.25,-0.07,-0.7568,0.9864,4516881,41641563.63,4990865602.86,4203526553.28,2788
2016-08-25,'000922,佳电股份,9.25,9.53,9.19,9.4,9.49,-0.24,-2.529,1.9922,9122161,85283135.49,5028922312.25,4235579588.0,4691
2016-08-24,'000922,佳电股份,9.49,9.64,9.25,9.43,9.44,0.05,0.5297,1.8198,8332936,78605330.52,5159402458.73,4345475707.04,4326
2016-08-23,'000922,佳电股份,9.44,9.82,9.11,9.18,9.16,0.28,3.0568,2.3254,10648088,100977314.35,5132219094.88,4322580682.24,5774
2016-08-22,'000922,佳电股份,9.16,9.36,9.14,9.32,9.36,-0.2,-2.1368,1.0155,4650089,42814771.26,4979992257.32,4194368543.36,2219
2016-08-19,'000922,佳电股份,9.36,9.5,9.24,9.24,9.25,0.11,1.1892,1.2491,5719829,53670750.12,5088725712.72,4285948642.56,2886
2016-08-18,'000922,佳电股份,9.25,9.37,9.23,9.35,9.37,-0.12,-1.2807,0.7532,3448851,32016537.3,5028922312.25,4235579588.0,2335
2016-08-17,'000922,佳电股份,9.37,9.4,9.13,9.16,9.16,0.21,2.2926,1.6299,7463287,69223924.35,5094162385.49,4290527647.52,3715
2016-08-16,'000922,佳电股份,9.16,9.25,9.04,9.09,9.08,0.08,0.8811,1.1464,5249576,48070744.28,4979992257.32,4194368543.36,3607
2016-08-15,'000922,佳电股份,9.08,9.1,8.88,8.9,8.93,0.15,1.6797,1.1758,5384040,48588931.07,4936498875.16,4157736503.68,3162
2016-08-12,'000922,佳电股份,8.93,8.96,8.77,8.8,8.82,0.11,1.2472,0.4761,2179953,19330014.19,4854948783.61,4089051429.28,1601
2016-08-11,'000922,佳电股份,8.82,8.97,8.78,8.93,8.94,-0.12,-1.3423,0.5712,2615701,23172087.19,4795145383.14,4038682374.72,1965
2016-08-10,'000922,佳电股份,8.94,9.08,8.94,8.98,9.03,-0.09,-0.9967,0.7025,3216597,28977153.98,4860385456.38,4093630434.24,1870
2016-08-09,'000922,佳电股份,9.03,9.11,8.96,8.96,9.01,0.02,0.222,0.738,3379315,30496807.36,4909315511.31,4134841478.88,2283
2016-08-08,'000922,佳电股份,9.01,9.08,8.72,8.72,8.8,0.21,2.3864,0.782,3580838,32079366.78,4898442165.77,4125683468.96,2433
2016-08-05,'000922,佳电股份,8.8,8.9,8.8,8.9,8.93,-0.13,-1.4558,0.6619,3030809,26764290.19,4784272037.6,4029524364.8,1970
2016-08-04,'000922,佳电股份,8.93,9.0,8.87,8.87,8.87,0.06,0.6764,0.6013,2753329,24618185.98,4854948783.61,4089051429.28,1681
2016-08-03,'000922,佳电股份,8.87,8.95,8.76,8.82,8.88,-0.01,-0.1126,0.5723,2620792,23253255.98,4822328746.99,4061577399.52,1676
2016-08-02,'000922,佳电股份,8.88,8.95,8.69,8.69,8.73,0.15,1.7182,0.702,3214481,28389159.84,4827765419.76,4066156404.48,2331
2016-08-01,'000922,佳电股份,8.73,8.79,8.6,8.77,8.84,-0.11,-1.2443,0.7317,3350472,29079995.18,4746215328.21,3997471330.08,2564
2016-07-29,'000922,佳电股份,8.84,9.02,8.8,9.0,9.0,-0.16,-1.7778,0.8511,3897200,34622447.0,4806018728.68,4047840384.64,2767
2016-07-28,'000922,佳电股份,9.0,9.15,8.86,9.14,9.0,0.0,0.0,1.0381,4753409,42832237.01,4893005493.0,4121104464.0,3333
2016-07-27,'000922,佳电股份,9.0,9.72,8.9,9.63,9.6,-0.6,-6.25,2.2953,10510405,97382239.89,4893005493.0,4121104464.0,6484
2016-07-26,'000922,佳电股份,9.6,9.67,9.52,9.52,9.51,0.09,0.9464,1.1451,5243360,50251861.69,5219205859.2,4395844761.6,2755
2016-07-25,'000922,佳电股份,9.51,9.6,9.45,9.51,9.53,-0.02,-0.2099,0.8713,3989600,38020450.0,5170275804.27,4354633716.96,2322
2016-07-22,'000922,佳电股份,9.53,9.64,9.5,9.6,9.59,-0.06,-0.6257,0.8481,3883522,37089062.88,5181149149.81,4363791726.88,2828
2016-07-21,'000922,佳电股份,9.59,9.73,9.55,9.67,9.7,-0.11,-1.134,1.1438,5237353,50395809.37,5213769186.43,4391265756.64,3594
2016-07-20,'000922,佳电股份,9.7,9.94,9.68,9.8,9.68,0.02,0.2066,1.2484,5716435,55886150.56,5273572586.9,4441634811.2,3613
2016-07-19,'000922,佳电股份,9.68,9.72,9.54,9.59,9.6,0.08,0.8333,0.9378,4294194,41383162.19,5262699241.36,4432476801.28,2928
2016-07-18,'000922,佳电股份,9.6,9.68,9.46,9.6,9.69,-0.09,-0.9288,1.3618,6235897,59671202.39,5219205859.2,4395844761.6,3972
2016-07-15,'000922,佳电股份,9.69,9.95,9.6,9.78,9.98,-0.29,-2.9058,2.5334,11600455,112968114.19,5268135914.13,4437055806.24,7138
2016-07-14,'000922,佳电股份,9.98,10.13,9.95,10.13,10.15,-0.17,-1.6749,1.4384,6586623,65962171.69,5425799424.46,4569846950.08,3763
2016-07-13,'000922,佳电股份,10.15,10.27,10.01,10.05,10.05,0.1,0.995,2.0749,9500792,96159843.83,5518222861.55,4647690034.4,5713
2016-07-12,'000922,佳电股份,10.05,10.08,9.81,9.96,9.96,0.09,0.9036,1.9,8699905,86575061.06,5463856133.85,4601899984.8,5183
2016-07-11,'000922,佳电股份,9.96,10.11,9.89,10.04,10.06,-0.1,-0.994,1.6822,7702883,76965897.06,5414926078.92,4560688940.16,5094
2016-07-08,'000922,佳电股份,10.06,10.11,9.91,10.04,9.97,0.09,0.9027,1.6892,7735020,77418437.21,5469292806.62,4606478989.76,5152
2016-07-07,'000922,佳电股份,9.97,10.19,9.86,10.14,10.09,-0.12,-1.1893,2.2712,10400024,104119491.5,5420362751.69,4565267945.12,7382
2016-07-06,'000922,佳电股份,10.09,10.3,10.02,10.09,10.17,-0.08,-0.7866,2.5082,11485082,116384718.13,5485602824.93,4620216004.64,8380
2016-07-05,'000922,佳电股份,10.17,10.49,10.08,10.1,9.9,0.27,2.7273,4.9592,22708121,233116788.73,5529096207.09,4656848044.32,15432
2016-07-04,'000922,佳电股份,9.9,9.94,9.55,9.6,9.75,0.15,1.5385,2.2532,10317277,101074515.05,5382306042.3,4533214910.4,5505
2016-07-01,'000922,佳电股份,9.75,9.95,9.72,9.73,9.7,0.05,0.5155,2.1469,9830499,96694495.24,5300755950.75,4464529836.0,5582
2016-06-30,'000922,佳电股份,9.7,9.85,9.65,9.72,9.76,-0.06,-0.6148,1.4889,6817510,66327650.23,5273572586.9,4441634811.2,4002
2016-06-29,'000922,佳电股份,9.76,9.95,9.71,9.85,9.87,-0.11,-1.1145,2.1796,9980323,97721058.5,5306192623.52,4469108840.96,5568
2016-06-28,'000922,佳电股份,9.87,10.0,9.72,9.99,9.97,-0.1,-1.003,2.8101,12867338,126611362.32,5365996023.99,4519477895.52,7964
2016-06-27,'000922,佳电股份,9.97,10.02,9.36,9.37,9.33,0.64,6.8596,3.9752,18202402,177985467.7,5420362751.69,4565267945.12,11055
2016-06-24,'000922,佳电股份,9.33,9.68,9.12,9.52,9.58,-0.25,-2.6096,2.5078,11483077,108373151.84,5072415694.41,4272211627.68,6773
2016-06-23,'000922,佳电股份,9.58,9.83,9.46,9.75,9.8,-0.22,-2.2449,2.353,10774245,103727459.92,5208332513.66,4386686751.68,6491
2016-06-22,'000922,佳电股份,9.8,9.85,9.54,9.7,9.74,0.06,0.616,2.4796,11354036,110246730.34,5327939314.6,4487424860.8,6924
2016-06-21,'000922,佳电股份,9.74,10.1,9.7,9.94,9.9,-0.16,-1.6162,4.2749,19574714,193231570.53,5295319277.98,4459950831.04,11355
2016-06-20,'000922,佳电股份,9.9,9.99,9.6,9.84,10.05,-0.15,-1.4925,4.2404,19416658,190751435.01,5382306042.3,4533214910.4,11767
2016-06-17,'000922,佳电股份,10.05,10.18,9.7,10.0,9.66,0.39,4.0373,9.3183,42668555,423563095.6,5463856133.85,4601899984.8,25113
2016-06-16,'000922,佳电股份,9.66,9.66,8.73,8.74,8.78,0.88,10.0228,3.3192,15198576,142403209.89,5251825895.82,4423318791.36,7029
2016-06-15,'000922,佳电股份,8.78,8.84,8.35,8.44,8.53,0.25,2.9308,1.5433,7066589,61552860.71,4773398692.06,4020366354.88,3765
2016-06-14,'000922,佳电股份,8.53,8.75,8.46,8.75,8.85,-0.32,-3.6158,1.8753,8587081,73472405.58,4637481872.81,3905891230.88,5467
2016-06-13,'000922,佳电股份,8.85,9.29,8.79,8.88,9.04,-0.19,-2.1018,3.461,15847754,144133459.88,4811455401.45,4052419389.6,8353
2016-06-08,'000922,佳电股份,9.04,9.08,8.84,8.88,8.87,0.17,1.9166,1.7473,8000945,71874254.22,4914752184.08,4139420483.84,4154
2016-06-07,'000922,佳电股份,8.87,8.9,8.81,8.88,8.9,-0.03,-0.3371,0.9458,4330700,38360954.62,4822328746.99,4061577399.52,2333
2016-06-06,'000922,佳电股份,8.9,9.09,8.84,9.03,9.02,-0.12,-1.3304,1.5038,6886114,61481488.09,4838638765.3,4075314414.4,3386
2016-06-03,'000922,佳电股份,9.02,9.1,8.91,9.06,9.04,-0.02,-0.2212,1.5886,7274077,65429854.86,4903878838.54,4130262473.92,3590
2016-06-02,'000922,佳电股份,9.04,9.09,8.93,9.02,9.09,-0.05,-0.5501,1.7807,8153981,73450661.59,4914752184.08,4139420483.84,4710
2016-06-01,'000922,佳电股份,9.09,9.09,8.88,8.93,8.94,0.15,1.6779,2.5016,11454857,102872578.55,4941935547.93,4162315508.64,5884
2016-05-31,'000922,佳电股份,8.94,8.97,8.67,8.67,8.64,0.3,3.4722,2.2581,10339852,91751121.95,4860385456.38,4093630434.24,5750
2016-05-30,'000922,佳电股份,8.64,8.74,8.6,8.71,8.84,-0.2,-2.2624,1.378,6310005,54681334.64,4697285273.28,3956260285.44,4204
2016-05-27,'000922,佳电股份,8.84,8.99,8.74,8.86,9.08,-0.24,-2.6432,2.7646,12658935,112166891.69,4806018728.68,4047840384.64,8740
2016-05-26,'000922,佳电股份,9.08,9.44,8.99,9.15,8.85,0.23,2.5989,4.8563,22237078,204078093.51,4936498875.16,4157736503.68,16142
2016-05-25,'000922,佳电股份,8.85,8.99,8.5,8.6,8.56,0.29,3.3879,2.8643,13115710,114250334.62,4811455401.45,4052419389.6,7093
2016-05-24,'000922,佳电股份,8.56,8.65,8.4,8.51,8.52,0.04,0.4695,1.1916,5456300,46451455.95,4653791891.12,3919628245.76,2875
2016-05-23,'000922,佳电股份,8.52,8.65,8.49,8.52,8.51,0.01,0.1175,1.1747,5378956,45953528.89,4632045200.04,3901312225.92,2517
2016-05-20,'000922,佳电股份,8.51,8.52,8.3,8.38,8.45,0.06,0.7101,0.6616,3029497,25544118.43,4626608527.27,3896733220.96,1827
2016-05-19,'000922,佳电股份,8.45,8.6,8.39,8.46,8.46,-0.01,-0.1182,0.7672,3513101,29834655.44,4593988490.65,3869259191.2,2150
2016-05-18,'000922,佳电股份,8.46,8.73,8.37,8.46,8.51,-0.05,-0.5875,1.8798,8607740,73661331.7,4599425163.42,3873838196.16,4383
2016-05-17,'000922,佳电股份,8.51,8.59,8.45,8.55,8.61,-0.1,-1.1614,1.1012,5042577,42872267.71,4626608527.27,3896733220.96,2526
2016-05-16,'000922,佳电股份,8.61,8.8,8.3,8.5,8.52,0.09,1.0563,1.649,7550554,64249669.66,4680975254.97,3942523270.56,3908
2016-05-13,'000922,佳电股份,8.52,8.57,8.4,8.45,8.45,0.07,0.8284,0.9394,4301707,36470604.06,4632045200.04,3901312225.92,2450
2016-05-12,'000922,佳电股份,8.45,8.57,8.38,8.45,8.75,-0.3,-3.4286,1.4992,6864948,58209901.27,4593988490.65,3869259191.2,3930
2016-05-11,'000922,佳电股份,8.75,9.14,8.7,9.1,9.07,-0.32,-3.5281,2.0199,9249269,82367335.19,4757088673.75,4006629340.0,5346
2016-05-10,'000922,佳电股份,9.07,9.14,8.68,8.98,8.98,0.09,1.0022,2.8689,13136581,118159193.81,4931062202.39,4153157498.72,5655
2016-05-09,'000922,佳电股份,8.98,9.15,8.63,8.98,9.01,-0.03,-0.333,2.7247,12476286,111221734.29,4882132147.46,4111946454.08,6863
2016-05-06,'000922,佳电股份,9.01,9.55,8.88,9.11,9.11,-0.1,-1.0977,3.3148,15178319,139159967.54,4898442165.77,4125683468.96,8614
2016-05-05,'000922,佳电股份,9.11,9.18,8.85,8.87,8.89,0.22,2.4747,1.3669,6259252,56172790.98,4952808893.47,4171473518.56,3428
2016-05-04,'000922,佳电股份,8.89,9.06,8.81,8.88,8.91,-0.02,-0.2245,1.5533,7112586,63735953.91,4833202092.53,4070735409.44,4334
2016-05-03,'000922,佳电股份,8.91,8.94,8.47,8.51,8.51,0.4,4.7004,1.882,8617476,75449920.65,4844075438.07,4079893419.36,4623
2016-04-29,'000922,佳电股份,8.51,8.56,8.46,8.49,8.56,-0.05,-0.5841,0.7229,3310137,28157976.99,4626608527.27,3896733220.96,1773
2016-04-28,'000922,佳电股份,8.56,8.71,8.31,8.61,8.65,-0.09,-1.0405,1.2983,5944725,50541934.2,4653791891.12,3919628245.76,3103
2016-04-27,'000922,佳电股份,8.65,8.78,8.64,8.78,8.65,0.0,0.0,0.9795,4485052,39063776.57,4702721946.05,3960839290.4,2810
2016-04-26,'000922,佳电股份,8.65,8.65,8.49,8.6,8.58,0.07,0.8159,1.0433,4777113,41011739.23,4702721946.05,3960839290.4,2378
2016-04-25,'000922,佳电股份,8.58,8.62,8.4,8.56,8.61,-0.03,-0.3484,0.8241,3773601,32189629.25,4664665236.66,3928786255.68,2509
2016-04-22,'000922,佳电股份,8.61,8.62,8.43,8.43,8.48,0.13,1.533,0.8152,3732580,31902412.41,4680975254.97,3942523270.56,2468
2016-04-21,'000922,佳电股份,8.48,8.73,8.48,8.58,8.61,-0.13,-1.5099,1.2754,5840077,50318716.71,4610298508.96,3882996206.08,4094
2016-04-20,'000922,佳电股份,8.61,9.44,8.46,9.41,9.36,-0.75,-8.0128,2.9676,13588445,120481908.25,4680975254.97,3942523270.56,8967
2016-04-19,'000922,佳电股份,9.36,9.5,9.32,9.48,9.4,-0.04,-0.4255,1.0186,4664246,43800568.8,5088725712.72,4285948642.56,2917
2016-04-18,'000922,佳电股份,9.4,9.54,9.32,9.37,9.45,-0.05,-0.5291,1.5837,7251669,68265976.44,5110472403.8,4304264662.4,4429
2016-04-15,'000922,佳电股份,9.45,9.62,9.37,9.6,9.57,-0.12,-1.2539,1.9995,9155938,86755257.21,5137655767.65,4327159687.2,4731
2016-04-14,'000922,佳电股份,9.57,9.62,9.4,9.56,9.55,0.02,0.2094,2.007,9190288,87606418.22,5202895840.89,4382107746.72,4252
2016-04-13,'000922,佳电股份,9.55,9.66,9.45,9.46,9.4,0.15,1.5957,2.7873,12763089,122271983.99,5192022495.35,4372949736.8,6118
2016-04-12,'000922,佳电股份,9.4,9.61,9.28,9.6,9.58,-0.18,-1.8789,1.5785,7228105,67972429.24,5110472403.8,4304264662.4,4346
2016-04-11,'000922,佳电股份,9.58,9.73,9.53,9.58,9.5,0.08,0.8421,1.9382,8875053,85347538.03,5208332513.66,4386686751.68,5075
2016-04-08,'000922,佳电股份,9.5,9.69,9.26,9.28,9.39,0.11,1.1715,2.2463,10285942,97548144.16,5164839131.5,4350054712.0,5778
2016-04-07,'000922,佳电股份,9.39,9.74,9.36,9.67,9.71,-0.32,-3.2956,1.928,8828282,83853264.12,5105035731.03,4299685657.44,5877
2016-04-06,'000922,佳电股份,9.71,9.73,9.51,9.58,9.61,0.1,1.0406,2.5178,11529047,111038847.88,5279009259.67,4446213816.16,6236
2016-04-05,'000922,佳电股份,9.61,9.62,9.31,9.39,9.36,0.25,2.6709,2.1415,9806102,93389409.77,5224642531.97,4400423766.56,5655
2016-04-01,'000922,佳电股份,9.36,9.63,9.2,9.59,9.49,-0.13,-1.3699,1.3973,6398420,59809248.27,5088725712.72,4285948642.56,4705
2016-03-31,'000922,佳电股份,9.49,9.69,9.48,9.69,9.58,-0.09,-0.9395,1.8496,8469171,81083330.92,5159402458.73,4345475707.04,5401
2016-03-30,'000922,佳电股份,9.58,9.58,9.31,9.4,9.26,0.32,3.4557,1.6676,7636177,72377136.51,5208332513.66,4386686751.68,5075
2016-03-29,'000922,佳电股份,9.26,9.62,9.11,9.52,9.58,-0.32,-3.3403,1.8426,8437471,78627460.35,5034358985.02,4240158592.96,5908
2016-03-28,'000922,佳电股份,9.58,9.89,9.46,9.89,9.83,-0.25,-2.5432,3.0748,14079578,136889411.85,5208332513.66,4386686751.68,8224
2016-03-25,'000922,佳电股份,9.83,9.91,9.41,9.47,9.67,0.16,1.6546,3.2135,14714538,141793076.34,5344249332.91,4501161875.68,10851
2016-03-24,'000922,佳电股份,9.67,10.59,9.62,9.93,9.8,-0.13,-1.3265,6.4513,29540762,298303648.28,5257262568.59,4427897796.32,21436
2016-03-23,'000922,佳电股份,9.8,9.88,9.36,9.37,9.52,0.28,2.9412,2.8967,13264119,127368101.56,5327939314.6,4487424860.8,7327
2016-03-22,'000922,佳电股份,9.52,9.7,9.23,9.34,9.44,0.08,0.8475,3.0485,13958999,133451069.21,5175712477.04,4359212721.92,8345
2016-03-21,'000922,佳电股份,9.44,9.54,9.26,9.34,9.26,0.18,1.9438,2.428,11118009,104228192.6,5132219094.88,4322580682.24,6357
2016-03-18,'000922,佳电股份,9.26,9.65,8.85,8.9,8.87,0.39,4.3968,3.4954,16005330,147247559.4,5034358985.02,4240158592.96,9086
2016-03-17,'000922,佳电股份,8.87,8.98,8.43,8.49,8.43,0.44,5.2195,2.0741,9497320,82861290.86,4822328746.99,4061577399.52,5482
2016-03-16,'000922,佳电股份,8.43,8.78,8.36,8.65,8.68,-0.25,-2.8802,1.0778,4935278,42085914.96,4583115145.11,3860101181.28,3264
2016-03-15,'000922,佳电股份,8.68,8.93,8.55,8.6,8.6,0.08,0.9302,1.5636,7159614,62540621.48,4719031964.36,3974576305.28,4404
2016-03-14,'000922,佳电股份,8.6,8.73,8.4,8.43,8.31,0.29,3.4898,1.1304,5175928,44486332.6,4675538582.2,3937944265.6,3565
2016-03-11,'000922,佳电股份,8.31,8.45,8.2,8.2,8.38,-0.07,-0.8353,0.6736,3084511,25628256.59,4517875071.87,3805153121.76,2273
2016-03-10,'000922,佳电股份,8.38,8.73,8.35,8.6,8.68,-0.3,-3.4562,0.9728,4454493,37960710.51,4555931781.26,3837206156.48,3274
2016-03-09,'000922,佳电股份,8.68,8.78,8.41,8.46,8.67,0.01,0.1153,1.5238,6977629,60314934.5,4719031964.36,3974576305.28,4157
2016-03-08,'000922,佳电股份,8.67,8.75,8.2,8.65,8.59,0.08,0.9313,1.6702,7647706,64948047.85,4713595291.59,3969997300.32,4304
2016-03-07,'000922,佳电股份,8.59,8.76,8.4,8.5,8.39,0.2,2.3838,1.0589,4848617,41611757.81,4670101909.43,3933365260.64,3142
2016-03-04,'000922,佳电股份,8.39,9.04,8.3,8.86,8.9,-0.51,-5.7303,1.997,9144330,79373741.48,4561368454.03,3841785161.44,5661
2016-03-03,'000922,佳电股份,8.9,9.1,8.72,8.8,8.84,0.06,0.6787,2.2283,10203310,90584729.25,4838638765.3,4075314414.4,6189
2016-03-02,'000922,佳电股份,8.84,8.95,8.17,8.2,8.21,0.63,7.6736,2.0328,9308426,79290616.76,4806018728.68,4047840384.64,5677
2016-03-01,'000922,佳电股份,8.21,8.38,7.9,8.13,7.98,0.23,2.8822,1.4338,6565213,53363082.7,4463508344.17,3759363072.16,4240
2016-02-29,'000922,佳电股份,7.98,8.63,7.82,8.6,8.69,-0.71,-8.1703,1.7608,8062804,65036989.4,4338464870.46,3654045958.08,5868
2016-02-26,'000922,佳电股份,8.69,9.18,8.4,9.0,8.99,-0.3,-3.337,2.27,10394539,91954553.18,4724468637.13,3979155310.24,6553
2016-02-25,'000922,佳电股份,8.99,9.98,8.99,9.85,9.99,-1.0,-10.01,3.149,14419485,136593054.52,4887568820.23,4116525459.04,9229
2016-02-24,'000922,佳电股份,9.99,10.35,9.51,9.56,9.7,0.29,2.9897,3.384,15495485,154378727.86,5431236097.23,4574425955.04,10275
2016-02-23,'000922,佳电股份,9.7,9.78,9.4,9.54,9.44,0.26,2.7542,3.1068,14225956,136832042.03,5273572586.9,4441634811.2,8866
2016-02-22,'000922,佳电股份,9.44,9.6,9.24,9.38,9.2,0.24,2.6087,2.2021,10083269,94997757.65,5132219094.88,4322580682.24,5855
2016-02-19,'000922,佳电股份,9.2,9.31,9.09,9.16,9.31,-0.11,-1.1815,1.6508,7558797,69532941.2,5001738948.4,4212684563.2,4978
2016-02-18,'000922,佳电股份,9.31,9.99,8.93,9.1,9.13,0.18,1.9715,3.3246,15223445,142141241.91,5061542348.87,4263053617.76,9919
2016-02-17,'000922,佳电股份,9.13,9.43,8.8,8.88,8.89,0.24,2.6997,2.6513,12140392,110958014.86,4963682239.01,4180631528.48,7573
2016-02-16,'000922,佳电股份,8.89,9.03,8.52,8.55,8.45,0.44,5.2071,2.0321,9304784,82139364.07,4833202092.53,4070735409.44,5568
2016-02-15,'000922,佳电股份,8.45,8.54,8.12,8.12,8.61,-0.16,-1.8583,1.1298,5173399,43086634.34,4593988490.65,3869259191.2,3257
2016-02-05,'000922,佳电股份,8.61,8.97,8.6,8.84,8.82,-0.21,-2.381,1.2063,5523729,48626368.31,4680975254.97,3942523270.56,3739
2016-02-04,'000922,佳电股份,8.82,8.99,8.69,8.77,8.78,0.04,0.4556,1.9444,8903407,78858710.61,4795145383.14,4038682374.72,5200
2016-02-03,'000922,佳电股份,8.78,8.87,8.51,8.69,8.78,0.0,0.0,1.9022,8710399,76092273.88,4773398692.06,4020366354.88,5389
2016-02-02,'000922,佳电股份,8.78,8.78,8.02,8.09,7.98,0.8,10.0251,1.7095,7827963,66920074.18,4773398692.06,4020366354.88,3895
2016-02-01,'000922,佳电股份,7.98,8.36,7.83,8.36,8.36,-0.38,-4.5455,1.0925,5002613,40648105.2,4338464870.46,3654045958.08,3415
2016-01-29,'000922,佳电股份,8.36,8.43,7.75,8.12,8.04,0.32,3.9801,1.4398,6592868,53921448.11,4545058435.72,3828048146.56,4358
2016-01-28,'000922,佳电股份,8.04,8.62,8.0,8.59,8.62,-0.58,-6.7285,1.1271,5161184,42972948.81,4371084907.08,3681519987.84,3852
2016-01-27,'000922,佳电股份,8.62,8.88,8.02,8.8,8.71,-0.09,-1.0333,1.714,7848225,66323588.03,4686411927.74,3947102275.52,5342
2016-01-26,'000922,佳电股份,8.71,9.64,8.7,9.57,9.6,-0.89,-9.2708,1.8636,8533294,78858747.01,4735341982.67,3988313320.16,6095
2016-01-25,'000922,佳电股份,9.6,9.8,9.51,9.7,9.59,0.01,0.1043,1.3252,6068043,58502355.66,5219205859.2,4395844761.6,3958
2016-01-22,'000922,佳电股份,9.59,9.8,9.26,9.68,9.5,0.09,0.9474,1.5956,7306458,69753510.53,5213769186.43,4391265756.64,5569
2016-01-21,'000922,佳电股份,9.5,10.28,9.5,9.99,10.32,-0.82,-7.9457,2.6843,12291606,122457389.24,5164839131.5,4350054712.0,9354
2016-01-20,'000922,佳电股份,10.32,10.94,10.04,10.05,10.26,0.06,0.5848,3.5644,16321351,169834465.27,5610646298.64,4725533118.72,11548
2016-01-19,'000922,佳电股份,10.26,10.31,9.66,9.71,9.96,0.3,3.012,4.0867,14939991,149707279.0,5578026262.02,3750822215.64,10468
2016-01-18,'000922,佳电股份,9.96,10.22,9.2,9.4,9.85,0.11,1.1168,3.603,13171874,129513633.95,5414926078.92,3641149051.44,10903
2016-01-15,'000922,佳电股份,9.85,10.75,9.84,10.44,10.93,-1.08,-9.8811,5.1226,18726934,193072409.99,5355122678.45,3600935557.9,16527
2016-01-14,'000922,佳电股份,10.93,11.12,9.43,9.43,10.48,0.45,4.2939,7.5227,27501238,275136893.31,5942283337.61,3995758949.02,22336
2016-01-13,'000922,佳电股份,10.48,11.04,10.1,10.4,10.04,0.44,4.3825,8.1345,29737956,320578505.31,5697633062.96,3831249202.72,20881
2016-01-12,'000922,佳电股份,10.04,10.04,8.75,9.25,9.13,0.91,9.9671,3.2992,12061291,112833516.03,5458419461.08,3670395228.56,7250
2016-01-11,'000922,佳电股份,9.13,10.04,9.1,9.8,10.08,-0.95,-9.4246,2.237,8177799,78507847.44,4963682239.01,3337719963.82,6197
2016-01-08,'000922,佳电股份,10.08,10.59,9.5,10.26,10.09,-0.01,-0.0991,2.5309,9252535,93325822.74,5480166152.16,3685018317.12,7413
2016-01-07,'000922,佳电股份,10.09,10.95,10.05,10.95,11.15,-1.06,-9.5067,0.7335,2681400,28019108.27,5485602824.93,3688674089.26,1512
2016-01-06,'000922,佳电股份,11.15,11.15,10.81,10.93,10.93,0.22,2.0128,2.6327,9624672,106199307.72,6061890138.55,4076185936.1,6717
2016-01-05,'000922,佳电股份,10.93,11.55,10.56,11.2,11.73,-0.8,-6.8201,3.9427,14413774,159403181.42,5942283337.61,3995758949.02,10773
2016-01-04,'000922,佳电股份,11.73,12.89,11.73,12.77,13.03,-1.3,-9.977,2.8051,10254812,126665362.17,6377217159.21,4288220720.22,8393
