日期,股票代码,名称,收盘价,最高价,最低价,开盘价,前收盘,涨跌额,涨跌幅,换手率,成交量,成交金额,总市值,流通市值,成交笔数
2016-10-12,'002449,国星光电,15.26,15.37,15.15,15.21,15.4,-0.14,-0.9091,3.1395,11605690,176933369.06,7259970468.94,5641084848.0,8829
2016-10-11,'002449,国星光电,15.4,15.59,15.01,15.07,15.0,0.4,2.6667,8.9892,33229836,510392654.58,7326575702.6,5692837920.0,19766
2016-10-10,'002449,国星光电,15.0,15.13,14.53,14.6,14.5,0.5,3.4483,3.9995,14784741,219163628.55,7136275035.0,5544972000.0,9605
2016-09-30,'002449,国星光电,14.5,14.76,14.46,14.69,14.72,-0.22,-1.4946,3.9398,14564229,212707653.77,6898399200.5,5360139600.0,8670
2016-09-29,'002449,国星光电,14.72,14.98,14.71,14.85,14.97,-0.25,-1.67,3.4406,12718854,188590167.15,7003064567.68,5441465856.0,8700
2016-09-28,'002449,国星光电,14.97,14.97,14.64,14.78,14.87,0.1,0.6725,3.1604,11682773,173017651.02,7122002484.93,5533882056.0,8090
2016-09-27,'002449,国星光电,14.87,14.87,14.41,14.74,14.8,0.07,0.473,3.8627,14279021,209078166.94,7074427318.03,5496915576.0,9940
2016-09-26,'002449,国星光电,14.8,15.33,14.6,15.03,15.18,-0.38,-2.5033,5.5668,20578448,308743336.94,7041124701.2,5471039040.0,15080
2016-09-23,'002449,国星光电,15.18,15.69,15.17,15.6,15.7,-0.52,-3.3121,5.3617,19820428,304947815.0,7221910335.42,5611511664.0,15010
2016-09-22,'002449,国星光电,15.7,15.73,15.15,15.3,15.17,0.53,3.4937,6.7614,24994336,386112443.54,7469301203.3,5803737360.0,17902
2016-09-21,'002449,国星光电,15.17,15.66,15.15,15.63,15.72,-0.55,-3.4987,5.9003,21811185,335946913.07,7217152818.73,5607815016.0,14361
2016-09-20,'002449,国星光电,15.72,15.79,15.27,15.57,15.65,0.07,0.4473,5.2907,19557749,303628414.36,7478816236.68,5811130656.0,13819
2016-09-19,'002449,国星光电,15.65,15.68,15.26,15.4,15.35,0.3,1.9544,5.5914,20669331,320198003.76,7445513619.85,5785254120.0,14552
2016-09-14,'002449,国星光电,15.35,15.96,15.3,15.9,16.32,-0.97,-5.9436,9.6547,35690170,553792800.7,7302788119.15,5674354680.0,24459
2016-09-13,'002449,国星光电,16.32,16.75,15.82,16.19,15.99,0.33,2.0638,13.3754,49443989,808374967.92,7764267238.08,6032929536.0,30912
2016-09-12,'002449,国星光电,15.99,16.68,15.76,16.37,16.76,-0.77,-4.5943,12.0029,44370681,720662313.71,7607269187.31,5910940152.0,30108
2016-09-09,'002449,国星光电,16.76,17.16,15.87,15.95,16.16,0.6,3.7129,20.2759,74953024,1239159358.13,7973597972.44,6195582048.0,47191
2016-09-08,'002449,国星光电,16.16,16.3,15.72,16.05,16.59,-0.43,-2.5919,20.7445,76684960,1225520518.4,7688146971.04,5973783168.0,37200
2016-09-07,'002449,国星光电,16.59,16.59,16.2,16.2,15.08,1.51,10.0133,6.3464,23460395,387556552.23,7892720188.71,6132739032.0,6389
2016-09-06,'002449,国星光电,15.08,15.08,13.76,13.85,13.71,1.37,9.9927,11.5653,42752852,624043700.98,7174335168.52,5574545184.0,22900
2016-09-05,'002449,国星光电,13.71,13.95,13.41,13.45,13.36,0.35,2.6198,3.4502,12754300,175312894.51,6522555381.99,5068104408.0,8512
2016-09-02,'002449,国星光电,13.36,13.57,13.2,13.5,13.55,-0.19,-1.4022,1.7785,6574470,88188490.9,6356042297.84,4938721728.0,5024
2016-09-01,'002449,国星光电,13.55,13.76,13.5,13.5,13.49,0.06,0.4448,2.555,9444837,128921376.43,6446435114.95,5008958040.0,6950
2016-08-31,'002449,国星光电,13.49,13.55,13.26,13.5,13.49,0.0,0.0,1.8591,6872441,92134631.55,6417890014.81,4986778152.0,4960
2016-08-30,'002449,国星光电,13.49,13.72,13.42,13.48,13.48,0.01,0.0742,2.5314,9357581,127053039.54,6417890014.81,4986778152.0,6676
2016-08-29,'002449,国星光电,13.48,13.57,13.26,13.35,13.32,0.16,1.2012,2.1441,7926149,106595678.94,6413132498.12,4983081504.0,5831
2016-08-26,'002449,国星光电,13.32,13.51,13.21,13.22,13.22,0.1,0.7564,2.4627,9103849,121983578.91,6337012231.08,4923935136.0,6557
2016-08-25,'002449,国星光电,13.22,13.25,13.01,13.2,13.31,-0.09,-0.6762,1.996,7378352,96902912.05,6289437064.18,4886968656.0,5126
2016-08-24,'002449,国星光电,13.31,13.34,12.96,12.97,12.94,0.37,2.8594,2.6921,9951605,131554025.2,6332254714.39,4920238488.0,6980
2016-08-23,'002449,国星光电,12.94,13.19,12.87,13.08,13.1,-0.16,-1.2214,1.7968,6641962,86638570.43,6156226596.86,4783462512.0,4153
2016-08-22,'002449,国星光电,13.1,13.35,13.1,13.17,13.17,-0.07,-0.5315,1.6536,6112937,80766249.77,6232346863.9,4842608880.0,3991
2016-08-19,'002449,国星光电,13.17,13.26,13.13,13.26,13.26,-0.09,-0.6787,1.204,4450916,58644866.22,6265649480.73,4868485416.0,3033
2016-08-18,'002449,国星光电,13.26,13.34,13.09,13.23,13.2,0.06,0.4545,2.1037,7776542,102547621.44,6308467130.94,4901755248.0,5156
2016-08-17,'002449,国星光电,13.2,13.25,13.08,13.13,13.11,0.09,0.6865,1.8974,7014113,92273385.96,6279922030.8,4879575360.0,4066
2016-08-16,'002449,国星光电,13.11,13.32,13.08,13.18,13.06,0.05,0.3828,2.2281,8236613,108704193.51,6237104380.59,4846305528.0,4789
2016-08-15,'002449,国星光电,13.06,13.15,12.71,12.78,12.78,0.28,2.1909,2.1559,7969466,103496716.18,6213316797.14,4827822288.0,5174
2016-08-12,'002449,国星光电,12.78,12.78,12.57,12.65,12.63,0.15,1.1876,1.1464,4238013,53719491.5,6080106329.82,4724316144.0,2701
2016-08-11,'002449,国星光电,12.63,12.96,12.63,12.92,12.96,-0.33,-2.5463,1.4021,5183243,66062705.08,6008743579.47,4668866424.0,3659
2016-08-10,'002449,国星光电,12.96,13.07,12.84,13.05,13.05,-0.09,-0.6897,1.3151,4861638,63014738.64,6165741630.24,4790855808.0,3185
2016-08-09,'002449,国星光电,13.05,13.08,12.82,12.86,12.92,0.13,1.0062,1.4381,5315991,68873785.91,6208559280.45,4824125640.0,3827
2016-08-08,'002449,国星光电,12.92,12.93,12.52,12.73,12.78,0.14,1.0955,1.2427,4593817,58622101.82,6146711563.48,4776069216.0,3663
2016-08-05,'002449,国星光电,12.78,12.88,12.64,12.74,12.8,-0.02,-0.1563,1.515,5600553,71495004.48,6080106329.82,4724316144.0,3598
2016-08-04,'002449,国星光电,12.8,12.82,12.6,12.65,12.67,0.13,1.026,1.6125,5960926,75925328.01,6089621363.2,4731709440.0,3870
2016-08-03,'002449,国星光电,12.67,12.68,12.4,12.47,12.53,0.14,1.1173,1.956,7230760,90939883.2,6027773646.23,4683653016.0,4262
2016-08-02,'002449,国星光电,12.53,12.54,12.39,12.45,12.47,0.06,0.4812,1.4291,5282982,65921693.05,5961168412.57,4631899944.0,3811
2016-08-01,'002449,国星光电,12.47,12.76,12.29,12.71,12.78,-0.31,-2.4257,2.3623,8732419,108635869.66,5932623312.43,4609720056.0,6419
2016-07-29,'002449,国星光电,12.78,13.08,12.75,13.04,12.98,-0.2,-1.5408,1.7789,6575940,84792318.24,6080106329.82,4724316144.0,4737
2016-07-28,'002449,国星光电,12.98,13.25,12.76,13.19,13.2,-0.22,-1.6667,3.4245,12659346,164885654.68,6175256663.62,4798249104.0,7456
2016-07-27,'002449,国星光电,13.2,14.27,12.96,14.25,14.25,-1.05,-7.3684,5.8378,21580316,293858441.66,6279922030.8,4879575360.0,13962
2016-07-26,'002449,国星光电,14.25,14.32,14.08,14.2,14.22,0.03,0.211,2.7791,10273363,145793337.43,6779461283.25,5267723400.0,7097
2016-07-25,'002449,国星光电,14.22,14.35,13.75,13.83,13.83,0.39,2.82,4.0411,14938427,210598175.36,6765188733.18,5256633456.0,11055
2016-07-22,'002449,国星光电,13.83,14.08,13.72,13.83,13.84,-0.01,-0.0723,3.0694,11346347,157554217.39,6579645582.27,5112464184.0,7851
2016-07-21,'002449,国星光电,13.84,13.98,13.56,13.63,13.62,0.22,1.6153,3.5079,12967519,179052260.48,6584403098.96,5116160832.0,8851
2016-07-20,'002449,国星光电,13.62,13.79,13.6,13.71,13.74,-0.12,-0.8734,1.8665,6899744,94554880.0,6479737731.78,5034834576.0,5263
2016-07-19,'002449,国星光电,13.74,13.81,13.52,13.56,13.56,0.18,1.3274,2.5669,9488755,129585536.04,6536827932.06,5079194352.0,6973
2016-07-18,'002449,国星光电,13.56,13.85,13.48,13.74,13.89,-0.33,-2.3758,2.7541,10180930,138802733.27,6451192631.64,5012654688.0,7893
2016-07-15,'002449,国星光电,13.89,14.22,13.78,14.14,13.84,0.05,0.3613,5.5802,20627920,288366007.83,6608190682.41,5134644072.0,14417
2016-07-14,'002449,国星光电,13.84,13.84,13.48,13.5,13.57,0.27,1.9897,3.9382,14558236,199404620.32,6584403098.96,5116160832.0,9139
2016-07-13,'002449,国星光电,13.57,13.65,13.44,13.5,13.52,0.05,0.3698,2.6842,9922681,134501662.1,6455950148.33,5016351336.0,6283
2016-07-12,'002449,国星光电,13.52,13.55,13.18,13.29,13.31,0.21,1.5778,3.0309,11204082,149636502.14,6432162564.88,4997868096.0,7596
2016-07-11,'002449,国星光电,13.31,13.65,13.3,13.5,13.55,-0.24,-1.7712,3.3641,12435806,167654550.1,6332254714.39,4920238488.0,8635
2016-07-08,'002449,国星光电,13.55,13.72,13.47,13.67,13.57,-0.02,-0.1474,2.8156,10408241,141338534.02,6446435114.95,5008958040.0,7599
2016-07-07,'002449,国星光电,13.57,13.98,13.45,13.8,13.81,-0.24,-1.7379,5.0857,18800163,256426556.94,6455950148.33,5016351336.0,13376
2016-07-06,'002449,国星光电,13.81,14.64,13.69,13.8,13.32,0.49,3.6787,8.1179,30009140,417531466.27,6570130548.89,5105070888.0,20043
2016-07-05,'002449,国星光电,13.32,13.5,13.17,13.39,13.39,-0.07,-0.5228,2.9369,10856560,144510881.75,6337012231.08,4923935136.0,5848
2016-07-04,'002449,国星光电,13.39,13.46,13.01,13.1,13.03,0.36,2.7629,3.1091,11493118,152962273.07,6370314847.91,4949811672.0,7548
2016-07-01,'002449,国星光电,13.03,13.3,12.95,13.28,13.27,-0.24,-1.8086,2.3761,8783636,115227766.83,6199044247.07,4816732344.0,5804
2016-06-30,'002449,国星光电,13.27,13.38,13.05,13.24,13.2,0.07,0.5303,2.5502,9427158,124733649.34,6313224647.63,4905451896.0,6667
2016-06-29,'002449,国星光电,13.2,13.45,13.12,13.38,13.36,-0.16,-1.1976,2.739,10125210,133925010.24,6279922030.8,4879575360.0,6733
2016-06-28,'002449,国星光电,13.36,13.41,13.11,13.2,13.33,0.03,0.2251,3.7851,13992350,185359106.16,6356042297.84,4938721728.0,8855
2016-06-27,'002449,国星光电,13.33,13.35,12.68,12.71,12.77,0.56,4.3853,5.1334,18976457,250006730.25,6341769747.77,4927631784.0,11937
2016-06-24,'002449,国星光电,12.77,13.2,12.18,12.75,12.78,-0.01,-0.0782,4.8264,17841663,228346483.22,6075348813.13,4720619496.0,11837
2016-06-23,'002449,国星光电,12.78,12.93,12.55,12.87,12.87,-0.09,-0.6993,2.746,10151043,129505784.37,6080106329.82,4724316144.0,6301
2016-06-22,'002449,国星光电,12.87,12.89,12.44,12.5,12.53,0.34,2.7135,2.8165,10411627,132199975.02,6122923980.03,4757585976.0,7229
2016-06-21,'002449,国星光电,12.53,13.06,12.36,12.97,12.88,-0.35,-2.7174,3.2755,12108426,153950541.67,5961168412.57,4631899944.0,9182
2016-06-20,'002449,国星光电,12.88,12.89,12.37,12.45,12.45,0.43,3.4538,3.8655,14289311,181079360.87,6127681496.72,4761282624.0,9934
2016-06-17,'002449,国星光电,12.45,12.71,12.26,12.46,12.33,0.12,0.9732,2.4305,8984524,112258662.2,5923108279.05,4602326760.0,6605
2016-06-16,'002449,国星光电,12.33,12.6,12.11,12.2,12.15,0.18,1.4815,2.9283,10824725,133974064.26,5866018078.77,4557966984.0,7868
2016-06-15,'002449,国星光电,12.15,12.3,11.56,11.56,11.74,0.41,3.4923,2.6271,9711312,116722748.03,5780382778.35,4491427320.0,6769
2016-06-14,'002449,国星光电,11.74,11.9,11.6,11.73,11.79,-0.05,-0.4241,1.6934,6259915,73355588.77,5585324594.06,4339864752.0,4242
2016-06-13,'002449,国星光电,11.79,12.48,11.72,12.38,12.6,-0.81,-6.4286,2.7605,10204457,123961668.33,5609112177.51,4358347992.0,7930
2016-06-08,'002449,国星光电,12.6,12.75,12.35,12.51,12.5,0.1,0.8,2.7593,10200073,128072580.65,5994471029.4,4657776480.0,6959
2016-06-07,'002449,国星光电,12.5,12.64,12.37,12.5,12.5,0.0,0.0,2.2214,8211789,102470917.73,5946895862.5,4620810000.0,5269
2016-06-06,'002449,国星光电,12.5,12.66,12.41,12.6,12.5,0.0,0.0,2.5997,9610059,120537369.97,5946895862.5,4620810000.0,6123
2016-06-03,'002449,国星光电,12.5,12.66,12.36,12.49,12.51,-0.01,-0.0799,3.4206,12644669,158149326.4,5946895862.5,4620810000.0,8469
2016-06-02,'002449,国星光电,12.51,12.67,12.28,12.36,12.38,0.13,1.0501,3.5137,12988877,161937302.98,5951653379.19,4624506648.0,8260
2016-06-01,'002449,国星光电,12.38,12.62,12.32,12.41,12.4,-0.02,-0.1613,3.4964,12925075,160712474.79,5889805662.22,4576450224.0,8490
2016-05-31,'002449,国星光电,12.4,12.42,11.93,11.93,11.9,0.5,4.2017,4.0189,14856452,182070457.0,5899320695.6,4583843520.0,9569
2016-05-30,'002449,国星光电,11.9,12.25,11.85,12.0,12.05,-0.15,-1.2448,3.1739,11732772,141276800.93,5661444861.1,4399011120.0,8308
2016-05-27,'002449,国星光电,12.05,12.28,11.53,11.53,11.6,0.45,3.8793,4.799,17740260,212719438.04,5732807611.45,4454460840.0,14376
2016-05-26,'002449,国星光电,11.6,11.8,11.15,11.6,11.64,-0.04,-0.3436,1.9989,7389187,84388721.81,5518719360.4,4288111680.0,5869
2016-05-25,'002449,国星光电,11.64,11.95,11.5,11.8,11.68,-0.04,-0.3425,1.9272,7124282,83769739.85,5537749427.16,4302898272.0,5252
2016-05-24,'002449,国星光电,11.68,11.89,11.51,11.76,11.83,-0.15,-1.268,2.0236,7480670,87396469.96,5556779493.92,4317684864.0,5940
2016-05-23,'002449,国星光电,11.83,11.98,11.69,11.87,11.81,0.02,0.1693,2.8493,10532711,124330760.88,5628142244.27,4373134584.0,7896
2016-05-20,'002449,国星光电,11.81,11.93,11.05,11.07,11.19,0.62,5.5407,3.9098,14453016,167674324.63,5618627210.89,4365741288.0,12390
2016-05-19,'002449,国星光电,11.19,11.3,10.96,10.96,10.97,0.22,2.0055,1.7307,6397756,71564547.62,5323661176.11,4136549112.0,4623
2016-05-18,'002449,国星光电,10.97,11.28,10.83,11.28,11.35,-0.38,-3.348,1.8019,6661068,73476956.34,5218995808.93,4055222856.0,4957
2016-05-17,'002449,国星光电,11.35,11.49,11.21,11.39,11.46,-0.11,-0.9599,1.4895,5506257,62525642.64,5399781443.15,4195695480.0,4652
2016-05-16,'002449,国星光电,11.46,11.49,11.05,11.05,11.12,0.34,3.0576,1.6193,5985876,67688584.09,5452114126.74,4236358608.0,4764
2016-05-13,'002449,国星光电,11.12,11.35,11.05,11.12,11.18,-0.06,-0.5367,1.182,4369389,48902224.58,5290358559.28,4110672576.0,3443
2016-05-12,'002449,国星光电,11.36,11.4,11.03,11.26,11.44,-0.08,-0.6993,1.5062,5567993,62451974.68,5404538959.84,4199392128.0,4062
2016-05-11,'002449,国星光电,11.44,11.67,11.41,11.64,11.53,-0.09,-0.7806,1.2761,4717301,54393616.83,5442599093.36,4228965312.0,3519
2016-05-10,'002449,国星光电,11.53,11.67,11.45,11.6,11.58,-0.05,-0.4318,1.3814,5106691,59107210.01,5485416743.57,4262235144.0,3499
2016-05-09,'002449,国星光电,11.58,12.08,11.5,12.08,12.02,-0.44,-3.6606,2.3126,8548803,100146496.6,5509204327.02,4280718384.0,6084
2016-05-06,'002449,国星光电,12.02,12.81,11.99,12.8,12.79,-0.77,-6.0203,3.1467,11632179,143841038.87,5718535061.38,4443370896.0,8280
2016-05-05,'002449,国星光电,12.79,12.85,12.61,12.7,12.7,0.09,0.7087,2.0346,7521310,95680808.49,6084863846.51,4728012792.0,4644
2016-05-04,'002449,国星光电,12.7,12.89,12.66,12.75,12.9,-0.2,-1.5504,3.1429,11618168,148474502.53,6042046196.3,4694742960.0,7451
2016-05-03,'002449,国星光电,12.9,13.05,12.21,12.34,12.39,0.51,4.1162,4.7366,17509620,223168347.51,6137196530.1,4768675920.0,9297
2016-04-29,'002449,国星光电,12.39,12.44,12.12,12.17,12.21,0.18,1.4742,2.1442,7926404,97665708.18,5894563178.91,4580146872.0,5464
2016-04-28,'002449,国星光电,12.21,12.45,11.95,12.35,12.38,-0.17,-1.3732,1.9445,7188114,87628739.73,5808927878.49,4513607208.0,4948
2016-04-27,'002449,国星光电,12.38,12.44,12.12,12.21,12.26,0.12,0.9788,2.6666,9857413,121450913.43,5889805662.22,4576450224.0,6477
2016-04-26,'002449,国星光电,12.26,12.28,11.8,11.9,11.9,0.36,3.0252,2.3589,8719950,105654402.77,5832715461.94,4532090448.0,5956
2016-04-25,'002449,国星光电,11.9,11.96,11.56,11.96,12.01,-0.11,-0.9159,1.6514,6104806,71885360.33,5661444861.1,4399011120.0,4255
2016-04-22,'002449,国星光电,12.01,12.03,11.51,11.71,11.82,0.19,1.6074,1.8251,6746697,80053290.11,5713777544.69,4439674248.0,4521
2016-04-21,'002449,国星光电,11.82,12.15,11.77,12.05,12.01,-0.19,-1.582,2.2334,8256175,99207697.88,5623384727.58,4369437936.0,5790
2016-04-20,'002449,国星光电,12.01,12.98,11.82,12.97,12.89,-0.88,-6.827,4.1489,15336874,188869365.15,5713777544.69,4439674248.0,10847
2016-04-19,'002449,国星光电,12.89,12.98,12.72,12.92,12.86,0.03,0.2333,2.07,7652193,98207894.14,6132439013.41,4764979272.0,4985
2016-04-18,'002449,国星光电,12.86,13.1,12.77,13.08,13.19,-0.33,-2.5019,2.6696,9868738,127033371.91,6118166463.34,4753889328.0,7214
2016-04-15,'002449,国星光电,13.19,13.33,13.07,13.31,13.27,-0.08,-0.6029,2.5286,9347394,123341399.92,6275164514.11,4875878712.0,6200
2016-04-14,'002449,国星光电,13.27,13.34,13.03,13.24,13.13,0.14,1.0663,2.8614,10577432,139467274.85,6313224647.63,4905451896.0,7129
2016-04-13,'002449,国星光电,13.13,13.36,12.95,13.0,12.86,0.27,2.0995,3.9083,14447693,190708206.0,6246619413.97,4853698824.0,10369
2016-04-12,'002449,国星光电,12.86,12.98,12.65,12.85,12.89,-0.03,-0.2327,2.4033,8884135,113720634.7,6118166463.34,4753889328.0,6066
2016-04-11,'002449,国星光电,12.89,13.07,12.75,12.76,12.66,0.23,1.8167,2.8052,10369685,134267070.79,6132439013.41,4764979272.0,7263
2016-04-08,'002449,国星光电,12.66,12.84,12.45,12.84,12.94,-0.28,-2.1638,3.502,12945507,163384189.16,6023016129.54,4679956368.0,9540
2016-04-07,'002449,国星光电,12.94,13.55,12.93,13.51,13.39,-0.45,-3.3607,3.5553,13142536,173702502.11,6156226596.86,4783462512.0,10293
2016-04-06,'002449,国星光电,13.39,13.58,13.21,13.3,13.39,0.0,0.0,3.8902,14380769,192758711.23,6370314847.91,4949811672.0,10080
2016-04-05,'002449,国星光电,13.39,13.43,12.9,13.0,13.0,0.39,3.0,3.5049,12956374,171588028.18,6370314847.91,4949811672.0,9142
2016-04-01,'002449,国星光电,13.0,13.2,12.7,13.1,13.27,-0.27,-2.0347,4.132,15274615,196975796.31,6184771697.0,4805642400.0,10073
2016-03-31,'002449,国星光电,13.27,13.45,13.12,13.33,13.28,-0.01,-0.0753,3.8435,14208091,188637656.11,6313224647.63,4905451896.0,9209
2016-03-30,'002449,国星光电,13.28,13.29,12.83,12.91,12.79,0.49,3.8311,3.9723,14684211,191845163.26,6317982164.32,4909148544.0,9711
2016-03-29,'002449,国星光电,12.79,13.45,12.58,13.28,13.37,-0.58,-4.3381,3.9446,14581792,189002388.57,6084863846.51,4728012792.0,11486
2016-03-28,'002449,国星光电,13.37,14.09,13.25,13.7,13.88,-0.51,-3.6744,5.4155,20019038,275621072.03,6360799814.53,4942418376.0,13845
2016-03-25,'002449,国星光电,13.88,13.88,13.41,13.45,13.52,0.36,2.6627,3.8753,14325467,194763425.08,6603433165.72,5130947424.0,9989
2016-03-24,'002449,国星光电,13.52,14.1,13.51,13.88,14.07,-0.55,-3.909,5.1345,18980271,261992713.03,6432162564.88,4997868096.0,13767
2016-03-23,'002449,国星光电,14.07,14.18,13.53,13.55,13.57,0.5,3.6846,6.396,23643677,328753523.56,6693825982.83,5201183736.0,16604
2016-03-22,'002449,国星光电,13.57,13.9,13.51,13.52,13.9,-0.33,-2.3741,5.3964,19948768,272895509.07,6455950148.33,5016351336.0,13425
2016-03-21,'002449,国星光电,13.9,13.9,13.38,13.56,13.52,0.38,2.8107,7.7666,28710389,391740025.31,6612948199.1,5138340720.0,19016
2016-03-18,'002449,国星光电,13.52,13.74,13.05,13.15,13.1,0.42,3.2061,7.6334,28218153,378838525.36,6432162564.88,4997868096.0,18831
2016-03-17,'002449,国星光电,13.1,13.1,12.38,12.45,12.37,0.73,5.9014,5.3648,19831593,253306287.81,6232346863.9,4842608880.0,15021
2016-03-16,'002449,国星光电,12.37,13.05,12.31,12.95,12.88,-0.51,-3.9596,4.4193,16336697,205810617.63,5885048145.53,4572753576.0,13915
2016-03-15,'002449,国星光电,12.88,13.28,12.76,12.88,13.0,-0.12,-0.9231,4.87,18002584,234253737.47,6127681496.72,4761282624.0,13711
2016-03-14,'002449,国星光电,13.0,13.33,12.48,12.62,12.38,0.62,5.0081,5.9266,21908677,283324144.28,6184771697.0,4805642400.0,16302
2016-03-11,'002449,国星光电,12.38,12.64,12.0,12.15,12.48,-0.1,-0.8013,3.9472,14591285,179780301.26,5889805662.22,4576450224.0,11960
2016-03-10,'002449,国星光电,12.48,12.98,12.18,12.34,12.32,0.16,1.2987,5.3203,19667109,247753321.63,5937380829.12,4613416704.0,16516
2016-03-09,'002449,国星光电,12.32,12.68,12.17,12.42,12.89,-0.57,-4.422,4.6019,17011428,211567472.52,5861260562.08,4554270336.0,13982
2016-03-08,'002449,国星光电,12.89,13.05,12.08,13.0,13.18,-0.29,-2.2003,6.6734,24669105,310782846.16,6132439013.41,4764979272.0,18797
2016-03-07,'002449,国星光电,13.18,13.58,12.91,13.2,13.08,0.1,0.7645,7.3675,27235127,360515078.01,6270406997.42,4872182064.0,20761
2016-03-04,'002449,国星光电,13.08,13.79,12.51,12.94,13.1,-0.02,-0.1527,11.1028,41043135,543655948.0,6222831830.52,4835215584.0,32865
2016-03-03,'002449,国星光电,13.1,13.59,12.55,12.61,12.98,0.12,0.9245,12.447,46012151,603137180.68,6232346863.9,4842608880.0,33029
2016-03-02,'002449,国星光电,12.98,13.05,11.4,11.7,11.86,1.12,9.4435,12.0658,44602910,546028348.58,6175256663.62,4798249104.0,31968
2016-03-01,'002449,国星光电,11.86,12.2,11.0,11.7,12.22,-0.36,-2.946,10.3569,38285863,440923240.9,5642414794.34,4384224528.0,29433
2016-02-29,'002449,国星光电,12.22,12.42,11.02,11.89,11.89,0.33,2.7754,14.8995,55078242,655350734.08,5813685395.18,4517303856.0,32248
2016-02-26,'002449,国星光电,11.89,11.89,10.88,11.05,10.81,1.08,9.9907,10.7408,39704904,466973027.19,5656687344.41,4395314472.0,13624
2016-02-25,'002449,国星光电,10.81,11.95,10.81,11.91,12.01,-1.2,-9.9917,2.4079,8901268,100595258.86,5142875541.89,3996076488.0,7424
2016-02-24,'002449,国星光电,12.01,12.11,11.68,11.9,11.99,0.02,0.1668,1.8545,6855337,81575766.15,5713777544.69,4439674248.0,5024
2016-02-23,'002449,国星光电,11.99,12.25,11.81,12.1,12.07,-0.08,-0.6628,2.2541,8332706,100290343.64,5704262511.31,4432280952.0,6733
2016-02-22,'002449,国星光电,12.07,12.08,11.87,11.99,11.82,0.25,2.1151,2.5564,9449949,113156034.43,5742322644.83,4461854136.0,6412
2016-02-19,'002449,国星光电,11.82,11.82,11.6,11.65,11.71,0.11,0.9394,1.4993,5542407,64949482.76,5623384727.58,4369437936.0,3927
2016-02-18,'002449,国星光电,11.71,11.96,11.65,11.91,11.9,-0.19,-1.5966,1.9157,7081683,83616606.8,5571052043.99,4328774808.0,4883
2016-02-17,'002449,国星光电,11.9,11.97,11.59,11.73,11.73,0.17,1.4493,2.3214,8581255,100767052.71,5661444861.1,4399011120.0,5778
2016-02-16,'002449,国星光电,11.73,11.75,11.23,11.32,11.19,0.54,4.8257,2.0594,7612901,88042005.41,5580567077.37,4336168104.0,5526
2016-02-15,'002449,国星光电,11.19,11.3,10.6,10.6,11.16,0.03,0.2688,1.2412,4588153,50426244.21,5323661176.11,4136549112.0,3567
2016-02-05,'002449,国星光电,11.16,11.36,11.11,11.2,11.17,-0.01,-0.0895,1.6937,6260950,70237755.08,5309388626.04,4125459168.0,4041
2016-02-04,'002449,国星光电,11.17,11.25,10.91,10.91,10.91,0.26,2.3831,1.8316,6770809,75353465.42,5314146142.73,4129155816.0,5166
2016-02-03,'002449,国星光电,10.91,10.96,10.6,10.75,10.92,-0.01,-0.0916,1.3984,5169450,55570487.19,5190450708.79,4033042968.0,3723
2016-02-02,'002449,国星光电,10.92,11.06,10.49,10.49,10.55,0.37,3.5071,1.5854,5860751,63778686.94,5195208225.48,4036739616.0,4450
2016-02-01,'002449,国星光电,10.55,10.65,10.15,10.53,10.5,0.05,0.4762,1.768,6535776,68648535.94,5019180107.95,3899963640.0,4191
2016-01-29,'002449,国星光电,10.5,10.65,9.85,10.0,10.05,0.45,4.4776,2.2867,8452944,87001061.34,4995392524.5,3881480400.0,5405
2016-01-28,'002449,国星光电,10.05,10.78,9.98,10.54,10.63,-0.58,-5.4563,1.6583,6130014,63981462.92,4781304273.45,3715131240.0,4402
2016-01-27,'002449,国星光电,10.63,10.99,10.02,10.9,10.79,-0.16,-1.4829,2.2377,8272163,86647334.94,5057240241.47,3929536824.0,5680
2016-01-26,'002449,国星光电,10.79,11.6,10.69,11.6,11.75,-0.96,-8.1702,2.4623,9102126,101597612.64,5133360508.51,3988683192.0,6962
2016-01-25,'002449,国星光电,11.75,11.84,11.45,11.48,11.36,0.39,3.4331,2.23,8243523,96086466.53,5590082110.75,4343561400.0,6254
2016-01-22,'002449,国星光电,11.36,11.37,10.78,11.21,10.95,0.41,3.7443,1.9389,7167391,79983231.26,5404538959.84,4199392128.0,4992
2016-01-21,'002449,国星光电,10.95,11.71,10.95,11.2,11.5,-0.55,-4.7826,2.4663,9117219,103693304.96,5209480775.55,4047829560.0,5865
2016-01-20,'002449,国星光电,11.5,11.88,11.18,11.6,11.71,-0.21,-1.7933,3.4035,12581623,146075350.57,5471144193.5,4251145200.0,7715
2016-01-19,'002449,国星光电,11.71,11.76,10.99,11.1,11.15,0.56,5.0224,2.6603,9834166,112312311.34,5571052043.99,4328774808.0,6778
2016-01-18,'002449,国星光电,11.15,11.42,10.4,10.5,10.85,0.3,2.765,2.133,7884985,87018003.07,5304631109.35,4121762520.0,5471
2016-01-15,'002449,国星光电,10.85,11.61,10.73,11.45,11.62,-0.77,-6.6265,2.3353,8632697,96783551.63,5161905608.65,4010863080.0,6299
2016-01-14,'002449,国星光电,11.62,11.76,10.64,10.65,11.19,0.43,3.8427,2.7306,10094048,112376168.14,5528234393.78,4295504976.0,6828
2016-01-13,'002449,国星光电,11.19,12.45,11.19,12.3,12.19,-1.0,-8.2034,2.2368,8268731,99087259.56,5323661176.11,4136549112.0,6159
2016-01-12,'002449,国星光电,12.19,12.35,11.83,12.05,12.21,-0.02,-0.1638,2.4711,9134892,110842854.81,5799412845.11,4506213912.0,6062
2016-01-11,'002449,国星光电,12.21,13.28,12.21,13.28,13.57,-1.36,-10.0221,2.936,10853446,137357469.72,5808927878.49,4513607208.0,8128
2016-01-08,'002449,国星光电,13.57,13.99,12.66,13.88,13.49,0.08,0.593,3.2547,12031635,163570670.99,6455950148.33,5016351336.0,8889
2016-01-07,'002449,国星光电,13.49,14.63,13.49,14.52,14.99,-1.5,-10.0067,0.7293,2696000,37636992.02,6417890014.81,4986778152.0,2142
2016-01-06,'002449,国星光电,14.99,15.02,14.31,14.62,14.52,0.47,3.2369,3.7479,13854661,203356152.61,7131517518.31,5541275352.0,10191
2016-01-05,'002449,国星光电,14.52,15.19,13.69,14.14,15.21,-0.69,-4.5365,4.1463,15327295,221662167.0,6907914233.88,5367532896.0,12373
2016-01-04,'002449,国星光电,15.21,16.93,15.21,16.72,16.9,-1.69,-10.0,3.0369,11226267,179023061.02,7236182885.49,5622601608.0,9757
