日期,股票代码,名称,收盘价,最高价,最低价,开盘价,前收盘,涨跌额,涨跌幅,换手率,成交量,成交金额,总市值,流通市值,成交笔数
2016-10-12,'000692,惠天热电,6.19,6.22,6.14,6.17,6.17,0.02,0.3241,1.4105,7515694,46441514.22,3298236121.44,3298236121.44,3156
2016-10-11,'000692,惠天热电,6.17,6.2,6.13,6.14,6.15,0.02,0.3252,1.7208,9168926,56576019.59,3287579461.92,3287579461.92,3472
2016-10-10,'000692,惠天热电,6.15,6.16,6.06,6.08,6.06,0.09,1.4851,1.6713,8905386,54489975.49,3276922802.4,3276922802.4,3258
2016-09-30,'000692,惠天热电,6.06,6.1,6.0,6.03,6.0,0.06,1.0,1.2897,6872193,41655896.29,3228967834.56,3228967834.56,2755
2016-09-29,'000692,惠天热电,6.0,6.05,5.92,5.92,5.94,0.06,1.0101,1.3898,7405133,44446634.87,3196997856.0,3196997856.0,2568
2016-09-28,'000692,惠天热电,5.94,5.98,5.88,5.92,5.93,0.01,0.1686,0.9766,5203849,30812102.92,3165027877.44,3165027877.44,2201
2016-09-27,'000692,惠天热电,5.93,5.93,5.79,5.85,5.87,0.06,1.0221,1.4704,7834593,45923239.08,3159699547.68,3159699547.68,3227
2016-09-26,'000692,惠天热电,5.87,6.03,5.85,6.03,6.03,-0.16,-2.6534,1.6862,8984770,53520798.58,3127729569.12,3127729569.12,4499
2016-09-23,'000692,惠天热电,6.03,6.18,6.03,6.12,6.11,-0.08,-1.3093,2.0209,10768107,65486462.45,3212982845.28,3212982845.28,5009
2016-09-22,'000692,惠天热电,6.11,6.36,6.09,6.14,6.05,0.06,0.9917,3.8371,20445461,126253208.34,3255609483.36,3255609483.36,9810
2016-09-21,'000692,惠天热电,6.05,6.1,6.03,6.05,6.08,-0.03,-0.4934,1.7038,9078186,55097193.9,3223639504.8,3223639504.8,2824
2016-09-20,'000692,惠天热电,6.08,6.08,5.93,6.0,6.02,0.06,0.9967,2.1509,11460790,68934090.88,3239624494.08,3239624494.08,3262
2016-09-19,'000692,惠天热电,6.02,6.03,5.89,5.89,5.89,0.13,2.2071,2.6005,13856508,82629502.48,3207654515.52,3207654515.52,3529
2016-09-14,'000692,惠天热电,5.89,5.97,5.8,5.82,5.87,0.02,0.3407,2.0905,11138706,65712774.63,3138386228.64,3138386228.64,2914
2016-09-13,'000692,惠天热电,5.87,5.88,5.79,5.82,5.8,0.07,1.2069,1.6748,8923701,52147783.22,3127729569.12,3127729569.12,2417
2016-09-12,'000692,惠天热电,5.8,5.92,5.77,5.87,6.0,-0.2,-3.3333,2.2417,11944366,69685563.1,3090431260.8,3090431260.8,4271
2016-09-09,'000692,惠天热电,6.0,6.07,5.96,6.05,6.05,-0.05,-0.8264,2.5511,13592854,81856847.82,3196997856.0,3196997856.0,4002
2016-09-08,'000692,惠天热电,6.05,6.08,5.97,6.0,6.01,0.04,0.6656,2.3554,12550572,75744102.34,3223639504.8,3223639504.8,3491
2016-09-07,'000692,惠天热电,6.01,6.1,5.98,6.05,6.06,-0.05,-0.8251,2.9691,15820514,95723787.8,3202326185.76,3202326185.76,4876
2016-09-06,'000692,惠天热电,6.06,6.08,5.86,5.9,5.97,0.09,1.5075,3.2503,17318759,103672617.3,3228967834.56,3228967834.56,5353
2016-09-05,'000692,惠天热电,5.97,6.1,5.93,5.99,5.99,-0.02,-0.3339,4.283,22821414,137138197.02,3181012866.72,3181012866.72,6750
2016-09-02,'000692,惠天热电,5.99,6.0,5.8,5.81,5.85,0.14,2.3932,4.7653,25391146,150245772.44,3191669526.24,3191669526.24,7612
2016-09-01,'000692,惠天热电,5.85,5.92,5.8,5.86,5.86,-0.01,-0.1706,2.307,12292491,71922661.28,3117072909.6,3117072909.6,3798
2016-08-31,'000692,惠天热电,5.86,5.89,5.76,5.84,5.84,0.02,0.3425,1.7135,9130168,53243882.3,3122401239.36,3122401239.36,2734
2016-08-30,'000692,惠天热电,5.84,5.87,5.79,5.79,5.8,0.04,0.6897,1.3992,7455573,43458087.96,3111744579.84,3111744579.84,2820
2016-08-29,'000692,惠天热电,5.8,5.84,5.74,5.76,5.78,0.02,0.346,1.5361,8184638,47477505.08,3090431260.8,3090431260.8,2957
2016-08-26,'000692,惠天热电,5.78,5.89,5.72,5.74,5.77,0.01,0.1733,2.6931,14349908,83140712.64,3079774601.28,3079774601.28,4431
2016-08-25,'000692,惠天热电,5.77,5.88,5.68,5.84,5.89,-0.12,-2.0374,2.5148,13399882,76999113.47,3074446271.52,3074446271.52,5432
2016-08-24,'000692,惠天热电,5.89,6.1,5.78,5.79,5.78,0.11,1.9031,4.0481,21569559,128384417.81,3138386228.64,3138386228.64,8367
2016-08-23,'000692,惠天热电,5.78,5.82,5.74,5.76,5.74,0.04,0.6969,1.7508,9328793,53975605.46,3079774601.28,3079774601.28,3082
2016-08-22,'000692,惠天热电,5.74,5.77,5.72,5.76,5.76,-0.02,-0.3472,0.9486,5054226,29029288.62,3058461282.24,3058461282.24,2466
2016-08-19,'000692,惠天热电,5.76,5.79,5.71,5.78,5.78,-0.02,-0.346,1.1686,6226807,35825746.56,3069117941.76,3069117941.76,2561
2016-08-18,'000692,惠天热电,5.78,5.83,5.76,5.8,5.78,0.0,0.0,1.465,7806058,45238273.2,3079774601.28,3079774601.28,2647
2016-08-17,'000692,惠天热电,5.78,5.8,5.73,5.76,5.76,0.02,0.3472,1.3422,7151583,41210836.66,3079774601.28,3079774601.28,3089
2016-08-16,'000692,惠天热电,5.76,5.8,5.65,5.74,5.76,0.0,0.0,2.371,12633531,72549819.51,3069117941.76,3069117941.76,3492
2016-08-15,'000692,惠天热电,5.76,5.78,5.64,5.65,5.65,0.11,1.9469,2.1873,11654648,66651585.2,3069117941.76,3069117941.76,3610
2016-08-12,'000692,惠天热电,5.65,5.65,5.53,5.54,5.57,0.08,1.4363,0.8944,4765829,26689747.76,3010506314.4,3010506314.4,2504
2016-08-11,'000692,惠天热电,5.57,5.69,5.56,5.69,5.68,-0.11,-1.9366,1.1464,6108355,34355021.9,2967879676.32,2967879676.32,2050
2016-08-10,'000692,惠天热电,5.68,5.73,5.67,5.7,5.69,-0.01,-0.1757,0.9195,4899489,27929970.78,3026491303.68,3026491303.68,2912
2016-08-09,'000692,惠天热电,5.69,5.69,5.64,5.68,5.67,0.02,0.3527,1.1592,6176720,34999459.05,3031819633.44,3031819633.44,2171
2016-08-08,'000692,惠天热电,5.67,5.68,5.53,5.54,5.56,0.11,1.9784,1.4404,7674843,43234916.27,3021162973.92,3021162973.92,2454
2016-08-05,'000692,惠天热电,5.56,5.6,5.54,5.55,5.56,0.0,0.0,0.8152,4343645,24191607.9,2962551346.56,2962551346.56,1577
2016-08-04,'000692,惠天热电,5.56,5.57,5.52,5.54,5.55,0.01,0.1802,0.7413,3949769,21899376.9,2962551346.56,2962551346.56,1945
2016-08-03,'000692,惠天热电,5.55,5.56,5.45,5.47,5.49,0.06,1.0929,1.2988,6920323,38124943.23,2957223016.8,2957223016.8,2229
2016-08-02,'000692,惠天热电,5.49,5.51,5.41,5.41,5.42,0.07,1.2915,0.9431,5025006,27361876.71,2925253038.24,2925253038.24,2419
2016-08-01,'000692,惠天热电,5.42,5.55,5.34,5.52,5.54,-0.12,-2.1661,1.5728,8380160,45349834.98,2887954729.92,2887954729.92,4360
2016-07-29,'000692,惠天热电,5.54,5.59,5.5,5.56,5.55,-0.01,-0.1802,1.1033,5878661,32690992.48,2951894687.04,2951894687.04,2157
2016-07-28,'000692,惠天热电,5.55,5.59,5.45,5.5,5.51,0.04,0.726,1.5311,8158322,45141982.87,2957223016.8,2957223016.8,3713
2016-07-27,'000692,惠天热电,5.51,5.86,5.42,5.85,5.85,-0.34,-5.812,2.5814,13754439,77008710.14,2935909697.76,2935909697.76,5732
2016-07-26,'000692,惠天热电,5.85,5.88,5.74,5.78,5.76,0.09,1.5625,1.4691,7827692,45551295.94,3117072909.6,3117072909.6,2765
2016-07-25,'000692,惠天热电,5.76,5.78,5.7,5.72,5.74,0.02,0.3484,0.7813,4163255,23962113.66,3069117941.76,3069117941.76,2129
2016-07-22,'000692,惠天热电,5.74,5.8,5.72,5.78,5.77,-0.03,-0.5199,1.0016,5336720,30732307.3,3058461282.24,3058461282.24,2140
2016-07-21,'000692,惠天热电,5.77,5.84,5.74,5.75,5.75,0.02,0.3478,1.2236,6519991,37757651.33,3074446271.52,3074446271.52,2950
2016-07-20,'000692,惠天热电,5.75,5.81,5.75,5.8,5.8,-0.05,-0.8621,0.8704,4637601,26793979.63,3063789612.0,3063789612.0,2128
2016-07-19,'000692,惠天热电,5.8,5.84,5.75,5.75,5.77,0.03,0.5199,0.8324,4435213,25662714.69,3090431260.8,3090431260.8,1787
2016-07-18,'000692,惠天热电,5.77,5.83,5.75,5.81,5.84,-0.07,-1.1986,1.1753,6262515,36238584.95,3074446271.52,3074446271.52,2231
2016-07-15,'000692,惠天热电,5.84,5.92,5.82,5.9,5.86,-0.02,-0.3413,1.4357,7649965,44781410.35,3111744579.84,3111744579.84,3497
2016-07-14,'000692,惠天热电,5.86,5.86,5.71,5.74,5.76,0.1,1.7361,1.9685,10489052,60653002.8,3122401239.36,3122401239.36,3852
2016-07-13,'000692,惠天热电,5.76,5.82,5.73,5.76,5.77,-0.01,-0.1733,2.0193,10759688,62078933.07,3069117941.76,3069117941.76,3881
2016-07-12,'000692,惠天热电,5.77,5.84,5.66,5.69,5.67,0.1,1.7637,2.6578,14161389,81325437.68,3074446271.52,3074446271.52,4982
2016-07-11,'000692,惠天热电,5.67,5.75,5.64,5.66,5.66,0.01,0.1767,1.756,9356662,53277275.77,3021162973.92,3021162973.92,3213
2016-07-08,'000692,惠天热电,5.66,5.69,5.62,5.65,5.67,-0.01,-0.1764,1.1567,6163541,34839788.55,3015834644.16,3015834644.16,2414
2016-07-07,'000692,惠天热电,5.67,5.73,5.63,5.7,5.73,-0.06,-1.0471,1.3321,7097843,40345449.06,3021162973.92,3021162973.92,3087
2016-07-06,'000692,惠天热电,5.73,5.74,5.66,5.7,5.71,0.02,0.3503,1.2316,6562597,37371349.62,3053132952.48,3053132952.48,2648
2016-07-05,'000692,惠天热电,5.71,5.73,5.62,5.64,5.67,0.04,0.7055,1.4429,7688415,43731240.85,3042476292.96,3042476292.96,4131
2016-07-04,'000692,惠天热电,5.67,5.72,5.53,5.54,5.58,0.09,1.6129,1.6537,8811373,49857267.54,3021162973.92,3021162973.92,3428
2016-07-01,'000692,惠天热电,5.58,5.61,5.54,5.58,5.58,0.0,0.0,1.0337,5508017,30707198.83,2973208006.08,2973208006.08,2123
2016-06-30,'000692,惠天热电,5.58,5.63,5.56,5.6,5.58,0.0,0.0,1.2373,6592719,36873233.16,2973208006.08,2973208006.08,2695
2016-06-29,'000692,惠天热电,5.58,5.59,5.52,5.55,5.55,0.03,0.5405,1.5635,8331021,46322081.74,2973208006.08,2973208006.08,2882
2016-06-28,'000692,惠天热电,5.55,5.56,5.43,5.47,5.47,0.08,1.4625,1.7003,9059938,49805414.04,2957223016.8,2957223016.8,3167
2016-06-27,'000692,惠天热电,5.47,5.48,5.28,5.3,5.34,0.13,2.4345,1.0836,5774018,31309349.99,2914596378.72,2914596378.72,2748
2016-06-24,'000692,惠天热电,5.34,5.47,5.23,5.42,5.42,-0.08,-1.476,1.1702,6234984,33455924.57,2845328091.84,2845328091.84,2779
2016-06-23,'000692,惠天热电,5.42,5.49,5.38,5.47,5.47,-0.05,-0.9141,0.864,4603728,25034104.01,2887954729.92,2887954729.92,1853
2016-06-22,'000692,惠天热电,5.47,5.47,5.35,5.35,5.39,0.08,1.4842,0.9735,5187379,28123464.7,2914596378.72,2914596378.72,2361
2016-06-21,'000692,惠天热电,5.39,5.52,5.37,5.45,5.41,-0.02,-0.3697,1.246,6639037,36210228.38,2871969740.64,2871969740.64,2993
2016-06-20,'000692,惠天热电,5.41,5.43,5.32,5.41,5.4,0.01,0.1852,0.9623,5127311,27584354.31,2882626400.16,2882626400.16,2064
2016-06-17,'000692,惠天热电,5.4,5.46,5.31,5.31,5.3,0.1,1.8868,1.2025,6407374,34660912.6,2877298070.4,2877298070.4,2980
2016-06-16,'000692,惠天热电,5.3,5.44,5.29,5.35,5.35,-0.05,-0.9346,1.1372,6059438,32400837.22,2824014772.8,2824014772.8,2349
2016-06-15,'000692,惠天热电,5.35,5.38,5.12,5.16,5.2,0.15,2.8846,1.4237,7585805,40267717.43,2850656421.6,2850656421.6,3567
2016-06-14,'000692,惠天热电,5.2,5.23,5.11,5.15,5.19,0.01,0.1927,1.3307,7090331,36759025.04,2770731475.2,2770731475.2,4029
2016-06-13,'000692,惠天热电,5.19,5.53,5.18,5.53,5.6,-0.41,-7.3214,1.6491,8787170,47339669.73,2765403145.44,2765403145.44,4158
2016-06-08,'000692,惠天热电,5.6,5.65,5.43,5.52,5.53,0.07,1.2658,1.8783,10008037,55280345.74,2983864665.6,2983864665.6,3684
2016-06-07,'000692,惠天热电,5.53,5.57,5.48,5.55,5.55,-0.02,-0.3604,0.9729,5184001,28624572.9,2946566357.28,2946566357.28,2639
2016-06-06,'000692,惠天热电,5.55,5.57,5.49,5.53,5.56,-0.01,-0.1799,1.2167,6482863,35842966.34,2957223016.8,2957223016.8,2212
2016-06-03,'000692,惠天热电,5.56,5.57,5.47,5.53,5.55,0.01,0.1802,1.4001,7460371,41210360.45,2962551346.56,2962551346.56,2783
2016-06-02,'000692,惠天热电,5.55,5.58,5.48,5.48,5.5,0.05,0.9091,1.5074,8032026,44385481.08,2957223016.8,2957223016.8,2837
2016-06-01,'000692,惠天热电,5.5,5.55,5.47,5.5,5.5,0.0,0.0,1.7616,9386344,51684147.21,2930581368.0,2930581368.0,3665
2016-05-31,'000692,惠天热电,5.5,5.58,5.21,5.21,5.23,0.27,5.1625,2.9284,15603301,85079136.09,2930581368.0,2930581368.0,5956
2016-05-30,'000692,惠天热电,5.23,5.31,5.18,5.24,5.28,-0.05,-0.947,0.7264,3870757,20343526.0,2786716464.48,2786716464.48,2284
2016-05-27,'000692,惠天热电,5.28,5.3,5.16,5.21,5.23,0.05,0.956,0.9602,5116213,26816905.98,2813358113.28,2813358113.28,3000
2016-05-26,'000692,惠天热电,5.23,5.28,5.06,5.19,5.22,0.01,0.1916,0.9917,5284117,27234622.52,2786716464.48,2786716464.48,2715
2016-05-25,'000692,惠天热电,5.22,5.31,5.17,5.26,5.24,-0.02,-0.3817,0.8763,4669059,24518412.51,2781388134.72,2781388134.72,2182
2016-05-24,'000692,惠天热电,5.24,5.32,5.16,5.29,5.3,-0.06,-1.1321,1.1853,6315784,33043074.43,2792044794.24,2792044794.24,2872
2016-05-23,'000692,惠天热电,5.3,5.35,5.23,5.28,5.18,0.12,2.3166,1.5531,8275177,43825102.1,2824014772.8,2824014772.8,4016
2016-05-20,'000692,惠天热电,5.18,5.18,5.01,5.02,5.11,0.07,1.3699,1.0096,5379744,27505151.36,2760074815.68,2760074815.68,2652
2016-05-19,'000692,惠天热电,5.11,5.21,5.1,5.1,5.11,0.0,0.0,0.9435,5027255,25896842.05,2722776507.36,2722776507.36,2909
2016-05-18,'000692,惠天热电,5.11,5.26,5.01,5.26,5.29,-0.18,-3.4026,1.4721,7844008,40131690.33,2722776507.36,2722776507.36,4284
2016-05-17,'000692,惠天热电,5.29,5.38,5.23,5.33,5.32,-0.03,-0.5639,1.2976,6914208,36677272.64,2818686443.04,2818686443.04,3147
2016-05-16,'000692,惠天热电,5.32,5.33,5.13,5.17,5.13,0.19,3.7037,1.4379,7661514,40144772.06,2834671432.32,2834671432.32,3356
2016-05-13,'000692,惠天热电,5.13,5.25,5.06,5.15,5.21,-0.08,-1.5355,1.5663,8345909,43240003.06,2733433166.88,2733433166.88,3077
2016-05-12,'000692,惠天热电,5.21,5.24,5.03,5.23,5.3,-0.09,-1.6981,2.7825,14825939,75826984.02,2776059804.96,2776059804.96,4967
2016-05-11,'000692,惠天热电,5.3,5.42,5.26,5.35,5.34,-0.04,-0.7491,1.6435,8757356,46953343.64,2824014772.8,2824014772.8,3133
2016-05-10,'000692,惠天热电,5.34,5.43,5.3,5.36,5.35,-0.01,-0.1869,1.9319,10293683,55125303.11,2845328091.84,2845328091.84,4027
2016-05-09,'000692,惠天热电,5.35,5.63,5.35,5.61,5.72,-0.37,-6.4685,2.0072,10694779,58659577.14,2850656421.6,2850656421.6,6408
2016-05-06,'000692,惠天热电,5.72,6.12,5.7,6.1,6.08,-0.36,-5.9211,2.63,14013261,83040090.26,3047804622.72,3047804622.72,6407
2016-05-05,'000692,惠天热电,6.08,6.15,6.04,6.12,6.12,-0.04,-0.6536,1.7398,9269965,56431908.43,3239624494.08,3239624494.08,3850
2016-05-04,'000692,惠天热电,6.12,6.17,6.02,6.05,6.05,0.07,1.157,2.8027,14933780,91126044.02,3260937813.12,3260937813.12,6394
2016-05-03,'000692,惠天热电,6.05,6.08,5.89,5.98,5.99,0.06,1.0017,3.3697,17954822,108093824.92,3223639504.8,3223639504.8,8931
2016-04-29,'000692,惠天热电,5.99,6.1,5.65,5.67,5.7,0.29,5.0877,5.3304,28402381,167734482.51,3191669526.24,3191669526.24,8481
2016-04-28,'000692,惠天热电,5.7,5.84,5.55,5.8,5.77,-0.07,-1.2132,2.1117,11251697,63718800.81,3037147963.2,3037147963.2,5159
2016-04-27,'000692,惠天热电,5.77,5.85,5.73,5.73,5.74,0.03,0.5226,1.8414,9811815,56821043.54,3074446271.52,3074446271.52,4556
2016-04-26,'000692,惠天热电,5.74,5.74,5.59,5.6,5.6,0.14,2.5,1.5197,8097639,45746781.75,3058461282.24,3058461282.24,3131
2016-04-25,'000692,惠天热电,5.6,5.61,5.43,5.56,5.59,0.01,0.1789,1.8313,9757699,53940498.52,2983864665.6,2983864665.6,3864
2016-04-22,'000692,惠天热电,5.59,5.61,5.39,5.54,5.58,0.01,0.1792,1.9129,10192572,56114100.16,2978536335.84,2978536335.84,3520
2016-04-21,'000692,惠天热电,5.58,5.73,5.56,5.63,5.64,-0.06,-1.0638,1.5907,8475616,48040533.29,2973208006.08,2973208006.08,4386
2016-04-20,'000692,惠天热电,5.64,6.08,5.48,6.01,6.02,-0.38,-6.3123,3.1856,16973915,97681772.38,3005177984.64,3005177984.64,7858
2016-04-19,'000692,惠天热电,6.02,6.08,5.99,6.05,6.04,-0.02,-0.3311,1.9997,10655275,64269424.8,3207654515.52,3207654515.52,3501
2016-04-18,'000692,惠天热电,6.04,6.07,5.91,5.99,5.99,0.05,0.8347,2.2129,11790971,70537253.75,3218311175.04,3218311175.04,5621
2016-04-15,'000692,惠天热电,5.99,5.99,5.92,5.92,5.94,0.05,0.8418,2.0572,10961489,65290730.76,3191669526.24,3191669526.24,4470
2016-04-14,'000692,惠天热电,5.94,5.94,5.8,5.83,5.81,0.13,2.2375,2.2698,12094497,71050430.41,3165027877.44,3165027877.44,4914
2016-04-13,'000692,惠天热电,5.81,5.9,5.78,5.78,5.78,0.03,0.519,2.3031,12271639,72028935.7,3095759590.56,3095759590.56,3938
2016-04-12,'000692,惠天热电,5.78,5.84,5.71,5.82,5.8,-0.02,-0.3448,1.1455,6103861,35215943.0,3079774601.28,3079774601.28,3126
2016-04-11,'000692,惠天热电,5.8,5.87,5.7,5.7,5.65,0.15,2.6549,1.8072,9629338,55789449.87,3090431260.8,3090431260.8,4373
2016-04-08,'000692,惠天热电,5.65,5.69,5.59,5.68,5.7,-0.05,-0.8772,1.1195,5965162,33664818.69,3010506314.4,3010506314.4,2991
2016-04-07,'000692,惠天热电,5.7,5.84,5.7,5.79,5.78,-0.08,-1.3841,1.6833,8969152,51800329.51,3037147963.2,3037147963.2,3442
2016-04-06,'000692,惠天热电,5.78,5.83,5.72,5.73,5.78,0.0,0.0,1.7456,9301170,53740686.44,3079774601.28,3079774601.28,3861
2016-04-05,'000692,惠天热电,5.78,5.82,5.57,5.61,5.58,0.2,3.5842,1.9618,10452997,59751574.91,3079774601.28,3079774601.28,5214
2016-04-01,'000692,惠天热电,5.58,5.66,5.52,5.6,5.66,-0.08,-1.4134,1.5073,8031606,44762764.67,2973208006.08,2973208006.08,3462
2016-03-31,'000692,惠天热电,5.66,5.68,5.55,5.55,5.55,0.11,1.982,2.3285,12406973,69743901.17,3015834644.16,3015834644.16,4726
2016-03-30,'000692,惠天热电,5.55,5.58,5.37,5.37,5.34,0.21,3.9326,1.8362,9783984,53778434.28,2957223016.8,2957223016.8,4741
2016-03-29,'000692,惠天热电,5.34,5.47,5.29,5.45,5.45,-0.11,-2.0183,1.2052,6421906,34380146.81,2845328091.84,2845328091.84,3620
2016-03-28,'000692,惠天热电,5.45,5.53,5.42,5.44,5.43,0.02,0.3683,1.3109,6984772,38323490.13,2903939719.2,2903939719.2,3926
2016-03-25,'000692,惠天热电,5.43,5.48,5.37,5.37,5.4,0.03,0.5556,0.9063,4829309,26170142.36,2893283059.68,2893283059.68,3087
2016-03-24,'000692,惠天热电,5.4,5.51,5.38,5.48,5.5,-0.1,-1.8182,1.409,7507367,40844967.19,2877298070.4,2877298070.4,2567
2016-03-23,'000692,惠天热电,5.5,5.53,5.43,5.45,5.47,0.03,0.5484,1.3061,6959112,38175716.03,2930581368.0,2930581368.0,3863
2016-03-22,'000692,惠天热电,5.47,5.5,5.36,5.41,5.44,0.03,0.5515,1.6749,8924495,48506565.08,2914596378.72,2914596378.72,3303
2016-03-21,'000692,惠天热电,5.44,5.45,5.37,5.37,5.36,0.08,1.4925,2.0853,11111148,60114422.24,2898611389.44,2898611389.44,3741
2016-03-18,'000692,惠天热电,5.36,5.38,5.19,5.2,5.2,0.16,3.0769,1.783,9500341,50422129.2,2855984751.36,2855984751.36,4200
2016-03-17,'000692,惠天热电,5.2,5.22,5.09,5.1,5.06,0.14,2.7668,1.4783,7876978,40756929.16,2770731475.2,2770731475.2,4439
2016-03-16,'000692,惠天热电,5.06,5.22,5.05,5.22,5.12,-0.06,-1.1719,0.9668,5151251,26431384.02,2696134858.56,2696134858.56,2443
2016-03-15,'000692,惠天热电,5.12,5.17,5.06,5.1,5.1,0.02,0.3922,0.9726,5182283,26548869.51,2728104837.12,2728104837.12,2544
2016-03-14,'000692,惠天热电,5.1,5.18,4.96,4.98,4.95,0.15,3.0303,1.2977,6914757,35291678.28,2717448177.6,2717448177.6,4038
2016-03-11,'000692,惠天热电,4.95,4.97,4.85,4.91,4.91,0.04,0.8147,0.7401,3943674,19368429.97,2637523231.2,2637523231.2,1770
2016-03-10,'000692,惠天热电,4.91,5.11,4.89,5.03,5.03,-0.12,-2.3857,0.9566,5096935,25418896.59,2616209912.16,2616209912.16,2389
2016-03-09,'000692,惠天热电,5.03,5.15,4.99,5.08,5.17,-0.14,-2.7079,1.0737,5721176,28952917.03,2680149869.28,2680149869.28,2480
2016-03-08,'000692,惠天热电,5.17,5.17,4.91,5.09,5.12,0.05,0.9766,1.473,7848686,39600338.3,2754746485.92,2754746485.92,3114
2016-03-07,'000692,惠天热电,5.12,5.15,4.97,4.97,4.96,0.16,3.2258,1.8431,9820481,49938288.98,2728104837.12,2728104837.12,3079
2016-03-04,'000692,惠天热电,4.96,5.14,4.85,5.1,5.12,-0.16,-3.125,1.36,7246781,36391567.38,2642851560.96,2642851560.96,3534
2016-03-03,'000692,惠天热电,5.12,5.17,5.04,5.08,5.07,0.05,0.9862,1.5972,8510579,43583869.0,2728104837.12,2728104837.12,3481
2016-03-02,'000692,惠天热电,5.07,5.11,4.78,4.82,4.81,0.26,5.4054,1.716,9143249,45477187.21,2701463188.32,2701463188.32,4053
2016-03-01,'000692,惠天热电,4.81,4.84,4.6,4.77,4.7,0.11,2.3404,1.0012,5334879,25403477.4,2562926614.56,2562926614.56,2236
2016-02-29,'000692,惠天热电,4.7,4.95,4.6,4.95,4.94,-0.24,-4.8583,1.6216,8640291,40835745.22,2504314987.2,2504314987.2,3880
2016-02-26,'000692,惠天热电,4.94,5.02,4.83,4.94,4.91,0.03,0.611,1.2911,6879222,33923220.89,2632194901.44,2632194901.44,4239
2016-02-25,'000692,惠天热电,4.91,5.46,4.91,5.41,5.46,-0.55,-10.0733,2.1167,11278452,58207685.3,2616209912.16,2616209912.16,5632
2016-02-24,'000692,惠天热电,5.46,5.46,5.28,5.34,5.35,0.11,2.0561,1.4884,7930717,42667722.45,2909268048.96,2909268048.96,3082
2016-02-23,'000692,惠天热电,5.35,5.4,5.25,5.37,5.38,-0.03,-0.5576,1.5235,8117877,43335961.45,2850656421.6,2850656421.6,2832
2016-02-22,'000692,惠天热电,5.38,5.39,5.28,5.3,5.26,0.12,2.2814,1.6106,8581951,45881953.72,2866641410.88,2866641410.88,3845
2016-02-19,'000692,惠天热电,5.26,5.29,5.19,5.21,5.22,0.04,0.7663,0.8081,4305568,22535627.89,2802701453.76,2802701453.76,1927
2016-02-18,'000692,惠天热电,5.22,5.34,5.2,5.28,5.27,-0.05,-0.9488,1.301,6932300,36646817.81,2781388134.72,2781388134.72,2961
2016-02-17,'000692,惠天热电,5.27,5.29,5.17,5.21,5.24,0.03,0.5725,1.6455,8767635,45902249.11,2808029783.52,2808029783.52,3110
2016-02-16,'000692,惠天热电,5.24,5.28,5.03,5.03,5.04,0.2,3.9683,1.6432,8755454,45406812.54,2792044794.24,2792044794.24,3758
2016-02-15,'000692,惠天热电,5.04,5.07,4.88,4.91,5.09,-0.05,-0.9823,0.7601,4049964,20113949.45,2685478199.04,2685478199.04,2373
2016-02-05,'000692,惠天热电,5.09,5.19,5.08,5.13,5.13,-0.04,-0.7797,0.9902,5276090,27078913.9,2712119847.84,2712119847.84,2102
2016-02-04,'000692,惠天热电,5.13,5.18,5.04,5.04,5.04,0.09,1.7857,1.3277,7074449,36279646.98,2733433166.88,2733433166.88,2722
2016-02-03,'000692,惠天热电,5.04,5.07,4.88,4.91,4.99,0.05,1.002,1.0438,5561607,27632072.13,2685478199.04,2685478199.04,2335
2016-02-02,'000692,惠天热电,4.99,5.07,4.87,4.87,4.88,0.11,2.2541,1.4213,7573173,37727866.55,2658836550.24,2658836550.24,3059
2016-02-01,'000692,惠天热电,4.88,4.99,4.79,4.82,4.82,0.06,1.2448,1.5104,8047996,39218678.92,2600224922.88,2600224922.88,3662
2016-01-29,'000692,惠天热电,4.82,4.85,4.63,4.63,4.63,0.19,4.1037,1.2003,6395335,30393776.05,2568254944.32,2568254944.32,2988
2016-01-28,'000692,惠天热电,4.63,4.9,4.58,4.82,4.87,-0.24,-4.9281,1.2401,6607604,31483002.35,2467016678.88,2467016678.88,2924
2016-01-27,'000692,惠天热电,4.87,5.06,4.56,4.98,4.98,-0.11,-2.2088,2.0981,11179599,53414449.08,2594896593.12,2594896593.12,4683
2016-01-26,'000692,惠天热电,4.98,5.52,4.98,5.44,5.53,-0.55,-9.9458,2.3661,12607300,65680559.5,2653508220.48,2653508220.48,5723
2016-01-25,'000692,惠天热电,5.53,5.66,5.48,5.65,5.55,-0.02,-0.3604,2.0608,10980381,61037999.29,2946566357.28,2946566357.28,4268
2016-01-22,'000692,惠天热电,5.55,5.67,5.4,5.62,5.59,-0.04,-0.7156,2.1982,11712829,64781050.91,2957223016.8,2957223016.8,5352
2016-01-21,'000692,惠天热电,5.59,5.88,5.59,5.88,6.02,-0.43,-7.1429,4.5993,24506731,140661213.1,2978536335.84,2978536335.84,9844
2016-01-20,'000692,惠天热电,6.02,6.16,5.6,5.62,5.6,0.42,7.5,7.1081,37874129,229896835.54,3207654515.52,3207654515.52,12318
2016-01-19,'000692,惠天热电,5.6,5.65,5.36,5.4,5.4,0.2,3.7037,1.1727,6248471,34449557.65,2983864665.6,2983864665.6,2971
2016-01-18,'000692,惠天热电,5.4,5.48,5.25,5.25,5.33,0.07,1.3133,1.2065,6428532,34514096.63,2877298070.4,2877298070.4,2807
2016-01-15,'000692,惠天热电,5.33,5.63,5.27,5.59,5.64,-0.31,-5.4965,1.025,5461700,29865232.0,2839999762.08,2839999762.08,2745
2016-01-14,'000692,惠天热电,5.64,5.65,5.21,5.37,5.48,0.16,2.9197,1.0143,5404743,29607139.16,3005177984.64,3005177984.64,2816
2016-01-13,'000692,惠天热电,5.48,5.75,5.43,5.68,5.64,-0.16,-2.8369,0.8514,4536785,25523539.1,2919924708.48,2919924708.48,2449
2016-01-12,'000692,惠天热电,5.64,5.7,5.5,5.65,5.57,0.07,1.2567,1.0359,5519514,31016554.21,3005177984.64,3005177984.64,2871
2016-01-11,'000692,惠天热电,5.57,6.07,5.5,6.0,6.06,-0.49,-8.0858,1.9736,10516106,61380494.69,2967879676.32,2967879676.32,5277
2016-01-08,'000692,惠天热电,6.06,6.18,5.73,6.05,5.89,0.17,2.8862,2.3057,12285594,74301150.65,3228967834.56,3228967834.56,5308
2016-01-07,'000692,惠天热电,5.89,6.45,5.88,6.45,6.53,-0.64,-9.8009,0.417,2221999,13587995.12,3138386228.64,3138386228.64,1203
2016-01-06,'000692,惠天热电,6.53,6.53,6.32,6.37,6.39,0.14,2.1909,1.9199,10229910,65828487.22,3479399333.28,3479399333.28,3956
2016-01-05,'000692,惠天热电,6.39,6.42,5.95,6.0,6.27,0.12,1.9139,2.7089,14433958,90327578.49,3404802716.64,3404802716.64,6989
2016-01-04,'000692,惠天热电,6.27,6.98,6.26,6.91,6.95,-0.68,-9.7842,1.8508,9861650,65751103.37,3340862759.52,3340862759.52,4743
