日期,股票代码,名称,收盘价,最高价,最低价,开盘价,前收盘,涨跌额,涨跌幅,换手率,成交量,成交金额,总市值,流通市值,成交笔数
2016-10-12,'002344,海宁皮城,10.58,10.64,10.5,10.59,10.62,-0.04,-0.3766,0.8581,9610440,101537579.25,11849600000.0,11849600000.0,4030
2016-10-11,'002344,海宁皮城,10.62,10.68,10.39,10.45,10.44,0.18,1.7241,1.6418,18388497,194680807.39,11894400000.0,11894400000.0,7723
2016-10-10,'002344,海宁皮城,10.44,10.44,10.2,10.29,10.19,0.25,2.4534,1.0011,11211993,116042219.42,11692800000.0,11692800000.0,5670
2016-09-30,'002344,海宁皮城,10.19,10.22,10.15,10.16,10.18,0.01,0.0982,0.3992,4471126,45557089.8,11412800000.0,11412800000.0,1803
2016-09-29,'002344,海宁皮城,10.18,10.25,10.12,10.17,10.16,0.02,0.1969,0.5865,6568505,66861667.38,11401600000.0,11401600000.0,2421
2016-09-28,'002344,海宁皮城,10.16,10.22,10.09,10.17,10.14,0.02,0.1972,0.532,5958687,60502062.97,11379200000.0,11379200000.0,2928
2016-09-27,'002344,海宁皮城,10.14,10.15,9.95,10.03,10.03,0.11,1.0967,0.7913,8862067,88890008.08,11356800000.0,11356800000.0,4763
2016-09-26,'002344,海宁皮城,10.03,10.36,10.02,10.36,10.33,-0.3,-2.9042,1.0587,11857428,120567226.21,11233600000.0,11233600000.0,5467
2016-09-23,'002344,海宁皮城,10.33,10.52,10.32,10.49,10.47,-0.14,-1.3372,0.9492,10631051,110343446.86,11569600000.0,11569600000.0,4550
2016-09-22,'002344,海宁皮城,10.47,10.52,10.28,10.34,10.28,0.19,1.8482,1.2912,14461226,150493250.82,11726400000.0,11726400000.0,6440
2016-09-21,'002344,海宁皮城,10.28,10.3,10.16,10.27,10.27,0.01,0.0974,0.7624,8538919,87341709.65,11513600000.0,11513600000.0,4151
2016-09-20,'002344,海宁皮城,10.27,10.33,10.22,10.3,10.26,0.01,0.0975,0.5701,6385479,65487575.07,11502400000.0,11502400000.0,2642
2016-09-19,'002344,海宁皮城,10.26,10.27,10.15,10.15,10.14,0.12,1.1834,0.6639,7435561,75961847.2,11491200000.0,11491200000.0,2952
2016-09-14,'002344,海宁皮城,10.14,10.28,10.12,10.17,10.27,-0.13,-1.2658,0.8765,9816464,99896131.31,11356800000.0,11356800000.0,3967
2016-09-13,'002344,海宁皮城,10.27,10.3,10.1,10.24,10.15,0.12,1.1823,1.0341,11581443,118210543.48,11502400000.0,11502400000.0,4246
2016-09-12,'002344,海宁皮城,10.15,10.39,10.14,10.33,10.56,-0.41,-3.8826,1.3098,14669881,150720710.59,11368000000.0,11368000000.0,7094
2016-09-09,'002344,海宁皮城,10.56,10.76,10.55,10.71,10.77,-0.21,-1.9499,1.0541,11805812,125628624.88,11827200000.0,11827200000.0,6272
2016-09-08,'002344,海宁皮城,10.77,10.86,10.61,10.62,10.67,0.1,0.9372,1.9336,21656278,232602784.6,12062400000.0,12062400000.0,11035
2016-09-07,'002344,海宁皮城,10.67,10.76,10.4,10.48,10.47,0.2,1.9102,2.0561,23027985,244279843.45,11950400000.0,11950400000.0,10540
2016-09-06,'002344,海宁皮城,10.47,10.47,10.23,10.36,10.38,0.09,0.8671,1.0604,11876699,122896234.7,11726400000.0,11726400000.0,5882
2016-09-05,'002344,海宁皮城,10.38,10.55,10.34,10.52,10.5,-0.12,-1.1429,1.0106,11318830,117993386.09,11625600000.0,11625600000.0,5165
2016-09-02,'002344,海宁皮城,10.5,10.74,10.38,10.57,10.54,-0.04,-0.3795,1.5989,17908054,188610168.11,11760000000.0,11760000000.0,9067
2016-09-01,'002344,海宁皮城,10.54,10.77,10.33,10.41,10.44,0.1,0.9579,2.4309,27226239,288241141.4,11804800000.0,11804800000.0,12126
2016-08-31,'002344,海宁皮城,10.44,10.45,10.21,10.23,10.24,0.2,1.9531,1.3315,14913235,154637708.1,11692800000.0,11692800000.0,6746
2016-08-30,'002344,海宁皮城,10.24,10.34,10.19,10.3,10.31,-0.07,-0.679,0.6471,7247930,74456452.98,11468800000.0,11468800000.0,3784
2016-08-29,'002344,海宁皮城,10.31,10.31,10.11,10.12,10.14,0.17,1.6765,0.7306,8182213,83570273.04,11547200000.0,11547200000.0,3429
2016-08-26,'002344,海宁皮城,10.14,10.25,10.1,10.1,10.1,0.04,0.396,0.5713,6398955,65125249.67,11356800000.0,11356800000.0,3296
2016-08-25,'002344,海宁皮城,10.1,10.14,10.01,10.12,10.16,-0.06,-0.5906,0.6501,7280608,73343317.86,11312000000.0,11312000000.0,4204
2016-08-24,'002344,海宁皮城,10.16,10.26,10.15,10.23,10.23,-0.07,-0.6843,0.6558,7344578,74876642.52,11379200000.0,11379200000.0,3670
2016-08-23,'002344,海宁皮城,10.23,10.34,10.15,10.18,10.15,0.08,0.7882,0.8661,9700338,99424891.33,11457600000.0,11457600000.0,4235
2016-08-22,'002344,海宁皮城,10.18,10.51,10.18,10.38,10.35,-0.17,-1.6425,1.2502,14001759,144931701.84,11401600000.0,11401600000.0,5639
2016-08-19,'002344,海宁皮城,10.35,10.44,10.26,10.42,10.43,-0.08,-0.767,0.908,10169279,105141689.38,11592000000.0,11592000000.0,4338
2016-08-18,'002344,海宁皮城,10.43,10.57,10.32,10.32,10.36,0.07,0.6757,1.5017,16818586,175632365.12,11681600000.0,11681600000.0,6821
2016-08-17,'002344,海宁皮城,10.36,10.48,10.22,10.24,10.28,0.08,0.7782,1.1313,12670500,130844509.79,11603200000.0,11603200000.0,5776
2016-08-16,'002344,海宁皮城,10.28,10.43,10.23,10.3,10.31,-0.03,-0.291,1.566,17539143,181448469.4,11513600000.0,11513600000.0,7140
2016-08-15,'002344,海宁皮城,10.31,10.33,10.07,10.09,10.08,0.23,2.2817,2.2121,24775022,253131273.74,11547200000.0,11547200000.0,9165
2016-08-12,'002344,海宁皮城,10.08,10.15,9.85,9.87,9.84,0.24,2.439,0.8786,9840839,98245375.55,11289600000.0,11289600000.0,5587
2016-08-11,'002344,海宁皮城,9.84,10.09,9.84,10.05,10.08,-0.24,-2.381,0.9234,10342087,103018137.41,11020800000.0,11020800000.0,5932
2016-08-10,'002344,海宁皮城,10.08,10.39,10.08,10.14,10.1,-0.02,-0.198,1.725,19320347,197366275.36,11289600000.0,11289600000.0,10857
2016-08-09,'002344,海宁皮城,10.1,10.1,9.95,9.99,10.07,0.03,0.2979,1.0725,12012419,120462024.64,11312000000.0,11312000000.0,7208
2016-08-08,'002344,海宁皮城,10.07,10.16,9.92,9.98,9.71,0.36,3.7075,1.9777,22150677,222641750.93,11278400000.0,11278400000.0,12042
2016-08-05,'002344,海宁皮城,9.71,9.8,9.6,9.62,9.63,0.08,0.8307,0.6249,6999371,67891419.09,10875200000.0,10875200000.0,3618
2016-08-04,'002344,海宁皮城,9.63,9.65,9.5,9.56,9.58,0.05,0.5219,0.4304,4820296,46152219.67,10785600000.0,10785600000.0,2898
2016-08-03,'002344,海宁皮城,9.58,9.63,9.53,9.59,9.6,-0.02,-0.2083,0.3732,4179909,40115448.87,10729600000.0,10729600000.0,2347
2016-08-02,'002344,海宁皮城,9.6,9.62,9.52,9.52,9.53,0.07,0.7345,0.3398,3805207,36433474.78,10752000000.0,10752000000.0,2382
2016-08-01,'002344,海宁皮城,9.53,9.64,9.42,9.58,9.62,-0.09,-0.9356,0.5666,6345620,60391724.44,10673600000.0,10673600000.0,4187
2016-07-29,'002344,海宁皮城,9.62,9.82,9.62,9.78,9.8,-0.18,-1.8367,0.5829,6528075,63293193.53,10774400000.0,10774400000.0,3511
2016-07-28,'002344,海宁皮城,9.8,9.82,9.64,9.7,9.72,0.08,0.823,0.7178,8039687,78305969.45,10976000000.0,10976000000.0,3969
2016-07-27,'002344,海宁皮城,9.72,10.14,9.64,10.12,10.11,-0.39,-3.8576,1.1592,12982490,128299120.03,10886400000.0,10886400000.0,6826
2016-07-26,'002344,海宁皮城,10.11,10.12,9.93,9.93,9.95,0.16,1.608,0.6436,7208628,72523845.26,11323200000.0,11323200000.0,3338
2016-07-25,'002344,海宁皮城,9.95,10.07,9.89,9.9,9.94,0.01,0.1006,0.5246,5875524,58598388.85,11144000000.0,11144000000.0,3052
2016-07-22,'002344,海宁皮城,9.94,10.11,9.94,10.1,10.12,-0.18,-1.7787,0.871,9755517,97629035.64,11132800000.0,11132800000.0,4621
2016-07-21,'002344,海宁皮城,10.12,10.2,10.1,10.14,10.11,0.01,0.0989,0.5345,5986404,60774105.18,11334400000.0,11334400000.0,3758
2016-07-20,'002344,海宁皮城,10.11,10.21,10.1,10.17,10.2,-0.09,-0.8824,0.5267,5899180,59848010.44,11323200000.0,11323200000.0,2769
2016-07-19,'002344,海宁皮城,10.2,10.2,10.06,10.11,10.11,0.09,0.8902,0.596,6675220,67674385.5,11424000000.0,11424000000.0,3454
2016-07-18,'002344,海宁皮城,10.11,10.22,10.09,10.15,10.25,-0.14,-1.3659,0.5931,6642289,67373374.74,11323200000.0,11323200000.0,3451
2016-07-15,'002344,海宁皮城,10.25,10.31,10.09,10.14,10.14,0.11,1.0848,1.1294,12649673,129217729.12,11480000000.0,11480000000.0,5417
2016-07-14,'002344,海宁皮城,10.14,10.21,10.07,10.15,10.15,-0.01,-0.0985,0.6161,6899842,69848750.9,11356800000.0,11356800000.0,3460
2016-07-13,'002344,海宁皮城,10.15,10.19,10.07,10.12,10.11,0.04,0.3956,1.0255,11486130,116432282.31,11368000000.0,11368000000.0,5202
2016-07-12,'002344,海宁皮城,10.11,10.11,9.82,9.88,9.86,0.25,2.5355,1.1017,12339210,122953777.47,11323200000.0,11323200000.0,5724
2016-07-11,'002344,海宁皮城,9.86,10.03,9.85,9.87,9.86,0.0,0.0,0.8398,9405645,93532436.41,11043200000.0,11043200000.0,4159
2016-07-08,'002344,海宁皮城,9.86,9.94,9.84,9.94,9.94,-0.08,-0.8048,0.8338,9338171,92205290.73,11043200000.0,11043200000.0,3440
2016-07-07,'002344,海宁皮城,9.94,10.03,9.82,9.98,9.98,-0.04,-0.4008,0.8993,10071802,99830847.33,11132800000.0,11132800000.0,4196
2016-07-06,'002344,海宁皮城,9.98,10.02,9.93,10.0,10.04,-0.06,-0.5976,0.7447,8340696,83122074.89,11177600000.0,11177600000.0,3882
2016-07-05,'002344,海宁皮城,10.04,10.1,9.92,9.98,9.99,0.05,0.5005,0.8622,9656399,96593430.43,11244800000.0,11244800000.0,5353
2016-07-04,'002344,海宁皮城,9.99,10.02,9.65,9.66,9.69,0.3,3.096,1.2686,14207950,140758517.93,11188800000.0,11188800000.0,6412
2016-07-01,'002344,海宁皮城,9.69,9.8,9.67,9.77,9.75,-0.06,-0.6154,0.5348,5989960,58265402.6,10852800000.0,10852800000.0,3004
2016-06-30,'002344,海宁皮城,9.75,9.83,9.71,9.81,9.79,-0.04,-0.4086,0.5988,6707020,65425306.38,10920000000.0,10920000000.0,3650
2016-06-29,'002344,海宁皮城,9.79,9.92,9.65,9.7,9.65,0.14,1.4508,1.5636,17512596,171535309.86,10964800000.0,10964800000.0,7455
2016-06-28,'002344,海宁皮城,9.65,9.65,9.45,9.48,9.56,0.09,0.9414,0.6796,7611675,72809604.84,10808000000.0,10808000000.0,4231
2016-06-27,'002344,海宁皮城,9.56,9.57,9.3,9.3,9.37,0.19,2.0277,0.559,6260556,59235464.95,10707200000.0,10707200000.0,3474
2016-06-24,'002344,海宁皮城,9.37,9.62,9.15,9.58,9.55,-0.18,-1.8848,0.7105,7957621,74840246.23,10494400000.0,10494400000.0,4918
2016-06-23,'002344,海宁皮城,9.55,9.69,9.47,9.69,9.65,-0.1,-1.0363,0.5052,5658681,54124076.84,10696000000.0,10696000000.0,2918
2016-06-22,'002344,海宁皮城,9.65,9.67,9.45,9.53,9.49,0.16,1.686,0.6618,7412200,71128888.2,10808000000.0,10808000000.0,3798
2016-06-21,'002344,海宁皮城,9.49,9.67,9.43,9.49,9.44,0.05,0.5297,0.9473,10610109,101557482.21,10628800000.0,10628800000.0,4823
2016-06-20,'002344,海宁皮城,9.44,9.47,9.31,9.44,9.44,0.0,0.0,0.4434,4965795,46688084.62,10572800000.0,10572800000.0,2556
2016-06-17,'002344,海宁皮城,9.44,9.56,9.41,9.45,9.43,0.01,0.106,0.5081,5690220,53999354.73,10572800000.0,10572800000.0,3262
2016-06-16,'002344,海宁皮城,9.43,9.51,9.39,9.48,9.49,-0.06,-0.6322,0.4373,4897478,46309433.03,10561600000.0,10561600000.0,2878
2016-06-15,'002344,海宁皮城,9.49,9.6,9.11,9.15,9.26,0.23,2.4838,0.9116,10209779,96463287.1,10628800000.0,10628800000.0,5090
2016-06-14,'002344,海宁皮城,9.26,9.27,9.15,9.22,9.23,0.03,0.325,0.6039,6764053,62288607.27,10371200000.0,10371200000.0,3702
2016-06-13,'002344,海宁皮城,9.23,9.54,9.23,9.5,9.6,-0.37,-3.8542,0.796,8914686,83881794.48,10337600000.0,10337600000.0,5106
2016-06-08,'002344,海宁皮城,9.6,9.66,9.53,9.66,9.66,-0.06,-0.6211,0.5509,6169821,59220474.03,10752000000.0,10752000000.0,2875
2016-06-07,'002344,海宁皮城,9.66,9.68,9.55,9.65,9.67,-0.01,-0.1034,0.5647,6324129,60863420.83,10819200000.0,10819200000.0,3321
2016-06-06,'002344,海宁皮城,9.67,9.8,9.6,9.75,9.7,-0.03,-0.3093,0.7579,8488624,82199411.8,10830400000.0,10830400000.0,3547
2016-06-03,'002344,海宁皮城,9.7,9.77,9.62,9.77,9.66,0.04,0.4141,1.0352,11594796,112322311.75,10864000000.0,10864000000.0,4715
2016-06-02,'002344,海宁皮城,9.66,9.66,9.54,9.6,9.61,0.05,0.5203,0.762,8534631,82006782.92,10819200000.0,10819200000.0,3726
2016-06-01,'002344,海宁皮城,9.61,9.68,9.59,9.64,9.62,-0.01,-0.104,0.6879,7704046,74177836.63,10763200000.0,10763200000.0,4467
2016-05-31,'002344,海宁皮城,9.62,9.64,9.26,9.28,9.25,0.37,4.0,1.1137,12473192,118667557.4,10774400000.0,10774400000.0,6330
2016-05-30,'002344,海宁皮城,9.25,9.31,9.16,9.28,9.3,-0.05,-0.5376,0.3515,3936493,36416518.65,10360000000.0,10360000000.0,2474
2016-05-27,'002344,海宁皮城,9.3,9.36,9.25,9.32,9.33,-0.03,-0.3215,0.3959,4433975,41270190.98,10416000000.0,10416000000.0,2550
2016-05-26,'002344,海宁皮城,9.33,9.38,9.13,9.33,9.33,0.0,0.0,0.5617,6290820,58137723.93,10449600000.0,10449600000.0,4067
2016-05-25,'002344,海宁皮城,9.33,9.5,9.31,9.4,9.33,0.0,0.0,0.5123,5737580,53954036.95,10449600000.0,10449600000.0,3128
2016-05-24,'002344,海宁皮城,9.33,9.54,9.28,9.5,9.49,-0.16,-1.686,0.6153,6891113,64461346.76,10449600000.0,10449600000.0,3727
2016-05-23,'002344,海宁皮城,9.49,9.59,9.43,9.43,9.44,0.05,0.5297,0.6323,7081300,67321948.83,10628800000.0,10628800000.0,3365
2016-05-20,'002344,海宁皮城,9.44,9.46,9.29,9.4,9.44,0.0,0.0,0.8211,9196137,86151822.74,10572800000.0,10572800000.0,4434
2016-05-19,'002344,海宁皮城,9.44,9.61,9.42,9.46,9.48,-0.04,-0.4219,0.5383,6029157,57368954.39,10572800000.0,10572800000.0,3480
2016-05-18,'002344,海宁皮城,9.48,9.67,9.4,9.59,9.59,-0.11,-1.147,0.7923,8873476,84547144.11,10617600000.0,10617600000.0,4820
2016-05-17,'002344,海宁皮城,9.59,9.71,9.55,9.66,9.63,-0.04,-0.4154,0.5795,6490861,62509306.44,10740800000.0,10740800000.0,3282
2016-05-16,'002344,海宁皮城,9.63,9.64,9.46,9.5,9.55,0.08,0.8377,0.5545,6210574,59417537.8,10785600000.0,10785600000.0,3116
2016-05-13,'002344,海宁皮城,9.55,9.68,9.48,9.59,9.6,-0.05,-0.5208,0.3881,4346647,41629572.66,10696000000.0,10696000000.0,2802
2016-05-12,'002344,海宁皮城,9.6,9.64,9.38,9.54,9.63,-0.03,-0.3115,0.5447,6100723,58030937.07,10752000000.0,10752000000.0,3564
2016-05-11,'002344,海宁皮城,9.63,9.72,9.57,9.65,9.6,0.03,0.3125,0.5462,6117190,59081028.07,10785600000.0,10785600000.0,3464
2016-05-10,'002344,海宁皮城,9.6,9.66,9.53,9.55,9.55,0.05,0.5236,0.5304,5940775,56939675.83,10752000000.0,10752000000.0,2907
2016-05-09,'002344,海宁皮城,9.55,9.77,9.48,9.74,9.82,-0.27,-2.7495,1.1003,12322941,118388993.61,10696000000.0,10696000000.0,6101
2016-05-06,'002344,海宁皮城,9.82,10.39,9.81,10.38,10.35,-0.53,-5.1208,1.3005,14565098,146708720.95,10998400000.0,10998400000.0,8757
2016-05-05,'002344,海宁皮城,10.35,10.36,10.18,10.25,10.23,0.12,1.173,0.973,10897392,112223649.57,11592000000.0,11592000000.0,5453
2016-05-04,'002344,海宁皮城,10.23,10.32,10.18,10.22,10.36,-0.13,-1.2548,1.162,13014862,133389898.05,11457600000.0,11457600000.0,6823
2016-05-03,'002344,海宁皮城,10.36,10.39,9.98,10.2,10.15,0.21,2.069,2.0241,22669973,231343881.97,11603200000.0,11603200000.0,11879
2016-04-29,'002344,海宁皮城,10.15,10.19,9.69,9.76,9.78,0.37,3.7832,1.4332,16052255,159111806.64,11368000000.0,11368000000.0,7189
2016-04-28,'002344,海宁皮城,9.78,9.95,9.62,9.83,9.83,-0.05,-0.5086,0.8636,9672077,94508955.44,10953600000.0,10953600000.0,5179
2016-04-27,'002344,海宁皮城,9.83,9.93,9.82,9.92,9.9,-0.07,-0.7071,0.711,7963219,78658696.78,11009600000.0,11009600000.0,4081
2016-04-26,'002344,海宁皮城,9.9,9.9,9.7,9.72,9.72,0.18,1.8519,0.8171,9151952,89917658.52,11088000000.0,11088000000.0,5351
2016-04-25,'002344,海宁皮城,9.72,9.85,9.53,9.78,9.81,-0.09,-0.9174,0.8949,10022505,97035295.6,10886400000.0,10886400000.0,5336
2016-04-22,'002344,海宁皮城,9.81,9.82,9.64,9.69,9.76,0.05,0.5123,0.7128,7983032,77863153.77,10987200000.0,10987200000.0,4793
2016-04-21,'002344,海宁皮城,9.76,10.03,9.74,9.95,9.96,-0.2,-2.008,1.116,12499176,124083578.29,10931200000.0,10931200000.0,6513
2016-04-20,'002344,海宁皮城,9.96,10.71,9.8,10.6,10.63,-0.67,-6.3029,2.1375,23940471,243791632.58,11155200000.0,11155200000.0,13633
2016-04-19,'002344,海宁皮城,10.63,10.72,10.56,10.66,10.62,0.01,0.0942,0.8134,9109712,96799545.84,11905600000.0,11905600000.0,4452
2016-04-18,'002344,海宁皮城,10.62,10.7,10.52,10.67,10.82,-0.2,-1.8484,1.1721,13127390,139236778.26,11894400000.0,11894400000.0,6177
2016-04-15,'002344,海宁皮城,10.82,10.97,10.75,10.97,10.96,-0.14,-1.2774,1.2725,14251489,154495555.33,12118400000.0,12118400000.0,6679
2016-04-14,'002344,海宁皮城,10.96,10.97,10.81,10.95,10.88,0.08,0.7353,1.2751,14281046,155637517.37,12275200000.0,12275200000.0,6987
2016-04-13,'002344,海宁皮城,10.88,11.08,10.76,10.81,10.75,0.13,1.2093,2.417,27070394,296428468.89,12185600000.0,12185600000.0,13246
2016-04-12,'002344,海宁皮城,10.75,10.84,10.55,10.76,10.85,-0.1,-0.9217,1.5374,17218723,183811844.09,12040000000.0,12040000000.0,8524
2016-04-11,'002344,海宁皮城,10.85,10.85,10.44,10.44,10.37,0.48,4.6287,2.5245,28274785,302722841.01,12152000000.0,12152000000.0,13411
2016-04-08,'002344,海宁皮城,10.37,10.47,10.21,10.4,10.49,-0.12,-1.1439,1.4884,16669529,172100835.05,11614400000.0,11614400000.0,8143
2016-04-07,'002344,海宁皮城,10.49,10.74,10.42,10.7,10.66,-0.17,-1.5947,1.7097,19148148,202396035.75,11748800000.0,11748800000.0,9508
2016-04-06,'002344,海宁皮城,10.66,10.76,10.5,10.65,10.71,-0.05,-0.4669,1.6971,19007695,202192266.2,11939200000.0,11939200000.0,10068
2016-04-05,'002344,海宁皮城,10.71,10.75,10.23,10.27,10.27,0.44,4.2843,2.2139,24795745,260915749.26,11995200000.0,11995200000.0,11451
2016-04-01,'002344,海宁皮城,10.27,10.4,10.08,10.39,10.43,-0.16,-1.534,1.7281,19355032,197810824.12,11502400000.0,11502400000.0,9202
2016-03-31,'002344,海宁皮城,10.43,10.64,10.37,10.38,10.36,0.07,0.6757,2.2973,25729805,270281517.77,11681600000.0,11681600000.0,11062
2016-03-30,'002344,海宁皮城,10.36,10.37,10.04,10.08,10.0,0.36,3.6,1.3487,15105728,153930430.76,11603200000.0,11603200000.0,8034
2016-03-29,'002344,海宁皮城,10.0,10.23,9.9,10.19,10.2,-0.2,-1.9608,1.1493,12871851,129332843.96,11200000000.0,11200000000.0,8461
2016-03-28,'002344,海宁皮城,10.2,10.55,10.16,10.38,10.36,-0.16,-1.5444,1.1319,12676889,131852551.97,11424000000.0,11424000000.0,8222
2016-03-25,'002344,海宁皮城,10.36,10.36,10.17,10.18,10.26,0.1,0.9747,0.7974,8931290,91902608.48,11603200000.0,11603200000.0,5479
2016-03-24,'002344,海宁皮城,10.26,10.48,10.26,10.45,10.58,-0.32,-3.0246,1.3551,15177358,157396309.48,11491200000.0,11491200000.0,7720
2016-03-23,'002344,海宁皮城,10.58,10.66,10.33,10.36,10.35,0.23,2.2222,1.7239,19307822,202239336.43,11849600000.0,11849600000.0,8289
2016-03-22,'002344,海宁皮城,10.35,10.46,10.28,10.46,10.49,-0.14,-1.3346,1.5142,16959053,175971192.73,11592000000.0,11592000000.0,8049
2016-03-21,'002344,海宁皮城,10.49,10.56,10.29,10.39,10.28,0.21,2.0428,2.022,22646929,235654786.93,11748800000.0,11748800000.0,10694
2016-03-18,'002344,海宁皮城,10.28,10.28,9.86,9.9,9.86,0.42,4.2596,1.8674,20915391,211371281.85,11513600000.0,11513600000.0,11192
2016-03-17,'002344,海宁皮城,9.86,9.94,9.51,9.51,9.47,0.39,4.1183,1.4289,16003724,156463348.18,11043200000.0,11043200000.0,8649
2016-03-16,'002344,海宁皮城,9.47,9.68,9.42,9.63,9.59,-0.12,-1.2513,0.6902,7730488,73805476.67,10606400000.0,10606400000.0,4725
2016-03-15,'002344,海宁皮城,9.59,9.74,9.48,9.6,9.66,-0.07,-0.7246,0.9137,10233113,98273476.83,10740800000.0,10740800000.0,5576
2016-03-14,'002344,海宁皮城,9.66,9.79,9.45,9.49,9.35,0.31,3.3155,1.1195,12537867,121275159.4,10819200000.0,10819200000.0,7383
2016-03-11,'002344,海宁皮城,9.35,9.42,9.21,9.29,9.37,-0.02,-0.2134,0.6115,6848731,63742769.66,10472000000.0,10472000000.0,4463
2016-03-10,'002344,海宁皮城,9.37,9.64,9.34,9.54,9.52,-0.15,-1.5756,0.7652,8570297,81373089.01,10494400000.0,10494400000.0,5065
2016-03-09,'002344,海宁皮城,9.52,9.71,9.42,9.6,9.81,-0.29,-2.9562,1.0245,11474642,109710298.66,10662400000.0,10662400000.0,6275
2016-03-08,'002344,海宁皮城,9.81,9.85,9.26,9.68,9.73,0.08,0.8222,1.3724,15370668,146236115.06,10987200000.0,10987200000.0,9560
2016-03-07,'002344,海宁皮城,9.73,9.83,9.5,9.5,9.44,0.29,3.072,1.0638,11914867,115575233.98,10897600000.0,10897600000.0,7031
2016-03-04,'002344,海宁皮城,9.44,9.86,9.3,9.74,9.82,-0.38,-3.8697,1.1561,12948426,124232904.8,10572800000.0,10572800000.0,7870
2016-03-03,'002344,海宁皮城,9.82,10.09,9.75,9.81,9.82,0.0,0.0,1.5769,17661486,174675808.36,10998400000.0,10998400000.0,8851
2016-03-02,'002344,海宁皮城,9.82,9.87,9.22,9.27,9.27,0.55,5.9331,1.891,21179012,202254169.75,10998400000.0,10998400000.0,9166
2016-03-01,'002344,海宁皮城,9.27,9.38,8.94,9.17,9.1,0.17,1.8681,1.3021,14584001,133829510.3,10382400000.0,10382400000.0,8068
2016-02-29,'002344,海宁皮城,9.1,9.88,9.02,9.88,9.91,-0.81,-8.1736,1.2183,13645101,126800339.24,10192000000.0,10192000000.0,7998
2016-02-26,'002344,海宁皮城,9.91,10.02,9.61,9.95,9.87,0.04,0.4053,1.3916,15585398,154760540.39,11099200000.0,11099200000.0,7407
2016-02-25,'002344,海宁皮城,9.87,10.93,9.87,10.93,10.97,-1.1,-10.0273,1.9623,21977619,227628928.84,11054400000.0,11054400000.0,12330
2016-02-24,'002344,海宁皮城,10.97,10.98,10.64,10.77,10.86,0.11,1.0129,1.5074,16883422,182626587.82,12286400000.0,12286400000.0,7733
2016-02-23,'002344,海宁皮城,10.86,11.1,10.6,10.97,10.98,-0.12,-1.0929,1.6197,18140895,196900068.66,12163200000.0,12163200000.0,8830
2016-02-22,'002344,海宁皮城,10.98,11.03,10.78,10.84,10.68,0.3,2.809,1.5794,17689472,193206090.58,12297600000.0,12297600000.0,7765
2016-02-19,'002344,海宁皮城,10.68,10.75,10.6,10.7,10.75,-0.07,-0.6512,0.8553,9579301,102292667.0,11961600000.0,11961600000.0,5136
2016-02-18,'002344,海宁皮城,10.75,10.94,10.71,10.89,10.81,-0.06,-0.555,1.4007,15687324,169596772.92,12040000000.0,12040000000.0,8412
2016-02-17,'002344,海宁皮城,10.81,10.85,10.52,10.6,10.59,0.22,2.0774,1.737,19454655,208054682.9,12107200000.0,12107200000.0,9055
2016-02-16,'002344,海宁皮城,10.59,10.6,10.08,10.1,10.04,0.55,5.4781,1.6244,18192895,189591678.45,11860800000.0,11860800000.0,8582
2016-02-15,'002344,海宁皮城,10.04,10.12,9.73,9.8,10.13,-0.09,-0.8885,0.8495,9514771,94510313.64,11244800000.0,11244800000.0,5279
2016-02-05,'002344,海宁皮城,10.13,10.39,10.12,10.31,10.28,-0.15,-1.4591,0.9901,11089006,113272585.44,11345600000.0,11345600000.0,5566
2016-02-04,'002344,海宁皮城,10.28,10.41,10.12,10.12,10.11,0.17,1.6815,1.1886,13312632,136801529.61,11513600000.0,11513600000.0,7603
2016-02-03,'002344,海宁皮城,10.11,10.15,9.75,10.0,10.08,0.03,0.2976,1.1327,12686403,125911974.03,11323200000.0,11323200000.0,7474
2016-02-02,'002344,海宁皮城,10.08,10.2,9.78,9.81,9.79,0.29,2.9622,1.2498,13997299,140926298.76,11289600000.0,11289600000.0,7370
2016-02-01,'002344,海宁皮城,9.79,10.11,9.55,10.02,10.23,-0.44,-4.3011,1.4923,16713356,165175237.55,10964800000.0,10964800000.0,9493
2016-01-29,'002344,海宁皮城,10.23,10.37,9.79,9.8,9.8,0.43,4.3878,1.1562,12949649,130766094.73,11457600000.0,11457600000.0,7928
2016-01-28,'002344,海宁皮城,9.8,10.33,9.7,10.19,10.25,-0.45,-4.3902,1.0841,12141421,121794621.64,10976000000.0,10976000000.0,7578
2016-01-27,'002344,海宁皮城,10.25,10.58,9.71,10.52,10.45,-0.2,-1.9139,1.4376,16101230,164113418.26,11480000000.0,11480000000.0,9703
2016-01-26,'002344,海宁皮城,10.45,11.45,10.42,11.36,11.58,-1.13,-9.7582,1.4463,16198067,178517714.13,11704000000.0,11704000000.0,10481
2016-01-25,'002344,海宁皮城,11.58,11.68,11.42,11.61,11.46,0.12,1.0471,0.9159,10258582,118728870.72,12969600000.0,12969600000.0,6016
2016-01-22,'002344,海宁皮城,11.46,11.59,11.14,11.48,11.3,0.16,1.4159,1.1025,12348148,140647634.73,12835200000.0,12835200000.0,6750
2016-01-21,'002344,海宁皮城,11.3,11.94,11.3,11.59,11.75,-0.45,-3.8298,1.2373,13857731,161289317.42,12656000000.0,12656000000.0,8523
2016-01-20,'002344,海宁皮城,11.75,12.1,11.62,11.92,12.02,-0.27,-2.2463,1.4636,16391823,194282137.2,13160000000.0,13160000000.0,9718
2016-01-19,'002344,海宁皮城,12.02,12.11,11.55,11.8,11.61,0.41,3.5314,1.6096,18027661,213657600.82,13462400000.0,13462400000.0,10222
2016-01-18,'002344,海宁皮城,11.61,11.77,11.07,11.07,11.3,0.31,2.7434,1.2106,13558908,156031160.93,13003200000.0,13003200000.0,8126
2016-01-15,'002344,海宁皮城,11.3,11.84,11.12,11.68,11.73,-0.43,-3.6658,1.4286,16000315,184142134.17,12656000000.0,12656000000.0,9356
2016-01-14,'002344,海宁皮城,11.73,11.8,11.0,11.05,11.36,0.37,3.257,1.4702,16466284,189246995.78,13137600000.0,13137600000.0,10125
2016-01-13,'002344,海宁皮城,11.36,11.86,11.36,11.78,11.67,-0.31,-2.6564,1.3159,14738605,171913923.34,12723200000.0,12723200000.0,8812
2016-01-12,'002344,海宁皮城,11.67,11.83,11.29,11.45,11.41,0.26,2.2787,1.6514,18495559,214911999.03,13070400000.0,13070400000.0,10672
2016-01-11,'002344,海宁皮城,11.41,12.44,11.38,12.3,12.6,-1.19,-9.4444,2.1694,24297825,289593485.02,12779200000.0,12779200000.0,13535
2016-01-08,'002344,海宁皮城,12.6,12.85,11.8,12.68,12.4,0.2,1.6129,2.5923,29033752,362821402.34,14112000000.0,14112000000.0,14450
2016-01-07,'002344,海宁皮城,12.4,13.59,12.39,13.59,13.77,-1.37,-9.9492,0.5626,6301266,80799688.04,13888000000.0,13888000000.0,3494
2016-01-06,'002344,海宁皮城,13.77,13.79,13.23,13.45,13.28,0.49,3.6898,2.2352,25034325,338839706.39,15422400000.0,15422400000.0,17882
2016-01-05,'002344,海宁皮城,13.28,13.68,12.8,13.15,13.81,-0.53,-3.8378,2.8232,31619716,420785180.78,14873600000.0,14873600000.0,15781
2016-01-04,'002344,海宁皮城,13.81,15.31,13.81,15.31,15.34,-1.53,-9.9739,1.6645,18642848,269820720.03,15467200000.0,15467200000.0,11073
