日期,股票代码,名称,收盘价,最高价,最低价,开盘价,前收盘,涨跌额,涨跌幅,换手率,成交量,成交金额,总市值,流通市值,成交笔数
2016-10-12,'002049,紫光国芯,37.91,38.23,36.6,36.66,36.77,1.14,3.1004,1.9416,11781981,443137012.22,23004469166.9,23004469166.9,14396
2016-10-11,'002049,紫光国芯,36.77,37.1,36.6,36.82,36.85,-0.08,-0.2171,0.8397,5095475,187683829.52,22312696683.4,22312696683.4,5511
2016-10-10,'002049,紫光国芯,36.85,37.15,35.89,36.05,35.64,1.21,3.3951,1.0618,6443472,236186224.48,22361242120.8,22361242120.8,7975
2016-09-30,'002049,紫光国芯,35.64,35.89,35.55,35.56,35.65,-0.01,-0.0281,0.423,2566613,91580152.58,21626992379.5,21626992379.5,3627
2016-09-29,'002049,紫光国芯,35.65,36.07,35.6,35.75,35.74,-0.09,-0.2518,0.4291,2603739,93290362.04,21633060559.2,21633060559.2,3859
2016-09-28,'002049,紫光国芯,35.74,36.27,35.71,36.07,35.98,-0.24,-0.667,0.488,2961347,106556739.73,21687674176.3,21687674176.3,4120
2016-09-27,'002049,紫光国芯,35.98,36.1,35.22,35.73,35.92,0.06,0.167,0.6653,4037344,144308459.85,21833310488.6,21833310488.6,6482
2016-09-26,'002049,紫光国芯,35.92,37.25,35.91,37.23,37.23,-1.31,-3.5187,0.9375,5688992,207547302.9,21796901410.6,21796901410.6,8912
2016-09-23,'002049,紫光国芯,37.23,37.6,36.54,36.54,36.5,0.73,2.0,1.4156,8589875,319424987.3,22591832948.6,22591832948.6,13006
2016-09-22,'002049,紫光国芯,36.5,36.7,36.22,36.49,36.32,0.18,0.4956,0.6521,3957183,144255755.03,22148855832.0,22148855832.0,5108
2016-09-21,'002049,紫光国芯,36.32,36.49,36.13,36.26,36.39,-0.07,-0.1924,0.4073,2471580,89790398.03,22039628597.8,22039628597.8,3953
2016-09-20,'002049,紫光国芯,36.39,36.56,36.0,36.36,36.24,0.15,0.4139,0.5568,3378527,122633379.42,22082105855.5,22082105855.5,5444
2016-09-19,'002049,紫光国芯,36.24,36.46,35.99,36.0,35.9,0.34,0.9471,0.4676,2837227,102686296.54,21991083160.3,21991083160.3,4347
2016-09-14,'002049,紫光国芯,35.9,36.4,35.61,36.4,36.03,-0.13,-0.3608,0.6882,4176378,150395517.97,21784765051.2,21784765051.2,6045
2016-09-13,'002049,紫光国芯,36.03,36.42,36.0,36.02,35.85,0.18,0.5021,0.7883,4783663,172990805.31,21863651387.0,21863651387.0,6462
2016-09-12,'002049,紫光国芯,35.85,37.36,35.83,37.22,37.95,-2.1,-5.5336,1.5232,9243050,338535647.86,21754424152.8,21754424152.8,14204
2016-09-09,'002049,紫光国芯,37.95,38.45,37.9,37.9,37.95,0.0,0.0,0.8306,5039959,192067451.23,23028741885.6,23028741885.6,6809
2016-09-08,'002049,紫光国芯,37.95,38.18,37.7,37.91,37.92,0.03,0.0791,0.5848,3548607,134554422.96,23028741885.6,23028741885.6,5281
2016-09-07,'002049,紫光国芯,37.92,38.43,37.9,38.33,38.27,-0.35,-0.9146,0.7997,4852638,185357022.44,23010537346.6,23010537346.6,7206
2016-09-06,'002049,紫光国芯,38.27,38.42,37.28,37.8,37.68,0.59,1.5658,0.8508,5162793,196098929.29,23222923635.4,23222923635.4,7655
2016-09-05,'002049,紫光国芯,37.68,38.12,37.57,37.85,37.71,-0.03,-0.0796,0.593,3598431,135989936.38,22864901034.2,22864901034.2,5397
2016-09-02,'002049,紫光国芯,37.71,38.3,37.5,38.05,38.05,-0.34,-0.8936,0.8388,5090247,192456479.72,22883105573.3,22883105573.3,8260
2016-09-01,'002049,紫光国芯,38.05,38.86,38.03,38.55,38.52,-0.47,-1.2201,0.7298,4428311,170009922.81,23089423682.4,23089423682.4,6675
2016-08-31,'002049,紫光国芯,38.52,39.2,38.0,38.9,39.0,-0.48,-1.2308,1.0398,6309559,242796694.38,23374628127.4,23374628127.4,9408
2016-08-30,'002049,紫光国芯,39.0,39.58,38.84,39.39,39.75,-0.75,-1.8868,1.3177,7995774,313680468.67,23665900752.0,23665900752.0,11395
2016-08-29,'002049,紫光国芯,39.75,39.8,38.33,38.33,38.33,1.42,3.7047,2.1184,12855111,503331053.77,24121014228.0,24121014228.0,17085
2016-08-26,'002049,紫光国芯,38.33,38.96,38.0,38.0,37.63,0.7,1.8602,1.4634,8880247,343095045.02,23259332713.4,23259332713.4,13927
2016-08-25,'002049,紫光国芯,37.63,38.2,37.17,38.2,38.09,-0.46,-1.2077,0.9147,5550829,208364914.92,22834560135.8,22834560135.8,8238
2016-08-24,'002049,紫光国芯,38.09,38.48,37.88,37.97,37.82,0.27,0.7139,0.6166,3741626,142901741.77,23113696401.1,23113696401.1,5537
2016-08-23,'002049,紫光国芯,37.82,38.26,37.63,37.88,37.91,-0.09,-0.2374,0.707,4290376,162929989.31,22949855549.8,22949855549.8,6352
2016-08-22,'002049,紫光国芯,37.91,39.01,37.9,38.86,38.86,-0.95,-2.4447,0.9641,5850314,224056638.47,23004469166.9,23004469166.9,8978
2016-08-19,'002049,紫光国芯,38.86,39.12,38.55,38.9,38.99,-0.13,-0.3334,0.8278,5023023,194833049.48,23580946236.5,23580946236.5,7461
2016-08-18,'002049,紫光国芯,38.99,39.9,38.7,39.78,39.71,-0.72,-1.8131,1.383,8392355,328954692.27,23659832572.3,23659832572.3,11357
2016-08-17,'002049,紫光国芯,39.71,40.07,38.79,39.19,39.26,0.45,1.1462,1.2672,7689417,304081893.03,24096741509.3,24096741509.3,11214
2016-08-16,'002049,紫光国芯,39.26,39.5,39.13,39.19,39.26,0.0,0.0,1.0704,6495547,255384501.25,23823673423.7,23823673423.7,8892
2016-08-15,'002049,紫光国芯,39.26,39.62,37.9,38.18,38.2,1.06,2.7749,1.3748,8342399,324858505.39,23823673423.7,23823673423.7,13510
2016-08-12,'002049,紫光国芯,38.2,38.27,37.59,37.65,37.98,0.22,0.5793,0.8506,5161331,195733746.62,23180446377.6,23180446377.6,9321
2016-08-11,'002049,紫光国芯,37.98,38.9,37.86,38.61,38.92,-0.94,-2.4152,1.2303,7465544,285640568.62,23046946424.6,23046946424.6,11683
2016-08-10,'002049,紫光国芯,38.92,40.18,38.91,39.59,39.29,-0.37,-0.9417,1.6848,10223809,404832038.02,23617355314.6,23617355314.6,16569
2016-08-09,'002049,紫光国芯,39.29,39.29,38.17,38.52,38.48,0.81,2.105,1.381,8380014,325141377.2,23841877962.7,23841877962.7,12011
2016-08-08,'002049,紫光国芯,38.48,38.64,37.15,37.97,38.04,0.44,1.1567,0.917,5564819,211471418.5,23350355408.6,23350355408.6,8967
2016-08-05,'002049,紫光国芯,38.04,38.88,38.02,38.56,38.93,-0.89,-2.2862,1.2086,7333950,281575040.34,23083355502.7,23083355502.7,11301
2016-08-04,'002049,紫光国芯,38.93,39.1,37.6,37.88,37.56,1.37,3.6475,1.988,12063370,465175737.5,23623423494.2,23623423494.2,17780
2016-08-03,'002049,紫光国芯,37.56,37.59,36.84,37.46,37.52,0.04,0.1066,1.0344,6277069,233458338.24,22792082878.1,22792082878.1,9305
2016-08-02,'002049,紫光国芯,37.52,37.97,37.01,37.01,37.0,0.52,1.4054,1.1599,7038392,264506461.81,22767810159.4,22767810159.4,10708
2016-08-01,'002049,紫光国芯,37.0,38.5,36.19,38.31,39.15,-2.15,-5.4917,1.9158,11625640,432932099.07,22452264816.0,22452264816.0,20256
2016-07-29,'002049,紫光国芯,39.15,41.1,39.1,41.1,41.17,-2.02,-4.9065,2.3219,14089879,566471180.72,23756923447.2,23756923447.2,20161
2016-07-28,'002049,紫光国芯,41.17,43.46,40.2,43.45,42.84,-1.67,-3.8982,4.1889,25419141,1063183424.1,24982695742.6,24982695742.6,33400
2016-07-27,'002049,紫光国芯,42.84,44.75,42.2,42.55,41.66,1.18,2.8325,6.3908,38780352,1684303855.19,25996081749.1,25996081749.1,49150
2016-07-26,'002049,紫光国芯,41.66,41.77,41.21,41.36,41.2,0.46,1.1165,0.8472,5140778,213558936.8,25280036546.9,25280036546.9,9109
2016-07-25,'002049,紫光国芯,41.2,42.03,41.0,41.54,41.97,-0.77,-1.8346,1.3825,8388982,347810421.02,25000900281.6,25000900281.6,12355
2016-07-22,'002049,紫光国芯,41.97,43.2,41.93,43.0,43.3,-1.33,-3.0716,1.8634,11307464,481232740.2,25468150117.0,25468150117.0,16180
2016-07-21,'002049,紫光国芯,43.3,43.85,41.73,41.81,41.98,1.32,3.1444,2.9994,18200633,780539158.72,26275218014.4,26275218014.4,23714
2016-07-20,'002049,紫光国芯,41.98,42.47,41.58,42.28,42.26,-0.28,-0.6626,1.3332,8090158,340491671.34,25474218296.6,25474218296.6,10952
2016-07-19,'002049,紫光国芯,42.26,42.28,41.31,41.89,41.52,0.74,1.7823,1.3982,8484469,355151164.02,25644127327.7,25644127327.7,11332
2016-07-18,'002049,紫光国芯,41.52,41.82,41.0,41.57,41.57,-0.05,-0.1203,0.9718,5896761,244209192.81,25195082031.4,25195082031.4,9935
2016-07-15,'002049,紫光国芯,41.57,42.8,41.5,42.42,42.6,-1.03,-2.4178,1.4152,8587700,359754581.19,25225422929.8,25225422929.8,14127
2016-07-14,'002049,紫光国芯,42.6,43.28,42.44,42.99,43.3,-0.7,-1.6166,1.3301,8071039,344876890.59,25850445436.8,25850445436.8,11702
2016-07-13,'002049,紫光国芯,43.3,43.46,42.09,42.1,42.06,1.24,2.9482,2.2461,13629632,583658211.09,26275218014.4,26275218014.4,18060
2016-07-12,'002049,紫光国芯,42.06,42.45,40.5,42.03,42.27,-0.21,-0.4968,2.4353,14777811,614748787.4,25522763734.1,25522763734.1,20442
2016-07-11,'002049,紫光国芯,42.27,43.29,42.26,42.81,43.09,-0.82,-1.903,1.9484,11823284,505725007.15,25650195507.4,25650195507.4,16574
2016-07-08,'002049,紫光国芯,43.09,43.87,42.91,43.15,43.0,0.09,0.2093,1.6685,10125013,439397710.26,26147786241.1,26147786241.1,13514
2016-07-07,'002049,紫光国芯,43.0,43.84,42.57,43.52,43.76,-0.76,-1.7367,2.4107,14628415,630466535.13,26093172624.0,26093172624.0,20836
2016-07-06,'002049,紫光国芯,43.76,45.0,43.51,44.48,44.64,-0.88,-1.9713,2.1846,13256576,583435922.2,26554354279.7,26554354279.7,19658
2016-07-05,'002049,紫光国芯,44.64,45.07,44.01,44.43,44.4,0.24,0.5405,2.146,13022476,580050787.26,27088354091.5,27088354091.5,18083
2016-07-04,'002049,紫光国芯,44.4,44.7,43.0,43.43,43.8,0.6,1.3699,2.4146,14652182,645972318.77,26942717779.2,26942717779.2,19304
2016-07-01,'002049,紫光国芯,43.8,44.96,43.53,44.0,43.95,-0.15,-0.3413,2.0183,12247512,540913116.01,26578626998.4,26578626998.4,16918
2016-06-30,'002049,紫光国芯,43.95,44.99,43.66,44.67,44.66,-0.71,-1.5898,2.5726,15611024,688391279.45,26669649693.6,26669649693.6,21566
2016-06-29,'002049,紫光国芯,44.66,46.8,44.62,46.3,44.9,-0.24,-0.5345,3.6266,22006665,1002703408.65,27100490450.9,27100490450.9,28907
2016-06-28,'002049,紫光国芯,44.9,45.79,44.01,44.1,44.63,0.27,0.605,4.0209,24399791,1097887725.18,27246126763.2,27246126763.2,31739
2016-06-27,'002049,紫光国芯,44.63,45.0,42.1,42.2,42.33,2.3,5.4335,4.1459,25158075,1106238408.94,27082285911.8,27082285911.8,33084
2016-06-24,'002049,紫光国芯,42.33,43.6,39.02,42.48,42.5,-0.17,-0.4,3.8263,23218855,983527868.04,25686604585.4,25686604585.4,31218
2016-06-23,'002049,紫光国芯,42.5,43.66,42.31,43.06,43.73,-1.23,-2.8127,2.852,17306407,742068884.02,25789763640.0,25789763640.0,23383
2016-06-22,'002049,紫光国芯,43.79,43.79,42.06,43.0,43.67,0.12,0.2748,3.3447,20296323,869277679.77,26572558818.7,26572558818.7,31709
2016-06-21,'002049,紫光国芯,43.67,46.8,43.01,45.6,44.4,-0.73,-1.6441,5.4915,33323140,1500271298.26,26499740662.6,26499740662.6,49779
2016-06-20,'002049,紫光国芯,44.4,45.18,41.02,42.38,41.56,2.84,6.8335,5.7189,34703613,1497618677.02,26942717779.2,26942717779.2,41610
2016-06-17,'002049,同方国芯,41.56,42.84,40.9,41.93,41.99,-0.43,-1.0241,3.0563,18546239,777342980.35,25219354750.1,25219354750.1,24165
2016-06-16,'002049,同方国芯,41.99,43.31,41.6,42.19,42.2,-0.21,-0.4976,4.4224,26836220,1135706187.23,25480286476.3,25480286476.3,31958
2016-06-15,'002049,同方国芯,42.2,42.2,37.77,37.8,38.36,3.84,10.0104,4.1918,25436472,1041104701.14,25607718249.6,25607718249.6,28234
2016-06-14,'002049,同方国芯,38.36,38.93,37.44,38.25,38.62,-0.26,-0.6732,2.4437,14828696,564853544.46,23277537252.5,23277537252.5,19237
2016-06-13,'002049,同方国芯,38.62,42.68,38.3,41.3,41.9,-3.28,-7.8282,3.0316,18396317,756634266.62,23435309924.2,23435309924.2,25390
2016-06-08,'002049,同方国芯,41.9,42.72,41.5,42.72,42.82,-0.92,-2.1485,2.5038,15193801,637763985.27,25425672859.2,25425672859.2,20802
2016-06-07,'002049,同方国芯,42.82,43.45,42.35,43.45,43.45,-0.63,-1.4499,2.5602,15536056,665192507.96,25983945389.8,25983945389.8,21721
2016-06-06,'002049,同方国芯,43.45,43.5,41.74,41.75,41.77,1.68,4.022,3.7129,22530485,962520482.89,26366240709.6,26366240709.6,31148
2016-06-03,'002049,同方国芯,41.77,43.84,41.71,42.15,42.15,-0.38,-0.9015,4.2087,25539138,1092709382.69,25346786523.4,25346786523.4,34844
2016-06-02,'002049,同方国芯,42.15,43.1,41.6,42.07,42.53,-0.38,-0.8935,3.843,23319780,982857655.97,25577377351.2,25577377351.2,34800
2016-06-01,'002049,同方国芯,42.53,43.33,40.58,40.88,41.04,1.49,3.6306,5.5645,33766608,1416666795.85,25807968179.0,25807968179.0,49223
2016-05-31,'002049,同方国芯,41.04,42.0,39.2,40.0,39.01,2.03,5.2038,5.961,36172687,1462339924.48,24903809406.7,24903809406.7,49865
2016-05-30,'002049,同方国芯,39.01,39.01,35.3,35.4,35.46,3.55,10.0113,3.635,22057664,832150378.49,23671968931.7,23671968931.7,28027
2016-05-27,'002049,同方国芯,35.46,36.32,34.03,34.18,34.18,1.28,3.7449,2.7375,16611466,583246146.07,21517765145.3,21517765145.3,24872
2016-05-26,'002049,同方国芯,34.18,34.38,33.01,34.24,34.1,0.08,0.2346,1.3791,8368833,281348863.85,20741038146.2,20741038146.2,12743
2016-05-25,'002049,同方国芯,34.1,34.95,34.03,34.35,34.0,0.1,0.2941,1.3657,8287184,285520095.8,20692492708.8,20692492708.8,11855
2016-05-24,'002049,同方国芯,34.0,34.8,33.9,34.68,34.89,-0.89,-2.5509,1.3128,7966107,272179541.92,20631810912.0,20631810912.0,12130
2016-05-23,'002049,同方国芯,34.89,35.47,34.6,34.99,34.9,-0.01,-0.0287,1.9838,12038124,421170820.13,21171878903.5,21171878903.5,17415
2016-05-20,'002049,同方国芯,34.9,35.0,32.7,33.0,33.4,1.5,4.491,2.4054,14596323,500436583.84,21177947083.2,21177947083.2,21292
2016-05-19,'002049,同方国芯,33.4,34.55,32.73,32.73,32.75,0.65,1.9847,2.0689,12554342,424069173.22,20267720131.2,20267720131.2,18482
2016-05-18,'002049,同方国芯,32.75,33.9,32.01,33.9,34.28,-1.53,-4.4632,1.6617,10083338,331254225.19,19873288452.0,19873288452.0,14845
2016-05-17,'002049,同方国芯,34.28,34.8,33.59,34.08,33.99,0.29,0.8532,1.8578,11273369,386023341.33,20801719943.0,20801719943.0,17452
2016-05-16,'002049,同方国芯,33.99,34.06,33.22,33.52,34.07,-0.08,-0.2348,1.4608,8864187,298897335.5,20625742732.3,20625742732.3,13379
2016-05-13,'002049,同方国芯,34.07,34.23,32.65,32.93,33.04,1.03,3.1174,1.7021,10328426,344761014.49,20674288169.8,20674288169.8,16198
2016-05-12,'002049,同方国芯,33.04,33.18,32.0,32.99,33.45,-0.41,-1.2257,1.4182,8606190,280598582.1,20049265662.7,20049265662.7,13353
2016-05-11,'002049,同方国芯,33.45,34.33,33.38,34.0,33.76,-0.31,-0.9182,1.2992,7883890,266585437.88,20298061029.6,20298061029.6,13276
2016-05-10,'002049,同方国芯,33.76,34.78,33.5,34.2,34.43,-0.67,-1.946,1.3592,8248151,281346962.37,20486174599.7,20486174599.7,13806
2016-05-09,'002049,同方国芯,34.43,37.39,34.1,37.39,37.79,-3.36,-8.8912,2.165,13137417,464660635.28,20892742638.2,20892742638.2,20918
2016-05-06,'002049,同方国芯,37.79,39.99,37.77,39.68,39.58,-1.79,-4.5225,2.1814,13237060,515275396.17,22931651010.7,22931651010.7,21760
2016-05-05,'002049,同方国芯,39.58,39.77,39.16,39.36,39.33,0.25,0.6356,1.1974,7266062,286536671.0,24017855173.4,24017855173.4,11669
2016-05-04,'002049,同方国芯,39.33,40.19,39.22,39.6,39.8,-0.47,-1.1809,1.5603,9468115,375623242.15,23866150681.4,23866150681.4,15603
2016-05-03,'002049,同方国芯,39.8,39.82,37.9,38.81,38.5,1.3,3.3766,2.0193,12253329,481647107.04,24151355126.4,24151355126.4,18276
2016-04-29,'002049,同方国芯,38.5,39.03,38.3,38.57,38.66,-0.16,-0.4139,1.0282,6239455,240943269.23,23362491768.0,23362491768.0,10293
2016-04-28,'002049,同方国芯,38.66,39.43,38.0,39.14,39.14,-0.48,-1.2264,1.3191,8004342,310173554.97,23459582642.9,23459582642.9,15224
2016-04-27,'002049,同方国芯,39.14,39.95,38.65,39.18,39.17,-0.03,-0.0766,1.7058,10350957,406686558.79,23750855267.5,23750855267.5,20091
2016-04-26,'002049,同方国芯,39.17,39.77,38.11,38.11,38.16,1.01,2.6468,1.6542,10037771,390976645.73,23769059806.6,23769059806.6,17804
2016-04-25,'002049,同方国芯,38.16,38.63,37.8,38.63,38.77,-0.61,-1.5734,1.0508,6376564,243108726.64,23156173658.9,23156173658.9,11139
2016-04-22,'002049,同方国芯,38.77,38.93,37.81,38.3,38.47,0.3,0.7798,1.5589,9459443,362412090.85,23526332619.4,23526332619.4,16786
2016-04-21,'002049,同方国芯,38.47,39.98,38.43,39.98,40.15,-1.68,-4.1843,2.0106,12200409,480045919.13,23344287229.0,23344287229.0,21932
2016-04-20,'002049,同方国芯,40.15,42.99,38.56,42.7,42.71,-2.56,-5.9939,3.5555,21575380,888667898.04,24363741415.2,24363741415.2,38016
2016-04-19,'002049,同方国芯,42.71,43.48,40.33,40.6,40.49,2.22,5.4828,3.9306,23851658,1010379331.42,25917195413.3,25917195413.3,38205
2016-04-18,'002049,同方国芯,40.49,41.25,40.31,41.25,41.31,-0.82,-1.985,1.3442,8156950,331006429.96,24570059524.3,24570059524.3,14931
2016-04-15,'002049,同方国芯,41.31,41.68,41.04,41.67,41.61,-0.3,-0.721,1.5308,9289079,383644455.68,25067650258.1,25067650258.1,14501
2016-04-14,'002049,同方国芯,41.61,41.8,41.01,41.64,40.99,0.62,1.5126,1.9256,11684997,484039421.59,25249695648.5,25249695648.5,18399
2016-04-13,'002049,同方国芯,40.99,41.75,40.66,40.8,40.58,0.41,1.0103,2.8252,17143913,707449005.52,24873468508.3,24873468508.3,26530
2016-04-12,'002049,同方国芯,40.58,41.73,40.14,41.73,41.75,-1.17,-2.8024,2.4248,14714255,597288941.67,24624673141.4,24624673141.4,23226
2016-04-11,'002049,同方国芯,41.75,42.38,41.56,41.58,40.91,0.84,2.0533,2.051,12445916,522088726.36,25334650164.0,25334650164.0,18561
2016-04-08,'002049,同方国芯,40.91,41.6,40.13,41.42,42.01,-1.1,-2.6184,2.2823,13849582,566718944.65,24824923070.9,24824923070.9,24889
2016-04-07,'002049,同方国芯,42.01,43.67,42.0,43.51,43.4,-1.39,-3.2028,2.511,15237386,647986441.36,25492422835.7,25492422835.7,25838
2016-04-06,'002049,同方国芯,43.4,44.25,42.85,43.01,43.29,0.11,0.2541,2.646,16056594,698271642.94,26335899811.2,26335899811.2,25914
2016-04-05,'002049,同方国芯,43.29,43.89,42.26,42.5,42.0,1.29,3.0714,2.5412,15420435,666203821.84,26269149834.7,26269149834.7,25078
2016-04-01,'002049,同方国芯,42.0,43.52,41.6,43.0,43.64,-1.64,-3.758,2.1569,13088408,554573024.33,25486354656.0,25486354656.0,23884
2016-03-31,'002049,同方国芯,43.64,44.75,41.85,42.32,42.32,1.32,3.1191,3.6992,22447494,975070342.97,26481536123.5,26481536123.5,37195
2016-03-30,'002049,同方国芯,42.32,42.46,40.89,41.33,40.76,1.56,3.8273,2.6432,16039216,667533650.73,25680536405.8,25680536405.8,26897
2016-03-29,'002049,同方国芯,40.76,42.93,40.11,42.89,43.19,-2.43,-5.6263,3.142,19066039,788492618.77,24733900375.7,24733900375.7,34186
2016-03-28,'002049,同方国芯,43.19,44.37,42.52,44.15,43.57,-0.38,-0.8722,2.8966,17576931,764488970.43,26208468037.9,26208468037.9,28199
2016-03-25,'002049,同方国芯,43.57,44.6,42.7,42.71,42.7,0.87,2.0375,3.8665,23462641,1025164701.94,26439058865.8,26439058865.8,35875
2016-03-24,'002049,同方国芯,42.7,44.28,42.7,43.9,44.58,-1.88,-4.2171,3.3836,20532002,893515057.58,25911127233.6,25911127233.6,33804
2016-03-23,'002049,同方国芯,44.58,45.2,43.35,44.8,44.95,-0.37,-0.8231,3.3095,20082941,890814145.45,27051945013.4,27051945013.4,33591
2016-03-22,'002049,同方国芯,44.95,46.0,44.8,46.0,46.52,-1.57,-3.3749,3.9976,24258292,1099884315.93,27276467661.6,27276467661.6,39285
2016-03-21,'002049,同方国芯,46.52,46.52,43.37,43.8,43.33,3.19,7.3621,5.3336,32365077,1451057079.55,28229171871.4,28229171871.4,48412
2016-03-18,'002049,同方国芯,43.33,44.76,42.42,42.99,43.51,-0.18,-0.4137,5.8595,35556625,1546284586.9,26293422553.4,26293422553.4,51666
2016-03-17,'002049,同方国芯,43.51,44.15,41.41,42.5,42.05,1.46,3.4721,3.8637,23445566,998269780.82,26402649787.7,26402649787.7,37289
2016-03-16,'002049,同方国芯,42.05,44.2,41.65,42.89,43.94,-1.89,-4.3013,2.7277,16552191,707453093.43,25516695554.4,25516695554.4,31712
2016-03-15,'002049,同方国芯,43.94,45.5,43.86,43.86,48.73,-4.79,-9.8297,5.6024,33996111,1501713653.04,26663581513.9,26663581513.9,47022
2016-03-14,'002049,同方国芯,48.73,48.73,48.73,48.73,54.14,-5.41,-9.9926,0.1859,1128000,54967440.0,29570239580.6,29570239580.6,2292
2016-03-11,'002049,同方国芯,54.14,54.14,54.14,54.14,60.15,-6.01,-9.9917,0.0251,152100,8234694.0,32853124787.5,32853124787.5,366
2016-03-10,'002049,同方国芯,0.0,0.0,0.0,0.0,60.15,None,None,0.0,0,0.0,36500100775.2,36500100775.2,0
2016-03-09,'002049,同方国芯,0.0,0.0,0.0,0.0,60.15,None,None,0.0,0,0.0,36500100775.2,36500100775.2,0
2016-03-08,'002049,同方国芯,0.0,0.0,0.0,0.0,60.15,None,None,0.0,0,0.0,36500100775.2,36500100775.2,0
2016-03-07,'002049,同方国芯,0.0,0.0,0.0,0.0,60.15,None,None,0.0,0,0.0,36500100775.2,36500100775.2,0
2016-03-04,'002049,同方国芯,0.0,0.0,0.0,0.0,60.15,None,None,0.0,0,0.0,36500100775.2,36500100775.2,0
2016-03-03,'002049,同方国芯,0.0,0.0,0.0,0.0,60.15,None,None,0.0,0,0.0,36500100775.2,36500100775.2,0
2016-03-02,'002049,同方国芯,0.0,0.0,0.0,0.0,60.15,None,None,0.0,0,0.0,36500100775.2,36500100775.2,0
2016-03-01,'002049,同方国芯,0.0,0.0,0.0,0.0,60.15,None,None,0.0,0,0.0,36500100775.2,36500100775.2,0
2016-02-29,'002049,同方国芯,0.0,0.0,0.0,0.0,60.15,None,None,0.0,0,0.0,36500100775.2,36500100775.2,0
2016-02-26,'002049,同方国芯,0.0,0.0,0.0,0.0,60.15,None,None,0.0,0,0.0,36500100775.2,36500100775.2,0
2016-02-25,'002049,同方国芯,0.0,0.0,0.0,0.0,60.15,None,None,0.0,0,0.0,36500100775.2,36500100775.2,0
2016-02-24,'002049,同方国芯,0.0,0.0,0.0,0.0,60.15,None,None,0.0,0,0.0,36500100775.2,36500100775.2,0
2016-02-23,'002049,同方国芯,0.0,0.0,0.0,0.0,60.15,None,None,0.0,0,0.0,36500100775.2,36500100775.2,0
2016-02-22,'002049,同方国芯,0.0,0.0,0.0,0.0,60.15,None,None,0.0,0,0.0,36500100775.2,36500100775.2,0
2016-02-19,'002049,同方国芯,0.0,0.0,0.0,0.0,60.15,None,None,0.0,0,0.0,36500100775.2,36500100775.2,0
2016-02-18,'002049,同方国芯,0.0,0.0,0.0,0.0,60.15,None,None,0.0,0,0.0,36500100775.2,36500100775.2,0
2016-02-17,'002049,同方国芯,0.0,0.0,0.0,0.0,60.15,None,None,0.0,0,0.0,36500100775.2,36500100775.2,0
2016-02-16,'002049,同方国芯,0.0,0.0,0.0,0.0,60.15,None,None,0.0,0,0.0,36500100775.2,36500100775.2,0
2016-02-15,'002049,同方国芯,0.0,0.0,0.0,0.0,60.15,None,None,0.0,0,0.0,36500100775.2,36500100775.2,0
2016-02-05,'002049,同方国芯,0.0,0.0,0.0,0.0,60.15,None,None,0.0,0,0.0,36500100775.2,36500100775.2,0
2016-02-04,'002049,同方国芯,0.0,0.0,0.0,0.0,60.15,None,None,0.0,0,0.0,36500100775.2,36500100775.2,0
2016-02-03,'002049,同方国芯,0.0,0.0,0.0,0.0,60.15,None,None,0.0,0,0.0,36500100775.2,36500100775.2,0
2016-02-02,'002049,同方国芯,0.0,0.0,0.0,0.0,60.15,None,None,0.0,0,0.0,36500100775.2,36500100775.2,0
2016-02-01,'002049,同方国芯,0.0,0.0,0.0,0.0,60.15,None,None,0.0,0,0.0,36500100775.2,36500100775.2,0
2016-01-29,'002049,同方国芯,0.0,0.0,0.0,0.0,60.15,None,None,0.0,0,0.0,36500100775.2,36500100775.2,0
2016-01-28,'002049,同方国芯,0.0,0.0,0.0,0.0,60.15,None,None,0.0,0,0.0,36500100775.2,36500100775.2,0
2016-01-27,'002049,同方国芯,0.0,0.0,0.0,0.0,60.15,None,None,0.0,0,0.0,36500100775.2,36500100775.2,0
2016-01-26,'002049,同方国芯,0.0,0.0,0.0,0.0,60.15,None,None,0.0,0,0.0,36500100775.2,36500100775.2,0
2016-01-25,'002049,同方国芯,0.0,0.0,0.0,0.0,60.15,None,None,0.0,0,0.0,36500100775.2,36500100775.2,0
2016-01-22,'002049,同方国芯,0.0,0.0,0.0,0.0,60.15,None,None,0.0,0,0.0,36500100775.2,36500100775.2,0
2016-01-21,'002049,同方国芯,0.0,0.0,0.0,0.0,60.15,None,None,0.0,0,0.0,36500100775.2,36500100775.2,0
2016-01-20,'002049,同方国芯,0.0,0.0,0.0,0.0,60.15,None,None,0.0,0,0.0,36500100775.2,36500100775.2,0
2016-01-19,'002049,同方国芯,0.0,0.0,0.0,0.0,60.15,None,None,0.0,0,0.0,36500100775.2,36500100775.2,0
2016-01-18,'002049,同方国芯,0.0,0.0,0.0,0.0,60.15,None,None,0.0,0,0.0,36500100775.2,36500100775.2,0
2016-01-15,'002049,同方国芯,0.0,0.0,0.0,0.0,60.15,None,None,0.0,0,0.0,36500100775.2,36500100775.2,0
2016-01-14,'002049,同方国芯,0.0,0.0,0.0,0.0,60.15,None,None,0.0,0,0.0,36500100775.2,36500100775.2,0
2016-01-13,'002049,同方国芯,0.0,0.0,0.0,0.0,60.15,None,None,0.0,0,0.0,36500100775.2,36500100775.2,0
2016-01-12,'002049,同方国芯,0.0,0.0,0.0,0.0,60.15,None,None,0.0,0,0.0,36500100775.2,36500100775.2,0
2016-01-11,'002049,同方国芯,0.0,0.0,0.0,0.0,60.15,None,None,0.0,0,0.0,36500100775.2,36500100775.2,0
2016-01-08,'002049,同方国芯,0.0,0.0,0.0,0.0,60.15,None,None,0.0,0,0.0,36500100775.2,36500100775.2,0
2016-01-07,'002049,同方国芯,0.0,0.0,0.0,0.0,60.15,None,None,0.0,0,0.0,36500100775.2,36500100775.2,0
2016-01-06,'002049,同方国芯,0.0,0.0,0.0,0.0,60.15,None,None,0.0,0,0.0,36500100775.2,36500100775.2,0
2016-01-05,'002049,同方国芯,0.0,0.0,0.0,0.0,60.15,None,None,0.0,0,0.0,36500100775.2,36500100775.2,0
2016-01-04,'002049,同方国芯,0.0,0.0,0.0,0.0,60.15,None,None,0.0,0,0.0,36500100775.2,36500100775.2,0
