日期,股票代码,名称,收盘价,最高价,最低价,开盘价,前收盘,涨跌额,涨跌幅,换手率,成交量,成交金额,总市值,流通市值,成交笔数
2016-10-12,'000806,银河生物,17.52,17.6,17.22,17.5,17.57,-0.05,-0.2846,3.0548,21336515,370725366.29,19270454070.2,12236814233.5,12533
2016-10-11,'000806,银河生物,17.57,17.74,17.41,17.7,17.75,-0.18,-1.0141,2.3346,16305884,285984158.28,19325449658.3,12271736648.6,13518
2016-10-10,'000806,银河生物,17.75,17.97,17.6,17.75,17.71,0.04,0.2259,2.6269,18347420,325718122.74,19523433775.5,12397457342.8,12850
2016-09-30,'000806,银河生物,17.71,17.8,17.24,17.35,17.35,0.36,2.0749,2.9515,20614732,361119530.03,19479437305.0,12369519410.7,12402
2016-09-29,'000806,银河生物,17.35,17.63,17.3,17.5,17.53,-0.18,-1.0268,2.5704,17952734,314464640.02,19083469070.7,12118078022.4,10215
2016-09-28,'000806,银河生物,17.53,17.53,17.23,17.45,17.45,0.08,0.4585,3.186,22252549,387215372.67,19281453187.9,12243798716.5,9790
2016-09-27,'000806,银河生物,17.45,17.7,17.07,17.7,17.7,-0.25,-1.4124,3.1516,22011949,383380347.51,19193460246.9,12187922852.5,15169
2016-09-26,'000806,银河生物,17.7,18.18,17.5,18.18,18.1,-0.4,-2.2099,4.7346,33068395,585976996.7,19468438187.4,12362534927.7,16571
2016-09-23,'000806,银河生物,18.1,18.75,17.98,18.6,18.62,-0.52,-2.7927,3.9525,27606268,505449380.07,19908402892.2,12641914248.1,18171
2016-09-22,'000806,银河生物,18.62,18.95,18.12,18.73,18.72,-0.1,-0.5342,7.2389,50560268,935809432.49,20480357008.4,13005107364.6,25602
2016-09-21,'000806,银河生物,18.72,18.84,18.41,18.84,18.7,0.02,0.107,4.0457,28257247,526032093.45,20590348184.6,13074952194.7,15466
2016-09-20,'000806,银河生物,18.7,18.98,18.7,18.9,18.84,-0.14,-0.7431,2.345,16378828,307832220.28,20568349949.4,13060983228.7,11324
2016-09-19,'000806,银河生物,18.84,19.12,18.7,19.0,18.79,0.05,0.2661,3.3313,23267116,438786819.84,20722337596.1,13158765990.8,16211
2016-09-14,'000806,银河生物,18.79,18.79,18.1,18.35,18.42,0.37,2.0087,6.1446,42916768,793031827.24,20667342008.0,13123843575.8,22185
2016-09-13,'000806,银河生物,18.42,18.73,18.24,18.54,18.45,-0.03,-0.1626,4.097,28615093,527915768.44,20260374656.0,12865417704.4,17703
2016-09-12,'000806,银河生物,18.45,18.77,18.21,18.49,18.76,-0.31,-1.6525,7.1744,50109155,926363767.29,20293372008.9,12886371153.5,25138
2016-09-09,'000806,银河生物,18.76,18.81,18.39,18.58,18.8,-0.04,-0.2128,6.1835,43188401,805642277.59,20634344655.1,13102890126.8,25710
2016-09-08,'000806,银河生物,18.8,19.21,18.47,18.75,18.65,0.15,0.8043,6.1159,42716560,801269464.74,20678341125.6,13130828058.8,26735
2016-09-07,'000806,银河生物,18.65,18.98,18.24,18.73,18.78,-0.13,-0.6922,7.4809,52250102,968996631.5,20513354361.3,13026060813.6,34340
2016-09-06,'000806,银河生物,18.78,19.09,18.66,18.85,18.75,0.03,0.16,7.251,50644433,956014127.97,20656342890.4,13116859092.8,29559
2016-09-05,'000806,银河生物,18.75,19.22,18.11,18.21,18.21,0.54,2.9654,7.8644,54928983,1026807517.78,20623345537.5,13095905643.8,34178
2016-09-02,'000806,银河生物,18.21,18.5,17.77,18.32,18.32,-0.11,-0.6004,4.1484,28974600,527922733.75,20029393186.0,12718743561.2,23258
2016-09-01,'000806,银河生物,18.32,18.66,18.3,18.6,18.67,-0.35,-1.8747,4.5327,31658457,584425278.58,20150383479.8,12795572874.3,27441
2016-08-31,'000806,银河生物,18.67,18.82,17.76,17.95,17.88,0.79,4.4183,7.2315,50508316,925940273.87,20535352596.5,13040029779.7,42381
2016-08-30,'000806,银河生物,17.88,17.95,17.51,17.81,17.8,0.08,0.4494,4.0422,28232698,501899448.83,19666422304.6,12488255621.9,19829
2016-08-29,'000806,银河生物,17.8,18.0,17.2,17.31,17.61,0.19,1.0789,5.0256,35101143,622335565.15,19578429363.6,12432379757.8,26597
2016-08-26,'000806,银河生物,17.61,17.89,17.0,17.2,17.12,0.49,2.8621,6.7932,47446888,827282832.72,19369446128.8,12299674580.6,35094
2016-08-25,'000806,银河生物,17.12,17.2,16.31,16.76,16.91,0.21,1.2419,4.4801,31291478,530662532.35,18830489365.4,11957434913.1,22017
2016-08-24,'000806,银河生物,16.91,17.22,16.8,17.04,17.1,-0.19,-1.1111,2.708,18913704,320797195.44,18599507895.4,11810760769.9,15258
2016-08-23,'000806,银河生物,17.1,17.35,17.0,17.33,17.3,-0.2,-1.1561,2.5747,17983278,308273101.15,18808491130.2,11943465947.1,14537
2016-08-22,'000806,银河生物,17.3,17.6,17.1,17.15,17.2,0.1,0.5814,3.7436,26147202,453973179.97,19028473482.6,12083155607.3,21782
2016-08-19,'000806,银河生物,17.2,17.43,16.85,16.99,16.98,0.22,1.2956,5.4426,38013886,654465685.79,18918482306.4,12013310777.2,27868
2016-08-18,'000806,银河生物,16.98,17.18,16.95,17.1,17.23,-0.25,-1.451,3.3206,23192702,395073389.64,18676501718.8,11859652151.0,20618
2016-08-17,'000806,银河生物,17.23,17.67,16.56,16.68,16.7,0.53,3.1737,6.6536,46471961,796665592.94,18951479659.3,12034264226.2,40630
2016-08-16,'000806,银河生物,16.7,16.76,16.47,16.7,16.7,0.0,0.0,3.4309,23963041,397572521.09,18368526425.4,11664086626.7,18641
2016-08-15,'000806,银河生物,16.7,16.99,16.18,16.39,16.23,0.47,2.8959,3.4763,24280385,403482830.34,18368526425.4,11664086626.7,20788
2016-08-12,'000806,银河生物,16.23,16.35,16.01,16.1,16.18,0.05,0.309,2.2579,15770304,255674998.91,17851567897.3,11335815925.2,10826
2016-08-11,'000806,银河生物,16.18,16.78,16.17,16.71,16.78,-0.6,-3.5757,2.5779,18005547,295386608.55,17796572309.2,11300893510.2,17766
2016-08-10,'000806,银河生物,16.78,17.15,16.75,16.94,17.01,-0.23,-1.3521,3.7654,26299621,444310192.66,18456519366.4,11719962490.8,24775
2016-08-09,'000806,银河生物,17.01,17.34,15.92,16.05,15.99,1.02,6.379,5.6218,39265600,652611525.96,18709499071.6,11880605600.0,35791
2016-08-08,'000806,银河生物,15.99,16.24,15.85,16.16,16.16,-0.17,-1.052,2.4623,17197624,275653789.16,17587589074.4,11168188333.0,14698
2016-08-05,'000806,银河生物,16.16,16.48,16.14,16.33,16.31,-0.15,-0.9197,2.4478,17096435,277856323.83,17774574073.9,11286924544.2,14359
2016-08-04,'000806,银河生物,16.31,16.5,16.12,16.5,16.47,-0.16,-0.9715,2.7579,19262159,313285267.81,17939560838.2,11391691789.3,17511
2016-08-03,'000806,银河生物,16.47,16.66,16.09,16.52,16.66,-0.19,-1.1405,3.3863,23651867,386197897.75,18115546720.1,11503443517.5,21879
2016-08-02,'000806,银河生物,16.66,16.98,16.6,16.7,16.65,0.01,0.0601,2.378,16609341,278096620.63,18324529954.9,11636148694.7,14395
2016-08-01,'000806,银河生物,16.65,17.15,16.61,16.98,16.98,-0.33,-1.9435,2.9241,20423394,342495189.27,18313530837.3,11629164211.6,18086
2016-07-29,'000806,银河生物,16.98,17.2,16.51,16.6,16.51,0.47,2.8468,4.8608,33950230,575547946.29,18676501718.8,11859652151.0,31350
2016-07-28,'000806,银河生物,16.51,16.89,16.49,16.69,16.81,-0.3,-1.7847,3.4247,23919777,397839582.45,18159543190.6,11531381449.5,22961
2016-07-27,'000806,银河生物,16.81,17.3,16.26,16.88,16.89,-0.08,-0.4737,7.3354,51233736,868445378.97,18489516719.2,11740915939.8,47544
2016-07-26,'000806,银河生物,16.89,17.0,16.55,16.91,16.83,0.06,0.3565,3.9208,27384651,457979771.07,18577509660.2,11796791803.9,29388
2016-07-25,'000806,银河生物,16.83,17.45,16.71,17.36,17.19,-0.36,-2.0942,4.4388,31002386,527878229.13,18511514954.5,11754884905.8,35528
2016-07-22,'000806,银河生物,17.19,17.77,17.03,17.05,17.2,-0.01,-0.0581,5.1634,36063360,625156779.7,18907483188.8,12006326294.2,36953
2016-07-21,'000806,银河生物,17.2,17.58,17.0,17.38,17.6,-0.4,-2.2727,6.8256,47672956,825545874.64,18918482306.4,12013310777.2,54031
2016-07-20,'000806,银河生物,17.6,18.2,16.33,16.46,17.01,0.59,3.4685,14.3278,100072544,1740376408.35,19358447011.2,12292690097.6,109755
2016-07-19,'000806,银河生物,17.01,17.49,14.59,15.88,15.95,1.06,6.6458,15.7413,109944729,1724609691.51,18709499071.6,11880605600.0,99792
2016-07-18,'000806,银河生物,15.95,16.74,15.86,16.74,16.66,-0.71,-4.2617,5.4222,37871271,613157954.62,17543592603.9,11140250401.0,38761
2016-07-15,'000806,银河生物,16.66,17.05,16.62,16.62,16.86,-0.2,-1.1862,4.1683,29113412,489657156.34,18324529954.9,11636148694.7,30094
2016-07-14,'000806,银河生物,16.86,17.13,16.61,16.8,17.2,-0.34,-1.9767,5.9715,41708097,703076628.9,18544512307.3,11775838354.9,38003
2016-07-13,'000806,银河生物,17.2,17.84,16.65,17.5,17.5,-0.3,-1.7143,14.6055,102011810,1756860690.38,18918482306.4,12013310777.2,70732
2016-07-12,'000806,银河生物,17.5,17.5,17.5,17.5,19.44,-1.94,-9.9794,6.0842,42495100,743664250.0,19248455835.0,12222845267.5,8453
2016-07-11,'000806,银河生物,0.0,0.0,0.0,0.0,19.44,None,None,0.0,0,0.0,21382284653.3,13577834971.4,0
2016-07-08,'000806,银河生物,0.0,0.0,0.0,0.0,19.44,None,None,0.0,0,0.0,21382284653.3,13577834971.4,0
2016-07-07,'000806,银河生物,0.0,0.0,0.0,0.0,19.44,None,None,0.0,0,0.0,21382284653.3,13577834971.4,0
2016-07-06,'000806,银河生物,0.0,0.0,0.0,0.0,19.44,None,None,0.0,0,0.0,21382284653.3,13577834971.4,0
2016-07-05,'000806,银河生物,0.0,0.0,0.0,0.0,19.44,None,None,0.0,0,0.0,21382284653.3,13577834971.4,0
2016-07-04,'000806,银河生物,0.0,0.0,0.0,0.0,19.44,None,None,0.0,0,0.0,21382284653.3,13577834971.4,0
2016-07-01,'000806,银河生物,0.0,0.0,0.0,0.0,19.44,None,None,0.0,0,0.0,21382284653.3,13577834971.4,0
2016-06-30,'000806,银河生物,0.0,0.0,0.0,0.0,19.44,None,None,0.0,0,0.0,21382284653.3,13577834971.4,0
2016-06-29,'000806,银河生物,0.0,0.0,0.0,0.0,19.44,None,None,0.0,0,0.0,21382284653.3,13577834971.4,0
2016-06-28,'000806,银河生物,0.0,0.0,0.0,0.0,19.44,None,None,0.0,0,0.0,21382284653.3,13577834971.4,0
2016-06-27,'000806,银河生物,0.0,0.0,0.0,0.0,19.44,None,None,0.0,0,0.0,21382284653.3,13577834971.4,0
2016-06-24,'000806,银河生物,0.0,0.0,0.0,0.0,19.44,None,None,0.0,0,0.0,21382284653.3,13577834971.4,0
2016-06-23,'000806,银河生物,0.0,0.0,0.0,0.0,19.44,None,None,0.0,0,0.0,21382284653.3,13577834971.4,0
2016-06-22,'000806,银河生物,0.0,0.0,0.0,0.0,19.44,None,None,0.0,0,0.0,21382284653.3,13577834971.4,0
2016-06-21,'000806,银河生物,0.0,0.0,0.0,0.0,19.44,None,None,0.0,0,0.0,21382284653.3,13577834971.4,0
2016-06-20,'000806,银河生物,0.0,0.0,0.0,0.0,19.44,None,None,0.0,0,0.0,21382284653.3,13577834971.4,0
2016-06-17,'000806,银河生物,0.0,0.0,0.0,0.0,19.44,None,None,0.0,0,0.0,21382284653.3,13577834971.4,0
2016-06-16,'000806,银河生物,0.0,0.0,0.0,0.0,19.44,None,None,0.0,0,0.0,21382284653.3,13577834971.4,0
2016-06-15,'000806,银河生物,0.0,0.0,0.0,0.0,19.44,None,None,0.0,0,0.0,21382284653.3,13577834971.4,0
2016-06-14,'000806,银河生物,0.0,0.0,0.0,0.0,19.44,None,None,0.0,0,0.0,21382284653.3,13577834971.4,0
2016-06-13,'000806,银河生物,0.0,0.0,0.0,0.0,19.44,None,None,0.0,0,0.0,21382284653.3,13577834971.4,0
2016-06-08,'000806,银河生物,0.0,0.0,0.0,0.0,19.44,None,None,0.0,0,0.0,21382284653.3,13577834971.4,0
2016-06-07,'000806,银河生物,0.0,0.0,0.0,0.0,19.44,None,None,0.0,0,0.0,21382284653.3,13577834971.4,0
2016-06-06,'000806,银河生物,0.0,0.0,0.0,0.0,19.44,None,None,0.0,0,0.0,21382284653.3,13577834971.4,0
2016-06-03,'000806,银河生物,0.0,0.0,0.0,0.0,19.44,None,None,0.0,0,0.0,21382284653.3,13577834971.4,0
2016-06-02,'000806,银河生物,0.0,0.0,0.0,0.0,19.44,None,None,0.0,0,0.0,21382284653.3,13577834971.4,0
2016-06-01,'000806,银河生物,0.0,0.0,0.0,0.0,19.44,None,None,0.0,0,0.0,21382284653.3,13577834971.4,0
2016-05-31,'000806,银河生物,0.0,0.0,0.0,0.0,19.44,None,None,0.0,0,0.0,21382284653.3,13577834971.4,0
2016-05-30,'000806,银河生物,0.0,0.0,0.0,0.0,19.44,None,None,0.0,0,0.0,21382284653.3,13577834971.4,0
2016-05-27,'000806,银河生物,0.0,0.0,0.0,0.0,19.44,None,None,0.0,0,0.0,21382284653.3,13577834971.4,0
2016-05-26,'000806,银河生物,0.0,0.0,0.0,0.0,19.44,None,None,0.0,0,0.0,21382284653.3,13577834971.4,0
2016-05-25,'000806,银河生物,0.0,0.0,0.0,0.0,19.44,None,None,0.0,0,0.0,21382284653.3,13577834971.4,0
2016-05-24,'000806,银河生物,0.0,0.0,0.0,0.0,19.44,None,None,0.0,0,0.0,21382284653.3,13577834971.4,0
2016-05-23,'000806,银河生物,0.0,0.0,0.0,0.0,19.44,None,None,0.0,0,0.0,21382284653.3,13577834971.4,0
2016-05-20,'000806,银河生物,0.0,0.0,0.0,0.0,19.44,None,None,0.0,0,0.0,21382284653.3,13577834971.4,0
2016-05-19,'000806,银河生物,0.0,0.0,0.0,0.0,19.44,None,None,0.0,0,0.0,21382284653.3,13577834971.4,0
2016-05-18,'000806,银河生物,0.0,0.0,0.0,0.0,19.44,None,None,0.0,0,0.0,21382284653.3,13577834971.4,0
2016-05-17,'000806,银河生物,0.0,0.0,0.0,0.0,19.44,None,None,0.0,0,0.0,21382284653.3,13577834971.4,0
2016-05-16,'000806,银河生物,0.0,0.0,0.0,0.0,19.44,None,None,0.0,0,0.0,21382284653.3,13577834971.4,0
2016-05-13,'000806,银河生物,0.0,0.0,0.0,0.0,19.44,None,None,0.0,0,0.0,21382284653.3,13577834971.4,0
2016-05-12,'000806,银河生物,0.0,0.0,0.0,0.0,19.44,None,None,0.0,0,0.0,21382284653.3,13577834971.4,0
2016-05-11,'000806,银河生物,0.0,0.0,0.0,0.0,19.44,None,None,0.0,0,0.0,21382284653.3,13577834971.4,0
2016-05-10,'000806,银河生物,0.0,0.0,0.0,0.0,19.44,None,None,0.0,0,0.0,21382284653.3,13577834971.4,0
2016-05-09,'000806,银河生物,0.0,0.0,0.0,0.0,19.44,None,None,0.0,0,0.0,21382284653.3,13577834971.4,0
2016-05-06,'000806,银河生物,0.0,0.0,0.0,0.0,19.44,None,None,0.0,0,0.0,21382284653.3,13577834971.4,0
2016-05-05,'000806,银河生物,0.0,0.0,0.0,0.0,19.44,None,None,0.0,0,0.0,21382284653.3,13577834971.4,0
2016-05-04,'000806,银河生物,0.0,0.0,0.0,0.0,19.44,None,None,0.0,0,0.0,21382284653.3,13577834971.4,0
2016-05-03,'000806,银河生物,0.0,0.0,0.0,0.0,19.44,None,None,0.0,0,0.0,21382284653.3,13577834971.4,0
2016-04-29,'000806,银河生物,0.0,0.0,0.0,0.0,19.44,None,None,0.0,0,0.0,21382284653.3,13577834971.4,0
2016-04-28,'000806,银河生物,0.0,0.0,0.0,0.0,19.44,None,None,0.0,0,0.0,21382284653.3,13577834971.4,0
2016-04-27,'000806,银河生物,0.0,0.0,0.0,0.0,19.44,None,None,0.0,0,0.0,21382284653.3,13577834971.4,0
2016-04-26,'000806,银河生物,0.0,0.0,0.0,0.0,19.44,None,None,0.0,0,0.0,21382284653.3,13577834971.4,0
2016-04-25,'000806,银河生物,0.0,0.0,0.0,0.0,19.44,None,None,0.0,0,0.0,21382284653.3,13577834971.4,0
2016-04-22,'000806,银河生物,0.0,0.0,0.0,0.0,19.44,None,None,0.0,0,0.0,21382284653.3,13577834971.4,0
2016-04-21,'000806,银河生物,0.0,0.0,0.0,0.0,19.44,None,None,0.0,0,0.0,21382284653.3,13577834971.4,0
2016-04-20,'000806,银河生物,0.0,0.0,0.0,0.0,19.44,None,None,0.0,0,0.0,21382284653.3,13577834971.4,0
2016-04-19,'000806,银河生物,0.0,0.0,0.0,0.0,19.44,None,None,0.0,0,0.0,21382284653.3,13577834971.4,0
2016-04-18,'000806,银河生物,0.0,0.0,0.0,0.0,19.44,None,None,0.0,0,0.0,21382284653.3,13577834971.4,0
2016-04-15,'000806,银河生物,0.0,0.0,0.0,0.0,19.44,None,None,0.0,0,0.0,21382284653.3,13577834971.4,0
2016-04-14,'000806,银河生物,0.0,0.0,0.0,0.0,19.44,None,None,0.0,0,0.0,21382284653.3,13577834971.4,0
2016-04-13,'000806,银河生物,0.0,0.0,0.0,0.0,19.44,None,None,0.0,0,0.0,21382284653.3,13577834971.4,0
2016-04-12,'000806,银河生物,0.0,0.0,0.0,0.0,19.44,None,None,0.0,0,0.0,21382284653.3,13577834971.4,0
2016-04-11,'000806,银河生物,0.0,0.0,0.0,0.0,19.44,None,None,0.0,0,0.0,21382284653.3,13577834971.4,0
2016-04-08,'000806,银河生物,0.0,0.0,0.0,0.0,19.44,None,None,0.0,0,0.0,21382284653.3,13577834971.4,0
2016-04-07,'000806,银河生物,0.0,0.0,0.0,0.0,19.44,None,None,0.0,0,0.0,21382284653.3,13577834971.4,0
2016-04-06,'000806,银河生物,0.0,0.0,0.0,0.0,19.44,None,None,0.0,0,0.0,21382284653.3,13577834971.4,0
2016-04-05,'000806,银河生物,0.0,0.0,0.0,0.0,19.44,None,None,0.0,0,0.0,21382284653.3,13577834971.4,0
2016-04-01,'000806,银河生物,0.0,0.0,0.0,0.0,19.44,None,None,0.0,0,0.0,21382284653.3,13577834971.4,0
2016-03-31,'000806,银河生物,0.0,0.0,0.0,0.0,19.44,None,None,0.0,0,0.0,21382284653.3,13577834971.4,0
2016-03-30,'000806,银河生物,0.0,0.0,0.0,0.0,19.44,None,None,0.0,0,0.0,21382284653.3,13577834971.4,0
2016-03-29,'000806,银河生物,0.0,0.0,0.0,0.0,19.44,None,None,0.0,0,0.0,21382284653.3,13577834971.4,0
2016-03-28,'000806,银河生物,0.0,0.0,0.0,0.0,19.44,None,None,0.0,0,0.0,21382284653.3,13577834971.4,0
2016-03-25,'000806,银河生物,0.0,0.0,0.0,0.0,19.44,None,None,0.0,0,0.0,21382284653.3,13577834971.4,0
2016-03-24,'000806,银河生物,0.0,0.0,0.0,0.0,19.44,None,None,0.0,0,0.0,21382284653.3,13577834971.4,0
2016-03-23,'000806,银河生物,0.0,0.0,0.0,0.0,19.44,None,None,0.0,0,0.0,21382284653.3,13577834971.4,0
2016-03-22,'000806,银河生物,0.0,0.0,0.0,0.0,19.44,None,None,0.0,0,0.0,21382284653.3,13577834971.4,0
2016-03-21,'000806,银河生物,0.0,0.0,0.0,0.0,19.44,None,None,0.0,0,0.0,21382284653.3,13577834971.4,0
2016-03-18,'000806,银河生物,0.0,0.0,0.0,0.0,19.44,None,None,0.0,0,0.0,21382284653.3,13577834971.4,0
2016-03-17,'000806,银河生物,0.0,0.0,0.0,0.0,19.44,None,None,0.0,0,0.0,21382284653.3,13577834971.4,0
2016-03-16,'000806,银河生物,0.0,0.0,0.0,0.0,19.44,None,None,0.0,0,0.0,21382284653.3,13577834971.4,0
2016-03-15,'000806,银河生物,0.0,0.0,0.0,0.0,19.44,None,None,0.0,0,0.0,21382284653.3,13577834971.4,0
2016-03-14,'000806,银河生物,0.0,0.0,0.0,0.0,19.44,None,None,0.0,0,0.0,21382284653.3,13577834971.4,0
2016-03-11,'000806,银河生物,0.0,0.0,0.0,0.0,19.44,None,None,0.0,0,0.0,21382284653.3,13577834971.4,0
2016-03-10,'000806,银河生物,0.0,0.0,0.0,0.0,19.44,None,None,0.0,0,0.0,21382284653.3,13577834971.4,0
2016-03-09,'000806,银河生物,0.0,0.0,0.0,0.0,19.44,None,None,0.0,0,0.0,21382284653.3,13577834971.4,0
2016-03-08,'000806,银河生物,0.0,0.0,0.0,0.0,19.44,None,None,0.0,0,0.0,21382284653.3,13577834971.4,0
2016-03-07,'000806,银河生物,0.0,0.0,0.0,0.0,19.44,None,None,0.0,0,0.0,21382284653.3,13577834971.4,0
2016-03-04,'000806,银河生物,0.0,0.0,0.0,0.0,19.44,None,None,0.0,0,0.0,21382284653.3,13577834971.4,0
2016-03-03,'000806,银河生物,0.0,0.0,0.0,0.0,19.44,None,None,0.0,0,0.0,21382284653.3,13577834971.4,0
2016-03-02,'000806,银河生物,0.0,0.0,0.0,0.0,19.44,None,None,0.0,0,0.0,21382284653.3,13577834971.4,0
2016-03-01,'000806,银河生物,0.0,0.0,0.0,0.0,19.44,None,None,0.0,0,0.0,21382284653.3,13577834971.4,0
2016-02-29,'000806,银河生物,0.0,0.0,0.0,0.0,19.44,None,None,0.0,0,0.0,21382284653.3,13577834971.4,0
2016-02-26,'000806,银河生物,0.0,0.0,0.0,0.0,19.44,None,None,0.0,0,0.0,21382284653.3,13577834971.4,0
2016-02-25,'000806,银河生物,0.0,0.0,0.0,0.0,19.44,None,None,0.0,0,0.0,21382284653.3,13577834971.4,0
2016-02-24,'000806,银河生物,0.0,0.0,0.0,0.0,19.44,None,None,0.0,0,0.0,21382284653.3,13577834971.4,0
2016-02-23,'000806,银河生物,0.0,0.0,0.0,0.0,19.44,None,None,0.0,0,0.0,21382284653.3,13577834971.4,0
2016-02-22,'000806,银河生物,0.0,0.0,0.0,0.0,19.44,None,None,0.0,0,0.0,21382284653.3,13577834971.4,0
2016-02-19,'000806,银河生物,0.0,0.0,0.0,0.0,19.44,None,None,0.0,0,0.0,21382284653.3,13577834971.4,0
2016-02-18,'000806,银河生物,0.0,0.0,0.0,0.0,19.44,None,None,0.0,0,0.0,21382284653.3,13577834971.4,0
2016-02-17,'000806,银河生物,0.0,0.0,0.0,0.0,19.44,None,None,0.0,0,0.0,21382284653.3,13577834971.4,0
2016-02-16,'000806,银河生物,0.0,0.0,0.0,0.0,19.44,None,None,0.0,0,0.0,21382284653.3,13577834971.4,0
2016-02-15,'000806,银河生物,0.0,0.0,0.0,0.0,19.44,None,None,0.0,0,0.0,21382284653.3,13577834971.4,0
2016-02-05,'000806,银河生物,0.0,0.0,0.0,0.0,19.44,None,None,0.0,0,0.0,21382284653.3,13577834971.4,0
2016-02-04,'000806,银河生物,0.0,0.0,0.0,0.0,19.44,None,None,0.0,0,0.0,21382284653.3,13577834971.4,0
2016-02-03,'000806,银河生物,0.0,0.0,0.0,0.0,19.44,None,None,0.0,0,0.0,21382284653.3,13577834971.4,0
2016-02-02,'000806,银河生物,0.0,0.0,0.0,0.0,19.44,None,None,0.0,0,0.0,21382284653.3,13577834971.4,0
2016-02-01,'000806,银河生物,0.0,0.0,0.0,0.0,19.44,None,None,0.0,0,0.0,21382284653.3,13577834971.4,0
2016-01-29,'000806,银河生物,0.0,0.0,0.0,0.0,19.44,None,None,0.0,0,0.0,21382284653.3,13577834971.4,0
2016-01-28,'000806,银河生物,0.0,0.0,0.0,0.0,19.44,None,None,0.0,0,0.0,21382284653.3,13577834971.4,0
2016-01-27,'000806,银河生物,0.0,0.0,0.0,0.0,19.44,None,None,0.0,0,0.0,21382284653.3,13577834971.4,0
2016-01-26,'000806,银河生物,0.0,0.0,0.0,0.0,19.44,None,None,0.0,0,0.0,21382284653.3,13577834971.4,0
2016-01-25,'000806,银河生物,0.0,0.0,0.0,0.0,19.44,None,None,0.0,0,0.0,21382284653.3,13577834971.4,0
2016-01-22,'000806,银河生物,0.0,0.0,0.0,0.0,19.44,None,None,0.0,0,0.0,21382284653.3,13577834971.4,0
2016-01-21,'000806,银河生物,0.0,0.0,0.0,0.0,19.44,None,None,0.0,0,0.0,21382284653.3,13577834971.4,0
2016-01-20,'000806,银河生物,0.0,0.0,0.0,0.0,19.44,None,None,0.0,0,0.0,21382284653.3,13577834971.4,0
2016-01-19,'000806,银河生物,0.0,0.0,0.0,0.0,19.44,None,None,0.0,0,0.0,21382284653.3,13577834971.4,0
2016-01-18,'000806,银河生物,0.0,0.0,0.0,0.0,19.44,None,None,0.0,0,0.0,21382284653.3,13577834971.4,0
2016-01-15,'000806,银河生物,0.0,0.0,0.0,0.0,19.44,None,None,0.0,0,0.0,21382284653.3,13577834971.4,0
2016-01-14,'000806,银河生物,0.0,0.0,0.0,0.0,19.44,None,None,0.0,0,0.0,21382284653.3,13577834971.4,0
2016-01-13,'000806,银河生物,0.0,0.0,0.0,0.0,19.44,None,None,0.0,0,0.0,21382284653.3,13577834971.4,0
2016-01-12,'000806,银河生物,0.0,0.0,0.0,0.0,19.44,None,None,0.0,0,0.0,21382284653.3,13577834971.4,0
2016-01-11,'000806,银河生物,19.44,19.44,19.44,19.44,21.6,-2.16,-10.0,0.6455,4508300,87641352.0,21382284653.3,13577834971.4,4181
2016-01-08,'000806,银河生物,21.6,25.0,21.6,24.48,24.0,-2.4,-10.0,13.2459,92515490,2019548439.73,23758094059.2,15086483301.6,61120
2016-01-07,'000806,银河生物,24.0,25.4,23.02,25.4,25.56,-1.56,-6.1033,1.0162,7097651,169776399.59,26397882288.0,16762759224.0,4089
2016-01-06,'000806,银河生物,25.56,26.01,24.83,26.0,25.9,-0.34,-1.3127,2.4189,16894555,431445008.71,28113744636.7,17852338573.6,15935
2016-01-05,'000806,银河生物,25.9,27.0,23.52,25.68,26.01,-0.11,-0.4229,5.3354,37264962,929941149.23,28487714635.8,18089810995.9,23878
2016-01-04,'000806,银河生物,26.01,28.5,25.78,28.5,28.53,-2.52,-8.8328,1.7013,11882518,323242719.49,28608704929.6,18166640309.0,11031
