日期,股票代码,名称,收盘价,最高价,最低价,开盘价,前收盘,涨跌额,涨跌幅,换手率,成交量,成交金额,总市值,流通市值,成交笔数
2016-10-12,'000088,盐 田 港,7.32,7.38,7.19,7.3,7.37,-0.05,-0.6784,0.4785,9292916,67588244.26,14216904000.0,14216904000.0,3798
2016-10-11,'000088,盐 田 港,7.37,7.52,7.19,7.25,7.24,0.13,1.7956,0.7051,13694799,101214591.1,14314014000.0,14314014000.0,6175
2016-10-10,'000088,盐 田 港,7.24,7.28,7.11,7.11,7.09,0.15,2.1157,0.3952,7675974,55357156.05,14061528000.0,14061528000.0,3397
2016-09-30,'000088,盐 田 港,7.09,7.25,7.02,7.03,7.02,0.07,0.9972,0.392,7614024,54087680.08,13770198000.0,13770198000.0,2534
2016-09-29,'000088,盐 田 港,7.02,7.09,6.96,7.0,7.02,0.0,0.0,0.2293,4453556,31334373.0,13634244000.0,13634244000.0,1788
2016-09-28,'000088,盐 田 港,7.02,7.04,6.95,7.04,7.0,0.02,0.2857,0.1667,3237415,22648556.23,13634244000.0,13634244000.0,1722
2016-09-27,'000088,盐 田 港,7.0,7.05,6.89,6.96,7.0,0.0,0.0,0.2443,4744561,33021504.91,13595400000.0,13595400000.0,2584
2016-09-26,'000088,盐 田 港,7.0,7.18,7.0,7.18,7.2,-0.2,-2.7778,0.2721,5284995,37501905.28,13595400000.0,13595400000.0,2890
2016-09-23,'000088,盐 田 港,7.2,7.31,7.13,7.3,7.2,0.0,0.0,0.3665,7117815,51261227.32,13983840000.0,13983840000.0,4135
2016-09-22,'000088,盐 田 港,7.2,7.51,7.18,7.26,7.01,0.19,2.7104,0.7311,14198590,103468456.65,13983840000.0,13983840000.0,8381
2016-09-21,'000088,盐 田 港,7.01,7.01,6.92,6.94,6.95,0.06,0.8633,0.1571,3050680,21248982.35,13614822000.0,13614822000.0,1232
2016-09-20,'000088,盐 田 港,6.95,6.97,6.88,6.88,6.9,0.05,0.7246,0.1285,2495127,17281356.65,13498290000.0,13498290000.0,1110
2016-09-19,'000088,盐 田 港,6.9,6.92,6.86,6.86,6.86,0.04,0.5831,0.1086,2108295,14532073.6,13401180000.0,13401180000.0,952
2016-09-14,'000088,盐 田 港,6.86,6.92,6.84,6.92,6.92,-0.06,-0.8671,0.1014,1970256,13528720.78,13323492000.0,13323492000.0,1215
2016-09-13,'000088,盐 田 港,6.92,6.97,6.86,6.97,6.89,0.03,0.4354,0.143,2777660,19184444.53,13440024000.0,13440024000.0,1512
2016-09-12,'000088,盐 田 港,6.89,7.05,6.89,7.01,7.08,-0.19,-2.6836,0.2691,5226667,36370432.34,13381758000.0,13381758000.0,2632
2016-09-09,'000088,盐 田 港,7.08,7.13,7.08,7.1,7.1,-0.02,-0.2817,0.1273,2472106,17543354.81,13750776000.0,13750776000.0,1357
2016-09-08,'000088,盐 田 港,7.1,7.16,7.05,7.14,7.14,-0.04,-0.5602,0.1905,3699288,26203167.4,13789620000.0,13789620000.0,1769
2016-09-07,'000088,盐 田 港,7.14,7.2,7.11,7.12,7.15,-0.01,-0.1399,0.2013,3908874,27975284.86,13867308000.0,13867308000.0,1997
2016-09-06,'000088,盐 田 港,7.15,7.15,7.01,7.08,7.08,0.07,0.9887,0.1953,3793582,26916471.84,13886730000.0,13886730000.0,2305
2016-09-05,'000088,盐 田 港,7.08,7.11,7.06,7.08,7.08,0.0,0.0,0.1256,2438602,17288137.7,13750776000.0,13750776000.0,1417
2016-09-02,'000088,盐 田 港,7.08,7.13,7.02,7.08,7.14,-0.06,-0.8403,0.224,4350617,30740827.42,13750776000.0,13750776000.0,2354
2016-09-01,'000088,盐 田 港,7.14,7.27,7.13,7.14,7.13,0.01,0.1403,0.289,5612756,40452071.56,13867308000.0,13867308000.0,2964
2016-08-31,'000088,盐 田 港,7.13,7.18,7.08,7.18,7.14,-0.01,-0.1401,0.1562,3034522,21593109.76,13847886000.0,13847886000.0,1614
2016-08-30,'000088,盐 田 港,7.14,7.22,7.13,7.18,7.18,-0.04,-0.5571,0.185,3592774,25762329.39,13867308000.0,13867308000.0,1875
2016-08-29,'000088,盐 田 港,7.18,7.18,7.07,7.08,7.07,0.11,1.5559,0.242,4700244,33513266.28,13944996000.0,13944996000.0,1971
2016-08-26,'000088,盐 田 港,7.07,7.16,7.05,7.1,7.08,-0.01,-0.1412,0.1856,3604844,25601248.14,13731354000.0,13731354000.0,2536
2016-08-25,'000088,盐 田 港,7.08,7.21,6.91,7.18,7.22,-0.14,-1.9391,0.3822,7423448,52321457.05,13750776000.0,13750776000.0,3729
2016-08-24,'000088,盐 田 港,7.22,7.28,7.18,7.23,7.19,0.03,0.4172,0.2224,4318830,31210381.72,14022684000.0,14022684000.0,2195
2016-08-23,'000088,盐 田 港,7.19,7.37,7.17,7.26,7.28,-0.09,-1.2363,0.3495,6788326,49309301.58,13964418000.0,13964418000.0,2930
2016-08-22,'000088,盐 田 港,7.28,7.48,7.28,7.48,7.48,-0.2,-2.6738,0.3749,7280780,53579869.27,14139216000.0,14139216000.0,3458
2016-08-19,'000088,盐 田 港,7.48,7.62,7.43,7.48,7.57,-0.09,-1.1889,0.5161,10022998,75216369.81,14527656000.0,14527656000.0,5095
2016-08-18,'000088,盐 田 港,7.57,7.76,7.27,7.3,7.32,0.25,3.4153,1.207,23442052,177075499.59,14702454000.0,14702454000.0,10015
2016-08-17,'000088,盐 田 港,7.32,7.65,7.3,7.4,7.45,-0.13,-1.745,0.9126,17724795,132489296.96,14216904000.0,14216904000.0,7252
2016-08-16,'000088,盐 田 港,7.45,7.52,7.26,7.39,7.35,0.1,1.3605,0.8542,16590105,122662170.79,14469390000.0,14469390000.0,6965
2016-08-15,'000088,盐 田 港,7.35,7.4,7.08,7.1,7.12,0.23,3.2303,1.0127,19668922,143041930.11,14275170000.0,14275170000.0,7593
2016-08-12,'000088,盐 田 港,7.12,7.13,7.0,7.02,7.02,0.1,1.4245,0.3559,6911669,48818837.92,13828464000.0,13828464000.0,2881
2016-08-11,'000088,盐 田 港,7.02,7.15,7.0,7.01,7.06,-0.04,-0.5666,0.3186,6188705,43805861.9,13634244000.0,13634244000.0,2881
2016-08-10,'000088,盐 田 港,7.06,7.25,7.05,7.17,7.19,-0.13,-1.8081,0.4309,8369231,59539656.57,13711932000.0,13711932000.0,3867
2016-08-09,'000088,盐 田 港,7.19,7.22,7.08,7.18,7.17,0.02,0.2789,0.5479,10641129,76102033.5,13964418000.0,13964418000.0,4618
2016-08-08,'000088,盐 田 港,7.17,7.17,6.99,7.13,7.17,0.0,0.0,0.6144,11933067,84464300.42,13925574000.0,13925574000.0,5244
2016-08-05,'000088,盐 田 港,7.17,7.47,6.99,6.99,6.97,0.2,2.8694,1.1965,23238166,168718870.24,13925574000.0,13925574000.0,10484
2016-08-04,'000088,盐 田 港,6.97,7.06,6.88,7.06,7.09,-0.12,-1.6925,0.4055,7875134,54879858.28,13537134000.0,13537134000.0,4312
2016-08-03,'000088,盐 田 港,7.09,7.17,6.9,6.93,6.9,0.19,2.7536,0.6762,13133810,92959247.25,13770198000.0,13770198000.0,6026
2016-08-02,'000088,盐 田 港,6.9,6.9,6.76,6.8,6.79,0.11,1.62,0.1974,3834072,26241344.94,13401180000.0,13401180000.0,2452
2016-08-01,'000088,盐 田 港,6.79,6.93,6.72,6.9,6.9,-0.11,-1.5942,0.2294,4455183,30258275.23,13187538000.0,13187538000.0,2620
2016-07-29,'000088,盐 田 港,6.9,7.06,6.82,6.83,6.89,0.01,0.1451,0.3633,7055065,49009344.17,13401180000.0,13401180000.0,3419
2016-07-28,'000088,盐 田 港,6.89,6.96,6.65,6.85,6.86,0.03,0.4373,0.4541,8820394,60187784.87,13381758000.0,13381758000.0,4046
2016-07-27,'000088,盐 田 港,6.86,7.2,6.74,7.03,6.99,-0.13,-1.8598,0.8421,16355543,114778510.63,13323492000.0,13323492000.0,7595
2016-07-26,'000088,盐 田 港,6.99,6.99,6.87,6.91,6.88,0.11,1.5988,0.2816,5469363,38017489.37,13575978000.0,13575978000.0,2565
2016-07-25,'000088,盐 田 港,6.88,6.94,6.84,6.89,6.9,-0.02,-0.2899,0.2157,4190053,28878768.33,13362336000.0,13362336000.0,2003
2016-07-22,'000088,盐 田 港,6.9,7.04,6.85,7.02,7.04,-0.14,-1.9886,0.5244,10185404,70404748.11,13401180000.0,13401180000.0,3942
2016-07-21,'000088,盐 田 港,7.04,7.11,7.01,7.05,7.02,0.02,0.2849,0.2317,4500063,31740493.77,13673088000.0,13673088000.0,2395
2016-07-20,'000088,盐 田 港,7.02,7.2,7.01,7.15,7.17,-0.15,-2.0921,0.3912,7597198,53719730.97,13634244000.0,13634244000.0,4142
2016-07-19,'000088,盐 田 港,7.17,7.18,7.08,7.11,7.13,0.04,0.561,0.3677,7141954,50970351.54,13925574000.0,13925574000.0,2978
2016-07-18,'000088,盐 田 港,7.13,7.18,7.06,7.13,7.1,0.03,0.4225,0.3715,7215894,51448297.46,13847886000.0,13847886000.0,3801
2016-07-15,'000088,盐 田 港,7.1,7.18,7.04,7.12,7.13,-0.03,-0.4208,0.3721,7227868,51454142.22,13789620000.0,13789620000.0,2988
2016-07-14,'000088,盐 田 港,7.13,7.21,7.09,7.16,7.22,-0.09,-1.2465,0.5945,11547083,82379296.13,13847886000.0,13847886000.0,4905
2016-07-13,'000088,盐 田 港,7.22,7.37,7.19,7.33,7.31,-0.09,-1.2312,0.748,14528388,105343566.01,14022684000.0,14022684000.0,5786
2016-07-12,'000088,盐 田 港,7.31,7.35,7.15,7.25,7.32,-0.01,-0.1366,0.9638,18719457,135584848.3,14197482000.0,14197482000.0,7894
2016-07-11,'000088,盐 田 港,7.32,7.7,7.04,7.15,7.3,0.02,0.274,2.1664,42074881,304850881.92,14216904000.0,14216904000.0,15747
2016-07-08,'000088,盐 田 港,7.3,7.3,6.52,6.6,6.64,0.66,9.9398,1.6276,31612038,222479713.87,14178060000.0,14178060000.0,9092
2016-07-07,'000088,盐 田 港,6.64,6.66,6.48,6.52,6.51,0.13,1.9969,0.5807,11278388,74400512.32,12896208000.0,12896208000.0,4198
2016-07-06,'000088,盐 田 港,6.51,6.55,6.43,6.52,6.56,-0.05,-0.7622,0.2986,5798482,37620934.3,12643722000.0,12643722000.0,2866
2016-07-05,'000088,盐 田 港,6.56,6.66,6.49,6.51,6.49,0.07,1.0786,0.5058,9824334,64766286.67,12740832000.0,12740832000.0,3843
2016-07-04,'000088,盐 田 港,6.51,6.52,6.38,6.38,6.44,0.07,1.087,0.4358,8464511,54912820.2,12643722000.0,12643722000.0,3611
2016-07-01,'000088,盐 田 港,6.44,6.48,6.42,6.45,6.44,0.0,0.0,0.186,3613257,23294249.04,12507768000.0,12507768000.0,1508
2016-06-30,'000088,盐 田 港,6.44,6.5,6.4,6.45,6.45,-0.01,-0.155,0.1974,3833510,24648543.89,12507768000.0,12507768000.0,1853
2016-06-29,'000088,盐 田 港,6.45,6.52,6.41,6.49,6.48,-0.03,-0.463,0.2676,5198051,33502404.43,12527190000.0,12527190000.0,2343
2016-06-28,'000088,盐 田 港,6.48,6.53,6.28,6.32,6.33,0.15,2.3697,0.4808,9338028,59923916.62,12585456000.0,12585456000.0,4192
2016-06-27,'000088,盐 田 港,6.33,6.34,6.21,6.21,6.22,0.11,1.7685,0.225,4370665,27455776.57,12294126000.0,12294126000.0,2086
2016-06-24,'000088,盐 田 港,6.22,6.38,6.16,6.3,6.35,-0.13,-2.0472,0.2809,5455432,34130297.28,12080484000.0,12080484000.0,2462
2016-06-23,'000088,盐 田 港,6.35,6.4,6.32,6.4,6.4,-0.05,-0.7813,0.1761,3420860,21771444.67,12332970000.0,12332970000.0,1577
2016-06-22,'000088,盐 田 港,6.4,6.4,6.27,6.37,6.34,0.06,0.9464,0.1831,3556884,22602055.92,12430080000.0,12430080000.0,1706
2016-06-21,'000088,盐 田 港,6.34,6.42,6.28,6.36,6.33,0.01,0.158,0.2686,5216312,33190062.22,12313548000.0,12313548000.0,2026
2016-06-20,'000088,盐 田 港,6.33,6.36,6.26,6.3,6.38,-0.05,-0.7837,0.1688,3277555,20667182.67,12294126000.0,12294126000.0,1997
2016-06-17,'000088,盐 田 港,6.38,6.5,6.33,6.41,6.25,0.13,2.08,0.3369,6544147,41901465.91,12391236000.0,12391236000.0,2732
2016-06-16,'000088,盐 田 港,6.25,6.37,6.23,6.31,6.37,-0.12,-1.8838,0.222,4312242,27131345.49,12138750000.0,12138750000.0,1902
2016-06-15,'000088,盐 田 港,6.37,6.45,6.15,6.19,6.27,0.1,1.5949,0.2661,5167844,32754593.74,12371814000.0,12371814000.0,2458
2016-06-14,'000088,盐 田 港,6.27,6.28,6.16,6.19,6.2,0.07,1.129,0.1756,3410982,21163052.2,12177594000.0,12177594000.0,2164
2016-06-13,'000088,盐 田 港,6.2,6.37,6.2,6.35,6.42,-0.22,-3.4268,0.2124,4125389,25915194.88,12041640000.0,12041640000.0,2226
2016-06-08,'000088,盐 田 港,6.42,6.46,6.35,6.43,6.43,-0.01,-0.1555,0.1504,2920309,18670992.59,12468924000.0,12468924000.0,1511
2016-06-07,'000088,盐 田 港,6.43,6.49,6.41,6.46,6.47,-0.04,-0.6182,0.1626,3158294,20322534.01,12488346000.0,12488346000.0,2157
2016-06-06,'000088,盐 田 港,6.47,6.57,6.45,6.57,6.5,-0.03,-0.4615,0.1854,3601783,23342776.55,12566034000.0,12566034000.0,1761
2016-06-03,'000088,盐 田 港,6.5,6.66,6.43,6.48,6.49,0.01,0.1541,0.3368,6541055,42515846.12,12624300000.0,12624300000.0,2552
2016-06-02,'000088,盐 田 港,6.49,6.68,6.41,6.42,6.49,0.0,0.0,0.3289,6387161,41406002.43,12604878000.0,12604878000.0,2950
2016-06-01,'000088,盐 田 港,6.49,6.55,6.36,6.4,6.39,0.1,1.5649,0.394,7652628,49378923.32,12604878000.0,12604878000.0,3749
2016-05-31,'000088,盐 田 港,6.39,6.4,6.19,6.19,6.18,0.21,3.3981,0.3908,7590658,48058339.08,12410658000.0,12410658000.0,3838
2016-05-30,'000088,盐 田 港,6.18,6.26,6.08,6.24,6.26,-0.08,-1.278,0.1134,2201881,13625093.84,12002796000.0,12002796000.0,1780
2016-05-27,'000088,盐 田 港,6.26,6.32,6.16,6.18,6.21,0.05,0.8052,0.1833,3560728,22257134.43,12158172000.0,12158172000.0,2019
2016-05-26,'000088,盐 田 港,6.21,6.23,6.09,6.2,6.19,0.02,0.3231,0.1554,3019003,18585916.28,12061062000.0,12061062000.0,1901
2016-05-25,'000088,盐 田 港,6.19,6.29,6.18,6.23,6.23,-0.04,-0.6421,0.1422,2762696,17203956.42,12022218000.0,12022218000.0,1395
2016-05-24,'000088,盐 田 港,6.23,6.28,6.18,6.28,6.27,-0.04,-0.638,0.1195,2321278,14440444.38,12099906000.0,12099906000.0,1520
2016-05-23,'000088,盐 田 港,6.27,6.3,6.22,6.25,6.25,0.02,0.32,0.2087,4054253,25395836.07,12177594000.0,12177594000.0,1864
2016-05-20,'000088,盐 田 港,6.25,6.26,6.15,6.2,6.21,0.04,0.6441,0.1342,2605544,16194236.02,12138750000.0,12138750000.0,1618
2016-05-19,'000088,盐 田 港,6.21,6.28,6.15,6.15,6.23,-0.02,-0.321,0.1539,2988434,18620882.76,12061062000.0,12061062000.0,2039
2016-05-18,'000088,盐 田 港,6.23,6.38,6.17,6.38,6.46,-0.23,-3.5604,0.291,5651749,35359170.04,12099906000.0,12099906000.0,3510
2016-05-17,'000088,盐 田 港,6.46,6.65,6.25,6.3,6.3,0.16,2.5397,0.4158,8075560,52107592.3,12546612000.0,12546612000.0,4350
2016-05-16,'000088,盐 田 港,6.3,6.32,6.21,6.22,6.24,0.06,0.9615,0.1958,3803626,23855606.46,12235860000.0,12235860000.0,2545
2016-05-13,'000088,盐 田 港,6.24,6.38,6.23,6.31,6.31,-0.07,-1.1094,0.1663,3229341,20362185.62,12119328000.0,12119328000.0,1843
2016-05-12,'000088,盐 田 港,6.31,6.34,6.2,6.33,6.37,-0.06,-0.9419,0.1733,3365265,21094063.46,12255282000.0,12255282000.0,3852
2016-05-11,'000088,盐 田 港,6.37,6.58,6.33,6.54,6.48,-0.11,-1.6975,0.1787,3470836,22279152.15,12371814000.0,12371814000.0,2420
2016-05-10,'000088,盐 田 港,6.48,6.59,6.33,6.4,6.42,0.06,0.9346,0.2351,4566875,29380957.61,12585456000.0,12585456000.0,2661
2016-05-09,'000088,盐 田 港,6.42,6.6,6.32,6.6,6.61,-0.19,-2.8744,0.3165,6147379,39325564.92,12468924000.0,12468924000.0,4375
2016-05-06,'000088,盐 田 港,6.61,6.85,6.6,6.81,6.82,-0.21,-3.0792,0.2922,5675378,38057313.92,12837942000.0,12837942000.0,4133
2016-05-05,'000088,盐 田 港,6.82,6.85,6.7,6.77,6.79,0.03,0.4418,0.2264,4396965,29817675.98,13245804000.0,13245804000.0,3705
2016-05-04,'000088,盐 田 港,6.79,6.88,6.76,6.79,6.81,-0.02,-0.2937,0.3078,5978107,40812732.28,13187538000.0,13187538000.0,3313
2016-05-03,'000088,盐 田 港,6.81,6.87,6.58,6.64,6.67,0.14,2.099,0.3073,5968047,40435090.86,13226382000.0,13226382000.0,3106
2016-04-29,'000088,盐 田 港,6.67,6.72,6.65,6.7,6.72,-0.05,-0.744,0.1186,2304173,15402919.18,12954474000.0,12954474000.0,1365
2016-04-28,'000088,盐 田 港,6.72,6.78,6.6,6.76,6.76,-0.04,-0.5917,0.1711,3322220,22201992.14,13051584000.0,13051584000.0,1926
2016-04-27,'000088,盐 田 港,6.76,6.85,6.72,6.77,6.8,-0.04,-0.5882,0.2174,4222819,28714157.45,13129272000.0,13129272000.0,2132
2016-04-26,'000088,盐 田 港,6.8,6.85,6.7,6.7,6.71,0.09,1.3413,0.1676,3255507,22037635.85,13206960000.0,13206960000.0,2276
2016-04-25,'000088,盐 田 港,6.71,6.71,6.58,6.61,6.66,0.05,0.7508,0.1819,3532508,23552401.1,13032162000.0,13032162000.0,2437
2016-04-22,'000088,盐 田 港,6.66,6.69,6.53,6.61,6.67,-0.01,-0.1499,0.2099,4077061,27029250.36,12935052000.0,12935052000.0,2231
2016-04-21,'000088,盐 田 港,6.67,6.81,6.61,6.66,6.66,0.01,0.1502,0.3401,6604851,44381453.38,12954474000.0,12954474000.0,3258
2016-04-20,'000088,盐 田 港,6.66,7.07,6.49,7.02,7.02,-0.36,-5.1282,0.5733,11134826,75152797.09,12935052000.0,12935052000.0,6384
2016-04-19,'000088,盐 田 港,7.02,7.09,7.0,7.04,7.02,0.0,0.0,0.3244,6300918,44350923.12,13634244000.0,13634244000.0,2789
2016-04-18,'000088,盐 田 港,7.02,7.09,6.97,7.09,7.1,-0.08,-1.1268,0.2712,5266416,36916845.18,13634244000.0,13634244000.0,3435
2016-04-15,'000088,盐 田 港,7.1,7.14,7.04,7.1,7.14,-0.04,-0.5602,0.4056,7878378,55796724.15,13789620000.0,13789620000.0,4142
2016-04-14,'000088,盐 田 港,7.14,7.23,7.06,7.18,7.12,0.02,0.2809,0.463,8993180,63930539.25,13867308000.0,13867308000.0,4721
2016-04-13,'000088,盐 田 港,7.12,7.25,7.02,7.02,6.99,0.13,1.8598,0.7564,14691308,104901717.16,13828464000.0,13828464000.0,7618
2016-04-12,'000088,盐 田 港,6.99,7.05,6.92,7.02,7.02,-0.03,-0.4274,0.2548,4949502,34500641.53,13575978000.0,13575978000.0,3103
2016-04-11,'000088,盐 田 港,7.02,7.08,6.93,6.93,6.88,0.14,2.0349,0.3924,7621715,53566532.19,13634244000.0,13634244000.0,3765
2016-04-08,'000088,盐 田 港,6.88,6.95,6.85,6.91,7.0,-0.12,-1.7143,0.324,6292440,43328476.62,13362336000.0,13362336000.0,4037
2016-04-07,'000088,盐 田 港,7.0,7.14,6.97,7.12,7.11,-0.11,-1.5471,0.4431,8605175,60480150.01,13595400000.0,13595400000.0,4419
2016-04-06,'000088,盐 田 港,7.11,7.16,7.02,7.07,7.11,0.0,0.0,0.5356,10402688,73886148.02,13809042000.0,13809042000.0,4822
2016-04-05,'000088,盐 田 港,7.11,7.14,6.93,7.02,7.01,0.1,1.4265,0.6301,12238704,86633648.55,13809042000.0,13809042000.0,5452
2016-04-01,'000088,盐 田 港,7.01,7.15,6.9,7.15,7.21,-0.2,-2.7739,0.72,13983265,97988496.79,13614822000.0,13614822000.0,7826
2016-03-31,'000088,盐 田 港,7.21,7.35,7.02,7.04,7.0,0.21,3.0,1.3,25249321,182557038.32,14003262000.0,14003262000.0,12625
2016-03-30,'000088,盐 田 港,7.0,7.0,6.82,6.85,6.8,0.2,2.9412,0.4247,8248722,57193120.66,13595400000.0,13595400000.0,4163
2016-03-29,'000088,盐 田 港,6.8,6.99,6.78,6.99,6.97,-0.17,-2.439,0.3979,7727137,52910451.93,13206960000.0,13206960000.0,4357
2016-03-28,'000088,盐 田 港,6.97,7.19,6.91,7.1,7.0,-0.03,-0.4286,0.5812,11288004,79708149.42,13537134000.0,13537134000.0,6083
2016-03-25,'000088,盐 田 港,7.0,7.02,6.85,6.85,6.87,0.13,1.8923,0.4271,8295940,57545390.02,13595400000.0,13595400000.0,4040
2016-03-24,'000088,盐 田 港,6.87,7.02,6.82,6.99,7.05,-0.18,-2.5532,0.4901,9518606,65849003.83,13342914000.0,13342914000.0,5409
2016-03-23,'000088,盐 田 港,7.05,7.14,6.94,7.0,7.07,-0.02,-0.2829,0.5857,11376385,80062642.16,13692510000.0,13692510000.0,4841
2016-03-22,'000088,盐 田 港,7.07,7.16,7.02,7.1,7.16,-0.09,-1.257,0.7514,14593553,103494512.34,13731354000.0,13731354000.0,6844
2016-03-21,'000088,盐 田 港,7.16,7.26,7.01,7.03,7.01,0.15,2.1398,1.0872,21115229,150347341.93,13906152000.0,13906152000.0,9750
2016-03-18,'000088,盐 田 港,7.01,7.06,6.82,6.82,6.87,0.14,2.0378,1.0577,20542170,142999189.02,13614822000.0,13614822000.0,9246
2016-03-17,'000088,盐 田 港,6.87,6.87,6.68,6.71,6.67,0.2,2.9985,0.7529,14621947,99484686.33,13342914000.0,13342914000.0,7633
2016-03-16,'000088,盐 田 港,6.67,6.84,6.63,6.69,6.68,-0.01,-0.1497,0.5082,9869719,66243263.19,12954474000.0,12954474000.0,5707
2016-03-15,'000088,盐 田 港,6.68,6.88,6.6,6.8,6.89,-0.21,-3.0479,0.7567,14696466,98931638.96,12973896000.0,12973896000.0,7310
2016-03-14,'000088,盐 田 港,6.89,7.08,6.73,6.85,6.72,0.17,2.5298,1.1081,21521466,149084942.84,13381758000.0,13381758000.0,10271
2016-03-11,'000088,盐 田 港,6.72,6.8,6.54,6.66,6.78,-0.06,-0.885,0.6807,13220442,88025459.78,13051584000.0,13051584000.0,7196
2016-03-10,'000088,盐 田 港,6.78,7.04,6.75,6.9,6.92,-0.14,-2.0231,1.0195,19800330,135987557.81,13168116000.0,13168116000.0,9326
2016-03-09,'000088,盐 田 港,6.92,7.3,6.91,7.01,7.5,-0.58,-7.7333,1.424,27656245,194893353.05,13440024000.0,13440024000.0,14652
2016-03-08,'000088,盐 田 港,7.5,7.8,7.06,7.71,7.66,-0.16,-2.0888,2.7525,53458414,397458219.4,14566500000.0,14566500000.0,23876
2016-03-07,'000088,盐 田 港,7.66,7.66,7.51,7.66,6.96,0.7,10.0575,1.4255,27685455,212040791.49,14877252000.0,14877252000.0,3435
2016-03-04,'000088,盐 田 港,6.96,6.96,6.96,6.96,6.33,0.63,9.9526,1.0772,20921971,145616918.16,13517712000.0,13517712000.0,3881
2016-03-03,'000088,盐 田 港,6.33,6.58,6.27,6.33,6.29,0.04,0.6359,0.5807,11278454,72108373.52,12294126000.0,12294126000.0,5017
2016-03-02,'000088,盐 田 港,6.29,6.33,5.99,6.03,5.98,0.31,5.1839,0.5202,10103164,62592862.14,12216438000.0,12216438000.0,4678
2016-03-01,'000088,盐 田 港,5.98,6.04,5.83,5.94,5.86,0.12,2.0478,0.2787,5412217,32134416.18,11614356000.0,11614356000.0,3174
2016-02-29,'000088,盐 田 港,5.86,6.14,5.74,6.14,6.14,-0.28,-4.5603,0.428,8313346,49026153.05,11381292000.0,11381292000.0,4211
2016-02-26,'000088,盐 田 港,6.14,6.22,6.03,6.11,6.08,0.06,0.9868,0.3338,6483477,39801466.16,11925108000.0,11925108000.0,3765
2016-02-25,'000088,盐 田 港,6.08,6.68,6.05,6.67,6.71,-0.63,-9.389,0.6138,11920559,75476187.16,11808576000.0,11808576000.0,5657
2016-02-24,'000088,盐 田 港,6.71,6.72,6.52,6.65,6.69,0.02,0.299,0.4109,7981081,53125788.28,13032162000.0,13032162000.0,3805
2016-02-23,'000088,盐 田 港,6.69,6.76,6.56,6.74,6.74,-0.05,-0.7418,0.4269,8291506,55041727.29,12993318000.0,12993318000.0,4092
2016-02-22,'000088,盐 田 港,6.74,6.83,6.62,6.71,6.65,0.09,1.3534,0.6653,12921414,86865332.44,13090428000.0,13090428000.0,4980
2016-02-19,'000088,盐 田 港,6.65,6.73,6.53,6.53,6.69,-0.04,-0.5979,0.5325,10342728,68469669.78,12915630000.0,12915630000.0,4273
2016-02-18,'000088,盐 田 港,6.69,6.97,6.6,6.62,6.59,0.1,1.5175,0.9502,18454897,124522735.45,12993318000.0,12993318000.0,6876
2016-02-17,'000088,盐 田 港,6.59,6.62,6.39,6.43,6.48,0.11,1.6975,0.6231,12102612,79040225.77,12799098000.0,12799098000.0,5237
2016-02-16,'000088,盐 田 港,6.48,6.6,6.19,6.19,6.18,0.3,4.8544,0.3751,7285264,46975639.47,12585456000.0,12585456000.0,4436
2016-02-15,'000088,盐 田 港,6.18,6.24,6.0,6.0,6.29,-0.11,-1.7488,0.2342,4549103,27796280.15,12002796000.0,12002796000.0,3035
2016-02-05,'000088,盐 田 港,6.29,6.68,6.27,6.39,6.39,-0.1,-1.5649,0.3528,6852467,44315335.72,12216438000.0,12216438000.0,3677
2016-02-04,'000088,盐 田 港,6.39,6.44,6.21,6.22,6.23,0.16,2.5682,0.3128,6075551,38456688.73,12410658000.0,12410658000.0,3408
2016-02-03,'000088,盐 田 港,6.23,6.28,6.07,6.12,6.21,0.02,0.3221,0.2588,5026311,30982502.42,12099906000.0,12099906000.0,3015
2016-02-02,'000088,盐 田 港,6.21,6.27,6.05,6.09,6.05,0.16,2.6446,0.2963,5755553,35664966.6,12061062000.0,12061062000.0,3636
2016-02-01,'000088,盐 田 港,6.05,6.19,5.97,6.17,6.17,-0.12,-1.9449,0.2577,5005944,30482220.39,11750310000.0,11750310000.0,2709
2016-01-29,'000088,盐 田 港,6.17,6.25,5.94,5.95,5.93,0.24,4.0472,0.3412,6626530,40678744.71,11983374000.0,11983374000.0,3532
2016-01-28,'000088,盐 田 港,5.93,6.35,5.88,6.2,6.37,-0.44,-6.9074,0.3438,6677537,41264227.9,11517246000.0,11517246000.0,4103
2016-01-27,'000088,盐 田 港,6.37,6.65,6.1,6.61,6.7,-0.33,-4.9254,0.5261,10217516,64945026.66,12371814000.0,12371814000.0,6954
2016-01-26,'000088,盐 田 港,6.7,7.33,6.65,7.32,7.08,-0.38,-5.3672,0.9128,17728560,126206738.74,13012740000.0,13012740000.0,9650
2016-01-25,'000088,盐 田 港,7.08,7.16,6.81,6.94,6.85,0.23,3.3577,0.2992,5810921,40368508.76,13750776000.0,13750776000.0,3104
2016-01-22,'000088,盐 田 港,6.85,6.96,6.66,6.92,6.85,0.0,0.0,0.3594,6979393,47473104.09,13304070000.0,13304070000.0,3742
2016-01-21,'000088,盐 田 港,6.85,7.2,6.8,7.0,7.1,-0.25,-3.5211,0.2916,5663698,39828122.7,13304070000.0,13304070000.0,3726
2016-01-20,'000088,盐 田 港,7.1,7.2,7.0,7.05,7.06,0.04,0.5666,0.359,6971594,49491560.78,13789620000.0,13789620000.0,4198
2016-01-19,'000088,盐 田 港,7.06,7.1,6.71,6.76,6.83,0.23,3.3675,0.3562,6917435,48173560.13,13711932000.0,13711932000.0,4165
2016-01-18,'000088,盐 田 港,6.83,6.96,6.71,6.73,6.7,0.13,1.9403,0.3241,6293856,43102411.46,13265226000.0,13265226000.0,3634
2016-01-15,'000088,盐 田 港,6.7,7.18,6.7,7.18,7.22,-0.52,-7.2022,0.4185,8127410,56602222.36,13012740000.0,13012740000.0,4737
2016-01-14,'000088,盐 田 港,7.22,7.25,6.7,6.7,7.02,0.2,2.849,0.4266,8285504,57815437.15,14022684000.0,14022684000.0,5118
2016-01-13,'000088,盐 田 港,7.02,7.48,6.78,7.34,7.48,-0.46,-6.1497,0.5482,10647726,77625806.82,13634244000.0,13634244000.0,7096
2016-01-12,'000088,盐 田 港,7.48,7.85,7.3,7.41,7.14,0.34,4.7619,0.8289,16098042,121011997.58,14527656000.0,14527656000.0,10449
2016-01-11,'000088,盐 田 港,7.14,7.29,6.96,7.1,7.16,-0.02,-0.2793,0.5743,11154366,79559637.09,13867308000.0,13867308000.0,5897
2016-01-08,'000088,盐 田 港,7.16,7.34,6.7,7.34,7.03,0.13,1.8492,0.5895,11449774,81846898.86,13906152000.0,13906152000.0,5801
2016-01-07,'000088,盐 田 港,7.03,7.7,7.01,7.7,7.79,-0.76,-9.7561,0.0923,1793200,13056998.3,13653666000.0,13653666000.0,1211
2016-01-06,'000088,盐 田 港,7.79,7.88,7.62,7.69,7.64,0.15,1.9634,0.3796,7372005,57152307.21,15129738000.0,15129738000.0,4801
2016-01-05,'000088,盐 田 港,7.64,7.95,7.21,7.38,7.79,-0.15,-1.9255,0.6231,12101283,92428593.71,14838408000.0,14838408000.0,6819
2016-01-04,'000088,盐 田 港,7.79,8.71,7.77,8.53,8.62,-0.83,-9.6288,0.4671,9071073,75122355.69,15129738000.0,15129738000.0,5397
