日期,股票代码,名称,收盘价,最高价,最低价,开盘价,前收盘,涨跌额,涨跌幅,换手率,成交量,成交金额,总市值,流通市值,成交笔数
2016-10-12,'002514,宝馨科技,10.97,11.29,10.92,11.25,11.31,-0.34,-3.0062,4.01,18247640,202014774.14,6077755876.08,4991987971.32,16018
2016-10-11,'002514,宝馨科技,11.31,11.41,11.22,11.25,11.5,-0.19,-1.6522,4.3343,19723773,222677306.21,6266127525.84,5146707744.36,13749
2016-10-10,'002514,宝馨科技,11.5,11.54,10.98,11.08,11.06,0.44,3.9783,6.1169,27835338,313695384.28,6371394036.0,5233168794.0,15831
2016-09-30,'002514,宝馨科技,11.06,11.4,11.06,11.4,11.43,-0.37,-3.2371,2.1029,9569520,107650316.52,6127618959.84,5032943205.36,8611
2016-09-29,'002514,宝馨科技,11.43,11.54,11.23,11.4,11.4,0.03,0.2632,2.4991,11372501,129510669.05,6332611637.52,5201314723.08,8377
2016-09-28,'002514,宝馨科技,11.4,11.63,11.35,11.37,11.42,-0.02,-0.1751,2.4339,11075569,127060485.45,6315990609.6,5187662978.4,7785
2016-09-27,'002514,宝馨科技,11.42,11.49,11.2,11.35,11.4,0.02,0.1754,2.2913,10426700,118061229.49,6327071294.88,5196764141.52,7821
2016-09-26,'002514,宝馨科技,11.4,11.64,11.33,11.45,11.64,-0.24,-2.0619,3.9681,18057085,206857833.05,6315990609.6,5187662978.4,12007
2016-09-23,'002514,宝馨科技,11.64,11.91,11.28,11.32,11.36,0.28,2.4648,7.3146,33285555,387169240.17,6448958832.96,5296876935.84,22150
2016-09-22,'002514,宝馨科技,11.36,11.45,11.27,11.3,11.31,0.05,0.4421,2.0919,9519418,107931194.62,6293829239.04,5169460652.16,6957
2016-09-21,'002514,宝馨科技,11.31,11.4,11.13,11.2,11.22,0.09,0.8021,2.2701,10330389,116819377.67,6266127525.84,5146707744.36,7269
2016-09-20,'002514,宝馨科技,11.22,11.32,11.12,11.24,11.3,-0.08,-0.708,1.6918,7698638,86317978.31,6216264442.08,5105752510.32,5590
2016-09-19,'002514,宝馨科技,11.3,11.33,10.96,10.97,10.99,0.31,2.8207,3.031,13792819,154072529.63,6260587183.2,5142157162.8,8759
2016-09-14,'002514,宝馨科技,10.99,11.17,10.86,11.08,11.06,-0.07,-0.6329,1.3402,6098793,66919097.21,6088836561.36,5001089134.44,4569
2016-09-13,'002514,宝馨科技,11.06,11.3,10.9,11.15,11.12,-0.06,-0.5396,2.0262,9220470,102049342.65,6127618959.84,5032943205.36,6922
2016-09-12,'002514,宝馨科技,11.12,11.33,11.0,11.13,11.34,-0.22,-1.94,2.2497,10237486,114219156.92,6160861015.68,5060246694.72,8645
2016-09-09,'002514,宝馨科技,11.34,11.49,11.06,11.1,11.13,0.21,1.8868,3.5139,15990469,181216306.26,6282748553.76,5160359489.04,12882
2016-09-08,'002514,宝馨科技,11.13,11.18,10.96,10.96,11.0,0.13,1.1818,2.0638,9391517,103988799.16,6166401358.32,5064797276.28,6845
2016-09-07,'002514,宝馨科技,11.0,11.08,10.9,11.04,11.0,0.0,0.0,1.8027,8203106,90203728.64,6094376904.0,5005639716.0,5959
2016-09-06,'002514,宝馨科技,11.0,11.09,10.83,10.95,11.0,0.0,0.0,2.4924,11342005,124663348.37,6094376904.0,5005639716.0,7949
2016-09-05,'002514,宝馨科技,11.0,11.01,10.66,10.68,10.68,0.32,2.9963,2.4102,10968030,119502680.5,6094376904.0,5005639716.0,7227
2016-09-02,'002514,宝馨科技,10.68,10.87,10.64,10.8,10.81,-0.13,-1.2026,1.2852,5848200,62773795.0,5917085939.52,4860021106.08,4663
2016-09-01,'002514,宝馨科技,10.81,10.97,10.67,10.91,10.9,-0.09,-0.8257,1.7117,7789126,84271349.35,5989110393.84,4919178666.36,6276
2016-08-31,'002514,宝馨科技,10.9,11.02,10.81,11.0,11.06,-0.16,-1.4467,1.6985,7729328,84146122.46,6038973477.6,4960133900.4,6764
2016-08-30,'002514,宝馨科技,11.06,11.11,10.8,10.88,10.95,0.11,1.0046,3.19,14516558,159328584.68,6127618959.84,5032943205.36,10758
2016-08-29,'002514,宝馨科技,10.95,11.05,10.46,10.46,10.55,0.4,3.7915,3.9524,17985579,194151108.44,6066675190.8,4982886808.2,13335
2016-08-26,'002514,宝馨科技,10.55,10.61,10.41,10.56,10.52,0.03,0.2852,1.8666,8494225,89269380.3,5845061485.2,4800863545.8,6268
2016-08-25,'002514,宝馨科技,10.52,10.68,10.38,10.61,10.77,-0.25,-2.3213,2.7224,12388712,130202029.18,5828440457.28,4787211801.12,10393
2016-08-24,'002514,宝馨科技,10.77,11.09,10.25,10.3,10.31,0.46,4.4617,4.1571,18917293,201032467.35,5966949023.28,4900976340.12,15509
2016-08-23,'002514,宝馨科技,10.31,10.39,10.11,10.25,10.29,0.02,0.1944,2.1621,9838681,100872884.41,5712093261.84,4691649588.36,7979
2016-08-22,'002514,宝馨科技,10.29,10.38,9.92,10.11,10.11,0.18,1.7804,2.4919,11339531,115116964.12,5701012576.56,4682548425.24,9287
2016-08-19,'002514,宝馨科技,10.11,10.2,10.01,10.19,10.21,-0.1,-0.9794,1.3469,6129292,61951507.5,5601286409.04,4600637957.16,4918
2016-08-18,'002514,宝馨科技,10.21,10.23,10.15,10.21,10.19,0.02,0.1963,1.2083,5498267,56003036.51,5656689835.44,4646143772.76,5036
2016-08-17,'002514,宝馨科技,10.19,10.31,10.14,10.28,10.27,-0.08,-0.779,1.3215,6013729,61324213.82,5645609150.16,4637042609.64,4809
2016-08-16,'002514,宝馨科技,10.27,10.35,10.16,10.25,10.21,0.06,0.5877,1.7024,7747106,79399318.83,5689931891.28,4673447262.12,6523
2016-08-15,'002514,宝馨科技,10.21,10.3,9.95,10.04,10.05,0.16,1.592,1.7534,7979196,80932867.6,5656689835.44,4646143772.76,7109
2016-08-12,'002514,宝馨科技,10.05,10.05,9.91,10.0,9.95,0.1,1.005,1.0398,4731916,47226929.25,5568044353.2,4573334467.8,3976
2016-08-11,'002514,宝馨科技,9.95,10.17,9.94,10.17,10.16,-0.21,-2.0669,1.2151,5529500,55492569.0,5512640926.8,4527828652.2,5284
2016-08-10,'002514,宝馨科技,10.16,10.27,10.11,10.27,10.23,-0.07,-0.6843,1.4769,6720965,68411170.36,5628988122.24,4623390864.96,5973
2016-08-09,'002514,宝馨科技,10.23,10.35,9.91,9.96,9.95,0.28,2.8141,2.3077,10501380,107312913.38,5667770520.72,4655244935.88,8965
2016-08-08,'002514,宝馨科技,9.95,9.96,9.7,9.88,9.8,0.15,1.5306,1.4304,6509113,64374976.25,5512640926.8,4527828652.2,4873
2016-08-05,'002514,宝馨科技,9.8,10.05,9.8,10.04,9.97,-0.17,-1.7051,1.6523,6626764,65456394.54,5429535787.2,3930369928.8,5017
2016-08-04,'002514,宝馨科技,9.97,10.08,9.73,9.86,9.79,0.18,1.8386,2.0603,8262919,81908280.3,5523721612.08,3998549815.32,6594
2016-08-03,'002514,宝馨科技,9.79,9.93,9.75,9.89,9.87,-0.08,-0.8105,1.2801,5134116,50433478.15,5423995444.56,3926359347.24,4535
2016-08-02,'002514,宝馨科技,9.87,9.89,9.65,9.65,9.71,0.16,1.6478,1.2724,5103040,49981248.83,5468318185.68,3958443999.72,4751
2016-08-01,'002514,宝馨科技,9.71,9.98,9.56,9.98,9.98,-0.27,-2.7054,1.7813,7143995,69131015.54,5379672703.44,3894274694.76,6836
2016-07-29,'002514,宝馨科技,9.98,10.23,9.95,10.19,10.19,-0.21,-2.0608,1.8399,7379061,74071660.95,5529261954.72,4002560396.88,6518
2016-07-28,'002514,宝馨科技,10.19,10.65,9.8,10.61,10.61,-0.42,-3.9585,3.5457,14220169,145462640.07,5645609150.16,4086782609.64,12464
2016-07-27,'002514,宝馨科技,10.61,11.55,10.53,11.5,11.5,-0.89,-7.7391,4.1949,16824169,184257107.12,5878303541.04,4255227035.16,15190
2016-07-26,'002514,宝馨科技,11.5,11.55,11.37,11.4,11.35,0.15,1.3216,1.7143,6875470,78922386.01,6371394036.0,4612168794.0,6160
2016-07-25,'002514,宝馨科技,11.35,11.54,11.29,11.5,11.47,-0.12,-1.0462,2.1058,8445389,96191293.63,6288288896.4,4552010070.6,8309
2016-07-22,'002514,宝馨科技,11.47,11.75,11.45,11.7,11.69,-0.22,-1.882,2.0089,8056874,93325311.23,6354773008.08,4600137049.32,8149
2016-07-21,'002514,宝馨科技,11.69,11.85,11.61,11.8,11.85,-0.16,-1.3502,3.008,12063825,141471770.29,6476660546.16,4688369843.64,11330
2016-07-20,'002514,宝馨科技,11.85,11.96,11.35,11.35,11.39,0.46,4.0386,5.6652,22720656,266677227.59,6565306028.4,4752539148.6,20785
2016-07-19,'002514,宝馨科技,11.39,11.45,11.27,11.4,11.38,0.01,0.0879,2.2389,8979129,101823419.56,6310450266.96,4568052396.84,8250
2016-07-18,'002514,宝馨科技,11.38,11.68,11.31,11.68,11.64,-0.26,-2.2337,2.757,11057201,126642023.38,6304909924.32,4564041815.28,10586
2016-07-15,'002514,宝馨科技,11.64,11.79,11.51,11.51,11.66,-0.02,-0.1715,2.5129,10078062,117527434.27,6448958832.96,4668316935.84,8810
2016-07-14,'002514,宝馨科技,11.66,11.88,11.6,11.79,11.79,-0.13,-1.1026,2.9833,11964603,139508002.6,6460039518.24,4676338098.96,10627
2016-07-13,'002514,宝馨科技,11.79,12.02,11.71,11.96,11.91,-0.12,-1.0076,3.6969,14826827,175075755.51,6532063972.56,4728475659.24,12463
2016-07-12,'002514,宝馨科技,11.91,12.15,11.36,12.02,12.06,-0.15,-1.2438,4.4117,17693349,209731087.78,6598548084.24,4776602637.96,14881
2016-07-11,'002514,宝馨科技,12.06,12.27,12.01,12.21,12.22,-0.16,-1.3093,2.9374,11780618,142631050.52,6681653223.84,4836761361.36,10545
2016-07-08,'002514,宝馨科技,12.22,12.34,12.0,12.12,12.09,0.13,1.0753,3.5501,14238006,173460446.29,6770298706.08,4900930666.32,12455
2016-07-07,'002514,宝馨科技,12.09,12.28,12.0,12.22,12.23,-0.14,-1.1447,3.8046,15258719,184730059.66,6698274251.76,4848793106.04,13747
2016-07-06,'002514,宝馨科技,12.23,12.35,12.11,12.22,12.21,0.02,0.1638,3.3019,13242714,162123749.13,6775839048.72,4904941247.88,11480
2016-07-05,'002514,宝馨科技,12.21,12.52,12.14,12.41,12.39,-0.18,-1.4528,4.2225,16934529,207582380.15,6764758363.44,4896920084.76,15812
2016-07-04,'002514,宝馨科技,12.39,12.47,11.85,11.86,12.02,0.37,3.0782,5.0173,20122128,246362675.01,6864484530.96,4969110552.84,18205
2016-07-01,'002514,宝馨科技,12.02,12.32,11.98,12.23,12.22,-0.2,-1.6367,3.649,14634515,177203520.23,6659491853.28,4820719035.12,14842
2016-06-30,'002514,宝馨科技,12.22,12.56,12.16,12.5,12.57,-0.35,-2.7844,4.2582,17077672,210061362.63,6770298706.08,4900930666.32,15271
2016-06-29,'002514,宝馨科技,12.57,12.59,12.14,12.42,12.36,0.21,1.699,5.7171,22928712,282185502.32,6964210698.48,5041301020.92,19946
2016-06-28,'002514,宝馨科技,12.36,12.6,12.21,12.25,12.35,0.01,0.081,5.2126,20905587,259571316.67,6847863503.04,4957078808.16,17700
2016-06-27,'002514,宝馨科技,12.35,12.45,11.78,11.9,12.07,0.28,2.3198,5.0782,20366388,249084891.45,6842323160.4,4953068226.6,17228
2016-06-24,'002514,宝馨科技,12.07,12.7,11.4,12.55,12.56,-0.49,-3.9013,7.4103,29719573,361050239.23,6687193566.48,4840771942.92,28824
2016-06-23,'002514,宝馨科技,12.56,13.05,12.42,13.05,13.14,-0.58,-4.414,6.8404,27433917,347494461.99,6958670355.84,5037290439.36,24944
2016-06-22,'002514,宝馨科技,13.14,13.16,12.53,12.82,12.82,0.32,2.4961,5.1942,20831714,269014486.68,7280010228.96,5269904169.84,19429
2016-06-21,'002514,宝馨科技,12.82,13.75,12.6,13.59,13.55,-0.73,-5.3875,9.6037,38516416,506271019.57,7102719264.48,5141565559.92,37610
2016-06-20,'002514,宝馨科技,13.55,13.82,13.08,13.16,13.23,0.32,2.4187,8.0501,32285530,436937753.08,7507164277.2,5434338013.8,27936
2016-06-17,'002514,宝馨科技,13.23,13.89,13.0,13.48,13.77,-0.54,-3.9216,10.5481,42303963,568725288.67,7329873312.72,5305999403.88,38084
2016-06-16,'002514,宝馨科技,13.77,14.16,13.14,13.33,13.48,0.29,2.1513,14.1619,56797611,774593029.81,7629051815.28,5522570808.12,49375
2016-06-15,'002514,宝馨科技,13.48,13.59,12.22,12.34,12.71,0.77,6.0582,11.3148,45378741,594827409.91,7468381878.72,5406263942.88,39218
2016-06-14,'002514,宝馨科技,12.71,12.79,12.12,12.5,12.83,-0.12,-0.9353,7.8363,31428124,393285980.2,7041775495.44,5097449162.76,28687
2016-06-13,'002514,宝馨科技,12.83,14.07,12.83,13.71,14.25,-1.42,-9.9649,14.0916,56515439,765326622.51,7108259607.12,5145576141.48,54773
2016-06-08,'002514,宝馨科技,14.25,15.06,13.24,13.56,13.83,0.42,3.0369,23.7013,95056109,1329728389.91,7894988262.0,5715078723.0,80664
2016-06-07,'002514,宝馨科技,13.83,13.83,12.41,12.5,12.57,1.26,10.0239,23.1087,92679481,1240395746.47,7662293871.12,5546634297.48,66506
2016-06-06,'002514,宝馨科技,12.57,12.66,12.01,12.02,12.2,0.37,3.0328,9.5298,38220035,469004742.15,6964210698.48,5041301020.92,29755
2016-06-03,'002514,宝馨科技,12.2,12.9,12.17,12.9,12.76,-0.56,-4.3887,14.4438,57927955,717487588.7,6759218020.8,4892909503.2,44136
2016-06-02,'002514,宝馨科技,12.76,13.27,12.3,12.49,12.64,0.12,0.9494,17.5916,70552679,900503815.96,7069477208.64,5117502070.56,51761
2016-06-01,'002514,宝馨科技,12.64,12.64,11.36,11.5,11.49,1.15,10.0087,12.6442,50710683,615279042.39,7002993096.96,5069375091.84,33995
2016-05-31,'002514,宝馨科技,11.49,11.59,11.05,11.25,11.13,0.36,3.2345,7.7813,31207343,354742589.61,6365853693.36,4608158212.44,24124
2016-05-30,'002514,宝馨科技,11.13,12.08,11.1,11.95,12.2,-1.07,-8.7705,7.0894,28432587,329967113.92,6166401358.32,4463777276.28,25118
2016-05-27,'002514,宝馨科技,12.2,12.63,11.23,11.7,12.09,0.11,0.9098,10.6557,42735641,506677190.56,6759218020.8,4892909503.2,35285
2016-05-26,'002514,宝馨科技,24.17,25.5,23.36,25.3,25.95,-1.78,-6.8593,12.0938,27516908,661778257.52,6695504080.44,5499377815.26,37580
2016-05-25,'002514,宝馨科技,25.95,27.1,25.51,26.5,26.8,-0.85,-3.1716,10.2901,23413082,614308366.07,7188594575.4,5904379574.1,32779
2016-05-24,'002514,宝馨科技,26.8,27.19,24.85,25.12,25.12,1.68,6.6879,9.3691,21317413,547793711.85,7424059137.6,6097779290.4,29164
2016-05-23,'002514,宝馨科技,25.12,26.61,24.83,25.48,25.5,-0.38,-1.4902,9.9735,22692629,579054196.05,6958670355.84,5715530439.36,32070
2016-05-20,'002514,宝馨科技,25.5,26.1,23.18,23.3,23.77,1.73,7.2781,11.1865,25452479,630449234.54,7063936866.0,5801991489.0,31906
2016-05-19,'002514,宝馨科技,23.77,24.25,22.45,22.6,22.8,0.97,4.2544,7.461,16975989,399802364.29,6584697227.64,5408366184.06,21685
2016-05-18,'002514,宝馨科技,22.8,23.18,21.51,21.69,22.42,0.38,1.6949,5.7359,13050816,292083805.31,6315990609.6,5187662978.4,16388
2016-05-17,'002514,宝馨科技,22.42,24.47,22.3,23.8,24.09,-1.67,-6.9323,7.596,17283060,407532162.23,6210724099.44,5101201928.76,22135
2016-05-16,'002514,宝馨科技,24.09,24.5,22.45,23.16,23.17,0.92,3.9707,8.2911,18864674,443872600.22,6673342709.88,5481175489.02,21945
2016-05-13,'002514,宝馨科技,23.17,23.23,21.88,22.2,22.6,0.57,2.5221,8.0565,18330978,416251454.85,6418486948.44,5271848737.26,20321
2016-05-12,'002514,宝馨科技,22.6,22.74,20.32,21.1,22.3,0.3,1.3453,6.5381,14876122,318905192.38,6260587183.2,5142157162.8,17320
2016-05-11,'002514,宝馨科技,22.3,24.8,21.65,23.64,24.06,-1.76,-7.315,10.9361,24882713,585245940.26,6177482043.6,5073898439.4,31108
2016-05-10,'002514,宝馨科技,24.06,24.58,21.85,22.52,23.16,0.9,3.886,10.7254,24403457,575611051.81,6665032195.92,5474349616.68,28254
2016-05-09,'002514,宝馨科技,23.16,23.62,21.71,22.8,22.96,0.2,0.8711,8.8562,20150413,463170792.1,6415716777.12,5269573446.48,22732
2016-05-06,'002514,宝馨科技,22.96,23.0,20.95,22.0,22.2,0.76,3.4234,10.7168,24383736,545274141.51,6360313350.72,5224067630.88,21655
2016-05-05,'002514,宝馨科技,22.2,22.61,20.41,20.46,20.55,1.65,8.0292,7.7873,17718365,386007877.14,6149780330.4,5051145531.6,14135
2016-05-04,'002514,宝馨科技,20.55,20.83,20.5,20.58,20.75,-0.2,-0.9639,1.5935,3625710,74778236.96,5692702062.6,4675722552.9,4058
2016-05-03,'002514,宝馨科技,20.75,20.87,19.86,20.05,19.95,0.8,4.01,2.6653,6064315,124160535.11,5748105489.0,4721228368.5,5159
2016-04-29,'002514,宝馨科技,19.95,20.3,19.9,20.15,20.15,-0.2,-0.9926,0.9367,2131274,42759488.72,5526491783.4,4539205106.1,2397
2016-04-28,'002514,宝馨科技,20.15,20.74,19.5,20.1,20.6,-0.45,-2.1845,2.2706,5166297,103092003.94,5581895209.8,4584710921.7,5285
2016-04-27,'002514,宝馨科技,20.6,20.96,19.9,19.96,19.96,0.64,3.2064,2.3718,5396618,110437771.38,5706552919.2,4687099006.8,5391
2016-04-26,'002514,宝馨科技,19.96,20.0,19.51,19.76,19.75,0.21,1.0633,1.0858,2470432,48995310.12,5529261954.72,4541480396.88,2636
2016-04-25,'002514,宝馨科技,19.75,20.1,19.23,19.5,19.65,0.1,0.5089,1.5423,3509096,69443921.49,5471088357.0,4493699290.5,3185
2016-04-22,'002514,宝馨科技,19.65,20.74,19.15,20.0,20.5,-0.85,-4.1463,3.0354,6906489,136483981.45,5443386643.8,4470946382.7,6270
2016-04-21,'002514,宝馨科技,20.5,21.23,20.44,20.88,20.91,-0.41,-1.9608,1.7213,3916549,81206281.58,5678851206.0,4664346099.0,4543
2016-04-20,'002514,宝馨科技,20.91,21.68,20.0,21.12,21.0,-0.09,-0.4286,3.7989,8643503,180730054.69,5792428230.12,4757633020.98,8707
2016-04-19,'002514,宝馨科技,21.0,21.43,20.7,21.06,20.89,0.11,0.5266,1.7379,3954275,83202315.34,5817359772.0,4778110638.0,4530
2016-04-18,'002514,宝馨科技,20.89,21.64,20.8,21.61,21.84,-0.95,-4.3498,1.9598,4459174,94080208.13,5786887887.48,4753082439.42,5807
2016-04-15,'002514,宝馨科技,21.84,22.2,21.72,22.08,21.98,-0.14,-0.6369,1.9901,4528060,99259190.67,6050054162.88,4969235063.52,4901
2016-04-14,'002514,宝馨科技,21.98,21.98,21.5,21.63,21.64,0.34,1.5712,2.2558,5132557,111600501.33,6088836561.36,5001089134.44,4979
2016-04-13,'002514,宝馨科技,21.64,22.07,21.52,21.52,21.43,0.21,0.9799,2.3753,5404533,118222113.77,5994650736.48,4923729247.92,5520
2016-04-12,'002514,宝馨科技,21.43,21.99,21.1,21.8,21.8,-0.37,-1.6972,1.7896,4071919,87300396.72,5936477138.76,4875948141.54,5645
2016-04-11,'002514,宝馨科技,21.8,22.3,21.6,21.85,21.5,0.3,1.3953,1.9078,4340848,95084441.27,6038973477.6,4960133900.4,4632
2016-04-08,'002514,宝馨科技,21.5,22.11,21.02,22.0,22.43,-0.93,-4.1462,2.4137,5491827,118835971.61,5955868338.0,4891875177.0,6352
2016-04-07,'002514,宝馨科技,22.43,23.08,22.4,22.66,22.9,-0.47,-2.0524,4.1132,9358774,212459637.63,6213494270.76,5103477219.54,10125
2016-04-06,'002514,宝馨科技,22.9,22.99,21.47,21.84,21.9,1.0,4.5662,4.6149,10500138,233620847.02,6343692322.8,5210415886.2,12391
2016-04-05,'002514,宝馨科技,21.9,22.18,21.18,21.37,21.24,0.66,3.1073,2.5927,5899243,128416515.04,6066675190.8,4982886808.2,6588
2016-04-01,'002514,宝馨科技,21.24,21.68,20.86,21.65,21.69,-0.45,-2.0747,1.9909,4529768,95855895.4,5883843883.68,4832717616.72,5351
2016-03-31,'002514,宝馨科技,21.69,22.46,21.49,22.3,22.07,-0.38,-1.7218,3.3169,7546913,164400892.38,6008501593.08,4935105701.82,8893
2016-03-30,'002514,宝馨科技,22.07,22.12,21.12,21.4,20.93,1.14,5.4467,2.4212,5508923,118930133.28,6113768103.24,5021566751.46,6539
2016-03-29,'002514,宝馨科技,20.93,21.95,20.7,21.58,21.96,-1.03,-4.6903,2.8251,6427851,135684621.32,5797968572.76,4762183602.54,7845
2016-03-28,'002514,宝馨科技,21.96,23.1,21.9,22.75,23.0,-1.04,-4.5217,3.1421,7149170,161495222.94,6083296218.72,4996538552.88,9437
2016-03-25,'002514,宝馨科技,23.0,23.3,21.57,22.9,23.0,0.0,0.0,5.1313,11675221,260778465.57,6371394036.0,5233168794.0,14581
2016-03-24,'002514,宝馨科技,23.0,23.95,22.15,22.59,22.39,0.61,2.7244,6.0741,13820403,320278745.67,6371394036.0,5233168794.0,16091
2016-03-23,'002514,宝馨科技,22.39,22.39,20.22,20.45,20.35,2.04,10.0246,5.3649,12206738,260756838.49,6202413585.48,5094376056.42,10821
2016-03-22,'002514,宝馨科技,20.35,21.09,19.1,19.28,19.51,0.84,4.3055,3.9542,8996923,181686132.72,5637298636.2,4630216737.3,8239
2016-03-21,'002514,宝馨科技,19.51,19.66,18.96,19.15,19.1,0.41,2.1466,3.1298,7121287,137395676.39,5404604245.32,4439092311.78,5640
2016-03-18,'002514,宝馨科技,19.1,19.39,18.21,18.39,18.32,0.78,4.2576,2.5909,5895091,111819229.52,5291027221.2,4345805389.8,5396
2016-03-17,'002514,宝馨科技,18.32,18.32,17.5,17.65,17.54,0.78,4.447,2.0641,4696511,84563715.8,5074953858.24,4168332708.96,5000
2016-03-16,'002514,宝馨科技,17.54,18.2,17.46,18.0,17.85,-0.31,-1.7367,1.5697,3571508,63244744.88,4858880495.28,3990860028.12,3204
2016-03-15,'002514,宝馨科技,17.85,18.2,17.73,17.9,17.9,-0.05,-0.2793,1.6923,3850385,69162508.16,4944755806.2,4061394042.3,3950
2016-03-14,'002514,宝馨科技,17.9,18.34,17.6,17.6,17.35,0.55,3.17,2.3388,5321452,95966517.59,4958606662.8,4072770496.2,5900
2016-03-11,'002514,宝馨科技,17.35,17.77,16.81,16.81,17.28,0.07,0.4051,1.3841,3149301,54759509.76,4806247240.2,3947629503.3,3470
2016-03-10,'002514,宝馨科技,17.28,18.2,17.18,17.51,17.49,-0.21,-1.2007,1.6834,3830133,67667319.94,4786856040.96,3931702467.84,4091
2016-03-09,'002514,宝馨科技,17.49,18.3,17.22,17.31,17.95,-0.46,-2.5627,1.9614,4462695,79471920.39,4845029638.68,3979483574.22,5268
2016-03-08,'002514,宝馨科技,17.95,18.2,16.1,17.0,17.06,0.89,5.2169,2.0057,4563438,78404463.38,4972457519.4,4084146950.1,6116
2016-03-07,'002514,宝馨科技,17.06,17.52,16.52,16.53,16.36,0.7,4.2787,2.0095,4572099,78110500.42,4725912271.92,3881646070.68,5349
2016-03-04,'002514,宝馨科技,16.36,17.59,16.01,17.21,17.43,-1.07,-6.1388,1.925,4380040,73294656.11,4532000279.52,3722375716.08,5498
2016-03-03,'002514,宝馨科技,17.43,18.1,17.2,17.43,17.42,0.01,0.0574,2.1276,4840844,85693659.42,4828408610.76,3965831829.54,5812
2016-03-02,'002514,宝馨科技,17.42,17.68,16.1,16.3,16.39,1.03,6.2843,2.5019,5692509,96510701.74,4825638439.44,3963556538.76,5868
2016-03-01,'002514,宝馨科技,16.39,16.6,15.8,16.1,16.05,0.34,2.1184,2.0936,4763610,77467633.0,4540310793.48,3729201588.42,5089
2016-02-29,'002514,宝馨科技,16.05,17.82,15.73,17.48,17.48,-1.43,-8.1808,3.2917,7489551,123622630.56,4446124968.6,3651841701.9,6392
2016-02-26,'002514,宝馨科技,17.48,18.5,17.0,18.5,17.99,-0.51,-2.8349,2.4829,5649336,99724391.24,4842259467.36,3977208283.44,7524
2016-02-25,'002514,宝馨科技,17.99,20.17,17.99,20.1,19.99,-2.0,-10.005,3.1787,7232573,135743542.24,4983538204.68,4093248113.22,8733
2016-02-24,'002514,宝馨科技,19.99,21.0,19.46,20.89,21.04,-1.05,-4.9905,3.1796,7234464,145190847.21,5537572468.68,4548306269.22,8332
2016-02-23,'002514,宝馨科技,21.04,21.61,20.7,21.59,21.59,-0.55,-2.5475,2.826,6429896,135667988.28,5828440457.28,4787211801.12,6495
2016-02-22,'002514,宝馨科技,21.59,21.73,20.71,21.1,20.85,0.74,3.5492,2.4744,5630017,120068093.78,5980799879.88,4912352794.02,6145
2016-02-19,'002514,宝馨科技,20.85,21.36,20.5,20.6,20.8,0.05,0.2404,2.2066,5020720,104829369.69,5775807202.2,4743981276.3,5872
2016-02-18,'002514,宝馨科技,20.8,21.8,20.8,20.85,21.0,-0.2,-0.9524,3.52,8009107,170208185.23,5761956345.6,4732604822.4,9309
2016-02-17,'002514,宝馨科技,21.0,21.1,18.8,19.2,19.32,1.68,8.6957,4.1065,9343565,185757506.84,5817359772.0,4778110638.0,8745
2016-02-16,'002514,宝馨科技,19.32,19.66,18.3,18.49,18.28,1.04,5.6893,2.19,4982829,95457193.14,5351970990.24,4395861786.96,4950
2016-02-15,'002514,宝馨科技,18.28,18.66,17.5,17.5,18.68,-0.4,-2.1413,1.5972,3634163,65670968.3,5063873172.96,4159231545.84,4048
2016-02-05,'002514,宝馨科技,18.68,19.9,18.6,19.55,19.53,-0.85,-4.3523,1.9011,4325588,82493233.72,5174680025.76,4250243177.04,5093
2016-02-04,'002514,宝馨科技,19.53,19.88,19.16,19.32,19.15,0.38,1.9843,2.0144,4583257,89697923.61,5410144587.96,4443642893.34,5157
2016-02-03,'002514,宝馨科技,19.15,19.4,18.6,19.0,19.31,-0.16,-0.8286,1.946,4427726,83811828.59,5304878077.8,4357181843.7,5328
2016-02-02,'002514,宝馨科技,19.31,19.4,18.0,18.0,18.18,1.13,6.2156,3.2331,7356138,139086789.53,5349200818.92,4393586496.18,8140
2016-02-01,'002514,宝馨科技,18.18,19.02,17.31,17.5,17.96,0.22,1.2249,3.876,8819003,162096108.13,5036171459.76,4136478638.04,10971
2016-01-29,'002514,宝馨科技,17.96,18.55,16.7,17.18,17.81,0.15,0.8422,4.7031,10700915,189143469.16,4975227690.72,4086422240.88,11288
2016-01-28,'002514,宝馨科技,17.81,20.08,17.81,19.01,19.79,-1.98,-10.0051,3.9004,8874618,167622747.04,4933675120.92,4052292879.18,10870
2016-01-27,'002514,宝馨科技,19.79,21.5,19.74,21.33,21.93,-2.14,-9.7583,5.3959,12277236,246783222.57,5482169042.28,4502800453.62,14833
2016-01-26,'002514,宝馨科技,21.93,25.47,21.9,24.33,24.33,-2.4,-9.8644,8.2499,18770986,452018917.54,6074985704.76,4989712680.54,23799
2016-01-25,'002514,宝馨科技,24.33,24.33,22.1,22.1,22.12,2.21,9.991,5.0152,11411017,269118709.2,6739826821.56,5535782467.74,12622
2016-01-22,'002514,宝馨科技,22.12,22.2,20.61,22.0,21.5,0.62,2.8837,2.9057,6611341,141770226.48,6127618959.84,5032943205.36,9081
2016-01-21,'002514,宝馨科技,21.5,22.89,21.49,22.24,22.35,-0.85,-3.8031,4.5072,10255112,228191500.04,5955868338.0,4891875177.0,12135
2016-01-20,'002514,宝馨科技,22.35,23.18,20.62,20.69,21.18,1.17,5.5241,6.1173,13918541,308689012.44,6191332900.2,5085274893.3,15293
2016-01-19,'002514,宝馨科技,21.18,21.75,19.8,20.7,20.92,0.26,1.2428,5.5667,12665836,261906237.63,5867222855.76,4819065872.04,15456
2016-01-18,'002514,宝馨科技,20.92,21.85,20.13,20.49,21.0,-0.08,-0.381,5.67,12900857,271269624.91,5795198401.44,4759908311.76,16185
2016-01-15,'002514,宝馨科技,21.0,21.33,19.4,19.4,20.26,0.74,3.6525,8.3713,19047036,393486720.96,5817359772.0,4778110638.0,19373
2016-01-14,'002514,宝馨科技,20.26,20.68,17.27,17.5,19.19,1.07,5.5758,8.4371,19196780,353239119.03,5612367094.32,4609739120.28,18423
2016-01-13,'002514,宝馨科技,19.19,21.0,19.1,19.7,19.7,-0.51,-2.5888,10.681,24302275,488237160.1,5315958763.08,4366283006.82,21683
2016-01-12,'002514,宝馨科技,19.7,19.7,19.21,19.7,17.91,1.79,9.9944,6.3481,14443823,284448895.6,5457237500.4,4482322836.6,5379
2016-01-11,'002514,宝馨科技,17.91,17.91,17.91,17.91,16.28,1.63,10.0123,0.0238,54102,968966.82,4961376834.12,4075045786.98,57
2016-01-08,'002514,宝馨科技,16.28,16.28,16.28,16.28,14.8,1.48,10.0,0.02,45521,741081.88,4509838908.96,3704173389.84,39
2016-01-07,'002514,宝馨科技,0.0,0.0,0.0,0.0,14.8,None,None,0.0,0,0.0,4099853553.6,3367430354.4,0
2016-01-06,'002514,宝馨科技,0.0,0.0,0.0,0.0,14.8,None,None,0.0,0,0.0,4099853553.6,3367430354.4,0
2016-01-05,'002514,宝馨科技,0.0,0.0,0.0,0.0,14.8,None,None,0.0,0,0.0,4099853553.6,3367430354.4,0
2016-01-04,'002514,宝馨科技,0.0,0.0,0.0,0.0,14.8,None,None,0.0,0,0.0,4099853553.6,3367430354.4,0
