日期,股票代码,名称,收盘价,最高价,最低价,开盘价,前收盘,涨跌额,涨跌幅,换手率,成交量,成交金额,总市值,流通市值,成交笔数
2016-10-12,'002661,克明面业,16.88,16.95,16.66,16.7,16.79,0.09,0.536,0.9139,2295450,38608301.57,5682908542.24,4239825982.0,3135
2016-10-11,'002661,克明面业,16.79,16.9,16.61,16.78,16.82,-0.03,-0.1784,1.1868,2980825,49905380.4,5652608674.42,4217220274.75,4609
2016-10-10,'002661,克明面业,16.82,16.82,16.3,16.5,16.38,0.44,2.6862,1.3704,3442024,56806251.58,5662708630.36,4224755510.5,4161
2016-09-30,'002661,克明面业,16.38,16.56,16.33,16.53,16.46,-0.08,-0.486,0.8775,2204102,36237295.67,5514575943.24,4114238719.5,2490
2016-09-29,'002661,克明面业,16.46,16.64,16.42,16.58,16.61,-0.15,-0.9031,1.0159,2551587,42140249.29,5541509159.08,4134332681.5,3342
2016-09-28,'002661,克明面业,16.61,16.99,16.48,16.97,16.9,-0.29,-1.716,1.8981,4767658,79414705.77,5592008938.78,4172008860.25,5932
2016-09-27,'002661,克明面业,16.9,17.75,16.6,16.6,16.16,0.74,4.5792,3.2463,8153987,138977019.56,5689641846.2,4244849472.5,9382
2016-09-26,'002661,克明面业,16.16,16.45,16.16,16.3,16.32,-0.16,-0.9804,0.5601,1406910,22975703.33,5440509599.68,4058980324.0,2469
2016-09-23,'002661,克明面业,16.32,16.39,16.25,16.33,16.31,0.01,0.0613,0.3591,901968,14734799.72,5494376031.36,4099168248.0,2047
2016-09-22,'002661,克明面业,16.31,16.49,16.26,16.38,16.35,-0.04,-0.2446,0.5179,1300836,21315930.55,5491009379.38,4096656502.75,1517
2016-09-21,'002661,克明面业,16.35,16.4,16.27,16.31,16.35,0.0,0.0,0.36,904306,14777535.68,5504475987.3,4106703483.75,909
2016-09-20,'002661,克明面业,16.35,16.45,16.26,16.37,16.39,-0.04,-0.2441,0.4466,1121648,18337715.12,5504475987.3,4106703483.75,1270
2016-09-19,'002661,克明面业,16.39,16.49,16.2,16.2,16.16,0.23,1.4233,0.5666,1423219,23301265.19,5517942595.22,4116750464.75,1477
2016-09-14,'002661,克明面业,16.16,16.34,16.01,16.2,16.16,0.0,0.0,0.3634,912687,14751454.76,5440509599.68,4058980324.0,995
2016-09-13,'002661,克明面业,16.16,16.4,16.13,16.23,16.21,-0.05,-0.3085,0.5781,1452124,23544015.64,5440509599.68,4058980324.0,1472
2016-09-12,'002661,克明面业,16.21,16.61,16.15,16.55,16.82,-0.61,-3.6266,1.0894,2736376,44730212.1,5457342859.58,4071539050.25,3225
2016-09-09,'002661,克明面业,16.82,16.88,16.68,16.8,16.76,0.06,0.358,0.615,1544758,25938340.52,5662708630.36,4224755510.5,1523
2016-09-08,'002661,克明面业,16.76,16.88,16.68,16.81,16.78,-0.02,-0.1192,0.4789,1202991,20125435.23,5642508718.48,4209685039.0,1321
2016-09-07,'002661,克明面业,16.78,17.08,16.75,17.01,16.95,-0.17,-1.0029,0.6107,1533874,25900474.64,5649242022.44,4214708529.5,1966
2016-09-06,'002661,克明面业,16.95,16.97,16.71,16.89,16.91,0.04,0.2365,0.9839,2471296,41701901.23,5706475106.1,4257408198.75,2309
2016-09-05,'002661,克明面业,16.91,16.97,16.53,16.63,16.63,0.28,1.6837,1.0292,2585191,43546256.73,5693008498.18,4247361217.75,2464
2016-09-02,'002661,克明面业,16.63,16.9,16.52,16.76,16.77,-0.14,-0.8348,0.8587,2156777,36076260.65,5598742242.74,4177032350.75,2936
2016-09-01,'002661,克明面业,16.77,16.94,16.43,16.5,16.49,0.28,1.698,1.1759,2953538,49351697.27,5645875370.46,4212196784.25,3044
2016-08-31,'002661,克明面业,16.49,16.55,16.3,16.43,16.42,0.07,0.4263,0.4597,1154763,18974564.3,5551609115.02,4141867917.25,1280
2016-08-30,'002661,克明面业,16.42,16.64,16.39,16.53,16.47,-0.05,-0.3036,0.4881,1225875,20244142.71,5528042551.16,4124285700.5,1423
2016-08-29,'002661,克明面业,16.47,16.68,16.41,16.68,16.64,-0.17,-1.0216,0.4613,1158623,19110900.89,5544875811.06,4136844426.75,1840
2016-08-26,'002661,克明面业,16.64,16.75,16.42,16.46,16.48,0.16,0.9709,0.6412,1610506,26712918.91,5602108894.72,4179544096.0,1964
2016-08-25,'002661,克明面业,16.48,16.65,16.19,16.52,16.68,-0.2,-1.199,0.697,1750584,28720793.13,5548242463.04,4139356172.0,2091
2016-08-24,'002661,克明面业,16.68,16.99,16.61,16.88,16.87,-0.19,-1.1263,0.7372,1851774,30969606.97,5615575502.64,4189591077.0,2073
2016-08-23,'002661,克明面业,16.87,17.07,16.72,16.93,16.87,0.0,0.0,0.6051,1519249,25668754.61,5677782349.26,4235554695.75,1870
2016-08-22,'002661,克明面业,16.87,17.4,16.83,16.95,16.91,-0.04,-0.2365,1.3395,3363141,57621516.24,5677782349.26,4235554695.75,3943
2016-08-19,'002661,克明面业,16.91,16.95,16.65,16.74,16.7,0.21,1.2575,0.8256,2072723,34864989.56,5691244785.18,4245597504.75,2242
2016-08-18,'002661,克明面业,16.7,16.79,16.61,16.78,16.79,-0.09,-0.536,0.7282,1828175,30547003.49,5620566996.6,4192872757.5,2083
2016-08-17,'002661,克明面业,16.79,16.85,16.57,16.77,16.77,0.02,0.1193,0.8909,2236885,37378641.42,5650857477.42,4215469077.75,2465
2016-08-16,'002661,克明面业,16.77,16.86,16.64,16.7,16.69,0.08,0.4793,1.1715,2941191,49344150.27,5644126259.46,4210447673.25,2940
2016-08-15,'002661,克明面业,16.69,16.78,16.27,16.34,16.27,0.42,2.5814,1.2004,3013955,49980064.6,5617201387.62,4190362055.25,3595
2016-08-12,'002661,克明面业,16.27,16.3,16.01,16.05,16.2,0.07,0.4321,0.5424,1361762,22055466.01,5475845810.46,4084912560.75,2163
2016-08-11,'002661,克明面业,16.2,16.5,16.17,16.5,16.48,-0.28,-1.699,0.8177,2052894,33500342.68,5452286547.6,4067337645.0,2552
2016-08-10,'002661,克明面业,16.48,16.75,16.42,16.59,16.58,-0.1,-0.6031,0.5948,1493461,24782266.6,5546523599.04,4137637308.0,1947
2016-08-09,'002661,克明面业,16.58,16.8,16.39,16.39,16.39,0.19,1.1592,1.0787,2708325,45129954.3,5580179688.84,4162744330.5,3318
2016-08-08,'002661,克明面业,16.39,16.45,16.17,16.24,16.3,0.09,0.5521,0.5727,1437990,23503534.16,5516233118.22,4115040987.75,1822
2016-08-05,'002661,克明面业,16.3,16.4,16.21,16.3,16.3,0.0,0.0,0.6106,1533154,24999115.21,5485942637.4,4092444667.5,1826
2016-08-04,'002661,克明面业,16.3,16.45,16.15,16.35,16.36,-0.06,-0.3667,0.87,2184434,35494793.23,5485942637.4,4092444667.5,2599
2016-08-03,'002661,克明面业,16.36,16.6,16.26,16.57,16.68,-0.32,-1.9185,1.2373,3106616,51019796.68,5506136291.28,4107508881.0,3075
2016-08-02,'002661,克明面业,16.68,16.89,16.52,16.89,16.85,-0.17,-1.0089,1.1041,2772000,46114851.78,5613835778.64,4187851353.0,3924
2016-08-01,'002661,克明面业,16.85,17.27,16.21,16.42,16.45,0.4,2.4316,1.6086,4038723,68090499.32,5671051131.3,4230533291.25,4504
2016-07-29,'002661,克明面业,16.45,16.55,16.25,16.46,16.45,0.0,0.0,0.8516,2138234,35041269.89,5536426772.1,4130105201.25,1821
2016-07-28,'002661,克明面业,16.45,16.48,16.1,16.2,16.33,0.12,0.7348,1.1392,2860303,46668663.66,5536426772.1,4130105201.25,3328
2016-07-27,'002661,克明面业,16.33,17.45,15.81,17.38,17.38,-1.05,-6.0414,1.9543,4875413,81034363.62,5496039464.34,4073865104.25,5346
2016-07-26,'002661,克明面业,17.38,17.42,16.9,16.9,16.97,0.41,2.416,1.1462,2859531,49200802.91,5849428407.24,4335809890.5,3641
2016-07-25,'002661,克明面业,16.97,17.13,16.77,16.77,16.82,0.15,0.8918,0.934,2330170,39542507.4,5711438439.06,4233526688.25,2866
2016-07-22,'002661,克明面业,16.82,17.15,16.8,17.1,17.1,-0.28,-1.6374,0.9047,2257018,38193425.93,5660954304.36,4196106004.5,2989
2016-07-21,'002661,克明面业,17.1,17.33,17.08,17.21,17.24,-0.14,-0.8121,0.9468,2361952,40675879.72,5755191355.8,4265957947.5,2930
2016-07-20,'002661,克明面业,17.24,17.3,17.15,17.22,17.23,0.01,0.058,0.7607,1897749,32668104.8,5802309881.52,4300883919.0,1900
2016-07-19,'002661,克明面业,17.23,17.25,16.99,17.1,17.09,0.14,0.8192,0.8812,2198372,37634877.48,5798944272.54,4298389206.75,2431
2016-07-18,'002661,克明面业,17.09,17.42,16.9,17.41,17.36,-0.27,-1.5553,1.0991,2741824,46877618.21,5751825746.82,4263463235.25,3478
2016-07-15,'002661,克明面业,17.36,17.48,17.11,17.36,17.36,0.0,0.0,1.0612,2647369,45668042.85,5842697189.28,4330820466.0,2846
2016-07-14,'002661,克明面业,17.36,17.52,17.3,17.5,17.57,-0.21,-1.1952,1.2066,3010146,52326610.83,5842697189.28,4330820466.0,3333
2016-07-13,'002661,克明面业,17.57,17.75,17.45,17.65,17.56,0.01,0.0569,1.8399,4590099,80607883.77,5913374977.86,4383209423.25,3805
2016-07-12,'002661,克明面业,17.56,17.62,17.33,17.42,17.43,0.13,0.7458,1.9632,4897509,85784098.37,5910009368.88,4380714711.0,4261
2016-07-11,'002661,克明面业,17.43,17.78,17.25,17.44,17.43,0.0,0.0,1.6946,4227626,73918092.56,5866256452.14,4348283451.75,4424
2016-07-08,'002661,克明面业,17.43,17.88,17.31,17.51,17.56,-0.13,-0.7403,1.7621,4395965,77202950.81,5866256452.14,4348283451.75,4399
2016-07-07,'002661,克明面业,17.56,17.9,17.08,17.14,17.19,0.37,2.1524,2.9261,7299653,128330705.07,5910009368.88,4380714711.0,7337
2016-07-06,'002661,克明面业,17.19,17.2,16.7,16.71,16.86,0.33,1.9573,1.7105,4267146,72318488.36,5785481836.62,4288410357.75,4487
2016-07-05,'002661,克明面业,16.86,17.05,16.7,17.0,17.0,-0.14,-0.8235,1.5304,3818031,64293258.83,5674416740.28,4206084853.5,4633
2016-07-04,'002661,克明面业,17.0,17.1,16.5,16.6,16.79,0.21,1.2507,2.2941,5723225,96804495.34,5721535266.0,4241010825.0,5153
2016-07-01,'002661,克明面业,16.79,16.88,16.42,16.46,16.41,0.38,2.3157,1.8947,4726770,78921957.37,5650857477.42,4188621867.75,4506
2016-06-30,'002661,克明面业,16.41,16.69,16.38,16.62,16.58,-0.17,-1.0253,1.267,3160924,52182580.35,5522964336.18,4093822802.25,3546
2016-06-29,'002661,克明面业,16.58,16.58,16.16,16.28,16.28,0.3,1.8428,1.6691,4164016,67988523.79,5580179688.84,4136232910.5,4234
2016-06-28,'002661,克明面业,16.28,16.33,15.91,15.93,16.07,0.21,1.3068,1.4347,3579086,57703705.66,5479211419.44,4061391543.0,3605
2016-06-27,'002661,克明面业,16.07,16.12,15.65,15.7,15.83,0.24,1.5161,1.0296,2568611,41126224.21,5408533630.86,4009002585.75,2705
2016-06-24,'002661,克明面业,15.83,16.25,15.3,16.08,16.17,-0.34,-2.1027,1.3083,3263855,51921924.99,5327759015.34,3949129491.75,3952
2016-06-23,'002661,克明面业,16.17,16.4,15.95,16.4,16.37,-0.2,-1.2217,1.1676,2912727,46973141.36,5442189720.66,4033949708.25,3232
2016-06-22,'002661,克明面业,16.37,16.42,16.0,16.08,15.98,0.39,2.4406,1.5021,3747262,60879417.9,5509501900.26,4083843953.25,4083
2016-06-21,'002661,克明面业,15.98,16.38,15.88,16.03,16.0,-0.02,-0.125,1.3111,3270922,52752010.21,5378243150.04,3986550175.5,4025
2016-06-20,'002661,克明面业,16.0,16.17,15.82,16.15,16.08,-0.08,-0.4975,1.0595,2643155,42175366.3,5384974368.0,3991539600.0,2888
2016-06-17,'002661,克明面业,16.08,16.45,15.57,15.6,15.43,0.65,4.2126,1.9731,4922417,79338732.43,5411899239.84,4011497298.0,5607
2016-06-16,'002661,克明面业,15.43,15.85,15.4,15.72,15.79,-0.36,-2.2799,1.3576,3386793,52918500.46,5193134656.14,3849341001.75,3619
2016-06-15,'002661,克明面业,15.79,15.87,15.25,15.34,15.35,0.44,2.8664,1.4973,3735455,58541652.25,5314296579.42,3939150642.75,3765
2016-06-14,'002661,克明面业,15.35,15.74,15.26,15.5,15.61,-0.26,-1.6656,1.4019,3493980,54017543.67,5166209784.3,3825834000.0,3837
2016-06-13,'002661,克明面业,15.61,16.27,15.61,16.25,16.5,-0.89,-5.3939,1.7141,4272210,68214732.0,5253715617.78,3890636400.0,4708
2016-06-08,'002661,克明面业,16.5,16.78,16.3,16.73,16.69,-0.19,-1.1384,1.4511,3616831,59650221.84,5553254817.0,4112460000.0,4141
2016-06-07,'002661,克明面业,16.69,16.9,16.65,16.65,16.71,-0.02,-0.1197,1.5771,3930732,65827555.16,5617201387.62,4159815600.0,3989
2016-06-06,'002661,克明面业,16.71,17.1,16.61,16.94,16.93,-0.22,-1.2995,1.7631,4394245,73930833.69,5623932605.58,4164800400.0,4667
2016-06-03,'002661,克明面业,16.93,17.0,16.4,16.53,16.61,0.32,1.9266,2.8673,7146357,119549268.61,5697976003.14,4219633200.0,7048
2016-06-02,'002661,克明面业,16.61,16.85,16.46,16.58,16.51,0.1,0.6057,2.0894,5207675,86467876.61,5590276515.78,4139876400.0,5021
2016-06-01,'002661,克明面业,16.51,16.88,16.26,16.36,16.36,0.15,0.9169,2.1336,5317681,88129314.59,5556620425.98,4114952400.0,5304
2016-05-31,'002661,克明面业,16.36,16.43,15.76,15.76,15.76,0.6,3.8071,2.3632,5890149,95562945.53,5506136291.28,4077566400.0,5264
2016-05-30,'002661,克明面业,15.76,16.0,15.62,16.0,15.9,-0.14,-0.8805,0.7638,1903585,30161613.68,5304199752.48,3928022400.0,2391
2016-05-27,'002661,克明面业,15.9,16.06,15.81,15.94,15.94,-0.04,-0.2509,0.9266,2309530,36816131.25,5351318278.2,3962916000.0,2465
2016-05-26,'002661,克明面业,15.94,16.18,15.61,16.08,16.05,-0.11,-0.6854,1.2543,3126201,49424313.35,5364780714.12,3972885600.0,3456
2016-05-25,'002661,克明面业,16.05,16.31,16.01,16.3,16.11,-0.06,-0.3724,1.0185,2538575,41022513.33,5401802412.9,4000302000.0,2601
2016-05-24,'002661,克明面业,16.11,16.42,16.0,16.33,16.5,-0.39,-2.3636,1.2985,3236442,52352711.97,5421996066.78,4015256400.0,3182
2016-05-23,'002661,克明面业,16.5,16.65,16.18,16.24,16.26,0.24,1.476,1.3562,3380246,55507110.15,5553254817.0,4112460000.0,3950
2016-05-20,'002661,克明面业,16.26,16.35,15.8,16.15,16.11,0.15,0.9311,1.3779,3434171,55366817.99,5472480201.48,4052642400.0,3894
2016-05-19,'002661,克明面业,16.11,16.48,16.02,16.03,16.02,0.09,0.5618,1.2909,3217355,52213862.02,5421996066.78,4015256400.0,3756
2016-05-18,'002661,克明面业,16.02,16.64,15.71,16.61,16.81,-0.79,-4.6996,2.0383,5080254,82071961.05,5391705585.96,3992824800.0,5910
2016-05-17,'002661,克明面业,16.81,17.14,16.75,16.99,16.99,-0.18,-1.0594,1.4714,3667251,62033935.25,5657588695.38,4189724400.0,4322
2016-05-16,'002661,克明面业,16.99,17.06,16.61,16.65,16.92,0.07,0.4137,1.6145,4023913,67627278.65,5718169657.02,4234587600.0,4590
2016-05-13,'002661,克明面业,16.92,17.39,16.8,17.19,17.21,-0.29,-1.6851,1.7759,4426334,75665897.97,5694610394.16,4217140800.0,5417
2016-05-12,'002661,克明面业,17.21,17.58,16.62,17.56,17.96,-0.75,-4.1759,2.5546,6367101,109103216.64,5792213054.58,4289420400.0,7096
2016-05-11,'002661,克明面业,17.96,18.55,17.5,17.89,17.69,0.27,1.5263,3.394,8459156,152364791.19,6044633728.08,4476350400.0,9708
2016-05-10,'002661,克明面业,17.69,17.9,17.1,17.31,17.28,0.41,2.3727,2.6088,6502274,114178148.16,5953762285.62,4409055600.0,7585
2016-05-09,'002661,克明面业,17.28,18.51,17.15,18.51,19.04,-1.76,-9.2437,4.6091,11487829,204430352.69,5815772317.44,4306867200.0,13253
2016-05-06,'002661,克明面业,19.04,20.69,19.02,20.69,20.42,-1.38,-6.7581,7.2718,18124356,360294337.92,6408119497.92,4745529600.0,22013
2016-05-05,'002661,克明面业,20.42,20.42,18.1,18.5,18.56,1.86,10.0216,7.7622,19346401,379188233.87,6872573537.16,5089480800.0,19549
2016-05-04,'002661,克明面业,18.56,18.99,18.46,18.52,18.6,-0.04,-0.2151,2.5747,6417116,120428152.7,6246570266.88,4625894400.0,7331
2016-05-03,'002661,克明面业,18.6,18.81,17.61,18.3,18.45,0.15,0.813,3.168,7895805,144853478.75,6260311702.8,4635864000.0,7999
2016-04-29,'002661,克明面业,18.45,19.26,18.02,18.25,18.45,0.0,0.0,2.7884,6949866,130203263.55,6209825318.1,4598478000.0,7346
2016-04-28,'002661,克明面业,18.45,18.9,17.8,18.9,19.08,-0.63,-3.3019,2.8337,7062685,129208075.17,6209825318.1,4598478000.0,7579
2016-04-27,'002661,克明面业,57.75,59.52,57.61,58.56,59.52,-1.77,-2.9738,3.4094,2832514,165124924.15,6479086036.5,4797870000.0,6240
2016-04-26,'002661,克明面业,59.52,61.0,57.8,60.99,60.6,-1.08,-1.7822,4.0145,3335282,195975029.34,6677665816.32,4944921600.0,7700
2016-04-25,'002661,克明面业,60.6,62.88,59.51,61.0,60.45,0.15,0.2481,5.2223,4338649,265091880.89,6798833139.6,5034648000.0,8844
2016-04-22,'002661,克明面业,60.45,60.45,55.48,55.85,54.95,5.5,10.0091,5.0742,4215672,247550005.68,6782004344.7,5022186000.0,8582
2016-04-21,'002661,克明面业,54.95,57.2,54.7,56.4,56.54,-1.59,-2.8122,1.8845,1565678,88131033.45,6164948531.7,4565246000.0,3328
2016-04-20,'002661,克明面业,56.54,60.5,55.5,59.96,59.84,-3.3,-5.5147,3.6059,2995791,172161154.96,6343333757.64,4697343200.0,6339
2016-04-19,'002661,克明面业,59.84,60.99,58.7,58.7,58.5,1.34,2.2906,3.0853,2563269,153808083.36,6713567245.44,4971507200.0,5658
2016-04-18,'002661,克明面业,58.5,59.23,56.98,59.22,59.31,-0.81,-1.3657,1.8973,1576288,91243471.45,6563230011.0,4860180000.0,3684
2016-04-15,'002661,克明面业,59.31,60.1,58.6,58.99,58.67,0.64,1.0908,2.2401,1861047,110627574.61,6654105503.46,4927474800.0,4015
2016-04-14,'002661,克明面业,58.67,58.89,57.3,58.7,57.67,1.0,1.734,2.2322,1854546,107702817.83,6582302645.22,4874303600.0,3663
2016-04-13,'002661,克明面业,57.67,59.19,56.99,56.99,56.78,0.89,1.5675,2.9146,2421471,140782396.8,6470110679.22,4791223600.0,5227
2016-04-12,'002661,克明面业,56.78,59.99,56.0,59.5,59.85,-3.07,-5.1295,3.5267,2930015,167654582.94,6370259829.48,4717282400.0,6547
2016-04-11,'002661,克明面业,59.85,61.19,59.47,59.48,59.21,0.64,1.0809,2.7377,2274461,137058145.63,6714689165.1,4972338000.0,4981
2016-04-08,'002661,克明面业,59.21,61.0,57.79,60.3,61.5,-2.29,-3.7236,4.0461,3361516,199070261.13,6642886306.86,4919166800.0,7157
2016-04-07,'002661,克明面业,61.5,62.54,60.4,61.76,62.07,-0.57,-0.9183,3.9932,3317517,203399791.97,6899805909.0,5109420000.0,6812
2016-04-06,'002661,克明面业,62.07,63.0,59.36,59.36,60.13,1.94,3.2263,4.8412,4022079,246287977.54,6963755329.62,5156775600.0,8349
2016-04-05,'002661,克明面业,60.13,61.0,59.1,59.6,59.51,0.62,1.0418,4.2056,3494017,209626981.31,6746102915.58,4995600400.0,7041
2016-04-01,'002661,克明面业,59.51,60.2,56.9,57.47,58.0,1.51,2.6034,4.5672,3794432,223249038.78,6676543896.66,4944090800.0,8760
2016-03-31,'002661,克明面业,58.0,61.18,58.0,59.88,58.61,-0.61,-1.0408,7.4604,6198062,368939219.59,6507134028.0,4818640000.0,12751
2016-03-30,'002661,克明面业,58.61,58.61,53.5,53.99,53.28,5.33,10.0038,6.191,5143516,291889406.52,6575571127.26,4869318800.0,9977
2016-03-29,'002661,克明面业,53.28,55.65,53.0,55.0,55.7,-2.42,-4.3447,3.8089,3164397,170521976.87,5977587948.48,4426502400.0,7889
2016-03-28,'002661,克明面业,55.7,57.5,54.0,54.5,53.79,1.91,3.5508,6.9833,5801736,325995900.61,6249092506.2,4627556000.0,11841
2016-03-25,'002661,克明面业,53.79,54.55,52.19,54.0,54.22,-0.43,-0.7931,3.7063,3079182,163983033.9,6034805851.14,4468873200.0,5379
2016-03-24,'002661,克明面业,54.22,55.9,51.2,51.5,51.89,2.33,4.4903,5.4512,4528852,244481491.61,6083048396.52,4504597600.0,7334
2016-03-23,'002661,克明面业,51.89,52.01,49.78,50.1,50.49,1.4,2.7728,4.0379,3354715,170738195.48,5821641115.74,4311021200.0,5825
2016-03-22,'002661,克明面业,50.49,51.5,47.13,47.41,47.74,2.75,5.7604,4.1313,3432295,169323117.81,5664572363.34,4194709200.0,6620
2016-03-21,'002661,克明面业,47.74,48.14,47.13,47.98,47.29,0.45,0.9516,3.7721,3133866,149074307.16,5356044456.84,3966239200.0,4858
2016-03-18,'002661,克明面业,47.29,47.5,45.25,45.25,45.65,1.64,3.5926,4.0025,3325251,155160200.13,5305558072.14,3928853200.0,5882
2016-03-17,'002661,克明面业,45.65,45.65,43.71,43.9,44.0,1.65,3.75,3.2976,2739656,122632985.13,5121563247.9,3792602000.0,5539
2016-03-16,'002661,克明面业,44.0,47.13,43.97,47.12,46.86,-2.86,-6.1033,4.9369,4101548,184417558.81,4936446504.0,3655520000.0,6692
2016-03-15,'002661,克明面业,46.86,47.3,45.6,46.03,47.3,-0.44,-0.9302,2.8336,2354184,109920323.79,5257315526.76,3893128800.0,4989
2016-03-14,'002661,克明面业,47.3,47.3,46.0,47.3,43.0,4.3,10.0,4.7394,3937493,185170413.56,5306679991.8,3929684000.0,6479
2016-03-11,'002661,克明面业,43.0,43.38,41.77,42.0,42.29,0.71,1.6789,1.0499,872268,37229691.61,4824254538.0,3572440000.0,1399
2016-03-10,'002661,克明面业,42.29,42.44,41.6,42.0,42.3,-0.01,-0.0236,0.7225,600278,25282462.36,4744598242.14,3513453200.0,1216
2016-03-09,'002661,克明面业,42.3,42.79,41.31,42.17,42.7,-0.4,-0.9368,0.7778,646170,27096639.48,4745720161.8,3514284000.0,1307
2016-03-08,'002661,克明面业,42.7,42.99,40.5,42.99,42.8,-0.1,-0.2336,0.9103,756314,31625521.83,4790596948.2,3547516000.0,1612
2016-03-07,'002661,克明面业,42.8,43.39,42.04,42.65,42.5,0.3,0.7059,1.1465,952477,40703431.85,4801816144.8,3555824000.0,1966
2016-03-04,'002661,克明面业,42.5,43.9,41.68,43.84,43.85,-1.35,-3.0787,1.0007,831372,35526015.8,4768158555.0,3530900000.0,1795
2016-03-03,'002661,克明面业,43.85,44.45,43.52,43.98,44.0,-0.15,-0.3409,0.9636,800520,35226977.05,4919617709.1,3643058000.0,1410
2016-03-02,'002661,克明面业,44.0,44.2,42.0,42.0,42.11,1.89,4.4882,1.2019,998505,42952197.85,4936446504.0,3655520000.0,1744
2016-03-01,'002661,克明面业,42.11,42.96,40.8,42.1,42.15,-0.04,-0.0949,1.5795,1312222,54617536.0,4724403688.26,3498498800.0,1967
2016-02-29,'002661,克明面业,42.15,45.24,41.2,45.17,45.17,-3.02,-6.6859,1.6637,1382200,58923900.16,4728891366.9,3501822000.0,2134
2016-02-26,'002661,克明面业,45.17,45.48,44.5,45.07,44.8,0.37,0.8259,0.7305,606909,27272461.04,5067711104.22,3752723600.0,1247
2016-02-25,'002661,克明面业,44.8,47.59,44.0,47.59,47.9,-3.1,-6.4718,1.5266,1268299,57769869.99,5026200076.8,3721984000.0,2127
2016-02-24,'002661,克明面业,47.9,48.2,46.02,47.87,48.01,-0.11,-0.2291,1.3015,1081294,50884426.14,5373995171.4,3979532000.0,1922
2016-02-23,'002661,克明面业,48.01,48.4,47.3,48.2,48.48,-0.47,-0.9695,0.9477,787337,37637372.38,5386336287.66,3988670800.0,1449
2016-02-22,'002661,克明面业,48.48,48.88,47.1,48.0,47.75,0.73,1.5288,1.6738,1390586,66656806.7,5439066511.68,4027718400.0,2069
2016-02-19,'002661,克明面业,47.75,47.88,46.46,47.4,47.5,0.25,0.5263,1.0694,888462,41694694.39,5357166376.5,3967070000.0,1671
2016-02-18,'002661,克明面业,47.5,48.19,46.5,46.97,46.96,0.54,1.1499,1.4786,1228409,58012834.14,5329118385.0,3946300000.0,2143
2016-02-17,'002661,克明面业,46.96,46.96,45.74,46.05,46.05,0.91,1.9761,1.4448,1200307,55789548.95,5268534723.36,3901436800.0,1913
2016-02-16,'002661,克明面业,46.05,46.48,44.53,44.86,44.85,1.2,2.6756,1.4786,1228411,56318587.77,5166440034.3,3825834000.0,1965
2016-02-15,'002661,克明面业,44.85,44.85,43.39,43.9,45.0,-0.15,-0.3333,0.6132,509463,22519574.03,5031809675.1,3726138000.0,1209
2016-02-05,'002661,克明面业,45.0,45.36,44.88,45.35,44.96,0.04,0.089,0.9241,767719,34595926.47,5048638470.0,3738600000.0,1322
2016-02-04,'002661,克明面业,44.96,45.49,44.0,44.08,44.09,0.87,1.9732,1.3049,1084132,48692557.53,5044150791.36,3735276800.0,1881
2016-02-03,'002661,克明面业,44.09,44.36,43.0,44.0,44.57,-0.48,-1.077,1.1396,946795,41282019.99,4946543780.94,3662997200.0,1605
2016-02-02,'002661,克明面业,44.57,45.0,43.3,43.6,43.5,1.07,2.4598,1.047,869850,38693311.13,5000395924.62,3702875600.0,1483
2016-02-01,'002661,克明面业,43.5,44.31,43.0,43.88,43.87,-0.37,-0.8434,0.6233,517862,22620861.26,4880350521.0,3613980000.0,1180
2016-01-29,'002661,克明面业,43.87,44.35,41.42,43.0,43.1,0.77,1.7865,1.3185,1095390,47573764.07,4921861548.42,3644719600.0,1953
2016-01-28,'002661,克明面业,43.1,45.76,42.5,45.5,46.0,-2.9,-6.3043,1.5262,1267993,55864245.52,4835473734.6,3580748000.0,2208
2016-01-27,'002661,克明面业,46.0,47.0,44.25,47.0,46.2,-0.2,-0.4329,1.5048,1250222,56771717.91,5160830436.0,3821680000.0,2119
2016-01-26,'002661,克明面业,46.2,47.95,45.7,47.71,47.98,-1.78,-3.7099,1.4864,1234932,57651251.67,5183268829.2,3838296000.0,2784
2016-01-25,'002661,克明面业,47.98,49.04,47.5,47.78,47.16,0.82,1.7388,1.4105,1171850,56710729.67,5382970528.68,3986178400.0,2667
2016-01-22,'002661,克明面业,47.16,47.88,45.5,47.1,47.01,0.15,0.3191,1.3306,1105434,51522081.64,5290973116.56,3918052800.0,2155
2016-01-21,'002661,克明面业,47.01,48.55,46.6,46.81,47.75,-0.74,-1.5497,1.239,1029391,49069466.96,5274144321.66,3905590800.0,1978
2016-01-20,'002661,克明面业,47.75,48.5,46.66,47.66,47.75,0.0,0.0,1.4352,1192391,56829602.05,5357166376.5,3967070000.0,2361
2016-01-19,'002661,克明面业,47.75,48.79,45.2,45.5,45.2,2.55,5.6416,1.7776,1476795,69332031.11,5357166376.5,3967070000.0,2662
2016-01-18,'002661,克明面业,45.2,46.29,43.0,43.88,44.0,1.2,2.7273,1.5292,1270436,57585624.17,5071076863.2,3755216000.0,2369
2016-01-15,'002661,克明面业,44.0,46.1,43.4,46.1,46.29,-2.29,-4.9471,1.3069,1085776,48513878.88,3763113200.0,3655520000.0,2050
2016-01-14,'002661,克明面业,46.29,46.6,43.3,44.2,46.3,-0.01,-0.0216,2.1933,1822188,81940568.0,3958966137.0,3845773200.0,2871
2016-01-13,'002661,克明面业,46.3,49.28,44.5,49.19,49.2,-2.9,-5.8943,2.1839,1814369,85782056.96,3959821390.0,3846604000.0,2906
2016-01-12,'002661,克明面业,49.2,49.77,46.9,47.88,47.9,1.3,2.714,1.6208,1346578,65150738.31,4207844760.0,4087536000.0,2513
2016-01-11,'002661,克明面业,47.9,51.75,46.89,50.99,52.1,-4.2,-8.0614,2.6202,2176874,106361499.38,4096661870.0,3979532000.0,3916
2016-01-08,'002661,克明面业,52.1,52.35,45.6,49.28,47.59,4.51,9.4768,3.1736,2636605,133100727.57,4455868130.0,4328468000.0,4317
2016-01-07,'002661,克明面业,47.59,51.6,47.4,51.0,52.67,-5.08,-9.645,0.6811,565859,27795177.41,4070149027.0,3953777200.0,758
2016-01-06,'002661,克明面业,52.67,52.67,47.59,47.6,47.88,4.79,10.0042,3.3699,2799700,140230537.17,4504617551.0,4375823600.0,3773
2016-01-05,'002661,克明面业,47.88,48.93,44.41,46.87,48.33,-0.45,-0.9311,2.3512,1953407,92259575.05,4094951364.0,3977870400.0,3384
2016-01-04,'002661,克明面业,48.33,53.4,48.33,53.35,53.7,-5.37,-10.0,1.866,1550259,77756942.86,4133437749.0,4015256400.0,2495
