日期,股票代码,名称,收盘价,最高价,最低价,开盘价,前收盘,涨跌额,涨跌幅,换手率,成交量,成交金额,总市值,流通市值,成交笔数
2016-10-12,'000652,泰达股份,5.9,6.01,5.85,5.9,6.02,-0.12,-1.9934,3.4971,51258627,303083091.63,8705885726.8,8647872047.5,19830
2016-10-11,'000652,泰达股份,6.02,6.13,5.55,5.55,5.57,0.45,8.079,5.7808,84731336,504421602.67,8882954589.04,8823760970.5,31483
2016-10-10,'000652,泰达股份,5.57,5.61,5.51,5.51,5.49,0.08,1.4572,1.3203,19352452,107668315.57,8218946355.64,8164177509.25,7149
2016-09-30,'000652,泰达股份,5.49,5.53,5.46,5.5,5.5,-0.01,-0.1818,0.7692,11274070,61934553.93,8100900447.48,8046918227.25,5547
2016-09-29,'000652,泰达股份,5.5,5.54,5.39,5.4,5.39,0.11,2.0408,1.5105,22140740,121148254.21,8115656186.0,8061575637.5,9116
2016-09-28,'000652,泰达股份,5.39,5.44,5.35,5.39,5.41,-0.02,-0.3697,0.8622,12637481,68220768.41,7953343062.28,7900344124.75,5400
2016-09-27,'000652,泰达股份,5.41,5.43,5.3,5.31,5.34,0.07,1.3109,1.2258,17967590,96126243.07,7982854539.32,7929658945.25,8003
2016-09-26,'000652,泰达股份,5.34,5.58,5.32,5.54,5.61,-0.27,-4.8128,1.9669,28829564,157505675.39,7879564369.68,7827057073.5,14969
2016-09-23,'000652,泰达股份,5.61,5.77,5.6,5.75,5.75,-0.14,-2.4348,1.7001,24919733,140947107.69,8277969309.72,8222807150.25,11588
2016-09-22,'000652,泰达股份,5.75,5.85,5.73,5.77,5.72,0.03,0.5245,1.7006,24926873,144309076.09,8484549649.0,8428010893.75,10583
2016-09-21,'000652,泰达股份,5.72,5.8,5.68,5.68,5.73,-0.01,-0.1745,1.1639,17059362,97820749.02,8440282433.44,8384038663.0,8002
2016-09-20,'000652,泰达股份,5.73,5.88,5.7,5.82,5.83,-0.1,-1.7153,1.6221,23775453,137357545.05,8455038171.96,8398696073.25,10860
2016-09-19,'000652,泰达股份,5.83,5.87,5.77,5.85,5.9,-0.07,-1.1864,2.054,30106979,175104810.42,8602595557.16,8545270175.75,11729
2016-09-14,'000652,泰达股份,5.9,5.95,5.63,5.72,5.72,0.18,3.1469,3.1121,45614852,265976105.76,8705885726.8,8647872047.5,19946
2016-09-13,'000652,泰达股份,5.72,5.85,5.6,5.77,5.72,0.0,0.0,1.9635,28779349,164904789.3,8440282433.44,8384038663.0,14407
2016-09-12,'000652,泰达股份,5.72,5.97,5.71,5.85,6.07,-0.35,-5.7661,3.2081,47021772,274683145.92,8440282433.44,8384038663.0,22156
2016-09-09,'000652,泰达股份,6.07,6.14,6.01,6.03,6.06,0.01,0.165,3.321,48676659,296022469.47,8956733281.64,8897048021.75,22155
2016-09-08,'000652,泰达股份,6.06,6.14,5.95,6.05,6.12,-0.06,-0.9804,3.3108,48528055,293097393.02,8941977543.12,8882390611.5,25071
2016-09-07,'000652,泰达股份,6.12,6.29,6.07,6.21,6.34,-0.22,-3.47,5.8208,85317699,526141217.39,9030511974.24,8970335073.0,42099
2016-09-06,'000652,泰达股份,6.34,6.49,5.98,6.37,6.24,0.1,1.6026,10.5864,155169011,967751066.63,9355138221.68,9292798098.5,70035
2016-09-05,'000652,泰达股份,6.24,6.24,5.85,6.02,5.67,0.57,10.0529,6.1823,90615876,552956362.49,9207580836.48,9146223996.0,36250
2016-09-02,'000652,泰达股份,5.67,5.79,5.46,5.5,5.57,0.1,1.7953,4.0835,59853043,338362343.4,8366503740.84,8310751611.75,25069
2016-09-01,'000652,泰达股份,5.57,5.83,5.53,5.57,5.59,-0.02,-0.3578,4.3907,64355632,365536093.27,8218946355.64,8164177509.25,26438
2016-08-31,'000652,泰达股份,5.59,5.61,5.46,5.51,5.48,0.11,2.0073,2.944,43150715,239891743.59,8248457832.68,8193492329.75,15790
2016-08-30,'000652,泰达股份,5.48,5.58,5.45,5.56,5.6,-0.12,-2.1429,2.2685,33250961,183048926.2,8086144708.96,8032260817.0,14019
2016-08-29,'000652,泰达股份,5.61,5.63,5.46,5.52,5.51,0.1,1.8149,2.3694,34728707,193356291.41,8277969309.72,8222807150.25,14573
2016-08-26,'000652,泰达股份,5.51,5.72,5.49,5.6,5.57,-0.06,-1.0772,3.3003,48374390,271385289.84,8130411924.52,8076233047.75,20097
2016-08-25,'000652,泰达股份,5.57,5.6,5.44,5.6,5.77,-0.2,-3.4662,4.3285,63444318,350552134.47,8218946355.64,8164177509.25,27440
2016-08-24,'000652,泰达股份,5.77,5.98,5.7,5.75,5.77,0.0,0.0,6.552,96035833,559664505.57,8514061126.04,8457325714.25,39631
2016-08-23,'000652,泰达股份,5.77,5.82,5.61,5.61,5.95,-0.18,-3.0252,6.8988,101118051,577470762.08,8514061126.04,8457325714.25,40649
2016-08-22,'000652,泰达股份,5.95,6.36,5.95,6.36,6.61,-0.66,-9.9849,12.2451,179481621,1104277455.07,8779664419.4,8721159098.75,74093
2016-08-19,'000652,泰达股份,6.61,6.61,6.36,6.5,6.01,0.6,9.9834,5.0603,74170885,485180367.19,9753543161.72,9688548175.25,18942
2016-08-18,'000652,泰达股份,6.01,6.01,6.01,6.01,5.46,0.55,10.0733,1.3533,19835721,119212683.21,8868198850.52,8809103560.25,5107
2016-08-17,'000652,泰达股份,5.46,5.46,4.9,4.96,4.96,0.5,10.0806,4.7625,69806468,366759341.63,8056633231.92,8002945996.5,17325
2016-08-16,'000652,泰达股份,4.96,5.04,4.95,4.97,4.97,-0.01,-0.2012,1.1942,17503694,87252547.99,7318846305.92,7270075484.0,5351
2016-08-15,'000652,泰达股份,4.97,5.03,4.84,4.88,4.86,0.11,2.2634,2.028,29725429,147089777.93,7333602044.44,7284732894.25,8182
2016-08-12,'000652,泰达股份,4.86,4.87,4.77,4.78,4.77,0.09,1.8868,0.7731,11332004,54646660.49,7171288920.72,7123501381.5,3922
2016-08-11,'000652,泰达股份,4.77,4.84,4.77,4.81,4.83,-0.06,-1.2422,0.6175,9050766,43547562.46,7038487274.04,6991584689.25,2944
2016-08-10,'000652,泰达股份,4.83,4.89,4.82,4.88,4.89,-0.06,-1.227,0.8854,12978195,62919190.23,7127021705.16,7079529150.75,3906
2016-08-09,'000652,泰达股份,4.89,4.9,4.83,4.9,4.88,0.01,0.2049,1.047,15346633,74713497.06,7215556136.28,7167473612.25,4617
2016-08-08,'000652,泰达股份,4.88,4.91,4.82,4.86,4.87,0.01,0.2053,1.2915,18930409,92203695.1,7200800397.76,7152816202.0,6441
2016-08-05,'000652,泰达股份,4.87,4.95,4.81,4.81,4.84,0.03,0.6198,1.8726,27447552,133871961.54,7186044659.24,7138158791.75,9664
2016-08-04,'000652,泰达股份,4.84,4.87,4.71,4.78,4.84,0.0,0.0,2.25,32978519,158755921.81,7141777443.68,7094186561.0,10706
2016-08-03,'000652,泰达股份,4.84,5.07,4.57,4.59,4.61,0.23,4.9892,2.7529,40350786,195977331.38,7141777443.68,7094186561.0,12990
2016-08-02,'000652,泰达股份,4.61,4.61,4.54,4.55,4.54,0.07,1.5419,0.4936,7235065,33089044.3,6802395457.72,6757066125.25,2500
2016-08-01,'000652,泰达股份,4.54,4.6,4.49,4.56,4.6,-0.06,-1.3043,0.8404,12317525,55838559.86,6699105288.08,6654464253.5,4501
2016-07-29,'000652,泰达股份,4.6,4.68,4.54,4.68,4.66,-0.06,-1.2876,0.7269,10653966,49214441.78,6787639719.2,6742408715.0,3397
2016-07-28,'000652,泰达股份,4.66,4.69,4.63,4.65,4.65,0.01,0.2151,0.7639,11197299,52215501.35,6876174150.32,6830353176.5,4114
2016-07-27,'000652,泰达股份,4.65,4.87,4.62,4.84,4.84,-0.19,-3.9256,1.7117,25089146,118925094.99,6861418411.8,6815695766.25,7667
2016-07-26,'000652,泰达股份,4.84,4.84,4.8,4.81,4.8,0.04,0.8333,0.7345,10765830,51864181.59,7141777443.68,7094186561.0,3536
2016-07-25,'000652,泰达股份,4.8,4.83,4.74,4.76,4.76,0.04,0.8403,0.7744,11351292,54393714.54,7082754489.6,7035556920.0,3928
2016-07-22,'000652,泰达股份,4.76,4.82,4.75,4.81,4.79,-0.03,-0.6263,0.7855,11513699,55010192.07,7023731535.52,6976927279.0,4152
2016-07-21,'000652,泰达股份,4.79,4.86,4.79,4.82,4.82,-0.03,-0.6224,0.9298,13628696,65749141.88,7067998751.08,7020899509.75,4389
2016-07-20,'000652,泰达股份,4.82,4.86,4.81,4.85,4.87,-0.05,-1.0267,0.9093,13327352,64351430.88,7112265966.64,7064871740.5,3818
2016-07-19,'000652,泰达股份,4.87,4.89,4.79,4.81,4.82,0.05,1.0373,1.3234,19397063,94025265.28,7186044659.24,7138158791.75,5935
2016-07-18,'000652,泰达股份,4.82,4.86,4.75,4.81,4.83,-0.01,-0.207,1.0349,15168927,73041933.27,7112265966.64,7064871740.5,4733
2016-07-15,'000652,泰达股份,4.83,4.88,4.8,4.84,4.82,0.01,0.2075,1.0699,15682694,75810132.84,7127021705.16,7079529150.75,3947
2016-07-14,'000652,泰达股份,4.82,4.86,4.8,4.84,4.85,-0.03,-0.6186,0.9356,13713896,66183472.96,7112265966.64,7064871740.5,4143
2016-07-13,'000652,泰达股份,4.85,4.86,4.79,4.8,4.8,0.05,1.0417,1.6254,23823555,114967930.31,7156533182.2,7108843971.25,5844
2016-07-12,'000652,泰达股份,4.8,4.8,4.69,4.71,4.72,0.08,1.6949,1.4575,21363246,101411291.87,7082754489.6,7035556920.0,5569
2016-07-11,'000652,泰达股份,4.72,4.76,4.7,4.72,4.71,0.01,0.2123,0.8319,12193914,57750644.49,6964708581.44,6918297638.0,3906
2016-07-08,'000652,泰达股份,4.71,4.75,4.7,4.73,4.74,-0.03,-0.6329,0.6664,9767655,46071422.26,6949952842.92,6903640227.75,3380
2016-07-07,'000652,泰达股份,4.74,4.78,4.7,4.77,4.78,-0.04,-0.8368,1.1954,17522163,82904954.51,6994220058.48,6947612458.5,4929
2016-07-06,'000652,泰达股份,4.78,4.82,4.72,4.75,4.75,0.03,0.6316,1.0833,15878500,75844537.49,7053243012.56,7006242099.5,4826
2016-07-05,'000652,泰达股份,4.75,4.82,4.72,4.74,4.73,0.02,0.4228,1.3888,20355706,96751753.38,7008975797.0,6962269868.75,6345
2016-07-04,'000652,泰达股份,4.73,4.77,4.63,4.65,4.71,0.02,0.4246,1.6953,24849202,117164878.13,6979464319.96,6932955048.25,7483
2016-07-01,'000652,泰达股份,4.71,4.88,4.6,4.61,4.6,0.11,2.3913,2.3969,35132059,165815738.94,6949952842.92,6903640227.75,9840
2016-06-30,'000652,泰达股份,4.6,4.65,4.56,4.56,4.56,0.04,0.8772,1.2047,17657269,81268551.31,6787639719.2,6742408715.0,5350
2016-06-29,'000652,泰达股份,4.56,4.58,4.53,4.57,4.55,0.01,0.2198,0.9511,13940334,63488679.56,6728616765.12,6683779074.0,3972
2016-06-28,'000652,泰达股份,4.55,4.56,4.46,4.49,4.5,0.05,1.1111,0.8361,12254886,55314504.99,6713861026.6,6669121663.75,4064
2016-06-27,'000652,泰达股份,4.5,4.52,4.4,4.41,4.43,0.07,1.5801,0.713,10450665,46729250.68,6640082334.0,6595834612.5,3388
2016-06-24,'000652,泰达股份,4.43,4.58,4.31,4.55,4.54,-0.11,-2.4229,1.0855,15911222,70929627.13,6536792164.36,6493232740.75,5039
2016-06-23,'000652,泰达股份,4.54,4.59,4.51,4.58,4.57,-0.03,-0.6565,0.5399,7912850,35992543.41,6699105288.08,6654464253.5,2853
2016-06-22,'000652,泰达股份,4.57,4.57,4.48,4.52,4.52,0.05,1.1062,0.6983,10234921,46337307.96,6743372503.64,6698436484.25,2897
2016-06-21,'000652,泰达股份,4.52,4.61,4.5,4.55,4.54,-0.02,-0.4405,0.9176,13449048,61397674.21,6669593811.04,6625149433.0,3569
2016-06-20,'000652,泰达股份,4.54,4.56,4.46,4.5,4.51,0.03,0.6652,0.643,9424768,42592628.48,6699105288.08,6654464253.5,2637
2016-06-17,'000652,泰达股份,4.51,4.57,4.48,4.51,4.5,0.01,0.2222,0.7964,11672511,52886266.42,6654838072.52,6610492022.75,3243
2016-06-16,'000652,泰达股份,4.5,4.6,4.49,4.5,4.52,-0.02,-0.4425,0.8601,12606740,57124146.85,6640082334.0,6595834612.5,3941
2016-06-15,'000652,泰达股份,4.52,4.55,4.37,4.4,4.42,0.1,2.2624,0.7977,11692877,52502693.95,6669593811.04,6625149433.0,4221
2016-06-14,'000652,泰达股份,4.42,4.45,4.4,4.42,4.42,0.0,0.0,0.6183,9062555,40090310.9,6522036425.84,6478575330.5,3182
2016-06-13,'000652,泰达股份,4.42,4.58,4.41,4.55,4.64,-0.22,-4.7414,0.9825,14400716,65004717.08,6522036425.84,6478575330.5,5039
2016-06-08,'000652,泰达股份,4.64,4.69,4.59,4.69,4.69,-0.05,-1.0661,0.7675,11249047,52065179.3,6846662673.28,6801038356.0,3575
2016-06-07,'000652,泰达股份,4.69,4.7,4.61,4.65,4.65,0.04,0.8602,0.8335,12217456,56864204.92,6920441365.88,6874325407.25,4338
2016-06-06,'000652,泰达股份,4.65,4.72,4.63,4.69,4.69,-0.04,-0.8529,0.7961,11668775,54469377.35,6861418411.8,6815695766.25,3492
2016-06-03,'000652,泰达股份,4.69,4.7,4.63,4.67,4.67,0.02,0.4283,0.914,13396156,62555323.63,6920441365.88,6874325407.25,4199
2016-06-02,'000652,泰达股份,4.67,4.67,4.62,4.63,4.64,0.03,0.6466,0.9241,13545229,62960138.26,6890929888.84,6845010586.75,3937
2016-06-01,'000652,泰达股份,4.64,4.69,4.62,4.67,4.67,-0.03,-0.6424,1.0848,15900613,73856133.37,6846662673.28,6801038356.0,4769
2016-05-31,'000652,泰达股份,4.67,4.67,4.46,4.46,4.47,0.2,4.4743,1.4108,20678959,95281340.36,6890929888.84,6845010586.75,6560
2016-05-30,'000652,泰达股份,4.47,4.51,4.41,4.47,4.5,-0.03,-0.6667,0.4733,6937815,31029498.43,6595815118.44,6551862381.75,2530
2016-05-27,'000652,泰达股份,4.5,4.53,4.44,4.45,4.47,0.03,0.6711,0.7015,10282887,46155523.63,6640082334.0,6595834612.5,3274
2016-05-26,'000652,泰达股份,4.47,4.49,4.37,4.44,4.45,0.02,0.4494,0.687,10070223,44495088.28,6595815118.44,6551862381.75,3252
2016-05-25,'000652,泰达股份,4.45,4.51,4.44,4.48,4.45,0.0,0.0,0.4824,7070610,31652057.9,6566303641.4,6522547561.25,2157
2016-05-24,'000652,泰达股份,4.45,4.52,4.42,4.52,4.52,-0.07,-1.5487,0.5395,7907313,35281525.68,6566303641.4,6522547561.25,2621
2016-05-23,'000652,泰达股份,4.52,4.56,4.48,4.48,4.49,0.03,0.6682,0.6692,9808059,44336431.02,6669593811.04,6625149433.0,3112
2016-05-20,'000652,泰达股份,4.49,4.49,4.39,4.41,4.44,0.05,1.1261,0.5739,8411662,37454320.25,6625326595.48,6581177202.25,3036
2016-05-19,'000652,泰达股份,4.44,4.53,4.4,4.43,4.43,0.01,0.2257,0.5527,8100604,36155095.05,6551547902.88,6507890151.0,3154
2016-05-18,'000652,泰达股份,4.43,4.48,4.36,4.48,4.5,-0.07,-1.5556,0.9427,13817693,60984734.0,6536792164.36,6493232740.75,4306
2016-05-17,'000652,泰达股份,4.5,4.55,4.47,4.53,4.54,-0.04,-0.8811,0.6266,9184184,41418983.54,6640082334.0,6595834612.5,2899
2016-05-16,'000652,泰达股份,4.54,4.55,4.4,4.45,4.46,0.08,1.7937,0.6225,9123926,40886901.55,6699105288.08,6654464253.5,3222
2016-05-13,'000652,泰达股份,4.46,4.52,4.41,4.47,4.48,-0.02,-0.4464,0.681,9981224,44590666.8,6581059379.92,6537204971.5,3457
2016-05-12,'000652,泰达股份,4.48,4.52,4.35,4.5,4.55,-0.07,-1.5385,1.0543,15453342,68750350.58,6610570856.96,6566519792.0,5012
2016-05-11,'000652,泰达股份,4.55,4.62,4.54,4.59,4.56,-0.01,-0.2193,0.6228,9128630,41839480.29,6713861026.6,6669121663.75,3683
2016-05-10,'000652,泰达股份,4.56,4.63,4.54,4.58,4.58,-0.02,-0.4367,0.7344,10764083,49308731.91,6728616765.12,6683779074.0,3715
2016-05-09,'000652,泰达股份,4.58,4.8,4.52,4.8,4.82,-0.24,-4.9793,1.5694,23003285,106910256.12,6758128242.16,6713093894.5,7677
2016-05-06,'000652,泰达股份,4.82,5.06,4.81,5.02,5.01,-0.19,-3.7924,1.2703,18618771,91777537.89,7112265966.64,7064871740.5,7398
2016-05-05,'000652,泰达股份,5.01,5.03,4.93,4.94,4.96,0.05,1.0081,0.9158,13422538,66716914.09,7392624998.52,7343362535.25,4556
2016-05-04,'000652,泰达股份,4.96,4.99,4.93,4.95,4.97,-0.01,-0.2012,0.9104,13343865,66231435.25,7318846305.92,7270075484.0,4576
2016-05-03,'000652,泰达股份,4.97,4.97,4.82,4.86,4.85,0.12,2.4742,1.0387,15224287,75071406.96,7333602044.44,7284732894.25,5343
2016-04-29,'000652,泰达股份,4.85,4.88,4.82,4.83,4.87,-0.02,-0.4107,0.6036,8847821,42905583.58,7156533182.2,7108843971.25,3280
2016-04-28,'000652,泰达股份,4.87,4.97,4.78,4.94,4.97,-0.1,-2.0121,1.3215,19369587,94143760.43,7186044659.24,7138158791.75,6962
2016-04-27,'000652,泰达股份,4.97,5.12,4.92,4.94,4.94,0.03,0.6073,1.3801,20229269,101619666.13,7333602044.44,7284732894.25,6884
2016-04-26,'000652,泰达股份,4.94,4.94,4.86,4.88,4.88,0.06,1.2295,0.7187,10533732,51659162.43,7289334828.88,7240760663.5,4234
2016-04-25,'000652,泰达股份,4.88,4.9,4.81,4.9,4.92,-0.04,-0.813,0.8307,12175835,59141321.02,7200800397.76,7152816202.0,4245
2016-04-22,'000652,泰达股份,4.92,4.94,4.86,4.87,4.89,0.03,0.6135,1.1442,16770495,82060511.8,7259823351.84,7211445843.0,4904
2016-04-21,'000652,泰达股份,4.89,5.01,4.87,4.94,4.97,-0.08,-1.6097,1.2752,18691255,92516441.22,7215556136.28,7167473612.25,6263
2016-04-20,'000652,泰达股份,4.97,5.26,4.88,5.25,5.24,-0.27,-5.1527,2.1538,31569657,159166475.5,7333602044.44,7284732894.25,12283
2016-04-19,'000652,泰达股份,5.24,5.29,5.18,5.28,5.22,0.02,0.3831,1.0018,14684391,76820320.07,7732006984.48,7680482971.0,5063
2016-04-18,'000652,泰达股份,5.22,5.31,5.2,5.31,5.35,-0.13,-2.4299,1.3169,19302322,101027163.25,7702495507.44,7651168150.5,7099
2016-04-15,'000652,泰达股份,5.35,5.41,5.3,5.37,5.38,-0.03,-0.5576,1.3194,19339547,103266009.97,7894320108.2,7841714483.75,6977
2016-04-14,'000652,泰达股份,5.38,5.38,5.28,5.35,5.32,0.06,1.1278,2.0372,29860589,159309273.49,7938587323.76,7885686714.5,8254
2016-04-13,'000652,泰达股份,5.32,5.43,5.23,5.27,5.26,0.06,1.1407,3.4377,50387981,269120349.12,7850052892.64,7797742253.0,16081
2016-04-12,'000652,泰达股份,5.26,5.37,5.16,5.2,5.19,0.07,1.3487,2.9899,43824083,230448024.58,7761518461.52,7709797791.5,14560
2016-04-11,'000652,泰达股份,5.19,5.26,5.14,5.15,5.1,0.09,1.7647,1.7996,26376833,137195208.74,7658228291.88,7607195919.75,9036
2016-04-08,'000652,泰达股份,5.1,5.15,5.02,5.1,5.16,-0.06,-1.1628,1.6679,24446653,124494956.24,7525426645.2,7475279227.5,8657
2016-04-07,'000652,泰达股份,5.16,5.47,5.13,5.37,5.37,-0.21,-3.9106,3.0969,45392752,240338925.46,7613961076.32,7563223689.0,14231
2016-04-06,'000652,泰达股份,5.37,5.44,5.22,5.3,5.32,0.05,0.9398,2.4586,36036086,191778475.22,7923831585.24,7871029304.25,11663
2016-04-05,'000652,泰达股份,5.32,5.37,5.18,5.2,5.17,0.15,2.9014,2.1532,31560427,166245984.54,7850052892.64,7797742253.0,12139
2016-04-01,'000652,泰达股份,5.17,5.27,5.05,5.14,5.18,-0.01,-0.1931,2.1156,31008678,159911093.19,7628716814.84,7577881099.25,10509
2016-03-31,'000652,泰达股份,5.18,5.24,5.07,5.11,5.09,0.09,1.7682,2.6001,38110742,196816834.24,7643472553.36,7592538509.5,14036
2016-03-30,'000652,泰达股份,5.09,5.09,4.96,5.0,4.94,0.15,3.0364,1.5013,22005601,110766674.21,7510670906.68,7460621817.25,8714
2016-03-29,'000652,泰达股份,4.94,4.99,4.87,4.97,4.98,-0.04,-0.8032,1.3161,19290003,95140362.81,7289334828.88,7240760663.5,7058
2016-03-28,'000652,泰达股份,4.98,5.12,4.95,4.97,4.96,0.02,0.4032,2.2952,33641111,169606527.49,7348357782.96,7299390304.5,11046
2016-03-25,'000652,泰达股份,4.96,4.98,4.89,4.89,4.9,0.06,1.2245,1.2271,17986199,88787347.32,7318846305.92,7270075484.0,5198
2016-03-24,'000652,泰达股份,4.9,5.02,4.89,5.01,5.06,-0.16,-3.1621,1.7528,25691043,127489054.74,7230311874.8,7182131022.5,8074
2016-03-23,'000652,泰达股份,5.06,5.06,4.97,5.02,5.02,0.04,0.7968,1.4275,20923210,105024942.21,7466403691.12,7416649586.5,6973
2016-03-22,'000652,泰达股份,5.02,5.08,5.01,5.07,5.12,-0.1,-1.9531,2.0448,29971139,151148373.81,7407380737.04,7358019945.5,10885
2016-03-21,'000652,泰达股份,5.12,5.16,4.96,4.99,4.94,0.18,3.6437,2.9857,43762551,222194684.55,7554938122.24,7504594048.0,14306
2016-03-18,'000652,泰达股份,4.94,4.98,4.74,4.79,4.77,0.17,3.5639,2.5769,37770566,184722145.72,7289334828.88,7240760663.5,12572
2016-03-17,'000652,泰达股份,4.77,4.79,4.61,4.61,4.59,0.18,3.9216,1.6171,23702238,111846365.11,7038487274.04,6991584689.25,8360
2016-03-16,'000652,泰达股份,4.59,4.74,4.57,4.71,4.69,-0.1,-2.1322,1.0795,15822203,73472133.15,6772883980.68,6727751304.75,5928
2016-03-15,'000652,泰达股份,4.69,4.78,4.62,4.76,4.76,-0.07,-1.4706,1.2621,18498886,86982525.24,6920441365.88,6874325407.25,7634
2016-03-14,'000652,泰达股份,4.76,4.83,4.63,4.65,4.6,0.16,3.4783,1.6407,24048958,114283443.83,7023731535.52,6976927279.0,9894
2016-03-11,'000652,泰达股份,4.6,4.63,4.47,4.57,4.61,-0.01,-0.2169,1.0896,15971334,72871363.15,6787639719.2,6742408715.0,9501
2016-03-10,'000652,泰达股份,4.61,4.76,4.6,4.67,4.66,-0.05,-1.073,0.9539,13981691,65336557.02,6802395457.72,6757066125.25,5918
2016-03-09,'000652,泰达股份,4.66,4.77,4.57,4.73,4.83,-0.17,-3.5197,1.2942,18969439,88732142.43,6876174150.32,6830353176.5,6626
2016-03-08,'000652,泰达股份,4.83,4.85,4.57,4.84,4.83,0.0,0.0,1.5487,22699435,106995678.59,7127021705.16,7079529150.75,8329
2016-03-07,'000652,泰达股份,4.83,4.9,4.75,4.75,4.7,0.13,2.766,1.2109,17748363,85715116.7,7127021705.16,7079529150.75,7064
2016-03-04,'000652,泰达股份,4.7,4.93,4.62,4.84,4.89,-0.19,-3.8855,1.7748,26014594,124638782.39,6935197104.4,6888982817.5,9261
2016-03-03,'000652,泰达股份,4.89,5.0,4.86,4.92,4.95,-0.06,-1.2121,2.135,31293592,154107135.75,7215556136.28,7167473612.25,11225
2016-03-02,'000652,泰达股份,4.95,4.97,4.51,4.53,4.52,0.43,9.5133,2.4604,36062860,171376805.67,7304090567.4,7255418073.75,11928
2016-03-01,'000652,泰达股份,4.52,4.56,4.37,4.45,4.4,0.12,2.7273,1.4277,20926869,93429983.69,6669593811.04,6625149433.0,7316
2016-02-29,'000652,泰达股份,4.4,4.71,4.32,4.67,4.74,-0.34,-7.173,1.423,20857559,92765478.17,6492524948.8,6449260510.0,9741
2016-02-26,'000652,泰达股份,4.74,4.8,4.61,4.65,4.62,0.12,2.5974,1.5953,23382769,109946579.38,6994220058.48,6947612458.5,8307
2016-02-25,'000652,泰达股份,4.62,5.11,4.62,5.11,5.13,-0.51,-9.9415,2.2191,32526556,158077513.48,6817151196.24,6771723535.5,12328
2016-02-24,'000652,泰达股份,5.13,5.13,4.94,5.04,5.05,0.08,1.5842,1.9923,29202478,147712474.92,7569693860.76,7519251458.25,10055
2016-02-23,'000652,泰达股份,5.05,5.13,4.94,5.1,5.09,-0.04,-0.7859,1.6252,23821193,119795810.42,7451647952.6,7401992176.25,8606
2016-02-22,'000652,泰达股份,5.09,5.12,5.0,5.05,4.97,0.12,2.4145,1.5942,23366333,118036678.31,7510670906.68,7460621817.25,7632
2016-02-19,'000652,泰达股份,4.97,5.01,4.91,4.94,4.95,0.02,0.404,1.1016,16147298,80174891.54,7333602044.44,7284732894.25,6028
2016-02-18,'000652,泰达股份,4.95,5.1,4.93,5.02,4.98,-0.03,-0.6024,1.8311,26839246,134325995.51,7304090567.4,7255418073.75,8617
2016-02-17,'000652,泰达股份,4.98,5.0,4.88,4.95,4.95,0.03,0.6061,1.5353,22503546,111088817.49,7348357782.96,7299390304.5,7754
2016-02-16,'000652,泰达股份,4.95,4.99,4.81,4.83,4.77,0.18,3.7736,1.5226,22316771,109764426.31,7304090567.4,7255418073.75,8408
2016-02-15,'000652,泰达股份,4.77,4.83,4.53,4.55,4.75,0.02,0.4211,0.8108,11884269,55533311.36,7038487274.04,6991584689.25,5073
2016-02-05,'000652,泰达股份,4.75,4.9,4.72,4.86,4.85,-0.1,-2.0619,0.9712,14235836,68186210.09,7008975797.0,6962269868.75,5641
2016-02-04,'000652,泰达股份,4.85,4.88,4.7,4.7,4.7,0.15,3.1915,1.2431,18220667,87563257.83,7156533182.2,7108843971.25,7637
2016-02-03,'000652,泰达股份,4.7,4.73,4.51,4.61,4.67,0.03,0.6424,1.1873,17402438,80528468.25,6935197104.4,6888982817.5,6090
2016-02-02,'000652,泰达股份,4.67,4.73,4.51,4.54,4.53,0.14,3.0905,1.216,17823937,82828287.27,6890929888.84,6845010586.75,6469
2016-02-01,'000652,泰达股份,4.53,4.62,4.44,4.51,4.5,0.03,0.6667,1.2523,18355558,83169459.89,6684349549.56,6639806843.25,6843
2016-01-29,'000652,泰达股份,4.5,4.57,4.29,4.32,4.3,0.2,4.6512,1.3778,20194332,89988472.24,6640082334.0,6595834612.5,7623
2016-01-28,'000652,泰达股份,4.3,4.64,4.26,4.5,4.58,-0.28,-6.1135,1.614,23656416,106300331.72,6344967563.6,6302686407.5,7615
2016-01-27,'000652,泰达股份,4.58,4.82,4.32,4.75,4.72,-0.14,-2.9661,1.8767,27506838,125518000.71,6758128242.16,6713093894.5,10743
2016-01-26,'000652,泰达股份,4.72,5.19,4.72,5.15,5.24,-0.52,-9.9237,2.0493,30037231,149316177.16,6964708581.44,6918297638.0,11519
2016-01-25,'000652,泰达股份,5.24,5.31,5.19,5.21,5.19,0.05,0.9634,1.366,20022423,105092176.02,7732006984.48,7680482971.0,6898
2016-01-22,'000652,泰达股份,5.19,5.26,4.95,5.2,5.13,0.06,1.1696,1.9262,28232638,145227069.59,7658228291.88,7607195919.75,10689
2016-01-21,'000652,泰达股份,5.13,5.72,5.1,5.56,5.66,-0.53,-9.364,2.0679,30310664,166527740.49,7569693860.76,7519251458.25,12415
2016-01-20,'000652,泰达股份,5.66,5.83,5.6,5.77,5.83,-0.17,-2.916,1.9119,28022874,159996172.41,8351748002.32,8296094201.5,11866
2016-01-19,'000652,泰达股份,5.83,5.87,5.54,5.69,5.69,0.14,2.4605,2.2001,32247690,184892896.67,8602595557.16,8545270175.75,13314
2016-01-18,'000652,泰达股份,5.69,5.84,5.51,5.55,5.73,-0.04,-0.6981,2.2418,32859023,186334569.3,8396015217.88,8340066432.25,13271
2016-01-15,'000652,泰达股份,5.73,6.13,5.65,6.03,6.11,-0.38,-6.2193,1.6319,23920057,141483777.57,8455038171.96,8398696073.25,12351
2016-01-14,'000652,泰达股份,6.11,6.17,5.55,5.71,5.96,0.15,2.5168,2.2895,33557627,197406507.3,9015756235.72,8955677662.75,16950
2016-01-13,'000652,泰达股份,5.96,6.32,5.87,6.13,6.13,-0.17,-2.7732,2.4223,35504213,218482330.0,8794420157.92,8735816509.0,16848
2016-01-12,'000652,泰达股份,6.13,6.2,5.81,5.95,5.88,0.25,4.2517,2.3145,33924568,205616672.89,9045267712.76,8984992483.25,17072
2016-01-11,'000652,泰达股份,5.88,6.35,5.71,5.85,6.01,-0.13,-2.1631,3.2169,47151385,287290524.78,8676374249.76,8618557227.0,20751
2016-01-08,'000652,泰达股份,6.01,6.17,5.53,6.0,5.85,0.16,2.735,2.9652,43462263,259437350.98,8868198850.52,8809103560.25,18350
2016-01-07,'000652,泰达股份,5.85,6.35,5.85,6.35,6.5,-0.65,-10.0,0.8051,11801300,71626727.64,8632107034.2,8574584996.25,4671
2016-01-06,'000652,泰达股份,6.5,6.54,6.27,6.28,6.3,0.2,3.1746,2.3443,34361494,219635275.75,9591230038.0,9527316662.5,15364
2016-01-05,'000652,泰达股份,6.3,6.4,5.98,6.09,6.42,-0.12,-1.8692,2.9852,43755888,271876394.85,9296115267.6,9234168457.5,20090
2016-01-04,'000652,泰达股份,6.42,7.14,6.42,7.05,7.13,-0.71,-9.9579,2.109,30912417,209207869.05,9473184129.84,9410057380.5,15444
