日期,股票代码,名称,收盘价,最高价,最低价,开盘价,前收盘,涨跌额,涨跌幅,换手率,成交量,成交金额,总市值,流通市值,成交笔数
2016-10-12,'000400,许继电气,16.62,16.94,16.15,16.3,15.4,1.22,7.9221,7.6724,56593631,939033965.95,16758399875.6,12259417248.0,31823
2016-10-11,'000400,许继电气,15.4,15.54,15.01,15.04,15.06,0.34,2.2576,2.7161,20034430,308178534.33,15528240558.6,11359508160.0,12609
2016-10-10,'000400,许继电气,15.06,15.12,14.69,14.7,14.64,0.42,2.8689,1.2154,8965449,133836465.47,15185409273.5,11108713824.0,5837
2016-09-30,'000400,许继电气,14.64,14.67,14.5,14.53,14.52,0.12,0.8264,0.5325,3927652,57317860.99,14761911803.8,10798909056.0,2763
2016-09-29,'000400,许继电气,14.52,14.59,14.46,14.49,14.49,0.03,0.207,0.3772,2782059,40427130.02,14640912526.7,10710393408.0,2533
2016-09-28,'000400,许继电气,14.49,14.54,14.37,14.48,14.38,0.11,0.765,0.4334,3196694,46264604.2,14610662707.4,10688264496.0,2924
2016-09-27,'000400,许继电气,14.38,14.45,14.3,14.36,14.34,0.04,0.2789,0.3953,2915492,41899192.65,14499746703.4,10607125152.0,2777
2016-09-26,'000400,许继电气,14.34,14.6,14.31,14.6,14.6,-0.26,-1.7808,0.526,3880050,56108113.2,14459413611.1,10577619936.0,3381
2016-09-23,'000400,许继电气,14.6,14.73,14.57,14.73,14.7,-0.1,-0.6803,0.473,3488767,51049029.0,14721578711.4,10769403840.0,2474
2016-09-22,'000400,许继电气,14.7,14.72,14.59,14.62,14.52,0.18,1.2397,0.7961,5872467,86136550.89,14822411442.3,10843166880.0,4708
2016-09-21,'000400,许继电气,14.52,14.63,14.49,14.52,14.51,0.01,0.0689,0.4302,3173393,46216218.56,14640912526.7,10710393408.0,3102
2016-09-20,'000400,许继电气,14.51,14.59,14.45,14.59,14.6,-0.09,-0.6164,0.3587,2645915,38364095.17,14630829253.6,10703017104.0,2634
2016-09-19,'000400,许继电气,14.6,14.61,14.5,14.5,14.45,0.15,1.0381,0.4256,3139119,45723844.3,14721578711.4,10769403840.0,3140
2016-09-14,'000400,许继电气,14.45,14.62,14.4,14.48,14.59,-0.14,-0.9596,0.6649,4904782,71120980.85,14570329615.0,10658759280.0,4750
2016-09-13,'000400,许继电气,14.59,14.68,14.47,14.56,14.49,0.1,0.6901,0.7679,5664415,82364084.19,14711495438.3,10762027536.0,3955
2016-09-12,'000400,许继电气,14.49,14.87,14.47,14.87,15.22,-0.73,-4.7963,1.9735,14557356,213024938.2,14610662707.4,10688264496.0,10078
2016-09-09,'000400,许继电气,15.22,15.44,15.21,15.31,15.31,-0.09,-0.5879,0.9756,7195977,110331434.11,15346741643.0,11226734688.0,4654
2016-09-08,'000400,许继电气,15.31,15.4,15.2,15.31,15.26,0.05,0.3277,1.0678,7876062,120549141.52,15437491100.8,11293121424.0,4219
2016-09-07,'000400,许继电气,15.26,15.43,15.24,15.31,15.32,-0.06,-0.3916,1.061,7826060,120075379.51,15387074735.3,11256239904.0,4650
2016-09-06,'000400,许继电气,15.32,15.35,15.1,15.18,15.14,0.18,1.1889,1.0956,8081441,123142193.96,15447574373.9,11300497728.0,4601
2016-09-05,'000400,许继电气,15.14,15.28,15.11,15.16,15.15,-0.01,-0.066,0.6339,4675590,71030161.01,15266075458.3,11167724256.0,3339
2016-09-02,'000400,许继电气,15.15,15.33,15.0,15.1,15.13,0.02,0.1322,1.1549,8518864,129307880.99,15276158731.4,11175100560.0,5510
2016-09-01,'000400,许继电气,15.13,15.29,15.1,15.26,15.26,-0.13,-0.8519,0.942,6948366,105470028.0,15255992185.2,11160347952.0,4885
2016-08-31,'000400,许继电气,15.26,15.31,15.17,15.28,15.28,-0.02,-0.1309,0.7473,5512460,83983911.88,15387074735.3,11256239904.0,4178
2016-08-30,'000400,许继电气,15.28,15.35,15.24,15.35,15.27,0.01,0.0655,0.6316,4658977,71250738.07,15407241281.5,11270992512.0,3835
2016-08-29,'000400,许继电气,15.27,15.34,15.14,15.23,15.24,0.03,0.1969,0.7785,5742633,87516907.13,15397158008.4,11263616208.0,3560
2016-08-26,'000400,许继电气,15.24,15.49,15.21,15.31,15.28,-0.04,-0.2618,1.0262,7569591,116280535.81,15366908189.2,11241487296.0,4950
2016-08-25,'000400,许继电气,15.28,15.71,15.1,15.71,15.75,-0.47,-2.9841,1.6929,12487230,191365378.02,15407241281.5,11270992512.0,8675
2016-08-24,'000400,许继电气,15.75,15.81,15.65,15.74,15.71,0.04,0.2546,0.7051,5201069,81853641.56,15881155116.8,11617678800.0,2893
2016-08-23,'000400,许继电气,15.71,15.76,15.56,15.57,15.61,0.1,0.6406,0.6487,4785002,75045982.99,15840822024.4,11588173584.0,3264
2016-08-22,'000400,许继电气,15.61,15.9,15.55,15.9,15.94,-0.33,-2.0703,1.0214,7534379,118059655.75,15739989293.5,11514410544.0,4865
2016-08-19,'000400,许继电气,15.94,16.07,15.75,15.85,15.87,0.07,0.4411,1.2572,9273125,147473465.18,16072737305.5,11757828576.0,5208
2016-08-18,'000400,许继电气,15.87,15.95,15.75,15.85,15.88,-0.01,-0.063,1.4327,10568326,167644638.41,16002154393.8,11706194448.0,5192
2016-08-17,'000400,许继电气,15.88,15.92,15.54,15.73,15.64,0.24,1.5345,1.4432,10645623,167490378.32,16012237666.9,11713570752.0,7471
2016-08-16,'000400,许继电气,15.64,15.9,15.63,15.68,15.62,0.02,0.128,1.1773,8683802,136596969.71,15770239112.8,11536539456.0,6178
2016-08-15,'000400,许继电气,15.62,15.68,15.3,15.3,15.25,0.37,2.4262,1.9873,14658806,227991796.21,15750072566.6,11521786848.0,8135
2016-08-12,'000400,许继电气,15.25,15.31,15.01,15.02,15.08,0.17,1.1273,0.739,5450990,82623996.99,15376991462.2,11248863600.0,4123
2016-08-11,'000400,许继电气,15.08,15.45,15.05,15.41,15.44,-0.36,-2.3316,1.0726,7911462,120309235.73,15205575819.7,11123466432.0,5344
2016-08-10,'000400,许继电气,15.44,15.55,15.28,15.4,15.44,0.0,0.0,1.083,7988524,123175000.02,15568573651.0,11389013376.0,4809
2016-08-09,'000400,许继电气,15.44,15.45,15.26,15.35,15.35,0.09,0.5863,0.9412,6942497,106681800.37,15568573651.0,11389013376.0,4505
2016-08-08,'000400,许继电气,15.35,15.36,15.01,15.05,15.07,0.28,1.858,0.9878,7286338,110998170.46,15477824193.1,11322626640.0,5045
2016-08-05,'000400,许继电气,15.07,15.3,15.05,15.14,15.14,-0.07,-0.4624,0.8368,6172267,93586888.39,15195492546.6,11116090128.0,4381
2016-08-04,'000400,许继电气,15.14,15.16,14.94,14.96,15.02,0.12,0.7989,0.7475,5513422,82992095.25,15266075458.3,11167724256.0,4145
2016-08-03,'000400,许继电气,15.02,15.24,14.85,15.22,15.22,-0.2,-1.3141,1.6674,12298910,185196083.11,15145076181.2,11079208608.0,7662
2016-08-02,'000400,许继电气,15.22,15.33,15.09,15.16,15.18,0.04,0.2635,1.024,7553350,114616648.25,15346741643.0,11226734688.0,5725
2016-08-01,'000400,许继电气,15.18,15.88,15.18,15.82,15.94,-0.76,-4.7679,1.9613,14467104,222183885.87,15306408550.6,11197229472.0,10459
2016-07-29,'000400,许继电气,15.94,16.39,15.7,15.7,15.8,0.14,0.8861,2.359,17400562,280448770.05,16072737305.5,11757828576.0,10331
2016-07-28,'000400,许继电气,15.8,15.86,15.4,15.52,15.49,0.31,2.0013,1.5339,11314248,177214231.22,15931571482.2,11654560320.0,6975
2016-07-27,'000400,许继电气,15.49,16.45,15.28,16.34,16.32,-0.83,-5.0858,2.6431,19496327,309659214.73,15618990016.4,11425894896.0,13440
2016-07-26,'000400,许继电气,16.32,16.35,16.05,16.14,16.12,0.2,1.2407,1.6196,11946554,193875339.03,16455901682.9,12038128128.0,7367
2016-07-25,'000400,许继电气,16.12,16.2,15.91,15.95,15.95,0.17,1.0658,1.1607,8561825,137644490.75,16254236221.1,11890602048.0,5111
2016-07-22,'000400,许继电气,15.95,16.18,15.89,16.01,16.06,-0.11,-0.6849,1.3587,10022183,160593784.14,16082820578.5,11765204880.0,6314
2016-07-21,'000400,许继电气,16.06,16.33,15.96,16.07,15.99,0.07,0.4378,1.5267,11261704,181656015.57,16193736582.5,11846344224.0,6740
2016-07-20,'000400,许继电气,15.99,16.45,15.95,16.04,16.04,-0.05,-0.3117,1.6032,11825757,191263812.95,16123153670.9,11794710096.0,8953
2016-07-19,'000400,许继电气,16.04,16.21,15.86,16.13,16.18,-0.14,-0.8653,1.3212,9745614,156126425.45,16173570036.4,11831591616.0,6807
2016-07-18,'000400,许继电气,16.18,16.32,15.97,16.16,16.14,0.04,0.2478,1.4602,10770908,173764206.34,16314735859.6,11934859872.0,7300
2016-07-15,'000400,许继电气,16.14,16.4,16.01,16.37,16.32,-0.18,-1.1029,1.5183,11199187,181083421.24,16274402767.3,11905354656.0,7340
2016-07-14,'000400,许继电气,16.32,16.48,16.11,16.2,16.24,0.08,0.4926,1.6167,11925598,194422115.71,16455901682.9,12038128128.0,7417
2016-07-13,'000400,许继电气,16.24,16.6,16.18,16.3,16.3,-0.06,-0.3681,2.5424,18753190,307208377.08,16375235498.2,11979117696.0,12128
2016-07-12,'000400,许继电气,16.3,16.3,15.75,15.9,15.75,0.55,3.4921,3.4695,25591934,410946651.07,16435735136.7,12023375520.0,14935
2016-07-11,'000400,许继电气,15.75,16.09,15.75,16.0,15.96,-0.21,-1.3158,1.7702,13057320,207724024.04,15881155116.8,11617678800.0,9233
2016-07-08,'000400,许继电气,15.96,16.24,15.63,15.67,15.66,0.3,1.9157,3.8961,28738827,458487599.28,16092903851.6,11772581184.0,21262
2016-07-07,'000400,许继电气,15.66,15.76,15.18,15.55,15.53,0.13,0.8371,2.3748,17517525,270933784.32,15790405658.9,11551292064.0,13069
2016-07-06,'000400,许继电气,15.53,15.64,15.42,15.62,15.65,-0.12,-0.7668,1.4114,10410795,161594875.01,15659323108.8,11455400112.0,6839
2016-07-05,'000400,许继电气,15.65,15.75,15.51,15.64,15.61,0.04,0.2562,1.5598,11505880,179749182.79,15780322385.9,11543915760.0,7646
2016-07-04,'000400,许继电气,15.61,15.65,15.22,15.28,15.36,0.25,1.6276,1.7008,12545511,195020947.23,15739989293.5,11514410544.0,8650
2016-07-01,'000400,许继电气,15.36,15.54,15.3,15.47,15.44,-0.08,-0.5181,1.1255,8302330,128086159.91,15487907466.2,11330002944.0,5750
2016-06-30,'000400,许继电气,15.44,15.54,15.3,15.54,15.46,-0.02,-0.1294,1.4282,10534754,162358987.89,15568573651.0,11389013376.0,6351
2016-06-29,'000400,许继电气,15.46,15.72,15.4,15.6,15.56,-0.1,-0.6427,1.8905,13945052,216910465.18,15588740197.1,11403765984.0,9310
2016-06-28,'000400,许继电气,15.56,15.63,15.15,15.33,15.43,0.13,0.8425,2.0612,15204346,234079413.56,15689572928.0,11477529024.0,10575
2016-06-27,'000400,许继电气,15.43,15.47,14.96,14.98,15.03,0.4,2.6613,1.5624,11524510,176105568.71,15558490377.9,11381637072.0,8097
2016-06-24,'000400,许继电气,15.03,15.55,14.67,15.33,15.35,-0.32,-2.0847,2.1278,15695225,237113297.44,15155159454.3,11086584912.0,12099
2016-06-23,'000400,许继电气,15.45,15.75,15.3,15.47,15.47,-0.02,-0.1293,1.7275,12742691,197913143.62,15578656924.0,11396389680.0,8526
2016-06-22,'000400,许继电气,15.47,15.52,15.02,15.16,15.21,0.26,1.7094,1.5063,11110966,169952900.0,15598823470.2,11411142288.0,7938
2016-06-21,'000400,许继电气,15.21,15.96,15.06,15.95,15.78,-0.57,-3.6122,2.9355,21652989,335067228.4,15336658369.9,11219358384.0,14513
2016-06-20,'000400,许继电气,15.78,15.93,15.42,15.59,15.6,0.18,1.1538,2.0331,14996927,235053827.16,15911404936.0,11639807712.0,10669
2016-06-17,'000400,许继电气,15.6,16.0,15.4,15.71,15.65,-0.05,-0.3195,2.5288,18653203,292010470.59,15729906020.4,11507034240.0,14166
2016-06-16,'000400,许继电气,15.65,16.16,15.03,15.12,15.14,0.51,3.3686,5.0534,37275558,584981586.13,15780322385.9,11543915760.0,26550
2016-06-15,'000400,许继电气,15.14,15.25,14.07,14.15,14.31,0.83,5.8001,2.6204,19328802,286766356.22,15266075458.3,11167724256.0,13594
2016-06-14,'000400,许继电气,14.31,14.4,14.15,14.16,14.16,0.15,1.0593,1.1139,8216429,117308051.57,14429163791.8,10555491024.0,6923
2016-06-13,'000400,许继电气,14.16,14.99,14.11,14.9,15.11,-0.95,-6.2872,1.7593,12976901,190939105.59,14277914695.4,10444846464.0,11771
2016-06-08,'000400,许继电气,15.11,15.41,14.98,15.4,15.4,-0.29,-1.8831,2.0612,15203936,230121662.33,15235825639.0,11145595344.0,13357
2016-06-07,'000400,许继电气,15.4,15.43,14.9,15.12,15.11,0.29,1.9193,2.3598,17406708,265427292.41,15528240558.6,11359508160.0,14352
2016-06-06,'000400,许继电气,15.11,15.28,14.96,15.27,15.27,-0.16,-1.0478,1.8725,13811955,208764596.82,15235825639.0,11145595344.0,12565
2016-06-03,'000400,许继电气,15.27,15.4,14.7,14.7,14.58,0.69,4.7325,3.6738,27099152,410672038.77,15397158008.4,11263616208.0,22266
2016-06-02,'000400,许继电气,14.58,14.69,14.4,14.55,14.55,0.03,0.2062,1.4083,10387857,151207181.02,14701412165.2,10754651232.0,7821
2016-06-01,'000400,许继电气,14.55,14.78,14.43,14.5,14.48,0.07,0.4834,1.7624,12999802,190327003.83,14671162346.0,10732522320.0,10224
2016-05-31,'000400,许继电气,14.48,14.48,13.85,13.85,13.81,0.67,4.8516,1.9556,14424863,205890804.64,14600579434.3,10680888192.0,11544
2016-05-30,'000400,许继电气,13.81,13.97,13.65,13.85,13.95,-0.14,-1.0036,0.7722,5695957,78698226.56,13925000137.3,10186675824.0,4651
2016-05-27,'000400,许继电气,13.95,14.12,13.86,13.94,14.0,-0.05,-0.3571,0.9412,6942336,97101871.36,14066165960.5,10289944080.0,5161
2016-05-26,'000400,许继电气,14.0,14.04,13.55,13.95,13.98,0.02,0.1431,1.1786,8694076,119917981.92,14116582326.0,10326825600.0,6796
2016-05-25,'000400,许继电气,13.98,14.25,13.92,14.16,14.03,-0.05,-0.3564,0.818,6033809,85059779.7,14096415779.8,10312072992.0,5007
2016-05-24,'000400,许继电气,14.03,14.32,13.95,14.26,14.31,-0.28,-1.9567,0.906,6682810,94008529.48,14146832145.3,10348954512.0,5887
2016-05-23,'000400,许继电气,14.31,14.4,14.16,14.2,14.13,0.18,1.2739,1.0487,7735206,110522139.67,14429163791.8,10555491024.0,6156
2016-05-20,'000400,许继电气,14.13,14.18,13.7,13.8,13.95,0.18,1.2903,0.9731,7178220,100799195.46,14247664876.2,10422717552.0,5793
2016-05-19,'000400,许继电气,13.95,14.27,13.87,14.01,13.99,-0.04,-0.2859,1.2079,8909583,125711115.89,14066165960.5,10289944080.0,7142
2016-05-18,'000400,许继电气,13.99,14.52,13.84,14.46,14.65,-0.66,-4.5051,1.9476,14366110,203185244.72,14106499052.9,10319449296.0,12113
2016-05-17,'000400,许继电气,14.65,14.88,14.53,14.88,14.85,-0.2,-1.3468,1.8127,13371348,196794919.85,14771995076.9,10806285360.0,9923
2016-05-16,'000400,许继电气,14.85,14.88,14.42,14.5,14.72,0.13,0.8832,1.6595,12241188,179977737.11,14973660538.6,10953811440.0,8244
2016-05-13,'000400,许继电气,14.72,15.09,14.5,14.82,14.85,-0.13,-0.8754,1.6299,12022587,178129476.99,14842577988.5,10857919488.0,9118
2016-05-12,'000400,许继电气,14.85,14.87,14.11,14.32,14.62,0.23,1.5732,1.6211,11957497,174432261.89,14973660538.6,10953811440.0,9891
2016-05-11,'000400,许继电气,14.62,14.84,14.44,14.77,14.63,-0.01,-0.0684,1.6076,11858175,174154965.89,14741745257.6,10784156448.0,9332
2016-05-10,'000400,许继电气,14.63,14.74,14.45,14.46,14.4,0.23,1.5972,1.6966,12514471,183031719.8,14751828530.7,10791532752.0,10261
2016-05-09,'000400,许继电气,14.4,15.15,14.26,14.99,15.3,-0.9,-5.8824,2.785,20543308,301864212.16,14519913249.6,10621877760.0,15341
2016-05-06,'000400,许继电气,15.3,16.42,15.18,16.38,16.38,-1.08,-6.5934,3.6291,26769390,423110609.47,15427407827.7,11285745120.0,22413
2016-05-05,'000400,许继电气,16.38,16.43,16.0,16.25,16.28,0.1,0.6143,2.3943,17661349,286293197.99,16516401321.4,12082385952.0,15862
2016-05-04,'000400,许继电气,16.28,16.66,16.18,16.37,16.39,-0.11,-0.6711,4.38,32308321,531321636.54,16415568590.5,12008622912.0,26818
2016-05-03,'000400,许继电气,16.39,16.45,15.03,15.42,15.33,1.06,6.9145,4.8224,35571555,569342447.51,16526484594.5,12089762256.0,26186
2016-04-29,'000400,许继电气,15.33,15.94,15.3,15.8,15.6,-0.27,-1.7308,2.0424,15065495,234842275.07,15457657647.0,11307874032.0,11842
2016-04-28,'000400,许继电气,15.6,15.78,15.01,15.68,15.73,-0.13,-0.8264,2.3965,17677406,273460042.68,15729906020.4,11507034240.0,14864
2016-04-27,'000400,许继电气,15.73,16.07,15.5,15.6,15.68,0.05,0.3189,4.6225,34096874,540656807.26,15860988570.6,11602926192.0,25329
2016-04-26,'000400,许继电气,15.68,15.68,14.74,14.83,14.86,0.82,5.5182,3.6954,27258572,418731782.97,15810572205.1,11566044672.0,20846
2016-04-25,'000400,许继电气,14.86,15.03,14.55,14.9,15.05,-0.19,-1.2625,1.3596,10029061,148706619.59,14983743811.7,10961187744.0,7843
2016-04-22,'000400,许继电气,15.05,15.14,14.07,14.18,14.25,0.8,5.614,2.2635,16696283,243489249.0,15175326000.5,11101337520.0,12870
2016-04-21,'000400,许继电气,14.25,14.66,14.23,14.4,14.49,-0.24,-1.6563,1.5334,11311067,163798120.97,14368664153.2,10511233200.0,9418
2016-04-20,'000400,许继电气,14.49,15.29,14.08,15.25,15.14,-0.65,-4.2933,2.2849,16854133,246960548.46,14610662707.4,10688264496.0,14317
2016-04-19,'000400,许继电气,15.14,15.27,15.0,15.2,15.06,0.08,0.5312,1.1995,8848102,133841652.42,15266075458.3,11167724256.0,7185
2016-04-18,'000400,许继电气,15.06,15.39,14.95,15.39,15.52,-0.46,-2.9639,1.5368,11335729,171105232.17,15185409273.5,11108713824.0,10068
2016-04-15,'000400,许继电气,15.52,15.68,15.41,15.55,15.53,-0.01,-0.0644,1.3862,10225045,158718516.21,15649239835.7,11448023808.0,8579
2016-04-14,'000400,许继电气,15.53,15.68,15.38,15.62,15.44,0.09,0.5829,1.5955,11768965,182181542.29,15659323108.8,11455400112.0,10360
2016-04-13,'000400,许继电气,15.44,15.82,15.44,15.58,15.54,-0.1,-0.6435,3.7923,27973020,437378670.27,15568573651.0,11389013376.0,19245
2016-04-12,'000400,许继电气,15.54,16.13,15.36,15.84,15.78,-0.24,-1.5209,2.9881,22041128,346377350.88,15669406381.9,11462776416.0,19062
2016-04-11,'000400,许继电气,15.78,15.85,15.42,15.6,15.46,0.32,2.0699,2.9564,21807281,341842486.76,15911404936.0,11639807712.0,17167
2016-04-08,'000400,许继电气,15.46,15.72,14.98,15.2,15.36,0.1,0.651,3.0645,22604484,348138500.56,15588740197.1,11403765984.0,16631
2016-04-07,'000400,许继电气,15.36,15.79,15.27,15.58,15.74,-0.38,-2.4142,2.9182,21525354,333288201.45,15487907466.2,11330002944.0,18320
2016-04-06,'000400,许继电气,15.74,15.93,15.2,15.38,15.38,0.36,2.3407,3.9528,29157195,456664287.75,15871071843.7,11610302496.0,24939
2016-04-05,'000400,许继电气,15.38,15.5,14.92,15.1,14.61,0.77,5.2704,3.694,27248172,415429835.02,15508074012.4,11344755552.0,22541
2016-04-01,'000400,许继电气,14.61,14.72,14.21,14.4,14.47,0.14,0.9675,2.0209,14906810,215690179.96,14731661984.5,10776780144.0,12159
2016-03-31,'000400,许继电气,14.47,14.98,14.22,14.25,13.94,0.53,3.802,3.1285,23076908,337394170.16,14590496161.2,10673511888.0,19884
2016-03-30,'000400,许继电气,13.94,13.94,13.58,13.58,13.47,0.47,3.4892,1.0197,7521842,103710962.13,14056082687.5,10282567776.0,6573
2016-03-29,'000400,许继电气,13.47,13.92,13.35,13.84,13.84,-0.37,-2.6734,0.9791,7222284,98080205.63,13582168852.2,9935881488.0,6618
2016-03-28,'000400,许继电气,13.84,14.25,13.75,14.12,14.03,-0.19,-1.3542,1.4343,10579996,148771295.52,13955249956.6,10208804736.0,9011
2016-03-25,'000400,许继电气,14.03,14.05,13.8,13.86,13.93,0.1,0.7179,0.8269,6099710,84979410.07,14146832145.3,10348954512.0,5423
2016-03-24,'000400,许继电气,13.93,14.28,13.92,14.28,14.37,-0.44,-3.0619,1.479,10909659,153623901.29,14045999414.4,10275191472.0,10095
2016-03-23,'000400,许继电气,14.37,14.55,13.89,13.93,13.84,0.53,3.8295,2.2803,16820395,239103816.93,14489663430.3,10599748848.0,13815
2016-03-22,'000400,许继电气,13.84,14.06,13.8,14.06,14.17,-0.33,-2.3289,1.4092,10394685,144646940.99,13955249956.6,10208804736.0,9301
2016-03-21,'000400,许继电气,14.17,14.24,13.9,13.92,13.81,0.36,2.6068,2.0597,15193157,213992587.63,14287997968.5,10452222768.0,11790
2016-03-18,'000400,许继电气,13.81,13.83,13.12,13.13,13.06,0.75,5.7427,2.1852,16118992,218014177.16,13925000137.3,10186675824.0,13505
2016-03-17,'000400,许继电气,13.06,13.14,12.74,12.8,12.73,0.33,2.5923,1.2921,9531134,123685977.45,13168754655.5,9633453024.0,8008
2016-03-16,'000400,许继电气,12.73,12.94,12.7,12.9,12.87,-0.14,-1.0878,0.7345,5417948,69316370.06,12836006643.6,9390034992.0,4022
2016-03-15,'000400,许继电气,12.87,13.05,12.72,12.78,12.84,0.03,0.2336,0.8379,6180645,79643949.76,12977172466.8,9493303248.0,5584
2016-03-14,'000400,许继电气,12.84,12.93,12.45,12.55,12.36,0.48,3.8835,1.088,8025772,102643755.01,12946922647.6,9471174336.0,6973
2016-03-11,'000400,许继电气,12.36,12.56,12.19,12.45,12.55,-0.19,-1.5139,0.6546,4828563,59670122.25,12462925539.2,9117111744.0,4515
2016-03-10,'000400,许继电气,12.55,12.85,12.51,12.79,12.7,-0.15,-1.1811,0.6692,4936286,62731654.78,12654507728.0,9257261520.0,4267
2016-03-09,'000400,许继电气,12.7,12.84,12.55,12.7,12.96,-0.26,-2.0062,0.762,5620698,71346335.23,12805756824.3,9367906080.0,4820
2016-03-08,'000400,许继电气,12.96,13.09,12.51,13.05,13.03,-0.07,-0.5372,0.8456,6237350,79447623.93,13067921924.6,9559689984.0,6095
2016-03-07,'000400,许继电气,13.03,13.21,12.88,12.93,12.82,0.21,1.6381,0.7714,5689826,74359336.23,13138504836.3,9611324112.0,5407
2016-03-04,'000400,许继电气,12.82,13.26,12.63,13.13,13.2,-0.38,-2.8788,1.1133,8212368,106240960.68,12926756101.4,9456421728.0,6986
2016-03-03,'000400,许继电气,13.2,13.53,13.06,13.1,13.07,0.13,0.9946,1.5065,11112605,147516280.78,13309920478.8,9736721280.0,7728
2016-03-02,'000400,许继电气,13.07,13.19,12.4,12.49,12.49,0.58,4.6437,1.3611,10040202,129239654.1,13178837928.6,9640829328.0,7910
2016-03-01,'000400,许继电气,12.49,12.61,11.6,12.31,12.23,0.26,2.1259,1.3453,9923529,122086332.16,12594008089.4,9213003696.0,6530
2016-02-29,'000400,许继电气,12.23,13.28,11.99,13.28,13.26,-1.03,-7.7677,1.5458,11402195,140798119.69,12331842989.1,9021219792.0,9292
2016-02-26,'000400,许继电气,13.26,13.57,12.9,13.5,13.3,-0.04,-0.3008,1.3427,9904036,130990205.01,13370420117.3,9780979104.0,8422
2016-02-25,'000400,许继电气,13.3,14.68,13.0,14.44,14.29,-0.99,-6.9279,2.874,21199552,301380645.25,13410753209.7,9810484320.0,18541
2016-02-24,'000400,许继电气,14.29,14.39,13.96,14.1,14.21,0.08,0.563,1.1164,8234748,116539286.41,14408997245.6,10540738416.0,6964
2016-02-23,'000400,许继电气,14.21,14.55,14.04,14.52,14.37,-0.16,-1.1134,1.3406,9888366,141484083.64,14328331060.9,10481727984.0,9309
2016-02-22,'000400,许继电气,14.37,14.53,14.02,14.13,13.9,0.47,3.3813,1.6374,12078191,172076999.51,14489663430.3,10599748848.0,9812
2016-02-19,'000400,许继电气,13.9,14.03,13.74,13.8,13.84,0.06,0.4335,0.8669,6394368,88839122.48,14015749595.1,10253062560.0,5051
2016-02-18,'000400,许继电气,13.84,14.14,13.77,14.12,14.05,-0.21,-1.4947,1.5327,11305347,157754407.86,13955249956.6,10208804736.0,6731
2016-02-17,'000400,许继电气,14.05,14.15,13.8,14.02,14.02,0.03,0.214,1.3576,10014405,139901089.71,14166998691.5,10363707120.0,7052
2016-02-16,'000400,许继电气,14.02,14.06,13.68,13.68,13.59,0.43,3.1641,0.9751,7192768,100340370.57,14136748872.2,10341578208.0,6263
2016-02-15,'000400,许继电气,13.59,13.77,13.25,13.28,13.85,-0.26,-1.8773,0.6605,4871844,65561357.68,13703168129.3,10024397136.0,4459
2016-02-05,'000400,许继电气,13.85,14.19,13.64,14.19,14.0,-0.15,-1.0714,1.6496,12168159,168594075.41,13965333229.6,10216181040.0,7043
2016-02-04,'000400,许继电气,14.0,14.18,13.29,13.38,13.45,0.55,4.0892,1.7362,12806779,176008933.49,14116582326.0,10326825600.0,8611
2016-02-03,'000400,许继电气,13.45,13.46,12.88,13.05,13.25,0.2,1.5094,1.025,7560994,99453437.96,13562002306.0,9921128880.0,5225
2016-02-02,'000400,许继电气,13.25,13.38,12.65,12.66,12.68,0.57,4.4953,1.1216,8272933,108701076.91,13360336844.2,9773602800.0,6408
2016-02-01,'000400,许继电气,12.68,13.08,12.45,13.02,13.03,-0.35,-2.6861,0.8792,6485312,82886262.09,12785590278.1,9353153472.0,5308
2016-01-29,'000400,许继电气,13.03,13.17,12.47,12.56,12.6,0.43,3.4127,1.2178,8983010,115831345.44,13138504836.3,9611324112.0,6859
2016-01-28,'000400,许继电气,12.6,13.08,12.2,12.98,13.03,-0.43,-3.3001,1.2834,9466787,120982443.42,12704924093.4,9294143040.0,7997
2016-01-27,'000400,许继电气,13.03,13.6,12.51,13.44,13.39,-0.36,-2.6886,1.3977,10310210,134169328.97,13138504836.3,9611324112.0,9219
2016-01-26,'000400,许继电气,13.39,14.72,13.37,14.66,14.85,-1.46,-9.8316,1.3795,10175463,142288281.52,13501502667.5,9876871056.0,8545
2016-01-25,'000400,许继电气,14.85,15.1,14.72,14.82,14.69,0.16,1.0892,0.7267,5360227,79881387.35,14973660538.6,10953811440.0,4709
2016-01-22,'000400,许继电气,14.69,14.85,14.38,14.7,14.52,0.17,1.1708,0.8808,6497253,95176413.35,14812328169.2,10835790576.0,4935
2016-01-21,'000400,许继电气,14.52,15.25,14.52,15.03,15.22,-0.7,-4.5992,1.1893,8772924,131188928.92,14640912526.7,10710393408.0,7099
2016-01-20,'000400,许继电气,15.22,15.63,15.18,15.45,15.51,-0.29,-1.8698,1.1089,8179470,126054412.67,15346741643.0,11226734688.0,7599
2016-01-19,'000400,许继电气,15.51,15.61,14.8,14.98,14.94,0.57,3.8153,1.191,8785320,134034583.77,15639156562.6,11440647504.0,8096
2016-01-18,'000400,许继电气,14.94,15.12,14.18,14.2,14.75,0.19,1.2881,0.9414,6943804,102925497.42,15064409996.5,11020198176.0,6313
2016-01-15,'000400,许继电气,14.75,15.48,14.63,15.4,15.51,-0.76,-4.9001,1.2575,9275693,139476730.48,14872827807.8,10880048400.0,8980
2016-01-14,'000400,许继电气,15.51,15.55,14.67,14.8,15.15,0.36,2.3762,1.522,11226443,169941224.14,15639156562.6,11440647504.0,9422
2016-01-13,'000400,许继电气,15.15,16.0,15.0,15.89,15.68,-0.53,-3.3801,1.0475,7726875,120449689.75,15276158731.4,11175100560.0,7915
2016-01-12,'000400,许继电气,15.68,15.98,15.41,15.88,15.57,0.11,0.7065,1.1683,8617844,135188314.48,15810572205.1,11566044672.0,8445
2016-01-11,'000400,许继电气,15.57,17.07,15.55,16.48,16.93,-1.36,-8.0331,1.6558,12213452,199367546.75,15699656201.1,11484905328.0,11423
2016-01-08,'000400,许继电气,16.93,17.3,15.8,17.1,16.68,0.25,1.4988,1.7477,12891503,218150395.71,17070981341.4,12488082672.0,12320
2016-01-07,'000400,许继电气,16.68,17.98,16.58,17.98,18.35,-1.67,-9.1008,0.4632,3416702,59036105.32,16818899514.1,12303675072.0,2941
2016-01-06,'000400,许继电气,18.35,18.38,17.83,18.23,18.18,0.17,0.9351,1.671,12325474,223419025.81,18502806120.2,13535517840.0,10365
2016-01-05,'000400,许继电气,18.18,18.85,16.94,16.94,17.94,0.24,1.3378,2.4731,18242305,328259868.02,18331390477.6,13410120672.0,16063
2016-01-04,'000400,许继电气,17.94,19.58,17.9,19.46,19.43,-1.49,-7.6686,1.8288,13490117,250550537.76,18089391923.5,13233089376.0,11342
