日期,股票代码,名称,收盘价,最高价,最低价,开盘价,前收盘,涨跌额,涨跌幅,换手率,成交量,成交金额,总市值,流通市值,成交笔数
2016-10-12,'002587,奥拓电子,14.56,15.04,13.87,14.0,13.67,0.89,6.5106,9.0191,33489934,488182716.67,5509954588.32,5406477381.76,29229
2016-10-11,'002587,奥拓电子,0.0,0.0,0.0,0.0,13.67,None,None,0.0,0,0.0,5173151045.49,5075999025.32,0
2016-10-10,'002587,奥拓电子,0.0,0.0,0.0,0.0,13.67,None,None,0.0,0,0.0,5173151045.49,5075999025.32,0
2016-09-30,'002587,奥拓电子,0.0,0.0,0.0,0.0,13.67,None,None,0.0,0,0.0,5173151045.49,5075999025.32,0
2016-09-29,'002587,奥拓电子,0.0,0.0,0.0,0.0,13.67,None,None,0.0,0,0.0,5173151045.49,5075999025.32,0
2016-09-28,'002587,奥拓电子,13.67,13.98,13.62,13.92,14.01,-0.34,-2.4268,3.5149,13051757,179970523.48,5173151045.49,5075999025.32,11411
2016-09-27,'002587,奥拓电子,14.01,14.1,13.28,13.52,13.6,0.41,3.0147,5.4994,20420472,280385846.96,5301817567.47,5202249183.96,18457
2016-09-26,'002587,奥拓电子,13.6,14.39,13.5,14.3,14.58,-0.98,-6.7215,6.6593,24727546,346542238.18,5146660879.2,5050006345.6,22950
2016-09-23,'002587,奥拓电子,14.58,15.34,14.56,14.84,15.01,-0.43,-2.8648,8.7405,32455424,485015577.36,5517523207.26,5413903861.68,27671
2016-09-22,'002587,奥拓电子,15.01,15.12,14.42,14.83,14.69,0.32,2.1784,8.5494,31746144,471174409.16,5680248514.47,5573573179.96,26597
2016-09-21,'002587,奥拓电子,14.69,15.17,14.55,15.0,15.15,-0.46,-3.0363,7.7561,28800341,425127117.85,5559150611.43,5454749501.24,24891
2016-09-20,'002587,奥拓电子,15.15,15.15,14.58,14.77,14.91,0.24,1.6097,10.92,40548429,602754967.59,5733228847.05,5625558539.4,32037
2016-09-19,'002587,奥拓电子,14.91,15.17,13.9,14.0,14.03,0.88,6.2723,12.2711,45565671,664617013.04,5642405419.77,5536440780.36,37454
2016-09-14,'002587,奥拓电子,14.03,14.53,13.83,14.41,14.72,-0.69,-4.6875,8.3196,30892719,437057645.42,5309386186.41,5209675663.88,28642
2016-09-13,'002587,奥拓电子,14.72,15.16,14.13,14.35,14.51,0.21,1.4473,15.6236,58014043,849183113.49,5570503539.84,5465889221.12,44855
2016-09-12,'002587,奥拓电子,14.51,14.8,14.06,14.5,14.53,-0.02,-0.1376,17.7978,66087584,956507510.48,5491033040.97,5387911181.96,49940
2016-09-09,'002587,奥拓电子,14.53,14.53,13.08,13.2,13.21,1.32,9.9924,10.718,39798466,557655533.32,5498601659.91,5395337661.88,24850
2016-09-08,'002587,奥拓电子,13.21,13.29,13.05,13.11,13.17,0.04,0.3037,2.4994,9280956,122196475.51,4999072809.87,4905189987.16,8470
2016-09-07,'002587,奥拓电子,13.17,13.55,13.16,13.31,13.31,-0.14,-1.0518,4.0137,14903900,199459036.03,4983935571.99,4890337027.32,12848
2016-09-06,'002587,奥拓电子,13.31,13.36,12.81,13.0,13.05,0.26,1.9923,3.8906,14446706,189025507.8,5036915904.57,4942322386.76,13239
2016-09-05,'002587,奥拓电子,13.05,13.49,13.03,13.46,13.37,-0.32,-2.3934,3.7659,13983696,184957547.18,4938523858.35,4845778147.8,12998
2016-09-02,'002587,奥拓电子,13.37,13.72,13.19,13.6,13.66,-0.29,-2.123,3.8102,14148132,190386579.7,5059621761.39,4964601826.52,12645
2016-09-01,'002587,奥拓电子,13.66,13.98,13.36,13.5,13.51,0.15,1.1103,5.9361,22042149,301085644.36,5169366736.02,5072285785.36,19390
2016-08-31,'002587,奥拓电子,13.51,13.58,13.21,13.46,13.55,-0.04,-0.2952,3.7207,13815668,184690344.34,5112602093.97,5016587185.96,13841
2016-08-30,'002587,奥拓电子,13.55,13.84,13.26,13.65,13.8,-0.25,-1.8116,5.5414,20576541,277089288.03,5127739331.85,5031440145.8,19349
2016-08-29,'002587,奥拓电子,13.8,14.08,13.5,13.59,13.59,0.21,1.5453,5.5927,20766957,285843549.73,5222347068.6,5124271144.8,21508
2016-08-26,'002587,奥拓电子,13.59,14.23,13.04,13.05,13.04,0.55,4.2178,9.0296,33529052,460637670.6,5142876569.73,5046293105.64,32756
2016-08-25,'002587,奥拓电子,13.04,13.22,12.7,13.2,13.29,-0.25,-1.8811,3.8433,14270956,184291887.73,4934739548.88,4842064907.84,15254
2016-08-24,'002587,奥拓电子,13.29,13.6,12.65,12.67,12.62,0.67,5.309,6.9717,25887522,341872007.05,5029347285.63,4934895906.84,26801
2016-08-23,'002587,奥拓电子,12.62,12.95,12.53,12.61,12.72,-0.1,-0.7862,2.4427,9070296,115409343.81,4775798551.14,4686108829.52,9742
2016-08-22,'002587,奥拓电子,12.72,13.24,12.7,13.2,13.25,-0.53,-4.0,3.6204,13443252,174558860.98,4813641645.84,4723241229.12,13506
2016-08-19,'002587,奥拓电子,13.25,13.46,13.04,13.14,13.08,0.17,1.2997,4.2281,15699807,208299385.99,5014210047.75,4920042947.0,15314
2016-08-18,'002587,奥拓电子,13.08,13.26,12.94,13.26,13.23,-0.15,-1.1338,3.8888,14440064,188797964.38,4949876786.76,4856917867.68,14363
2016-08-17,'002587,奥拓电子,13.23,13.41,13.09,13.39,13.32,-0.09,-0.6757,3.5436,13158302,173910556.01,5006641428.81,4912616467.08,13528
2016-08-16,'002587,奥拓电子,13.32,13.53,13.21,13.28,13.4,-0.08,-0.597,4.8571,18035532,240949762.56,5040700214.04,4946035626.72,17910
2016-08-15,'002587,奥拓电子,13.4,13.59,13.03,13.17,13.17,0.23,1.7464,5.7939,21514260,287151829.9,5070974689.8,4975741546.4,21087
2016-08-12,'002587,奥拓电子,13.17,13.25,12.81,13.05,13.16,0.01,0.076,5.244,19472394,253616901.77,4983935571.99,4890337027.32,19748
2016-08-11,'002587,奥拓电子,13.16,13.68,13.13,13.68,13.69,-0.53,-3.8714,6.8615,25478424,340971318.2,4980151262.52,4886623787.36,26601
2016-08-10,'002587,奥拓电子,13.69,14.33,13.31,13.64,13.22,0.47,3.5552,14.2511,52917857,725356311.01,5180719664.43,5083425505.24,50089
2016-08-09,'002587,奥拓电子,13.22,13.22,12.41,12.5,12.02,1.2,9.9834,5.9506,22095998,286178725.99,5002857119.34,4908903227.12,12340
2016-08-08,'002587,奥拓电子,12.02,12.15,11.72,12.15,12.08,-0.06,-0.4967,4.1617,15453228,184000405.81,4548739982.94,4463314431.92,11387
2016-08-05,'002587,奥拓电子,12.08,12.47,12.07,12.35,12.36,-0.28,-2.2654,3.1704,11772452,144331483.05,4571445839.76,4485593871.68,11209
2016-08-04,'002587,奥拓电子,12.36,12.6,12.28,12.55,12.69,-0.33,-2.6005,5.0816,18869043,234157383.55,4677406504.92,4589564590.56,15979
2016-08-03,'002587,奥拓电子,12.69,13.09,11.93,12.2,12.24,0.45,3.6765,8.6823,32239416,401111486.71,4802288717.43,4712101509.24,23415
2016-08-02,'002587,奥拓电子,12.24,12.45,11.57,11.79,12.05,0.19,1.5768,7.5969,28208994,340432610.21,4631994791.28,4545005711.04,19236
2016-08-01,'002587,奥拓电子,12.05,12.15,11.01,11.61,11.97,0.08,0.6683,8.6905,32269860,370177631.7,4560092911.35,4474454151.8,25521
2016-07-29,'002587,奥拓电子,11.97,12.45,11.71,12.15,13.01,-1.04,-7.9939,8.4309,31305892,373593216.51,4529818435.59,4444748232.12,24068
2016-07-28,'002587,奥拓电子,13.01,14.0,13.01,14.0,14.45,-1.44,-9.9654,3.389,12584281,164769381.49,4923386620.47,4830925187.96,9495
2016-07-27,'002587,奥拓电子,0.0,0.0,0.0,0.0,14.45,None,None,0.0,0,0.0,5468327184.15,5365631742.2,0
2016-07-26,'002587,奥拓电子,0.0,0.0,0.0,0.0,14.45,None,None,0.0,0,0.0,5468327184.15,5365631742.2,0
2016-07-25,'002587,奥拓电子,0.0,0.0,0.0,0.0,14.45,None,None,0.0,0,0.0,5468327184.15,5365631742.2,0
2016-07-22,'002587,奥拓电子,0.0,0.0,0.0,0.0,14.45,None,None,0.0,0,0.0,5468327184.15,5365631742.2,0
2016-07-21,'002587,奥拓电子,0.0,0.0,0.0,0.0,14.45,None,None,0.0,0,0.0,5468327184.15,5365631742.2,0
2016-07-20,'002587,奥拓电子,0.0,0.0,0.0,0.0,14.45,None,None,0.0,0,0.0,5468327184.15,5365631742.2,0
2016-07-19,'002587,奥拓电子,0.0,0.0,0.0,0.0,14.45,None,None,0.0,0,0.0,5468327184.15,5365631742.2,0
2016-07-18,'002587,奥拓电子,0.0,0.0,0.0,0.0,14.45,None,None,0.0,0,0.0,5468327184.15,5365631742.2,0
2016-07-15,'002587,奥拓电子,0.0,0.0,0.0,0.0,14.45,None,None,0.0,0,0.0,5468327184.15,5365631742.2,0
2016-07-14,'002587,奥拓电子,0.0,0.0,0.0,0.0,14.45,None,None,0.0,0,0.0,5468327184.15,5365631742.2,0
2016-07-13,'002587,奥拓电子,0.0,0.0,0.0,0.0,14.45,None,None,0.0,0,0.0,5468327184.15,5365631742.2,0
2016-07-12,'002587,奥拓电子,0.0,0.0,0.0,0.0,14.45,None,None,0.0,0,0.0,5468327184.15,5365631742.2,0
2016-07-11,'002587,奥拓电子,0.0,0.0,0.0,0.0,14.45,None,None,0.0,0,0.0,5468327184.15,5365631742.2,0
2016-07-08,'002587,奥拓电子,0.0,0.0,0.0,0.0,14.45,None,None,0.0,0,0.0,5468327184.15,5365631742.2,0
2016-07-07,'002587,奥拓电子,0.0,0.0,0.0,0.0,14.45,None,None,0.0,0,0.0,5468327184.15,5365631742.2,0
2016-07-06,'002587,奥拓电子,0.0,0.0,0.0,0.0,14.45,None,None,0.0,0,0.0,5468327184.15,5365631742.2,0
2016-07-05,'002587,奥拓电子,0.0,0.0,0.0,0.0,14.45,None,None,0.0,0,0.0,5468327184.15,5365631742.2,0
2016-07-04,'002587,奥拓电子,0.0,0.0,0.0,0.0,14.45,None,None,0.0,0,0.0,5468327184.15,5365631742.2,0
2016-07-01,'002587,奥拓电子,0.0,0.0,0.0,0.0,14.45,None,None,0.0,0,0.0,5468327184.15,5365631742.2,0
2016-06-30,'002587,奥拓电子,0.0,0.0,0.0,0.0,14.45,None,None,0.0,0,0.0,5468327184.15,5365631742.2,0
2016-06-29,'002587,奥拓电子,0.0,0.0,0.0,0.0,14.45,None,None,0.0,0,0.0,5468327184.15,5365631742.2,0
2016-06-28,'002587,奥拓电子,0.0,0.0,0.0,0.0,14.45,None,None,0.0,0,0.0,5468327184.15,5365631742.2,0
2016-06-27,'002587,奥拓电子,0.0,0.0,0.0,0.0,14.45,None,None,0.0,0,0.0,5468327184.15,5365631742.2,0
2016-06-24,'002587,奥拓电子,0.0,0.0,0.0,0.0,14.45,None,None,0.0,0,0.0,5468327184.15,5365631742.2,0
2016-06-23,'002587,奥拓电子,0.0,0.0,0.0,0.0,14.45,None,None,0.0,0,0.0,5468327184.15,5365631742.2,0
2016-06-22,'002587,奥拓电子,0.0,0.0,0.0,0.0,14.45,None,None,0.0,0,0.0,5468327184.15,5365631742.2,0
2016-06-21,'002587,奥拓电子,0.0,0.0,0.0,0.0,14.45,None,None,0.0,0,0.0,5468327184.15,5365631742.2,0
2016-06-20,'002587,奥拓电子,0.0,0.0,0.0,0.0,14.45,None,None,0.0,0,0.0,5468327184.15,5365631742.2,0
2016-06-17,'002587,奥拓电子,0.0,0.0,0.0,0.0,14.45,None,None,0.0,0,0.0,5468327184.15,5365631742.2,0
2016-06-16,'002587,奥拓电子,0.0,0.0,0.0,0.0,14.45,None,None,0.0,0,0.0,5468327184.15,5365631742.2,0
2016-06-15,'002587,奥拓电子,0.0,0.0,0.0,0.0,14.45,None,None,0.0,0,0.0,5468327184.15,5365631742.2,0
2016-06-14,'002587,奥拓电子,0.0,0.0,0.0,0.0,14.45,None,None,0.0,0,0.0,5468327184.15,5365631742.2,0
2016-06-13,'002587,奥拓电子,0.0,0.0,0.0,0.0,14.45,None,None,0.0,0,0.0,5468327184.15,5365631742.2,0
2016-06-08,'002587,奥拓电子,0.0,0.0,0.0,0.0,14.45,None,None,0.0,0,0.0,5468327184.15,5365631742.2,0
2016-06-07,'002587,奥拓电子,0.0,0.0,0.0,0.0,14.45,None,None,0.0,0,0.0,5468327184.15,5365631742.2,0
2016-06-06,'002587,奥拓电子,0.0,0.0,0.0,0.0,14.45,None,None,0.0,0,0.0,5468327184.15,5365631742.2,0
2016-06-03,'002587,奥拓电子,0.0,0.0,0.0,0.0,14.45,None,None,0.0,0,0.0,5468327184.15,5365631742.2,0
2016-06-02,'002587,奥拓电子,0.0,0.0,0.0,0.0,14.45,None,None,0.0,0,0.0,5468327184.15,5365631742.2,0
2016-06-01,'002587,奥拓电子,0.0,0.0,0.0,0.0,14.45,None,None,0.0,0,0.0,5468327184.15,5365631742.2,0
2016-05-31,'002587,奥拓电子,0.0,0.0,0.0,0.0,14.48,None,None,0.0,0,0.0,5479680112.56,5376771462.08,0
2016-05-30,'002587,奥拓电子,0.0,0.0,0.0,0.0,14.48,None,None,0.0,0,0.0,5479680112.56,5376771462.08,0
2016-05-27,'002587,奥拓电子,0.0,0.0,0.0,0.0,14.48,None,None,0.0,0,0.0,5479680112.56,5376771462.08,0
2016-05-26,'002587,奥拓电子,0.0,0.0,0.0,0.0,14.48,None,None,0.0,0,0.0,5479680112.56,5376771462.08,0
2016-05-25,'002587,奥拓电子,0.0,0.0,0.0,0.0,14.48,None,None,0.0,0,0.0,5479680112.56,5376771462.08,0
2016-05-24,'002587,奥拓电子,0.0,0.0,0.0,0.0,14.48,None,None,0.0,0,0.0,5479680112.56,5376771462.08,0
2016-05-23,'002587,奥拓电子,0.0,0.0,0.0,0.0,14.48,None,None,0.0,0,0.0,5479680112.56,5376771462.08,0
2016-05-20,'002587,奥拓电子,0.0,0.0,0.0,0.0,14.48,None,None,0.0,0,0.0,5479680112.56,5376771462.08,0
2016-05-19,'002587,奥拓电子,0.0,0.0,0.0,0.0,14.48,None,None,0.0,0,0.0,5479680112.56,5376771462.08,0
2016-05-18,'002587,奥拓电子,0.0,0.0,0.0,0.0,14.48,None,None,0.0,0,0.0,5479680112.56,5376771462.08,0
2016-05-17,'002587,奥拓电子,0.0,0.0,0.0,0.0,14.48,None,None,0.0,0,0.0,5479680112.56,5376771462.08,0
2016-05-16,'002587,奥拓电子,0.0,0.0,0.0,0.0,14.48,None,None,0.0,0,0.0,5479680112.56,5376771462.08,0
2016-05-13,'002587,奥拓电子,0.0,0.0,0.0,0.0,14.48,None,None,0.0,0,0.0,5479680112.56,5376771462.08,0
2016-05-12,'002587,奥拓电子,0.0,0.0,0.0,0.0,14.48,None,None,0.0,0,0.0,5479680112.56,5376771462.08,0
2016-05-11,'002587,奥拓电子,0.0,0.0,0.0,0.0,14.48,None,None,0.0,0,0.0,5479680112.56,5376771462.08,0
2016-05-10,'002587,奥拓电子,0.0,0.0,0.0,0.0,14.48,None,None,0.0,0,0.0,5479680112.56,5376771462.08,0
2016-05-09,'002587,奥拓电子,0.0,0.0,0.0,0.0,14.48,None,None,0.0,0,0.0,5479680112.56,5376771462.08,0
2016-05-06,'002587,奥拓电子,0.0,0.0,0.0,0.0,14.48,None,None,0.0,0,0.0,5479680112.56,5376771462.08,0
2016-05-05,'002587,奥拓电子,0.0,0.0,0.0,0.0,14.48,None,None,0.0,0,0.0,5479680112.56,5376771462.08,0
2016-05-04,'002587,奥拓电子,0.0,0.0,0.0,0.0,14.48,None,None,0.0,0,0.0,5479680112.56,5376771462.08,0
2016-05-03,'002587,奥拓电子,0.0,0.0,0.0,0.0,14.48,None,None,0.0,0,0.0,5479680112.56,5376771462.08,0
2016-04-29,'002587,奥拓电子,0.0,0.0,0.0,0.0,14.48,None,None,0.0,0,0.0,5479680112.56,5376771462.08,0
2016-04-28,'002587,奥拓电子,0.0,0.0,0.0,0.0,14.48,None,None,0.0,0,0.0,5479680112.56,5376771462.08,0
2016-04-27,'002587,奥拓电子,0.0,0.0,0.0,0.0,14.48,None,None,0.0,0,0.0,5479680112.56,5376771462.08,0
2016-04-26,'002587,奥拓电子,0.0,0.0,0.0,0.0,14.48,None,None,0.0,0,0.0,5479680112.56,5376771462.08,0
2016-04-25,'002587,奥拓电子,0.0,0.0,0.0,0.0,14.48,None,None,0.0,0,0.0,5479680112.56,5376771462.08,0
2016-04-22,'002587,奥拓电子,0.0,0.0,0.0,0.0,14.48,None,None,0.0,0,0.0,5479680112.56,5376771462.08,0
2016-04-21,'002587,奥拓电子,0.0,0.0,0.0,0.0,14.48,None,None,0.0,0,0.0,5479680112.56,5376771462.08,0
2016-04-20,'002587,奥拓电子,0.0,0.0,0.0,0.0,14.48,None,None,0.0,0,0.0,5479680112.56,5376771462.08,0
2016-04-19,'002587,奥拓电子,0.0,0.0,0.0,0.0,14.48,None,None,0.0,0,0.0,5479680112.56,5376771462.08,0
2016-04-18,'002587,奥拓电子,14.48,14.54,14.0,14.11,14.25,0.23,1.614,2.7599,10248050,146563761.97,5479680112.56,5376771462.08,10789
2016-04-15,'002587,奥拓电子,14.25,14.53,14.15,14.48,14.53,-0.28,-1.927,3.1266,11609903,165598413.32,5392640994.75,5291366943.0,16141
2016-04-14,'002587,奥拓电子,14.53,14.7,14.23,14.61,14.52,0.01,0.0689,2.8394,10543529,151805782.5,5498601659.91,5395337661.88,10259
2016-04-13,'002587,奥拓电子,14.52,14.84,14.11,14.48,14.23,0.29,2.0379,4.971,18458336,268861613.57,5494817350.44,5391624421.92,19258
2016-04-12,'002587,奥拓电子,14.23,14.88,13.93,14.87,14.63,-0.4,-2.7341,3.6674,13618002,194390465.12,5385072375.81,5283940463.08,14990
2016-04-11,'002587,奥拓电子,14.63,14.99,14.5,14.55,14.39,0.24,1.6678,3.4193,12696705,187069635.37,5463587354.61,5432470046.85,12498
2016-04-08,'002587,奥拓电子,14.39,14.5,13.92,14.16,14.34,0.05,0.3487,3.165,11752240,167901667.17,5373959127.33,5343352288.05,12385
2016-04-07,'002587,奥拓电子,14.34,15.25,14.25,15.1,15.09,-0.75,-4.9702,6.3099,23430321,339953516.43,5355286579.98,5324786088.3,27346
2016-04-06,'002587,奥拓电子,15.09,15.82,14.98,15.47,15.46,-0.37,-2.3933,4.992,18536426,284658270.7,5635374790.23,5603279084.55,20681
2016-04-05,'002587,奥拓电子,15.46,15.57,14.82,15.48,15.4,0.06,0.3896,4.5309,16824438,256902090.98,5773551640.62,5740668962.7,15999
2016-04-01,'002587,奥拓电子,15.4,15.77,15.16,15.77,15.99,-0.59,-3.6898,4.5182,16777094,259507892.3,5751144583.8,5718389523.0,17397
2016-03-31,'002587,奥拓电子,15.99,15.99,14.55,14.7,14.85,1.14,7.6768,5.8747,21814078,336906746.88,5971480642.53,5937470680.05,21251
2016-03-30,'002587,奥拓电子,14.85,14.88,13.9,14.51,13.93,0.92,6.6045,4.7456,17621514,255080049.86,5545746562.95,5514161325.75,15989
2016-03-29,'002587,奥拓电子,13.93,14.94,13.83,14.78,15.05,-1.12,-7.4419,5.1977,19300356,276537962.12,5202171691.71,5172543250.35,15675
2016-03-28,'002587,奥拓电子,15.05,15.8,14.3,14.38,14.37,0.68,4.7321,6.23,23133440,348220945.95,5620436752.35,5588426124.75,18181
2016-03-25,'002587,奥拓电子,14.37,14.95,13.56,13.59,13.75,0.62,4.5091,4.7515,17643641,254465909.04,5366490108.39,5335925808.15,15300
2016-03-24,'002587,奥拓电子,13.75,14.17,13.68,13.87,14.27,-0.52,-3.644,3.2183,11950189,166216732.53,5134950521.25,5105704931.25,11119
2016-03-23,'002587,奥拓电子,14.27,14.45,13.75,14.18,14.32,-0.05,-0.3492,3.7522,13932959,195522623.15,5329145013.69,5298793408.65,14403
2016-03-22,'002587,奥拓电子,14.32,15.0,13.4,13.45,13.75,0.57,4.1455,5.5264,20520897,293595034.28,5347817561.04,5317359608.4,19149
2016-03-21,'002587,奥拓电子,13.75,14.15,13.3,13.51,13.35,0.4,2.9963,4.9889,18524946,255263062.06,5134950521.25,5105704931.25,16071
2016-03-18,'002587,奥拓电子,13.35,13.94,12.58,12.6,12.85,0.5,3.8911,6.6461,24678451,329362506.24,4985570142.45,4957175333.25,20862
2016-03-17,'002587,奥拓电子,12.85,12.85,11.81,11.9,11.68,1.17,10.0171,6.9497,25805957,324856912.55,4798844668.95,4771513335.75,20220
2016-03-16,'002587,奥拓电子,11.68,12.0,11.38,11.88,11.71,-0.03,-0.2562,2.0128,7473831,87155872.96,4361907060.96,4337064261.6,6449
2016-03-15,'002587,奥拓电子,11.71,12.2,11.62,11.62,11.81,-0.1,-0.8467,2.9328,10890318,129515518.81,4373110589.37,4348203981.45,9427
2016-03-14,'002587,奥拓电子,11.81,12.07,11.15,11.15,11.01,0.8,7.2661,3.8873,14434418,168608811.0,4410455684.07,4385336380.95,10886
2016-03-11,'002587,奥拓电子,11.01,11.22,10.62,10.7,11.08,-0.07,-0.6318,1.4376,5338059,58397350.76,4111694926.47,4088277184.95,5880
2016-03-10,'002587,奥拓电子,11.08,11.44,11.01,11.11,11.23,-0.15,-1.3357,1.819,6754450,75599876.26,4137836492.76,4114269864.6,6157
2016-03-09,'002587,奥拓电子,11.23,11.61,10.76,10.87,11.37,-0.14,-1.2313,2.4324,9032060,102078803.79,4193854134.81,4169968463.85,8537
2016-03-08,'002587,奥拓电子,11.37,11.44,10.42,11.37,11.49,-0.12,-1.0444,2.4803,9210025,101780830.89,4246137267.39,4221953823.15,9063
2016-03-07,'002587,奥拓电子,11.49,11.77,11.2,11.6,11.3,0.19,1.6814,3.0144,11193244,128402409.66,4290951381.03,4266512702.55,8673
2016-03-04,'002587,奥拓电子,11.3,11.87,10.92,11.7,11.8,-0.5,-4.2373,2.984,11080192,126555130.15,4219995701.1,4195961143.5,9809
2016-03-03,'002587,奥拓电子,11.8,12.08,11.45,11.7,11.55,0.25,2.1645,6.5212,24214943,284755818.03,4406721174.6,4381623141.0,19113
2016-03-02,'002587,奥拓电子,11.55,11.55,10.3,10.4,10.5,1.05,10.0,6.4452,23932613,271313779.53,4313358437.85,4288792142.25,12914
2016-03-01,'002587,奥拓电子,10.5,10.89,9.71,9.99,10.0,0.5,5.0,2.2272,8270045,84753955.29,3921234943.5,3898901947.5,7988
2016-02-29,'002587,奥拓电子,10.0,10.92,9.88,10.86,10.98,-0.98,-8.9253,2.9615,10996707,110871037.28,3734509470.0,3713239950.0,8848
2016-02-26,'002587,奥拓电子,10.98,11.48,10.59,11.48,11.17,-0.19,-1.701,2.7498,10210594,111716468.68,4100491398.06,4077137465.1,8350
2016-02-25,'002587,奥拓电子,11.17,12.3,11.16,12.3,12.4,-1.23,-9.9194,3.9473,14657432,171443669.43,4171447077.99,4147689024.15,11632
2016-02-24,'002587,奥拓电子,12.4,12.4,11.66,11.88,11.95,0.45,3.7657,4.2938,15943882,192181724.09,4630791742.8,4604417538.0,12778
2016-02-23,'002587,奥拓电子,11.95,12.29,11.72,12.29,12.29,-0.34,-2.7665,2.8942,10746929,128743228.65,4462738816.65,4437321740.25,9233
2016-02-22,'002587,奥拓电子,12.29,12.4,11.83,12.15,12.0,0.29,2.4167,4.1528,15420321,186423590.28,4589712138.63,4563571898.55,14315
2016-02-19,'002587,奥拓电子,12.0,12.3,11.65,11.65,11.72,0.28,2.3891,4.133,15346659,185126847.39,4481411364.0,4455887940.0,13031
2016-02-18,'002587,奥拓电子,11.72,12.01,11.62,11.97,11.97,-0.25,-2.0886,3.383,12561803,148062218.88,4376845098.84,4351917221.4,11856
2016-02-17,'002587,奥拓电子,11.97,12.4,11.61,11.8,11.94,0.03,0.2513,4.8557,18030451,216470749.56,4470207835.59,4444748220.15,17010
2016-02-16,'002587,奥拓电子,11.94,12.12,11.29,11.4,11.6,0.34,2.931,6.6997,24877585,296296954.28,4459004307.18,4433608500.3,19396
2016-02-15,'002587,奥拓电子,11.6,11.85,10.2,10.58,11.12,0.48,4.3165,7.2735,27008392,290656349.66,4332030985.2,4307358342.0,17947
2016-02-05,'002587,奥拓电子,11.12,11.12,10.2,10.2,10.11,1.01,9.9901,6.4577,23978970,265362215.2,4152774530.64,4129122824.4,11566
2016-02-04,'002587,奥拓电子,10.11,10.38,9.7,9.8,9.88,0.23,2.3279,2.1375,7936879,80878690.54,3775589074.17,3754085589.45,6781
2016-02-03,'002587,奥拓电子,9.88,9.98,9.37,9.58,9.69,0.19,1.9608,2.4233,8998197,86623704.11,3689695356.36,3668681070.6,7025
2016-02-02,'002587,奥拓电子,9.69,9.78,8.96,9.2,9.14,0.55,6.0175,2.9799,11064934,105539836.32,3618739676.43,3598129511.55,8732
2016-02-01,'002587,奥拓电子,9.14,9.6,8.75,9.4,9.39,-0.25,-2.6624,3.0521,11333351,104747772.09,3413341655.58,3393901314.3,8228
2016-01-29,'002587,奥拓电子,9.39,9.6,8.8,8.88,8.9,0.49,5.5056,3.4097,12661160,116792816.8,3506704392.33,3486732313.05,16408
2016-01-28,'002587,奥拓电子,8.9,9.74,8.77,9.68,9.74,-0.84,-8.6242,3.8151,14166472,131388865.87,3323713428.3,3304783555.5,10185
2016-01-27,'002587,奥拓电子,9.74,10.39,9.07,10.39,10.07,-0.33,-3.2771,3.7759,14020813,133384511.99,3637412223.78,3616695711.3,11093
2016-01-26,'002587,奥拓电子,10.07,11.25,10.07,11.0,11.19,-1.12,-10.0089,3.0067,11164614,119565279.82,3760651036.29,3739232629.65,9162
2016-01-25,'002587,奥拓电子,11.19,11.52,10.85,10.95,10.75,0.44,4.093,2.4542,9112915,102052439.51,4178916096.93,4155115504.05,8018
2016-01-22,'002587,奥拓电子,10.75,11.08,10.35,11.0,10.76,-0.01,-0.0929,2.2356,8301428,88853212.34,4014597680.25,3991732946.25,7700
2016-01-21,'002587,奥拓电子,10.76,11.55,10.76,11.04,11.23,-0.47,-4.1852,2.0518,7618896,84953707.84,4018332189.72,3995446186.2,8597
2016-01-20,'002587,奥拓电子,11.23,11.89,11.1,11.2,11.32,-0.09,-0.7951,3.2464,12054534,137589242.68,4193854134.81,4169968463.85,11254
2016-01-19,'002587,奥拓电子,11.32,11.37,10.41,10.52,10.62,0.7,6.5913,3.7714,14004296,152822209.66,4227464720.04,4203387623.4,10960
2016-01-18,'002587,奥拓电子,10.62,10.8,9.66,9.85,10.16,0.46,4.5276,2.8856,10714872,111592190.93,3966049057.14,3943460826.9,9236
2016-01-15,'002587,奥拓电子,10.16,10.56,10.01,10.15,10.4,-0.24,-2.3077,3.76,13961805,143271598.04,3794261621.52,3772651789.2,10216
2016-01-14,'002587,奥拓电子,10.4,10.5,9.2,9.4,9.89,0.51,5.1567,5.3173,19744305,192292119.19,3883889848.8,3861769548.0,13607
2016-01-13,'002587,奥拓电子,9.89,10.84,9.72,10.78,10.64,-0.75,-7.0489,4.3199,16040765,165039583.26,3693429865.83,3672394310.55,10959
2016-01-12,'002587,奥拓电子,10.64,11.38,10.21,11.07,11.25,-0.61,-5.4222,3.5728,13266528,141156406.67,3973518076.08,3950887306.8,10296
2016-01-11,'002587,奥拓电子,11.25,12.19,11.25,12.0,12.5,-1.25,-10.0,3.1491,11693268,137066823.07,4201323153.75,4177394943.75,10868
2016-01-08,'002587,奥拓电子,12.5,13.4,11.87,13.2,12.88,-0.38,-2.9503,3.6135,13417703,169961424.57,4668136837.5,4641549937.5,11402
2016-01-07,'002587,奥拓电子,12.88,14.01,12.88,14.01,14.31,-1.43,-9.993,0.7886,2928400,38695350.94,4810048197.36,4782653055.6,3305
2016-01-06,'002587,奥拓电子,14.31,14.5,13.7,14.13,13.8,0.51,3.6957,2.7998,10396467,146788326.9,5344083051.57,5313646368.45,9405
2016-01-05,'002587,奥拓电子,13.8,14.5,13.04,13.04,14.33,-0.53,-3.6985,4.2937,15943465,220746927.4,5153623068.6,5124271131.0,12357
2016-01-04,'002587,奥拓电子,14.33,16.3,14.15,15.98,15.65,-1.32,-8.4345,2.7285,10131465,156122158.43,5351552070.51,5321072848.35,9601
