日期,股票代码,名称,收盘价,最高价,最低价,开盘价,前收盘,涨跌额,涨跌幅,换手率,成交量,成交金额,总市值,流通市值,成交笔数
2016-10-12,'002384,东山精密,20.7,20.82,19.37,19.5,19.52,1.18,6.0451,2.712,22981541,461143697.44,17540978589.0,17540978589.0,12533
2016-10-11,'002384,东山精密,19.52,19.7,18.95,19.25,19.01,0.51,2.6828,1.4287,12106888,234267688.44,16541058070.4,16541058070.4,6277
2016-10-10,'002384,东山精密,19.01,19.33,18.57,18.67,18.52,0.49,2.6458,1.5327,12987593,246837327.06,16108889032.7,16108889032.7,6821
2016-09-30,'002384,东山精密,18.52,18.64,18.2,18.2,18.18,0.34,1.8702,0.5784,4901689,90608596.86,15693667800.4,15693667800.4,5408
2016-09-29,'002384,东山精密,18.18,18.5,18.11,18.16,18.16,0.02,0.1101,0.4393,3722591,68079200.99,15405555108.6,15405555108.6,3311
2016-09-28,'002384,东山精密,18.16,18.64,18.12,18.15,18.37,-0.21,-1.1432,0.5264,4460847,81670293.91,15388607303.2,15388607303.2,3654
2016-09-27,'002384,东山精密,18.37,18.41,17.58,17.98,18.12,0.25,1.3797,0.8534,7231517,129216155.82,15566559259.9,15566559259.9,5851
2016-09-26,'002384,东山精密,18.12,19.47,18.05,19.37,19.38,-1.26,-6.5015,1.1503,9747708,181476229.77,15354711692.4,15354711692.4,8190
2016-09-23,'002384,东山精密,19.38,19.42,19.07,19.18,19.24,0.14,0.7277,0.6858,5811761,111916607.43,16422423432.6,16422423432.6,4862
2016-09-22,'002384,东山精密,19.24,19.55,18.92,19.42,19.24,0.0,0.0,1.0872,9212500,176581866.98,16303788794.8,16303788794.8,7081
2016-09-21,'002384,东山精密,19.24,19.5,19.1,19.31,19.47,-0.23,-1.1813,0.7918,6709280,129422891.8,16303788794.8,16303788794.8,5244
2016-09-20,'002384,东山精密,19.47,19.99,19.21,19.82,19.93,-0.46,-2.3081,1.2284,10409567,202849857.43,16498688556.9,16498688556.9,8890
2016-09-19,'002384,东山精密,19.93,20.77,19.5,20.0,20.0,-0.07,-0.35,2.317,19634068,394931746.28,16888488081.1,16888488081.1,16124
2016-09-14,'002384,东山精密,20.0,20.17,18.27,18.4,18.36,1.64,8.9325,2.5659,21743497,420453897.76,16947805400.0,16947805400.0,18680
2016-09-13,'002384,东山精密,18.36,18.47,17.97,18.18,17.95,0.41,2.2841,0.9551,8093635,148000607.34,15558085357.2,15558085357.2,6554
2016-09-12,'002384,东山精密,17.95,18.26,17.8,17.86,18.35,-0.4,-2.1798,0.6696,5674391,102125499.89,15210655346.5,15210655346.5,5043
2016-09-09,'002384,东山精密,18.35,18.82,18.32,18.34,18.3,0.05,0.2732,0.8222,6967297,129569628.91,15549611454.5,15549611454.5,6335
2016-09-08,'002384,东山精密,18.3,18.46,18.1,18.46,18.38,-0.08,-0.4353,0.6274,5316482,97009209.69,15507241941.0,15507241941.0,5248
2016-09-07,'002384,东山精密,18.38,19.3,17.91,17.95,17.97,0.41,2.2816,2.3558,19962444,372328632.21,15575033162.6,15575033162.6,15612
2016-09-06,'002384,东山精密,17.97,18.16,17.14,17.38,17.42,0.55,3.1573,1.415,11990986,213322782.13,15227603151.9,15227603151.9,9384
2016-09-05,'002384,东山精密,17.42,17.46,16.95,17.06,17.02,0.4,2.3502,0.5665,4800864,82645294.2,14761538503.4,14761538503.4,4452
2016-09-02,'002384,东山精密,17.02,17.27,16.96,17.17,17.2,-0.18,-1.0465,0.4058,3438984,58802436.14,14422582395.4,14422582395.4,4271
2016-09-01,'002384,东山精密,17.2,17.42,17.18,17.23,17.33,-0.13,-0.7501,0.4757,4031156,69694827.33,14575112644.0,14575112644.0,4111
2016-08-31,'002384,东山精密,17.33,17.55,17.17,17.5,17.48,-0.15,-0.8581,0.656,5558807,95964091.77,14685273379.1,14685273379.1,6102
2016-08-30,'002384,东山精密,17.48,17.77,17.43,17.6,17.56,-0.08,-0.4556,0.541,4584408,80940030.3,14812381919.6,14812381919.6,3905
2016-08-29,'002384,东山精密,17.56,17.65,17.42,17.49,17.49,0.07,0.4002,0.3769,3193872,56006107.33,14880173141.2,14880173141.2,3558
2016-08-26,'002384,东山精密,17.49,17.81,17.4,17.68,17.58,-0.09,-0.5119,0.5988,5074220,89348836.49,14820855822.3,14820855822.3,5077
2016-08-25,'002384,东山精密,17.58,17.9,17.32,17.9,17.91,-0.33,-1.8425,0.645,5465302,96029546.24,14897120946.6,14897120946.6,5826
2016-08-24,'002384,东山精密,17.91,18.02,17.42,17.6,17.5,0.41,2.3429,1.5108,12802768,228123600.51,15176759735.7,15176759735.7,8941
2016-08-23,'002384,东山精密,17.5,17.77,17.15,17.22,17.22,0.28,1.626,0.9414,7977174,139385625.67,14829329725.0,14829329725.0,5539
2016-08-22,'002384,东山精密,17.22,17.84,17.17,17.75,17.67,-0.45,-2.5467,0.5508,4667764,81424656.38,14592060449.4,14592060449.4,4905
2016-08-19,'002384,东山精密,17.67,17.87,17.51,17.58,17.57,0.1,0.5692,0.3743,3171701,56110342.14,14973386070.9,14973386070.9,3455
2016-08-18,'002384,东山精密,17.57,17.98,17.49,17.85,17.84,-0.27,-1.5135,0.5396,4572665,81197471.71,14888647043.9,14888647043.9,4261
2016-08-17,'002384,东山精密,17.84,18.14,17.79,18.08,18.0,-0.16,-0.8889,0.3268,2769390,49592907.71,15117442416.8,15117442416.8,3201
2016-08-16,'002384,东山精密,18.0,18.18,17.89,18.09,18.09,-0.09,-0.4975,0.4758,4032037,72713975.06,15253024860.0,15253024860.0,3361
2016-08-15,'002384,东山精密,18.09,18.12,17.77,17.98,17.84,0.25,1.4013,0.5078,4303084,77338638.91,15329289984.3,15329289984.3,4067
2016-08-12,'002384,东山精密,17.84,17.87,17.49,17.49,17.49,0.35,2.0011,0.2342,1984888,35135322.33,15117442416.8,15117442416.8,2585
2016-08-11,'002384,东山精密,17.49,18.1,17.48,18.02,18.01,-0.52,-2.8873,0.2476,2097735,37234100.12,14820855822.3,14820855822.3,2726
2016-08-10,'002384,东山精密,18.01,18.33,17.89,17.89,17.83,0.18,1.0095,0.4374,3706446,67097675.33,15261498762.7,15261498762.7,3676
2016-08-09,'002384,东山精密,17.83,17.89,17.66,17.77,17.77,0.06,0.3376,0.3191,2704291,48137707.26,15108968514.1,15108968514.1,2556
2016-08-08,'002384,东山精密,17.77,17.78,17.2,17.43,17.43,0.34,1.9507,0.2384,2020354,35450432.06,15058125097.9,15058125097.9,2365
2016-08-05,'002384,东山精密,17.43,17.82,17.41,17.69,17.7,-0.27,-1.5254,0.2301,1949845,34227331.11,14770012406.1,14770012406.1,2119
2016-08-04,'002384,东山精密,17.7,17.91,17.45,17.56,17.58,0.12,0.6826,0.4097,3471337,61457976.82,14998807779.0,14998807779.0,2686
2016-08-03,'002384,东山精密,17.58,17.84,17.39,17.4,17.54,0.04,0.2281,0.4212,3569225,62787628.03,14897120946.6,14897120946.6,3235
2016-08-02,'002384,东山精密,17.54,17.65,17.22,17.29,17.31,0.23,1.3287,0.3979,3371879,58861018.87,14863225335.8,14863225335.8,3465
2016-08-01,'002384,东山精密,17.31,17.8,17.17,17.8,17.84,-0.53,-2.9709,0.457,3872365,67613086.19,14668325573.7,14668325573.7,3920
2016-07-29,'002384,东山精密,17.84,18.85,17.71,18.85,18.58,-0.74,-3.9828,0.6565,5563225,100567025.08,15117442416.8,15117442416.8,5056
2016-07-28,'002384,东山精密,18.58,18.93,18.0,18.3,18.18,0.4,2.2002,0.6328,5361997,99626000.79,15744511216.6,15744511216.6,4762
2016-07-27,'002384,东山精密,18.18,19.45,17.93,19.2,19.1,-0.92,-4.8168,0.7639,6473232,119604706.56,15405555108.6,15405555108.6,6179
2016-07-26,'002384,东山精密,19.1,19.27,18.79,18.81,18.81,0.29,1.5417,0.4823,4087288,77930248.38,16185154157.0,16185154157.0,3815
2016-07-25,'002384,东山精密,18.81,18.97,18.68,18.81,18.8,0.01,0.0532,0.2812,2383117,44873308.22,15939410978.7,15939410978.7,2576
2016-07-22,'002384,东山精密,18.8,19.03,18.68,18.83,18.92,-0.12,-0.6342,0.4025,3410954,64195064.86,15930937076.0,15930937076.0,3626
2016-07-21,'002384,东山精密,18.92,19.11,18.71,19.0,19.03,-0.11,-0.578,0.4264,3613448,68239367.07,16032623908.4,16032623908.4,3693
2016-07-20,'002384,东山精密,19.03,19.39,19.02,19.29,19.24,-0.21,-1.0915,0.3931,3331243,63829960.06,16125836838.1,16125836838.1,3653
2016-07-19,'002384,东山精密,19.24,19.24,18.83,18.89,18.88,0.36,1.9068,0.5464,4630016,88673682.58,16303788794.8,16303788794.8,5041
2016-07-18,'002384,东山精密,18.88,19.21,18.61,18.9,19.05,-0.17,-0.8924,0.5448,4616310,87286915.78,15998728297.6,15998728297.6,4670
2016-07-15,'002384,东山精密,19.05,19.2,18.9,19.06,19.0,0.05,0.2632,0.4262,3611594,68775788.91,16142784643.5,16142784643.5,3286
2016-07-14,'002384,东山精密,19.0,19.3,18.87,19.23,19.21,-0.21,-1.0932,0.5533,4688572,89013529.96,16100415130.0,16100415130.0,4802
2016-07-13,'002384,东山精密,19.21,19.6,19.06,19.33,19.37,-0.16,-0.826,0.6814,5773950,110900078.95,16278367086.7,16278367086.7,5223
2016-07-12,'002384,东山精密,19.37,19.73,19.0,19.32,19.6,-0.23,-1.1735,0.6745,5715578,110317953.03,16413949529.9,16413949529.9,4906
2016-07-11,'002384,东山精密,19.6,20.09,19.55,19.86,19.86,-0.26,-1.3092,0.6829,5787049,114678371.82,16608849292.0,16608849292.0,4261
2016-07-08,'002384,东山精密,19.86,20.2,19.51,20.02,19.97,-0.11,-0.5508,0.7288,6175681,123147520.86,16829170762.2,16829170762.2,4864
2016-07-07,'002384,东山精密,19.97,20.3,19.47,19.81,19.9,0.07,0.3518,0.8009,6786953,134801996.78,16922383691.9,16922383691.9,5748
2016-07-06,'002384,东山精密,19.9,20.25,19.65,20.2,20.2,-0.3,-1.4851,0.5796,4911491,97492140.72,16863066373.0,16863066373.0,4674
2016-07-05,'002384,东山精密,20.2,20.77,19.91,20.03,20.03,0.17,0.8487,1.0068,8531770,173349826.87,17117283454.0,17117283454.0,7401
2016-07-04,'002384,东山精密,20.03,20.16,19.48,19.53,19.68,0.35,1.7785,0.969,8211435,164047089.4,16973227108.1,16973227108.1,6356
2016-07-01,'002384,东山精密,19.68,20.04,19.5,19.62,19.86,-0.18,-0.9063,0.4743,4019290,79255478.32,16676640513.6,16676640513.6,4288
2016-06-30,'002384,东山精密,19.86,20.5,19.45,20.0,20.02,-0.16,-0.7992,0.9333,7908279,157264532.49,16829170762.2,16829170762.2,8268
2016-06-29,'002384,东山精密,20.03,21.0,19.8,20.27,20.06,-0.03,-0.1496,1.0488,8887017,181144929.91,16973227108.1,16973227108.1,7895
2016-06-28,'002384,东山精密,20.06,20.51,19.99,20.2,20.33,-0.27,-1.3281,0.8452,7161928,144749231.62,16998648816.2,16998648816.2,6057
2016-06-27,'002384,东山精密,20.33,20.38,19.18,19.25,19.36,0.97,5.0103,0.9548,8090627,162126104.43,17227444189.1,17227444189.1,6563
2016-06-24,'002384,东山精密,19.36,20.19,18.43,19.8,19.92,-0.56,-2.8112,0.9098,7709967,150433038.08,16405475627.2,16405475627.2,7422
2016-06-23,'002384,东山精密,19.92,20.58,19.79,20.45,20.49,-0.57,-2.7818,0.767,6499082,130609597.23,16880014178.4,16880014178.4,6317
2016-06-22,'002384,东山精密,20.49,20.51,19.88,20.2,20.18,0.31,1.5362,0.9479,8032533,161657471.12,17363026632.3,17363026632.3,7025
2016-06-21,'002384,东山精密,20.18,20.95,20.02,20.35,20.22,-0.04,-0.1978,2.2929,19429715,399527612.85,17100335648.6,17100335648.6,14238
2016-06-20,'002384,东山精密,20.22,20.3,18.95,19.47,19.48,0.74,3.7988,1.4172,12009243,237056595.69,17134231259.4,17134231259.4,10804
2016-06-17,'002384,东山精密,19.48,20.25,19.02,19.65,19.6,-0.12,-0.6122,1.2868,10903976,213949329.12,16507162459.6,16507162459.6,10481
2016-06-16,'002384,东山精密,19.6,20.37,18.68,18.81,18.85,0.75,3.9788,2.0039,16981071,329582617.61,16608849292.0,16608849292.0,13043
2016-06-15,'002384,东山精密,18.85,18.96,17.82,17.85,18.2,0.65,3.5714,0.9866,8360741,156040662.83,15973306589.5,15973306589.5,7058
2016-06-14,'002384,东山精密,18.2,18.45,17.77,17.77,17.76,0.44,2.4775,0.7503,6357810,115571599.69,15422502914.0,15422502914.0,5768
2016-06-13,'002384,东山精密,17.76,19.0,17.29,18.59,18.9,-1.14,-6.0317,0.6961,5898316,108525154.75,15049651195.2,15049651195.2,6629
2016-06-08,'002384,东山精密,18.9,19.48,18.9,19.22,19.3,-0.4,-2.0725,0.9195,7791391,149138992.2,16015676103.0,16015676103.0,7507
2016-06-07,'002384,东山精密,19.3,19.78,18.45,18.85,18.81,0.49,2.605,1.3846,11733086,224071842.36,16354632211.0,16354632211.0,10390
2016-06-06,'002384,东山精密,18.81,18.92,18.43,18.43,18.42,0.39,2.1173,0.8753,7417449,138767598.37,15939410978.7,15939410978.7,6677
2016-06-03,'002384,东山精密,18.42,18.99,18.4,18.76,18.96,-0.54,-2.8481,1.2208,10345231,192094640.81,15608928773.4,15608928773.4,9050
2016-06-02,'002384,东山精密,18.96,19.34,18.8,19.2,19.08,-0.12,-0.6289,1.1048,9362244,177804122.38,16066519519.2,16066519519.2,8793
2016-06-01,'002384,东山精密,19.08,19.38,18.69,19.05,19.0,0.08,0.4211,1.3256,11232798,213729247.22,16168206351.6,16168206351.6,11382
2016-05-31,'002384,东山精密,19.0,19.0,18.25,18.38,18.37,0.63,3.4295,1.3568,11497171,214763106.81,16100415130.0,16100415130.0,11621
2016-05-30,'002384,东山精密,18.37,18.8,17.7,17.98,17.93,0.44,2.454,1.2817,10860859,200451555.88,15566559259.9,15566559259.9,10960
2016-05-27,'002384,东山精密,17.93,18.68,17.76,17.94,17.85,0.08,0.4482,1.1166,9461748,172724641.11,15193707541.1,15193707541.1,10207
2016-05-26,'002384,东山精密,17.85,17.85,17.0,17.8,17.8,0.05,0.2809,0.824,6982254,121307943.09,15125916319.5,15125916319.5,7584
2016-05-25,'002384,东山精密,17.8,18.28,17.8,18.19,18.04,-0.24,-1.3304,0.7281,6169820,111172764.91,15083546806.0,15083546806.0,6013
2016-05-24,'002384,东山精密,18.04,18.4,17.72,18.4,18.3,-0.26,-1.4208,1.0386,8801412,158186478.23,15286920470.8,15286920470.8,8894
2016-05-23,'002384,东山精密,18.3,19.32,18.18,19.06,18.19,0.11,0.6047,2.3679,20065057,375145894.18,15507241941.0,15507241941.0,16145
2016-05-20,'002384,东山精密,18.19,18.19,16.06,16.29,16.54,1.65,9.9758,1.9818,16793281,296249192.98,15414029011.3,15414029011.3,13215
2016-05-19,'002384,东山精密,16.54,16.85,15.53,15.53,15.8,0.74,4.6835,1.0861,9203789,151447831.06,14015835065.8,14015835065.8,7656
2016-05-18,'002384,东山精密,15.8,16.25,15.75,16.23,16.45,-0.65,-3.9514,0.5634,4773877,76102271.19,13388766266.0,13388766266.0,5637
2016-05-17,'002384,东山精密,16.45,17.18,16.34,16.8,16.11,0.34,2.1105,0.9719,8235728,139079244.15,13939569941.5,13939569941.5,9456
2016-05-16,'002384,东山精密,16.11,16.25,15.47,15.52,15.79,0.32,2.0266,0.6357,5387148,86205303.39,13651457249.7,13651457249.7,4061
2016-05-13,'002384,东山精密,15.79,16.09,15.5,15.89,15.7,0.09,0.5732,0.5649,4786801,75504093.64,13380292363.3,13380292363.3,3651
2016-05-12,'002384,东山精密,15.7,16.05,15.39,16.05,16.15,-0.45,-2.7864,0.4193,3553291,55661083.44,13304027239.0,13304027239.0,3335
2016-05-11,'002384,东山精密,16.15,16.64,16.09,16.59,16.35,-0.2,-1.2232,0.4884,4139057,67781710.05,13685352860.5,13685352860.5,3323
2016-05-10,'002384,东山精密,16.35,16.89,16.33,16.67,16.67,-0.32,-1.9196,0.3712,3145844,51957699.6,13854830914.5,13854830914.5,2989
2016-05-09,'002384,东山精密,16.67,17.75,16.55,17.75,17.79,-1.12,-6.2957,0.9146,7750171,131141313.69,14125995800.9,14125995800.9,11148
2016-05-06,'002384,东山精密,17.79,18.22,17.61,18.08,18.01,-0.22,-1.2215,1.122,9507819,170592610.69,15075072903.3,15075072903.3,5323
2016-05-05,'002384,东山精密,18.01,18.09,17.66,17.85,17.8,0.21,1.1798,0.5234,4434892,79412637.81,15261498762.7,15261498762.7,3289
2016-05-04,'002384,东山精密,17.8,18.3,17.65,17.81,17.62,0.18,1.0216,0.8054,6824852,122668227.41,15083546806.0,15083546806.0,5116
2016-05-03,'002384,东山精密,17.62,17.73,16.99,16.99,16.95,0.67,3.9528,0.6314,5350693,93553839.06,14931016557.4,14931016557.4,6410
2016-04-29,'002384,东山精密,16.95,17.51,16.91,17.3,17.32,-0.37,-2.1363,0.3934,3021632,51874587.18,14363265076.5,13017600000.0,2790
2016-04-28,'002384,东山精密,17.32,17.66,16.7,17.6,17.43,-0.11,-0.6311,0.535,4108851,70009708.85,14676799476.4,13301760000.0,5935
2016-04-27,'002384,东山精密,17.43,18.0,17.4,17.79,17.79,-0.36,-2.0236,0.3805,2922026,51568918.41,14770012406.1,13386240000.0,2840
2016-04-26,'002384,东山精密,17.79,17.9,17.46,17.46,17.46,0.33,1.89,0.4265,3275267,58119655.34,15075072903.3,13662720000.0,3125
2016-04-25,'002384,东山精密,17.46,17.7,17.2,17.7,17.62,-0.16,-0.9081,0.2729,2095881,36469834.04,14795434114.2,13409280000.0,2006
2016-04-22,'002384,东山精密,17.62,17.74,17.02,17.5,17.58,0.04,0.2275,0.3655,2806835,49042786.48,14931016557.4,13532160000.0,2703
2016-04-21,'002384,东山精密,17.58,18.34,17.58,18.33,18.01,-0.43,-2.3876,0.4898,3761375,67581514.93,14897120946.6,13501440000.0,3740
2016-04-20,'002384,东山精密,18.01,19.8,17.76,19.65,19.57,-1.56,-7.9714,0.9572,7351240,136176988.27,15261498762.7,13831680000.0,7262
2016-04-19,'002384,东山精密,19.57,20.25,19.29,19.92,19.61,-0.04,-0.204,0.7281,5591773,110355106.43,16583427583.9,15029760000.0,5088
2016-04-18,'002384,东山精密,19.61,19.93,19.25,19.9,20.15,-0.54,-2.6799,0.7038,5405271,106113388.02,16617323194.7,15060480000.0,4574
2016-04-15,'002384,东山精密,20.15,20.5,19.5,19.5,19.61,0.54,2.7537,1.3844,10632308,213050812.03,17074913940.5,15475200000.0,8008
2016-04-14,'002384,东山精密,19.61,19.98,19.12,19.28,19.01,0.6,3.1562,0.8946,6870296,134777371.53,16617323194.7,15060480000.0,5667
2016-04-13,'002384,东山精密,19.01,19.46,19.0,19.17,19.1,-0.09,-0.4712,0.7907,6072256,117258922.0,16108889032.7,14599680000.0,4559
2016-04-12,'002384,东山精密,19.1,19.88,18.9,19.8,19.73,-0.63,-3.1931,0.8042,6176261,118524387.48,16185154157.0,14668800000.0,4681
2016-04-11,'002384,东山精密,19.73,19.94,19.41,19.73,19.62,0.11,0.5607,0.9241,7097312,139377235.51,16719010027.1,15152640000.0,4772
2016-04-08,'002384,东山精密,19.62,19.98,19.2,19.94,19.95,-0.33,-1.6541,0.7758,5958259,116810694.01,16625797097.4,15068160000.0,7946
2016-04-07,'002384,东山精密,19.95,20.86,19.87,19.87,19.6,0.35,1.7857,1.902,14607173,296160956.78,16905435886.5,15321600000.0,9169
2016-04-06,'002384,东山精密,19.6,19.88,19.0,19.02,19.02,0.58,3.0494,1.8352,14094393,274807858.31,16608849292.0,15052800000.0,10398
2016-04-05,'002384,东山精密,19.02,19.1,18.1,18.3,18.22,0.8,4.3908,1.2897,9905190,184835303.71,16117362935.4,14607360000.0,6659
2016-04-01,'002384,东山精密,18.22,19.22,17.9,18.9,18.88,-0.66,-3.4958,1.1057,8491720,155931061.91,15439450719.4,13992960000.0,6078
2016-03-31,'002384,东山精密,18.88,19.75,18.8,19.26,19.25,-0.37,-1.9221,0.828,6359326,122738265.3,15998728297.6,14499840000.0,5532
2016-03-30,'002384,东山精密,19.25,19.33,18.8,18.85,18.85,0.4,2.122,0.6917,5312261,101616731.21,16312262697.5,14784000000.0,4508
2016-03-29,'002384,东山精密,18.85,19.36,18.31,18.73,18.6,0.25,1.3441,0.9439,7249478,135989961.63,15973306589.5,14476800000.0,6565
2016-03-28,'002384,东山精密,18.6,19.78,18.08,18.08,17.98,0.62,3.4483,1.9539,15006319,286756455.34,15761459022.0,14284800000.0,10534
2016-03-25,'002384,东山精密,17.98,18.15,17.52,17.52,17.7,0.28,1.5819,0.7158,5497384,98513313.32,15236077054.6,13808640000.0,5069
2016-03-24,'002384,东山精密,17.7,18.1,17.48,17.75,17.8,-0.1,-0.5618,1.0592,8134323,144098219.64,14998807779.0,13593600000.0,6204
2016-03-23,'002384,东山精密,17.8,18.01,17.52,17.86,18.19,-0.39,-2.144,0.8853,6799367,120865053.38,15083546806.0,13670400000.0,5468
2016-03-22,'002384,东山精密,18.19,18.2,17.35,17.98,18.17,0.02,0.1101,1.6336,12546094,222549510.87,15414029011.3,13969920000.0,8724
2016-03-21,'002384,东山精密,18.17,18.17,17.0,17.35,16.52,1.65,9.9879,2.2115,16984646,301438582.13,15397081205.9,13954560000.0,10655
2016-03-18,'002384,东山精密,0.0,0.0,0.0,0.0,16.52,None,None,0.0,0,0.0,13998887260.4,12687360000.0,0
2016-03-17,'002384,东山精密,16.52,16.62,16.08,16.2,16.3,0.22,1.3497,0.8608,6611138,108689748.75,13998887260.4,12687360000.0,4918
2016-03-16,'002384,东山精密,16.3,17.3,16.25,16.82,16.82,-0.52,-3.0916,0.7225,5548529,91926656.61,13812461401.0,12518400000.0,4046
2016-03-15,'002384,东山精密,16.82,17.27,16.8,17.0,17.0,-0.18,-1.0588,0.5424,4165677,70734521.27,14253104341.4,12917760000.0,4340
2016-03-14,'002384,东山精密,17.0,17.3,16.25,16.25,16.21,0.79,4.8735,1.0208,7839501,133007901.16,14405634590.0,13056000000.0,6465
2016-03-11,'002384,东山精密,16.21,16.26,15.5,15.52,15.77,0.44,2.7901,0.9105,6992890,111947625.27,13736196276.7,12449280000.0,4892
2016-03-10,'002384,东山精密,15.77,16.32,15.68,15.99,15.97,-0.2,-1.2523,0.6047,4643969,74289880.59,13363344557.9,12111360000.0,3832
2016-03-09,'002384,东山精密,15.97,16.5,15.55,15.7,16.16,-0.19,-1.1757,0.936,7188803,116066712.45,13532822611.9,12264960000.0,6046
2016-03-08,'002384,东山精密,16.16,16.34,15.0,15.68,15.75,0.41,2.6032,1.1907,9144217,144744190.94,13693826763.2,12410880000.0,9833
2016-03-07,'002384,东山精密,15.75,15.85,15.11,15.15,14.97,0.78,5.2104,1.1978,9199318,143211881.55,13346396752.5,12096000000.0,8687
2016-03-04,'002384,东山精密,14.97,15.7,14.28,15.4,15.64,-0.67,-4.2839,2.167,16642703,250902915.33,12685432341.9,11496960000.0,8710
2016-03-03,'002384,东山精密,15.64,16.58,15.43,16.28,16.21,-0.57,-3.5163,1.5619,11995518,192773177.61,13253183822.8,12011520000.0,9538
2016-03-02,'002384,东山精密,16.21,16.58,15.0,15.2,15.52,0.69,4.4459,1.4532,11160209,176931053.77,13736196276.7,12449280000.0,9618
2016-03-01,'002384,东山精密,15.52,15.7,14.66,15.24,15.24,0.28,1.8373,1.3087,10050646,153804065.51,13151496990.4,11919360000.0,9271
2016-02-29,'002384,东山精密,15.24,16.27,15.11,16.1,16.73,-1.49,-8.9062,1.9195,14741561,229808397.38,12914227714.8,11704320000.0,11065
2016-02-26,'002384,东山精密,16.73,17.8,16.29,17.41,18.01,-1.28,-7.1072,2.6639,20458511,345114007.14,14176839217.1,12848640000.0,16246
2016-02-25,'002384,东山精密,18.01,19.45,18.01,19.32,20.01,-2.0,-9.995,2.4506,18820507,349148554.65,15261498762.7,13831680000.0,18619
2016-02-24,'002384,东山精密,20.01,21.99,19.07,21.0,21.19,-1.18,-5.5687,5.2957,40671316,815748275.15,16956279302.7,15367680000.0,32015
2016-02-23,'002384,东山精密,21.19,21.19,21.19,21.19,19.26,1.93,10.0208,0.2704,2076545,44001988.55,17956199821.3,16273920000.0,343
2016-02-22,'002384,东山精密,0.0,0.0,0.0,0.0,19.26,None,None,0.0,0,0.0,16320736600.2,14791680000.0,0
2016-02-19,'002384,东山精密,0.0,0.0,0.0,0.0,19.26,None,None,0.0,0,0.0,16320736600.2,14791680000.0,0
2016-02-18,'002384,东山精密,0.0,0.0,0.0,0.0,19.26,None,None,0.0,0,0.0,16320736600.2,14791680000.0,0
2016-02-17,'002384,东山精密,0.0,0.0,0.0,0.0,19.26,None,None,0.0,0,0.0,16320736600.2,14791680000.0,0
2016-02-16,'002384,东山精密,0.0,0.0,0.0,0.0,19.26,None,None,0.0,0,0.0,16320736600.2,14791680000.0,0
2016-02-15,'002384,东山精密,0.0,0.0,0.0,0.0,19.26,None,None,0.0,0,0.0,16320736600.2,14791680000.0,0
2016-02-05,'002384,东山精密,0.0,0.0,0.0,0.0,19.26,None,None,0.0,0,0.0,16320736600.2,14791680000.0,0
2016-02-04,'002384,东山精密,0.0,0.0,0.0,0.0,19.26,None,None,0.0,0,0.0,16320736600.2,14791680000.0,0
2016-02-03,'002384,东山精密,19.26,19.35,18.67,18.7,19.1,0.16,0.8377,1.1388,8745783,166700375.72,16320736600.2,14791680000.0,5295
2016-02-02,'002384,东山精密,19.1,19.29,18.7,18.72,18.4,0.7,3.8043,0.9158,7032968,133850865.89,16185154157.0,14668800000.0,4527
2016-02-01,'002384,东山精密,18.4,19.5,18.16,18.69,18.68,-0.28,-1.4989,1.4001,10752456,202355065.64,15591980968.0,14131200000.0,6094
2016-01-29,'002384,东山精密,18.68,19.05,17.53,17.9,17.7,0.98,5.5367,1.2741,9785292,179287242.01,15829250243.6,14346240000.0,6237
2016-01-28,'002384,东山精密,17.7,18.45,17.01,17.2,17.35,0.35,2.0173,1.2267,9421096,168811329.06,14998807779.0,13593600000.0,6434
2016-01-27,'002384,东山精密,17.35,17.64,15.8,17.2,17.03,0.32,1.879,1.3757,10565244,177728753.23,14702221184.5,13324800000.0,5813
2016-01-26,'002384,东山精密,17.03,18.89,17.02,18.89,18.91,-1.88,-9.9418,1.0423,8004546,142891347.86,14431056298.1,13079040000.0,5616
2016-01-25,'002384,东山精密,18.91,19.38,18.45,19.13,19.0,-0.09,-0.4737,1.3669,10497688,198260798.34,16024150005.7,14522880000.0,7079
2016-01-22,'002384,东山精密,19.0,19.12,17.6,18.05,17.7,1.3,7.3446,1.3893,10669846,194969928.86,16100415130.0,14592000000.0,6810
2016-01-21,'002384,东山精密,17.7,18.58,17.5,17.5,17.92,-0.22,-1.2277,1.6357,12562120,228263336.91,14998807779.0,13593600000.0,7258
2016-01-20,'002384,东山精密,17.92,18.25,17.5,17.8,17.78,0.14,0.7874,1.2415,9534699,171471250.17,15185233638.4,13762560000.0,5970
2016-01-19,'002384,东山精密,17.78,17.85,16.73,16.73,16.9,0.88,5.2071,1.306,10029735,174553511.89,15066599000.6,13655040000.0,5834
2016-01-18,'002384,东山精密,16.9,17.27,16.13,16.13,16.67,0.23,1.3797,0.8894,6830595,114997541.2,14320895563.0,12979200000.0,4862
2016-01-15,'002384,东山精密,16.67,16.9,16.02,16.57,16.74,-0.07,-0.4182,1.1445,8789685,144421735.88,14125995800.9,12802560000.0,5292
2016-01-14,'002384,东山精密,16.74,16.99,15.25,15.25,16.25,0.49,3.0154,1.1354,8720073,142059576.52,14185313119.8,12856320000.0,5533
2016-01-13,'002384,东山精密,16.25,17.1,15.72,16.53,16.51,-0.26,-1.5748,1.4451,11097990,183134734.53,13770091887.5,12480000000.0,7513
2016-01-12,'002384,东山精密,16.51,17.3,15.86,16.74,16.74,-0.23,-1.374,1.2416,9535639,157469190.43,13990413357.7,12679680000.0,6338
2016-01-11,'002384,东山精密,16.74,18.49,16.6,17.68,18.09,-1.35,-7.4627,1.746,13409108,233652808.97,14185313119.8,12856320000.0,8372
2016-01-08,'002384,东山精密,18.09,18.45,15.6,17.31,16.77,1.32,7.8712,1.8411,14139703,249967820.34,15329289984.3,13893120000.0,10183
2016-01-07,'002384,东山精密,16.77,18.35,16.71,18.35,18.55,-1.78,-9.5957,0.4429,3401382,60276953.74,14210734827.9,12879360000.0,2050
2016-01-06,'002384,东山精密,18.55,18.7,16.62,17.0,17.0,1.55,9.1176,2.0645,15855531,281152020.74,15719089508.5,14246400000.0,11439
2016-01-05,'002384,东山精密,17.0,17.72,16.23,16.51,18.02,-1.02,-5.6604,2.2125,16991904,288306299.77,14405634590.0,13056000000.0,11765
2016-01-04,'002384,东山精密,18.02,19.85,18.02,19.62,20.02,-2.0,-9.99,2.3411,17980005,339005417.04,15269972665.4,13839360000.0,12690
