日期,股票代码,名称,收盘价,最高价,最低价,开盘价,前收盘,涨跌额,涨跌幅,换手率,成交量,成交金额,总市值,流通市值,成交笔数
2016-10-12,'002388,新亚制程,11.18,11.25,11.11,11.23,11.26,-0.08,-0.7105,1.1366,4542049,50660031.88,4467528000.0,4467528000.0,3855
2016-10-11,'002388,新亚制程,11.26,11.35,11.18,11.33,11.3,-0.04,-0.354,1.2018,4802208,53929250.28,4499496000.0,4499496000.0,4115
2016-10-10,'002388,新亚制程,11.3,11.31,11.07,11.07,11.07,0.23,2.0777,1.3212,5279683,59280773.44,4515480000.0,4515480000.0,4496
2016-09-30,'002388,新亚制程,11.07,11.13,10.96,10.98,10.98,0.09,0.8197,0.9191,3672699,40655036.71,4423572000.0,4423572000.0,2596
2016-09-29,'002388,新亚制程,10.98,11.12,10.92,11.04,11.04,-0.06,-0.5435,0.9298,3715623,40921217.12,4387608000.0,4387608000.0,3205
2016-09-28,'002388,新亚制程,11.04,11.15,10.92,10.99,11.04,0.0,0.0,0.6706,2679716,29637709.72,4411584000.0,4411584000.0,2523
2016-09-27,'002388,新亚制程,11.04,11.05,10.89,10.93,10.95,0.09,0.8219,0.7027,2808018,30823283.57,4411584000.0,4411584000.0,3104
2016-09-26,'002388,新亚制程,10.95,11.08,10.76,11.0,10.94,0.01,0.0914,1.3478,5385980,58849431.59,4375620000.0,4375620000.0,5280
2016-09-23,'002388,新亚制程,10.94,11.16,10.93,11.15,11.12,-0.18,-1.6187,1.3986,5588934,61570349.0,4371624000.0,4371624000.0,5059
2016-09-22,'002388,新亚制程,11.12,11.18,11.08,11.16,11.08,0.04,0.361,1.0352,4136793,46082832.13,4443552000.0,4443552000.0,3456
2016-09-21,'002388,新亚制程,11.08,11.21,11.05,11.12,11.12,-0.04,-0.3597,1.5126,6044515,67166836.12,4427568000.0,4427568000.0,4810
2016-09-20,'002388,新亚制程,11.12,11.3,11.1,11.26,11.23,-0.11,-0.9795,1.0525,4205935,46904814.1,4443552000.0,4443552000.0,3557
2016-09-19,'002388,新亚制程,11.23,11.4,11.12,11.24,11.19,0.04,0.3575,0.949,3792159,42702175.34,4487508000.0,4487508000.0,3476
2016-09-14,'002388,新亚制程,11.19,11.36,11.08,11.13,11.27,-0.08,-0.7098,1.0457,4178587,46976269.48,4471524000.0,4471524000.0,3961
2016-09-13,'002388,新亚制程,11.27,11.39,11.02,11.03,11.02,0.25,2.2686,1.7395,6950849,77750255.03,4503492000.0,4503492000.0,6377
2016-09-12,'002388,新亚制程,11.02,11.65,10.92,11.6,11.81,-0.79,-6.6892,2.8379,11340075,128674269.36,4403592000.0,4403592000.0,10584
2016-09-09,'002388,新亚制程,11.81,12.25,11.58,11.8,11.79,0.02,0.1696,3.6469,14572864,173386083.85,4719276000.0,4719276000.0,12579
2016-09-08,'002388,新亚制程,11.79,11.96,11.53,11.88,11.99,-0.2,-1.6681,3.0673,12257127,144193790.22,4711284000.0,4711284000.0,10580
2016-09-07,'002388,新亚制程,11.99,12.03,11.6,11.69,11.7,0.29,2.4786,4.1971,16771628,198939280.78,4791204000.0,4791204000.0,13224
2016-09-06,'002388,新亚制程,11.7,11.74,11.42,11.61,11.68,0.02,0.1712,2.2338,8926370,103543239.7,4675320000.0,4675320000.0,7990
2016-09-05,'002388,新亚制程,11.68,12.03,11.12,11.2,11.11,0.57,5.1305,3.7145,14843083,173733152.68,4667328000.0,4667328000.0,14315
2016-09-02,'002388,新亚制程,11.11,11.32,11.1,11.17,11.17,-0.06,-0.5372,0.8669,3464187,38677640.05,4439556000.0,4439556000.0,3560
2016-09-01,'002388,新亚制程,11.17,11.22,11.1,11.22,11.17,0.0,0.0,0.8484,3390149,37846839.17,4463532000.0,4463532000.0,3332
2016-08-31,'002388,新亚制程,11.17,11.28,11.03,11.21,11.26,-0.09,-0.7993,1.2768,5102110,56754041.45,4463532000.0,4463532000.0,5179
2016-08-30,'002388,新亚制程,11.26,11.47,11.2,11.23,11.28,-0.02,-0.1773,1.0893,4352982,49256350.45,4499496000.0,4499496000.0,3837
2016-08-29,'002388,新亚制程,11.28,11.35,11.16,11.25,11.2,0.08,0.7143,0.7462,2981707,33609527.29,4507488000.0,4507488000.0,2702
2016-08-26,'002388,新亚制程,11.2,11.37,11.18,11.28,11.24,-0.04,-0.3559,0.9034,3610000,40742433.74,4475520000.0,4475520000.0,3500
2016-08-25,'002388,新亚制程,11.24,11.42,11.14,11.34,11.45,-0.21,-1.8341,1.1607,4637965,51967629.8,4491504000.0,4491504000.0,4989
2016-08-24,'002388,新亚制程,11.45,11.59,11.41,11.53,11.46,-0.01,-0.0873,0.8877,3547316,40792433.78,4575420000.0,4575420000.0,3512
2016-08-23,'002388,新亚制程,11.46,11.6,11.36,11.4,11.39,0.07,0.6146,0.8149,3256401,37364123.66,4579416000.0,4579416000.0,3421
2016-08-22,'002388,新亚制程,11.39,11.73,11.39,11.62,11.63,-0.24,-2.0636,1.1279,4506997,51952375.81,4551444000.0,4551444000.0,5045
2016-08-19,'002388,新亚制程,11.63,11.77,11.57,11.68,11.67,-0.04,-0.3428,1.1537,4610045,53689485.41,4647348000.0,4647348000.0,4622
2016-08-18,'002388,新亚制程,11.67,12.0,11.6,12.0,12.03,-0.36,-2.9925,2.8774,11498091,135141677.07,4663332000.0,4663332000.0,10634
2016-08-17,'002388,新亚制程,12.03,12.09,11.4,11.48,11.52,0.51,4.4271,3.4215,13672495,160777487.46,4807188000.0,4807188000.0,12341
2016-08-16,'002388,新亚制程,11.52,11.56,11.3,11.5,11.5,0.02,0.1739,2.0382,8144457,93191007.48,4603392000.0,4603392000.0,8163
2016-08-15,'002388,新亚制程,11.5,11.54,10.9,10.9,10.93,0.57,5.215,3.2005,12789288,144827718.15,4595400000.0,4595400000.0,10903
2016-08-12,'002388,新亚制程,10.93,10.95,10.75,10.8,10.87,0.06,0.552,1.0072,4024626,43716858.32,4367628000.0,4367628000.0,4052
2016-08-11,'002388,新亚制程,10.87,11.16,10.85,11.1,11.15,-0.28,-2.5112,1.1978,4786358,52545888.99,4343652000.0,4343652000.0,5047
2016-08-10,'002388,新亚制程,11.15,11.31,11.11,11.18,11.14,0.01,0.0898,1.2091,4831444,54085288.56,4455540000.0,4455540000.0,4814
2016-08-09,'002388,新亚制程,11.14,11.2,10.94,10.95,11.01,0.13,1.1807,1.4991,5990309,66709069.27,4451544000.0,4451544000.0,5850
2016-08-08,'002388,新亚制程,11.01,11.01,10.71,10.9,10.97,0.04,0.3646,1.2192,4871789,53096740.05,4399596000.0,4399596000.0,4895
2016-08-05,'002388,新亚制程,10.97,11.19,10.96,11.06,11.09,-0.12,-1.0821,1.3604,5436202,60177661.46,4383612000.0,4383612000.0,5048
2016-08-04,'002388,新亚制程,11.09,11.18,10.78,11.11,11.11,-0.02,-0.18,1.85,7392571,81011635.04,4431564000.0,4431564000.0,6664
2016-08-03,'002388,新亚制程,11.11,11.2,11.04,11.15,11.15,-0.04,-0.3587,1.0605,4237797,47129161.22,4439556000.0,4439556000.0,4075
2016-08-02,'002388,新亚制程,11.15,11.28,11.02,11.07,11.1,0.05,0.4505,1.1632,4648307,51817480.24,4455540000.0,4455540000.0,4902
2016-08-01,'002388,新亚制程,11.1,11.2,10.5,11.09,11.1,0.0,0.0,1.8538,7407669,80021726.87,4435560000.0,4435560000.0,7864
2016-07-29,'002388,新亚制程,11.1,11.63,11.0,11.6,11.55,-0.45,-3.8961,2.5922,10358476,115854615.9,4435560000.0,4435560000.0,10414
2016-07-28,'002388,新亚制程,11.55,11.97,11.3,11.7,11.82,-0.27,-2.2843,2.7248,10888404,126629706.16,4615380000.0,4615380000.0,11137
2016-07-27,'002388,新亚制程,11.82,13.0,11.62,12.95,12.84,-1.02,-7.9439,5.0177,20050896,245765130.34,4723272000.0,4723272000.0,20105
2016-07-26,'002388,新亚制程,12.84,13.27,12.26,12.3,12.35,0.49,3.9676,6.5723,26263081,338263153.97,5130864000.0,5130864000.0,24703
2016-07-25,'002388,新亚制程,12.35,12.39,12.12,12.28,12.23,0.12,0.9812,2.4505,9792268,120081313.89,4935060000.0,4935060000.0,9034
2016-07-22,'002388,新亚制程,12.23,12.29,12.01,12.13,12.03,0.2,1.6625,2.6508,10592441,128814036.35,4887108000.0,4887108000.0,9503
2016-07-21,'002388,新亚制程,12.03,12.14,11.97,12.08,12.03,0.0,0.0,1.6119,6441164,77655874.89,4807188000.0,4807188000.0,5807
2016-07-20,'002388,新亚制程,12.03,12.19,12.01,12.18,12.17,-0.14,-1.1504,1.6472,6582337,79574363.43,4807188000.0,4807188000.0,5850
2016-07-19,'002388,新亚制程,12.17,12.21,11.96,12.21,12.17,0.0,0.0,1.5469,6181604,74564331.45,4863132000.0,4863132000.0,6394
2016-07-18,'002388,新亚制程,12.17,12.22,12.02,12.1,12.1,0.07,0.5785,1.607,6421617,77851142.27,4863132000.0,4863132000.0,5952
2016-07-15,'002388,新亚制程,12.1,12.38,12.05,12.35,12.31,-0.21,-1.7059,2.1611,8635917,104780106.99,4835160000.0,4835160000.0,8681
2016-07-14,'002388,新亚制程,12.31,12.56,12.17,12.5,12.54,-0.23,-1.8341,2.95,11788221,144906828.87,4919076000.0,4919076000.0,10818
2016-07-13,'002388,新亚制程,12.54,12.84,12.35,12.38,12.35,0.19,1.5385,4.5717,18268530,229940121.49,5010984000.0,5010984000.0,16715
2016-07-12,'002388,新亚制程,12.35,12.35,11.91,11.98,12.07,0.28,2.3198,3.4941,13962461,169912200.64,4935060000.0,4935060000.0,12111
2016-07-11,'002388,新亚制程,12.07,12.45,12.05,12.29,12.26,-0.19,-1.5498,3.3563,13411670,163782048.75,4823172000.0,4823172000.0,13224
2016-07-08,'002388,新亚制程,12.26,12.6,12.1,12.15,12.18,0.08,0.6568,3.7809,15108512,186887209.8,4899096000.0,4899096000.0,14401
2016-07-07,'002388,新亚制程,12.18,12.4,11.86,12.31,12.43,-0.25,-2.0113,4.4355,17724328,215387197.45,4867128000.0,4867128000.0,18090
2016-07-06,'002388,新亚制程,12.43,12.65,12.22,12.47,12.5,-0.07,-0.56,4.0574,16213408,201521829.91,4967028000.0,4967028000.0,15304
2016-07-05,'002388,新亚制程,12.5,12.95,11.88,11.9,11.85,0.65,5.4852,8.244,32943164,410075513.31,4995000000.0,4995000000.0,27981
2016-07-04,'002388,新亚制程,11.85,11.98,11.5,11.6,11.74,0.11,0.937,3.1962,12772134,150519898.15,4735260000.0,4735260000.0,11877
2016-07-01,'002388,新亚制程,11.74,12.07,11.7,11.71,11.71,0.03,0.2562,3.4882,13939030,165530263.89,4691304000.0,4691304000.0,13454
2016-06-30,'002388,新亚制程,11.71,12.03,11.6,11.8,11.85,-0.14,-1.1814,3.5074,14015738,164555101.09,4679316000.0,4679316000.0,12938
2016-06-29,'002388,新亚制程,11.85,12.15,11.61,11.81,11.91,-0.06,-0.5038,5.6045,22395731,266248185.42,4735260000.0,4735260000.0,20156
2016-06-28,'002388,新亚制程,11.91,12.2,11.27,11.31,11.35,0.56,4.9339,6.9305,27694190,325461507.34,4759236000.0,4759236000.0,25329
2016-06-27,'002388,新亚制程,11.35,11.4,10.8,10.89,11.02,0.33,2.9946,3.3702,13467217,150715685.62,4535460000.0,4535460000.0,12609
2016-06-24,'002388,新亚制程,11.02,11.44,10.38,11.32,11.44,-0.42,-3.6713,4.7042,18798080,207691255.47,4403592000.0,4403592000.0,18710
2016-06-23,'002388,新亚制程,11.44,11.6,11.06,11.15,11.04,0.4,3.6232,5.1033,20392708,232532682.27,4571424000.0,4571424000.0,19575
2016-06-22,'002388,新亚制程,11.04,11.07,10.75,10.79,10.95,0.09,0.8219,2.135,8531327,93594785.59,4411584000.0,4411584000.0,7652
2016-06-21,'002388,新亚制程,10.95,11.47,10.85,11.4,11.27,-0.32,-2.8394,3.1263,12492580,139332401.69,4375620000.0,4375620000.0,12026
2016-06-20,'002388,新亚制程,11.27,11.31,10.88,11.17,11.2,0.07,0.625,2.9776,11898417,131560440.32,4503492000.0,4503492000.0,11552
2016-06-17,'002388,新亚制程,11.2,11.63,11.03,11.46,11.4,-0.2,-1.7544,3.9256,15686861,177645293.85,4475520000.0,4475520000.0,14909
2016-06-16,'002388,新亚制程,11.4,11.7,11.15,11.38,11.28,0.12,1.0638,4.782,19108883,218519963.48,4555440000.0,4555440000.0,18621
2016-06-15,'002388,新亚制程,11.28,11.6,10.55,10.65,10.83,0.45,4.1551,3.9563,15809189,177097925.81,4507488000.0,4507488000.0,15458
2016-06-14,'002388,新亚制程,10.83,11.0,10.31,10.32,10.55,0.28,2.654,3.2356,12929435,137858201.19,4327668000.0,4327668000.0,12817
2016-06-13,'002388,新亚制程,10.55,11.43,10.5,11.2,11.53,-0.98,-8.4996,3.9424,15753815,174073737.36,4215780000.0,4215780000.0,16543
2016-06-08,'002388,新亚制程,11.53,11.88,11.4,11.88,11.88,-0.35,-2.9461,3.6676,14655576,170012577.06,4607388000.0,4607388000.0,15340
2016-06-07,'002388,新亚制程,11.88,12.09,11.57,11.75,11.85,0.03,0.2532,4.5752,18282537,216611560.27,4747248000.0,4747248000.0,18728
2016-06-06,'002388,新亚制程,11.85,12.07,11.69,12.07,11.94,-0.09,-0.7538,4.6873,18730357,221390161.0,4735260000.0,4735260000.0,19111
2016-06-03,'002388,新亚制程,11.94,12.46,11.87,12.09,11.96,-0.02,-0.1672,9.3239,37258247,454608540.07,4771224000.0,4771224000.0,35504
2016-06-02,'002388,新亚制程,11.96,11.96,10.7,10.76,10.87,1.09,10.0276,9.1092,36400312,418330671.38,4779216000.0,4779216000.0,31542
2016-06-01,'002388,新亚制程,10.87,11.25,10.83,10.83,10.89,-0.02,-0.1837,4.88,19500601,214913896.19,4343652000.0,4343652000.0,18414
2016-05-31,'002388,新亚制程,10.89,10.97,10.37,10.4,10.46,0.43,4.1109,4.6863,18726405,201465247.86,4351644000.0,4351644000.0,17787
2016-05-30,'002388,新亚制程,10.46,10.88,10.36,10.47,10.67,-0.21,-1.9681,4.2498,16982307,179700780.32,4179816000.0,4179816000.0,16137
2016-05-27,'002388,新亚制程,10.67,10.92,9.91,10.05,10.05,0.62,6.1692,6.2175,24845315,261344754.65,4263732000.0,4263732000.0,24832
2016-05-26,'002388,新亚制程,10.05,10.06,9.58,9.85,9.93,0.12,1.2085,2.5695,10267541,100765753.01,4015980000.0,4015980000.0,8950
2016-05-25,'002388,新亚制程,9.93,10.23,9.8,10.03,9.95,-0.02,-0.201,1.8579,7423995,74343144.57,3968028000.0,3968028000.0,6734
2016-05-24,'002388,新亚制程,9.95,10.22,9.9,10.22,10.22,-0.27,-2.6419,2.1107,8434335,84339168.1,3976020000.0,3976020000.0,8299
2016-05-23,'002388,新亚制程,10.22,10.36,10.13,10.15,10.08,0.14,1.3889,2.2084,8824675,90439355.41,4083912000.0,4083912000.0,8398
2016-05-20,'002388,新亚制程,10.08,10.11,9.6,9.81,10.01,0.07,0.6993,2.2033,8804481,87778995.74,4027968000.0,4027968000.0,8330
2016-05-19,'002388,新亚制程,10.01,10.2,9.95,9.95,9.92,0.09,0.9073,2.5741,10286292,103781099.25,3999996000.0,3999996000.0,9516
2016-05-18,'002388,新亚制程,9.92,10.49,9.78,10.49,10.65,-0.73,-6.8545,3.4713,13871119,140025883.09,3964032000.0,3964032000.0,15010
2016-05-17,'002388,新亚制程,10.65,10.77,10.34,10.57,10.62,0.03,0.2825,3.2476,12977588,137254613.4,4255740000.0,4255740000.0,11727
2016-05-16,'002388,新亚制程,10.62,10.63,10.21,10.38,10.38,0.24,2.3121,2.4366,9736660,101975397.5,4243752000.0,4243752000.0,8995
2016-05-13,'002388,新亚制程,10.38,10.8,10.22,10.66,10.71,-0.33,-3.0812,2.827,11296867,118855170.53,4147848000.0,4147848000.0,11519
2016-05-12,'002388,新亚制程,10.71,10.88,9.91,10.29,10.5,0.21,2.0,3.7616,15031428,157264104.25,4279716000.0,4279716000.0,15334
2016-05-11,'002388,新亚制程,10.5,10.95,10.36,10.85,10.7,-0.2,-1.8692,2.5482,10182804,108298446.76,4195800000.0,4195800000.0,10887
2016-05-10,'002388,新亚制程,10.7,11.06,10.61,10.8,10.78,-0.08,-0.7421,2.4759,9893699,107637638.04,4275720000.0,4275720000.0,10411
2016-05-09,'002388,新亚制程,10.78,11.75,10.68,11.75,11.86,-1.08,-9.1062,3.8609,15428327,170507736.43,4307688000.0,4307688000.0,17755
2016-05-06,'002388,新亚制程,11.86,12.81,11.85,12.74,12.73,-0.87,-6.8342,6.1123,24424927,298783526.82,4739256000.0,4739256000.0,25138
2016-05-05,'002388,新亚制程,12.73,12.89,12.55,12.69,12.8,-0.07,-0.5469,3.8265,15290817,194044249.08,5086908000.0,5086908000.0,14565
2016-05-04,'002388,新亚制程,12.8,12.98,12.32,12.45,12.53,0.27,2.1548,5.8855,23518571,298538838.99,5114880000.0,5114880000.0,22739
2016-05-03,'002388,新亚制程,12.53,12.71,12.01,12.17,12.08,0.45,3.7252,4.5777,18292547,228412714.67,5006988000.0,5006988000.0,18283
2016-04-29,'002388,新亚制程,12.08,12.45,12.02,12.23,12.45,-0.37,-2.9719,3.4604,13827709,169602408.56,4827168000.0,4827168000.0,14486
2016-04-28,'002388,新亚制程,12.45,12.53,11.52,12.15,12.08,0.37,3.0629,6.2411,24939477,299705801.48,4975020000.0,4975020000.0,25447
2016-04-27,'002388,新亚制程,12.08,12.59,12.0,12.4,12.5,-0.42,-3.36,4.6466,18567928,228333053.5,4827168000.0,4827168000.0,18687
2016-04-26,'002388,新亚制程,12.5,12.54,12.08,12.29,12.29,0.21,1.7087,3.8419,15352107,189538639.64,4995000000.0,4995000000.0,15750
2016-04-25,'002388,新亚制程,12.29,12.72,11.86,12.72,12.83,-0.54,-4.2089,4.8044,19198504,235294186.42,4911084000.0,4911084000.0,21463
2016-04-22,'002388,新亚制程,12.83,13.0,11.8,12.2,12.48,0.35,2.8045,5.8839,23512000,296984040.96,5126868000.0,5126868000.0,26774
2016-04-21,'002388,新亚制程,12.48,13.44,12.35,13.44,13.58,-1.1,-8.1001,8.2276,32877568,426055814.32,4987008000.0,4987008000.0,36761
2016-04-20,'002388,新亚制程,13.58,14.78,13.2,14.5,14.67,-1.09,-7.4301,11.828,47264662,653135654.78,5426568000.0,5426568000.0,51771
2016-04-19,'002388,新亚制程,14.67,14.92,13.57,13.81,13.64,1.03,7.5513,10.6025,42367735,603144658.4,5862132000.0,5862132000.0,43661
2016-04-18,'002388,新亚制程,13.64,14.2,13.5,14.15,14.43,-0.79,-5.4747,7.4255,29672194,409210490.24,5450544000.0,5450544000.0,33885
2016-04-15,'002388,新亚制程,14.43,14.98,13.76,13.77,13.95,0.48,3.4409,11.8765,47458301,682969358.48,5766228000.0,5766228000.0,50743
2016-04-14,'002388,新亚制程,13.95,13.99,13.14,13.2,13.09,0.86,6.5699,9.4016,37568754,511087704.03,5574420000.0,5574420000.0,38141
2016-04-13,'002388,新亚制程,13.09,13.56,12.94,12.94,12.9,0.19,1.4729,6.7137,26827781,355532365.98,5230764000.0,5230764000.0,28645
2016-04-12,'002388,新亚制程,12.9,13.25,12.7,13.24,13.45,-0.55,-4.0892,6.9896,27930604,360983328.81,5154840000.0,5154840000.0,30330
2016-04-11,'002388,新亚制程,13.45,13.96,13.42,13.58,13.45,0.0,0.0,6.3753,25475860,348045897.14,5374620000.0,5374620000.0,25995
2016-04-08,'002388,新亚制程,13.45,13.79,13.03,13.3,13.79,-0.34,-2.4656,7.3059,29194491,391460313.92,5374620000.0,5374620000.0,30110
2016-04-07,'002388,新亚制程,13.79,14.57,13.68,14.3,14.6,-0.81,-5.5479,9.6802,38681891,547373203.22,5510484000.0,5510484000.0,39547
2016-04-06,'002388,新亚制程,14.6,14.63,13.61,14.1,14.35,0.25,1.7422,11.7542,46969699,661691076.4,5834160000.0,5834160000.0,47648
2016-04-05,'002388,新亚制程,14.35,14.83,13.65,13.8,14.08,0.27,1.9176,13.7743,55042237,780937235.9,5734260000.0,5734260000.0,52306
2016-04-01,'002388,新亚制程,14.08,15.69,13.98,15.12,14.88,-0.8,-5.3763,20.1267,80426094,1195538986.53,5626368000.0,5626368000.0,78094
2016-03-31,'002388,新亚制程,14.88,14.88,13.31,13.91,13.53,1.35,9.9778,19.5183,77995239,1107435133.04,5946048000.0,5946048000.0,59203
2016-03-30,'002388,新亚制程,13.53,13.53,11.96,12.4,12.3,1.23,10.0,14.7745,59039008,756796977.23,5406588000.0,5406588000.0,48660
2016-03-29,'002388,新亚制程,12.3,13.45,12.01,12.74,13.07,-0.77,-5.8914,13.589,54301551,698266408.57,4915080000.0,4915080000.0,50324
2016-03-28,'002388,新亚制程,13.07,13.07,11.75,11.83,11.88,1.19,10.0168,14.4246,57640824,723261449.59,5222772000.0,5222772000.0,48459
2016-03-25,'002388,新亚制程,11.88,12.48,11.4,11.55,11.88,0.0,0.0,7.7925,31138660,371481157.04,4747248000.0,4747248000.0,33350
2016-03-24,'002388,新亚制程,11.88,13.2,11.88,12.96,13.2,-1.32,-10.0,11.061,44199875,560107996.42,4747248000.0,4747248000.0,45749
2016-03-23,'002388,新亚制程,13.2,13.49,12.35,12.7,12.95,0.25,1.9305,15.2178,60810411,787779007.04,5274720000.0,5274720000.0,58677
2016-03-22,'002388,新亚制程,12.95,13.5,11.84,12.0,12.36,0.59,4.7735,18.1619,72575052,930100792.26,5174820000.0,5174820000.0,63272
2016-03-21,'002388,新亚制程,12.36,12.36,11.17,11.23,11.24,1.12,9.9644,15.8856,63478720,743275930.81,4939056000.0,4939056000.0,49371
2016-03-18,'002388,新亚制程,11.24,11.49,11.01,11.1,11.19,0.05,0.4468,14.3043,57160041,643203392.3,4491504000.0,4491504000.0,42411
2016-03-17,'002388,新亚制程,11.19,11.3,10.73,10.92,11.16,0.03,0.2688,14.5682,58214611,644822192.19,4471524000.0,4471524000.0,44905
2016-03-16,'002388,新亚制程,11.16,11.38,10.71,11.2,11.65,-0.49,-4.206,17.5644,70187215,774761282.11,4459536000.0,4459536000.0,90121
2016-03-15,'002388,新亚制程,11.65,12.5,11.65,12.28,12.94,-1.29,-9.9691,11.7202,46833965,556071841.64,4655340000.0,4655340000.0,47603
2016-03-14,'002388,新亚制程,12.94,14.1,12.76,13.7,13.73,-0.79,-5.7538,17.3032,69143750,910940086.29,5170824000.0,5170824000.0,127713
2016-03-11,'002388,新亚制程,13.73,13.88,12.5,12.6,12.84,0.89,6.9315,10.7655,43019107,574785916.72,5486508000.0,5486508000.0,130649
2016-03-10,'002388,新亚制程,12.84,12.95,12.0,12.2,12.29,0.55,4.4752,7.8515,31374730,391387619.16,5130864000.0,5130864000.0,23490
2016-03-09,'002388,新亚制程,12.29,12.3,11.4,11.51,11.74,0.55,4.6848,8.9281,35676653,424513895.4,4911084000.0,4911084000.0,48649
2016-03-08,'002388,新亚制程,11.74,12.1,11.3,11.88,12.08,-0.34,-2.8146,6.7437,26947699,315224101.3,4691304000.0,4691304000.0,39902
2016-03-07,'002388,新亚制程,12.08,12.6,10.96,11.52,11.5,0.58,5.0435,9.0275,36073796,425538110.94,4827168000.0,4827168000.0,35626
2016-03-04,'002388,新亚制程,11.5,11.71,10.52,10.55,10.73,0.77,7.1761,10.3529,41370218,454347483.46,4595400000.0,4595400000.0,28695
2016-03-03,'002388,新亚制程,10.73,10.75,9.65,9.7,9.82,0.91,9.2668,9.4629,37813647,388203364.95,4287708000.0,4287708000.0,22506
2016-03-02,'002388,新亚制程,9.82,9.82,8.9,8.99,9.24,0.58,6.2771,7.1689,28646797,270951001.13,3924072000.0,3924072000.0,18520
2016-03-01,'002388,新亚制程,9.24,9.55,8.55,8.65,9.1,0.14,1.5385,7.8829,31500130,283803539.2,3692304000.0,3692304000.0,21645
2016-02-29,'002388,新亚制程,9.1,9.18,7.97,8.47,8.47,0.63,7.438,10.9589,43791865,381243691.94,3636360000.0,3636360000.0,26366
2016-02-26,'002388,新亚制程,8.47,8.47,7.56,7.88,7.7,0.77,10.0,5.7797,23095773,187894986.85,3384612000.0,3384612000.0,11756
2016-02-25,'002388,新亚制程,7.7,8.5,7.67,8.5,8.52,-0.82,-9.6244,4.7735,19074908,149764077.0,3076920000.0,3076920000.0,11361
2016-02-24,'002388,新亚制程,8.52,8.54,8.1,8.35,8.39,0.13,1.5495,2.0244,8089675,67503448.05,3404592000.0,3404592000.0,5441
2016-02-23,'002388,新亚制程,8.39,8.48,8.08,8.35,8.45,-0.06,-0.7101,2.068,8263643,68887965.01,3352644000.0,3352644000.0,5471
2016-02-22,'002388,新亚制程,8.45,8.66,8.31,8.41,8.31,0.14,1.6847,2.2654,9052665,76677298.92,3376620000.0,3376620000.0,6021
2016-02-19,'002388,新亚制程,8.31,8.44,8.18,8.21,8.32,-0.01,-0.1202,2.0477,8182437,68220244.83,3320676000.0,3320676000.0,5306
2016-02-18,'002388,新亚制程,8.32,8.57,8.28,8.45,8.58,-0.26,-3.0303,3.7194,14862828,124882387.59,3324672000.0,3324672000.0,10070
2016-02-17,'002388,新亚制程,8.58,8.8,7.92,8.1,8.01,0.57,7.1161,5.5928,22348977,185020373.26,3428568000.0,3428568000.0,14003
2016-02-16,'002388,新亚制程,8.01,8.01,7.33,7.37,7.28,0.73,10.0275,2.3296,9309277,72338248.88,3200796000.0,3200796000.0,4524
2016-02-15,'002388,新亚制程,7.28,7.39,6.98,7.0,7.41,-0.13,-1.7544,1.4527,5805060,41730942.7,2909088000.0,2909088000.0,3597
2016-02-05,'002388,新亚制程,7.41,7.87,7.4,7.6,7.53,-0.12,-1.5936,2.0072,8020810,61448555.39,2961036000.0,2961036000.0,4656
2016-02-04,'002388,新亚制程,7.53,7.6,7.3,7.32,7.32,0.21,2.8689,1.9861,7936653,59425677.23,3008988000.0,3008988000.0,4743
2016-02-03,'002388,新亚制程,7.32,7.38,7.08,7.2,7.28,0.04,0.5495,1.5142,6050828,43553345.69,2925072000.0,2925072000.0,3601
2016-02-02,'002388,新亚制程,7.28,7.4,7.03,7.08,7.08,0.2,2.8249,1.8297,7311520,53278174.28,2909088000.0,2909088000.0,5125
2016-02-01,'002388,新亚制程,7.08,7.27,6.9,7.15,7.08,0.0,0.0,1.2597,5033757,35627499.78,2829168000.0,2829168000.0,3509
2016-01-29,'002388,新亚制程,7.08,7.27,6.62,6.68,6.7,0.38,5.6716,1.6279,6505031,45545109.71,2829168000.0,2829168000.0,4749
2016-01-28,'002388,新亚制程,6.7,7.27,6.61,7.07,7.23,-0.53,-7.3306,1.5553,6215067,43525732.86,2677320000.0,2677320000.0,3930
2016-01-27,'002388,新亚制程,7.23,7.36,6.56,7.36,7.17,0.06,0.8368,2.0594,8229302,57885952.8,2889108000.0,2889108000.0,5703
2016-01-26,'002388,新亚制程,7.17,7.9,7.17,7.84,7.97,-0.8,-10.0376,2.3791,9507018,71720709.45,2865132000.0,2865132000.0,6312
2016-01-25,'002388,新亚制程,7.97,8.16,7.82,7.92,7.82,0.15,1.9182,2.2114,8836912,70701271.79,3184812000.0,3184812000.0,5689
2016-01-22,'002388,新亚制程,7.82,7.85,7.39,7.52,7.51,0.31,4.1278,2.1984,8784926,67496719.19,3124872000.0,3124872000.0,5821
2016-01-21,'002388,新亚制程,7.51,8.06,7.5,7.9,8.08,-0.57,-7.0545,3.056,12211662,95698512.52,3000996000.0,3000996000.0,7821
2016-01-20,'002388,新亚制程,8.08,8.51,7.82,7.96,7.96,0.12,1.5075,4.3087,17217395,140316464.7,3228768000.0,3228768000.0,11151
2016-01-19,'002388,新亚制程,7.96,7.96,7.15,7.24,7.24,0.72,9.9448,3.2755,13088819,99614607.06,3180816000.0,3180816000.0,7209
2016-01-18,'002388,新亚制程,7.24,7.4,6.79,6.88,7.07,0.17,2.4045,2.0315,8117877,58350132.38,2893104000.0,2893104000.0,4961
2016-01-15,'002388,新亚制程,7.07,7.45,7.0,7.43,7.44,-0.37,-4.9731,2.0574,8221234,59689688.93,2825172000.0,2825172000.0,4919
2016-01-14,'002388,新亚制程,7.44,7.5,6.8,6.8,7.15,0.29,4.0559,2.2674,9060352,64977492.81,2973024000.0,2973024000.0,5542
2016-01-13,'002388,新亚制程,7.15,7.67,7.14,7.56,7.44,-0.29,-3.8978,1.8469,7380328,55288018.03,2857140000.0,2857140000.0,5008
2016-01-12,'002388,新亚制程,7.44,7.65,7.06,7.6,7.52,-0.08,-1.0638,2.0297,8110625,60120308.25,2973024000.0,2973024000.0,5195
2016-01-11,'002388,新亚制程,7.52,8.24,7.52,8.17,8.35,-0.83,-9.9401,2.5108,10033035,78601968.06,3004992000.0,3004992000.0,7289
2016-01-08,'002388,新亚制程,8.35,8.9,7.7,8.74,8.46,-0.11,-1.3002,3.7364,14930704,124331847.16,3336660000.0,3336660000.0,10050
2016-01-07,'002388,新亚制程,8.46,9.28,8.46,9.26,9.4,-0.94,-10.0,0.7067,2824002,24938790.06,3380616000.0,3380616000.0,1843
2016-01-06,'002388,新亚制程,9.4,9.44,9.09,9.09,9.17,0.23,2.5082,2.644,10565561,98281430.57,3756240000.0,3756240000.0,7803
2016-01-05,'002388,新亚制程,9.17,9.96,8.96,8.96,9.96,-0.79,-7.9317,4.2913,17147974,159053430.82,3664332000.0,3664332000.0,12664
2016-01-04,'002388,新亚制程,9.96,11.21,9.96,10.99,11.07,-1.11,-10.0271,2.7398,10948051,114519241.07,3980016000.0,3980016000.0,9195
