日期,股票代码,名称,收盘价,最高价,最低价,开盘价,前收盘,涨跌额,涨跌幅,换手率,成交量,成交金额,总市值,流通市值,成交笔数
2016-10-12,'002232,启明信息,13.52,13.56,13.3,13.44,13.47,0.05,0.3712,0.8487,3418529,45769381.79,5523575111.6,5445947868.4,3612
2016-10-11,'002232,启明信息,13.47,13.66,13.36,13.53,13.44,0.03,0.2232,1.1068,4458350,60262266.68,5503147688.85,5425807528.65,5187
2016-10-10,'002232,启明信息,13.44,13.51,13.02,13.02,13.0,0.44,3.3846,1.2139,4889858,65291036.95,5490891235.2,5413723324.8,5364
2016-09-30,'002232,启明信息,13.0,13.02,12.83,12.97,12.94,0.06,0.4637,0.4046,1629669,21107964.73,5311129915.0,5236488335.0,2015
2016-09-29,'002232,启明信息,12.94,13.13,12.92,13.04,12.91,0.03,0.2324,0.4577,1843593,23986951.56,5286617007.7,5212319927.3,2298
2016-09-28,'002232,启明信息,12.91,13.04,12.88,13.04,13.04,-0.13,-0.9969,0.3808,1533836,19839815.16,5274360554.05,5200235723.45,1941
2016-09-27,'002232,启明信息,13.04,13.1,12.73,12.81,12.82,0.22,1.7161,0.7478,3012043,38870200.21,5327471853.2,5252600606.8,3370
2016-09-26,'002232,启明信息,12.82,13.25,12.8,13.25,13.27,-0.45,-3.3911,0.988,3979549,51624329.19,5237591193.1,5163983111.9,4883
2016-09-23,'002232,启明信息,13.27,13.37,13.24,13.35,13.32,-0.05,-0.3754,0.489,1969595,26167421.57,5421437997.85,5345246169.65,1957
2016-09-22,'002232,启明信息,13.32,13.44,13.3,13.4,13.33,-0.01,-0.075,0.6037,2431697,32500986.81,5441865420.6,5365386509.4,2356
2016-09-21,'002232,启明信息,13.33,13.43,13.25,13.25,13.24,0.09,0.6798,0.5475,2205390,29486219.71,5445950905.15,5369414577.35,2305
2016-09-20,'002232,启明信息,13.24,13.45,13.22,13.39,13.39,-0.15,-1.1202,0.5866,2362686,31350039.16,5409181544.2,5333161965.8,2708
2016-09-19,'002232,启明信息,13.39,13.46,13.24,13.24,13.23,0.16,1.2094,0.6233,2510545,33586049.02,5470463812.45,5393582985.05,2631
2016-09-14,'002232,启明信息,13.23,13.37,13.2,13.23,13.23,0.0,0.0,0.5085,2048455,27181499.15,5405096059.65,5329133897.85,2653
2016-09-13,'002232,启明信息,13.23,13.35,13.16,13.29,13.16,0.07,0.5319,0.6449,2597573,34364452.73,5405096059.65,5329133897.85,3194
2016-09-12,'002232,启明信息,13.16,13.5,13.15,13.45,13.82,-0.66,-4.7757,1.3394,5395011,71962129.67,5376497667.8,5300937422.2,6358
2016-09-09,'002232,启明信息,13.82,13.98,13.79,13.87,13.87,-0.05,-0.3605,1.0088,4063496,56493762.29,5646139648.1,5566789906.9,4023
2016-09-08,'002232,启明信息,13.87,13.96,13.75,13.86,13.84,0.03,0.2168,0.7924,3191711,44177406.32,5666567070.85,5586930246.65,3073
2016-09-07,'002232,启明信息,13.84,13.97,13.81,13.9,13.92,-0.08,-0.5747,1.2228,4925385,68471103.59,5654310617.2,5574846042.8,4829
2016-09-06,'002232,启明信息,13.92,13.98,13.48,13.6,13.6,0.32,2.3529,1.8378,7402792,102095334.13,5686994493.6,5607070586.4,7295
2016-09-05,'002232,启明信息,13.6,13.73,13.5,13.55,13.52,0.08,0.5917,0.8233,3316453,45223080.6,5556258988.0,5478172412.0,3188
2016-09-02,'002232,启明信息,13.52,13.7,13.45,13.61,13.62,-0.1,-0.7342,0.9292,3742786,50828249.59,5523575111.6,5445947868.4,3434
2016-09-01,'002232,启明信息,13.62,13.79,13.58,13.62,13.61,0.01,0.0735,1.0695,4308148,58975391.13,5564429957.1,5486228547.9,4316
2016-08-31,'002232,启明信息,13.61,13.65,13.44,13.63,13.62,-0.01,-0.0734,0.7999,3221997,43652461.58,5560344472.55,5482200479.95,2957
2016-08-30,'002232,启明信息,13.62,13.68,13.5,13.62,13.55,0.07,0.5166,0.6385,2571969,35008835.46,5564429957.1,5486228547.9,2798
2016-08-29,'002232,启明信息,13.55,13.72,13.4,13.6,13.6,-0.05,-0.3676,0.8601,3464361,46956698.78,5535831565.25,5458032072.25,3613
2016-08-26,'002232,启明信息,13.6,13.81,13.53,13.55,13.55,0.05,0.369,1.0906,4392924,60250259.09,5556258988.0,5478172412.0,4609
2016-08-25,'002232,启明信息,13.55,13.7,13.26,13.7,13.81,-0.26,-1.8827,1.0617,4276799,57506782.61,5535831565.25,5458032072.25,4882
2016-08-24,'002232,启明信息,13.81,13.86,13.62,13.73,13.73,0.08,0.5827,0.988,3979703,54790756.82,5642054163.55,5562761838.95,3771
2016-08-23,'002232,启明信息,13.73,13.85,13.6,13.7,13.64,0.09,0.6598,0.8254,3324588,45617480.59,5609370287.15,5530537295.35,3381
2016-08-22,'002232,启明信息,13.64,13.86,13.62,13.85,13.86,-0.22,-1.5873,1.0439,4205085,57705499.03,5572600926.2,5494284683.8,4176
2016-08-19,'002232,启明信息,13.86,14.05,13.72,14.04,13.99,-0.13,-0.9292,1.241,4998934,69339745.64,5662481586.3,5582902178.7,4448
2016-08-18,'002232,启明信息,13.99,14.06,13.88,13.97,13.94,0.05,0.3587,1.3675,5508491,76905180.34,5715592885.45,5635267062.05,5300
2016-08-17,'002232,启明信息,13.94,13.99,13.84,13.9,13.91,0.03,0.2157,1.0074,4057991,56533959.11,5695165462.7,5615126722.3,4157
2016-08-16,'002232,启明信息,13.91,14.02,13.82,13.95,13.94,-0.03,-0.2152,1.373,5530423,76997601.8,5682909009.05,5603042518.45,5726
2016-08-15,'002232,启明信息,13.94,13.99,13.64,13.68,13.64,0.3,2.1994,1.8852,7593703,105393907.5,5695165462.7,5615126722.3,7458
2016-08-12,'002232,启明信息,13.64,13.67,13.33,13.41,13.4,0.24,1.791,0.8211,3307504,44797343.22,5572600926.2,5494284683.8,3685
2016-08-11,'002232,启明信息,13.4,13.78,13.4,13.77,13.82,-0.42,-3.0391,1.0474,4218966,57220838.93,5474549297.0,5397611053.0,5013
2016-08-10,'002232,启明信息,13.82,13.94,13.68,13.7,13.78,0.04,0.2903,1.1799,4752629,65569086.54,5646139648.1,5566789906.9,4881
2016-08-09,'002232,启明信息,13.78,13.83,13.65,13.7,13.71,0.07,0.5106,1.1606,4675167,64262478.59,5629797709.9,5550677635.1,4934
2016-08-08,'002232,启明信息,13.71,13.72,13.2,13.51,13.51,0.2,1.4804,1.2227,4925203,66234242.0,5601199318.05,5522481159.45,5458
2016-08-05,'002232,启明信息,13.51,13.87,13.5,13.87,13.88,-0.37,-2.6657,1.4176,5710358,77928066.6,5519489627.05,5441919800.45,6155
2016-08-04,'002232,启明信息,13.88,14.09,13.61,13.61,13.61,0.27,1.9838,1.5264,6148551,85435281.37,5670652555.4,5590958314.6,6604
2016-08-03,'002232,启明信息,13.61,13.75,13.55,13.75,13.7,-0.09,-0.6569,0.8972,3614018,49304121.0,5560344472.55,5482200479.95,3756
2016-08-02,'002232,启明信息,13.7,13.75,13.42,13.48,13.48,0.22,1.632,0.9866,3974193,54081486.37,5597113833.5,5518453091.5,4436
2016-08-01,'002232,启明信息,13.48,13.9,13.3,13.8,13.92,-0.44,-3.1609,1.4933,6015278,81076225.52,5507233173.4,5429835596.6,6569
2016-07-29,'002232,启明信息,13.92,14.35,13.82,14.22,14.14,-0.22,-1.5559,1.4395,5798420,81379442.47,5686994493.6,5607070586.4,6271
2016-07-28,'002232,启明信息,14.14,14.6,13.88,14.4,14.53,-0.39,-2.6841,2.3724,9556096,135590000.59,5776875153.7,5695688081.3,9786
2016-07-27,'002232,启明信息,14.53,15.72,14.2,15.64,15.62,-1.09,-6.9782,4.1416,16682678,249857125.49,5936209051.15,5852782731.35,16537
2016-07-26,'002232,启明信息,15.62,15.65,15.33,15.44,15.42,0.2,1.297,3.2087,12924974,200575305.28,6381526867.1,6291842137.9,10804
2016-07-25,'002232,启明信息,15.42,15.63,15.25,15.35,15.3,0.12,0.7843,3.2938,13267749,205239714.33,6299817176.1,6211280778.9,12397
2016-07-22,'002232,启明信息,15.3,15.44,14.94,15.03,15.04,0.26,1.7287,2.8626,11530827,175490865.27,6250791361.5,6162943963.5,10781
2016-07-21,'002232,启明信息,15.04,15.2,14.92,15.02,15.02,0.02,0.1332,1.403,5651224,85173432.85,6144568763.2,6058214196.8,5357
2016-07-20,'002232,启明信息,15.02,15.23,15.0,15.19,15.18,-0.16,-1.054,1.1939,4809051,72626443.08,6136397794.1,6050158060.9,4666
2016-07-19,'002232,启明信息,15.18,15.18,14.94,15.07,15.07,0.11,0.7299,1.3088,5271823,79428828.18,6201765546.9,6114607148.1,5077
2016-07-18,'002232,启明信息,15.07,15.25,14.86,15.2,15.25,-0.18,-1.1803,1.8844,7590420,114077972.95,6156825216.85,6070298400.65,7922
2016-07-15,'002232,启明信息,15.25,15.62,15.18,15.6,15.62,-0.37,-2.3688,1.9537,7869583,120786576.18,6230363938.75,6142803623.75,7693
2016-07-14,'002232,启明信息,15.62,15.68,15.3,15.49,15.5,0.12,0.7742,2.9451,11863011,183415183.87,6381526867.1,6291842137.9,10163
2016-07-13,'002232,启明信息,15.5,15.6,15.19,15.2,15.25,0.25,1.6393,3.598,14493157,223873506.93,6332501052.5,6243505322.5,12959
2016-07-12,'002232,启明信息,15.25,15.29,14.71,15.09,15.16,0.09,0.5937,2.2177,8933158,134509451.19,6230363938.75,6142803623.75,9039
2016-07-11,'002232,启明信息,15.16,15.45,15.11,15.14,15.14,0.02,0.1321,2.9379,11833952,180972182.97,6193594577.8,6106551012.2,10164
2016-07-08,'002232,启明信息,15.14,15.39,14.91,15.1,15.1,0.04,0.2649,2.059,8293669,125680907.51,6185423608.7,6098494876.3,8171
2016-07-07,'002232,启明信息,15.1,15.2,14.8,15.1,15.1,0.0,0.0,2.2261,8966969,134510517.2,6169081670.5,6082382604.5,9330
2016-07-06,'002232,启明信息,15.1,15.23,15.01,15.23,15.24,-0.14,-0.9186,1.7315,6974538,105313089.23,6169081670.5,6082382604.5,7595
2016-07-05,'002232,启明信息,15.24,15.48,15.06,15.39,15.39,-0.15,-0.9747,2.5253,10172057,155077649.95,6226278454.2,6138775555.8,10734
2016-07-04,'002232,启明信息,15.39,15.5,14.8,15.0,15.2,0.19,1.25,3.1451,12668624,193019775.69,6287560722.45,6199196575.05,12782
2016-07-01,'002232,启明信息,15.2,15.69,15.05,15.3,15.32,-0.12,-0.7833,3.0677,12356889,190363612.15,6209936516.0,6122663284.0,13184
2016-06-30,'002232,启明信息,15.32,15.42,15.05,15.15,15.21,0.11,0.7232,2.5781,10384797,158054412.72,6258962330.6,6171000099.4,10188
2016-06-29,'002232,启明信息,15.21,15.4,15.03,15.3,15.34,-0.13,-0.8475,3.2545,13109294,198888070.13,6214022000.55,6126691351.95,12711
2016-06-28,'002232,启明信息,15.34,15.61,14.77,14.8,14.91,0.43,2.884,5.8396,23522466,360361873.95,6267133299.7,6179056235.3,22716
2016-06-27,'002232,启明信息,14.91,14.99,14.01,14.1,14.3,0.61,4.2657,3.6271,14610250,214901731.78,6091457464.05,6005849313.45,13261
2016-06-24,'002232,启明信息,14.3,14.79,13.66,14.74,14.66,-0.36,-2.4557,2.8556,11502739,164969777.48,5842242906.5,5760137168.5,12877
2016-06-23,'002232,启明信息,14.66,15.05,14.43,14.85,14.86,-0.2,-1.3459,2.6297,10592783,156489771.22,5989320350.3,5905147614.7,10711
2016-06-22,'002232,启明信息,14.86,14.88,14.21,14.29,14.44,0.42,2.9086,2.3926,9637471,140830783.55,6071030041.3,5985708973.7,10260
2016-06-21,'002232,启明信息,14.44,15.26,14.3,15.26,15.15,-0.71,-4.6865,4.1625,16766833,247909243.89,5899439690.2,5816530119.8,18163
2016-06-20,'002232,启明信息,15.15,15.28,14.2,14.44,14.44,0.71,4.9169,4.0498,16312719,240841647.03,6189509093.25,6102522944.25,16501
2016-06-17,'002232,启明信息,14.44,14.72,14.18,14.19,14.18,0.26,1.8336,3.0602,12326744,178582257.57,5899439690.2,5816530119.8,13219
2016-06-16,'002232,启明信息,14.18,14.47,13.81,13.96,13.99,0.19,1.3581,2.6056,10495654,148614409.38,5793217091.9,5711800353.1,11749
2016-06-15,'002232,启明信息,13.99,14.2,13.15,13.2,13.43,0.56,4.1698,2.2073,8890977,123105958.33,5715592885.45,5635267062.05,10366
2016-06-14,'002232,启明信息,13.43,13.65,13.3,13.3,13.53,-0.1,-0.7391,1.7231,6940798,93174298.06,5486805750.65,5409695256.85,8563
2016-06-13,'002232,启明信息,13.53,14.8,13.51,14.52,14.88,-1.35,-9.0726,3.1202,12568198,179311201.72,5527660596.15,5449975936.35,14966
2016-06-08,'002232,启明信息,14.88,14.99,14.51,14.6,14.69,0.19,1.2934,3.0994,12484550,185050761.12,6079201010.4,5993765109.6,13435
2016-06-07,'002232,启明信息,14.69,14.79,14.4,14.7,14.91,-0.22,-1.4755,2.7446,11055534,161073756.78,6001576803.95,5917231818.55,12648
2016-06-06,'002232,启明信息,14.91,15.09,14.58,14.58,14.56,0.35,2.4038,4.2365,17065060,253311119.46,6091457464.05,6005849313.45,17367
2016-06-03,'002232,启明信息,14.56,14.71,14.25,14.62,14.48,0.08,0.5525,3.4942,14074849,204036865.45,5948465504.8,5864866935.2,13835
2016-06-02,'002232,启明信息,14.48,14.5,14.05,14.05,14.16,0.32,2.2599,2.6812,10799987,154193963.96,5915781628.4,5832642391.6,11019
2016-06-01,'002232,启明信息,14.16,14.56,14.08,14.21,14.22,-0.06,-0.4219,3.3262,13398063,191309047.61,5785046122.8,5703744217.2,14572
2016-05-31,'002232,启明信息,14.22,14.25,13.36,13.38,13.29,0.93,6.9977,3.4329,13827828,191559595.63,5809559030.1,5727912624.9,15193
2016-05-30,'002232,启明信息,13.29,13.53,13.15,13.46,13.58,-0.29,-2.1355,1.3199,5316528,70937359.91,5429608966.95,5353302305.55,6033
2016-05-27,'002232,启明信息,13.58,13.76,13.5,13.6,13.77,-0.19,-1.3798,1.7645,7107466,96873571.21,5548088018.9,5470116276.1,7574
2016-05-26,'002232,启明信息,13.77,13.8,13.06,13.42,13.49,0.28,2.0756,2.4472,9857533,132308473.76,5625712225.35,5546649567.15,11266
2016-05-25,'002232,启明信息,13.49,13.88,13.34,13.59,13.52,-0.03,-0.2219,2.2675,9133730,124472496.72,5511318657.95,5433863664.55,10496
2016-05-24,'002232,启明信息,13.52,13.78,13.32,13.75,13.89,-0.37,-2.6638,2.843,11451742,154789781.74,5523575111.6,5445947868.4,13235
2016-05-23,'002232,启明信息,13.89,13.98,13.16,13.16,13.16,0.73,5.5471,4.1122,16564218,226443136.12,5674738039.95,5594986382.55,18949
2016-05-20,'002232,启明信息,13.16,13.28,12.71,12.78,13.08,0.08,0.6116,1.835,7391450,96175469.89,5376497667.8,5300937422.2,8511
2016-05-19,'002232,启明信息,13.08,13.44,12.85,12.89,13.0,0.08,0.6154,2.0229,8148440,107547303.85,5343813791.4,5268712878.6,9379
2016-05-18,'002232,启明信息,13.0,13.55,12.76,13.0,13.22,-0.22,-1.6641,1.9989,8051845,105657730.14,5311129915.0,5236488335.0,10121
2016-05-17,'002232,启明信息,13.22,13.5,12.89,13.25,13.17,0.05,0.3797,2.1855,8803465,116302900.71,5401010575.1,5325105829.9,10067
2016-05-16,'002232,启明信息,13.17,13.18,12.64,12.8,12.78,0.39,3.0516,1.3245,5335202,69216587.3,5380583152.35,5304965490.15,6246
2016-05-13,'002232,启明信息,12.78,13.12,12.6,12.87,12.98,-0.2,-1.5408,1.282,5163839,66764962.38,5221249254.9,5147870840.1,5789
2016-05-12,'002232,启明信息,12.98,12.99,12.22,12.7,12.84,0.14,1.0903,1.5909,6408190,81237133.09,5302958945.9,5228432199.1,7879
2016-05-11,'002232,启明信息,12.84,13.3,12.69,13.29,13.16,-0.32,-2.4316,1.4961,6026328,78501529.89,5245762162.2,5172039247.8,6973
2016-05-10,'002232,启明信息,13.16,13.23,13.01,13.1,13.05,0.11,0.8429,1.3531,5450535,71672661.14,5376497667.8,5300937422.2,6283
2016-05-09,'002232,启明信息,13.05,13.8,12.9,13.66,13.96,-0.91,-6.5186,2.5149,10130250,134304217.73,5331557337.75,5256628674.75,12439
2016-05-06,'002232,启明信息,13.96,15.25,13.96,15.08,15.1,-1.14,-7.5497,3.7369,15052288,219787317.06,5703336431.8,5623182858.2,17862
2016-05-05,'002232,启明信息,15.1,15.15,14.77,15.0,15.07,0.03,0.1991,1.9761,7959850,119334197.46,6169081670.5,6082382604.5,9463
2016-05-04,'002232,启明信息,15.07,15.26,14.96,15.01,15.12,-0.05,-0.3307,2.703,10887987,164520517.67,6156825216.85,6070298400.65,12105
2016-05-03,'002232,启明信息,15.12,15.12,14.31,14.48,14.5,0.62,4.2759,3.4533,13910053,206800857.26,6177252639.6,6090438740.4,14474
2016-04-29,'002232,启明信息,14.5,14.66,14.32,14.39,14.58,-0.08,-0.5487,1.8142,7307745,106016792.37,5923952597.5,5840698527.5,8351
2016-04-28,'002232,启明信息,14.58,14.61,13.87,14.35,14.53,0.05,0.3441,2.7075,10905841,155456423.34,5956636473.9,5872923071.1,14044
2016-04-27,'002232,启明信息,14.53,14.99,14.43,14.89,14.68,-0.15,-1.0218,2.6386,10628387,157461879.97,5936209051.15,5852782731.35,12199
2016-04-26,'002232,启明信息,14.68,14.72,14.28,14.31,14.38,0.3,2.0862,2.2324,8992218,130824866.28,5997491319.4,5913203750.6,10049
2016-04-25,'002232,启明信息,14.38,14.58,14.0,14.58,14.57,-0.19,-1.304,2.0976,8449271,121060520.47,5874926782.9,5792361712.1,10038
2016-04-22,'002232,启明信息,14.57,14.8,14.2,14.29,14.48,0.09,0.6215,2.2835,9198235,133205329.5,5952550989.35,5868895003.15,11570
2016-04-21,'002232,启明信息,14.48,15.32,14.46,14.95,15.22,-0.74,-4.862,3.9156,15772363,235795840.21,5915781628.4,5832642391.6,20021
2016-04-20,'002232,启明信息,15.22,16.94,15.02,16.8,16.58,-1.36,-8.2027,6.3432,25550943,402097847.0,6218107485.1,6130719419.9,31616
2016-04-19,'002232,启明信息,16.58,16.79,16.21,16.41,16.68,-0.1,-0.5995,4.8107,19377876,319876847.37,6773733383.9,6678536661.1,23160
2016-04-18,'002232,启明信息,16.68,17.19,15.63,16.2,16.23,0.45,2.7726,7.1351,28740498,471738267.56,6814588229.4,6718817340.6,33502
2016-04-15,'002232,启明信息,16.23,16.55,16.0,16.19,15.99,0.24,1.5009,5.9233,23859479,388243855.53,6630741424.65,6537554282.85,25851
2016-04-14,'002232,启明信息,15.99,16.23,15.71,15.92,15.78,0.21,1.3308,3.6382,14654845,234043061.43,6532689795.45,6440880652.05,16201
2016-04-13,'002232,启明信息,15.78,16.24,15.58,15.73,15.55,0.23,1.4791,5.54,22315391,356863041.11,6446894619.9,6356291225.1,24268
2016-04-12,'002232,启明信息,15.55,15.58,15.1,15.5,15.62,-0.07,-0.4481,2.9305,11804136,180800797.99,6352928475.25,6263645662.25,14462
2016-04-11,'002232,启明信息,15.62,16.16,15.57,15.68,15.5,0.12,0.7742,4.5703,18409489,291333197.27,6381526867.1,6291842137.9,19616
2016-04-08,'002232,启明信息,15.5,15.98,15.1,15.7,16.19,-0.69,-4.2619,4.738,19085027,295174568.55,6332501052.5,6243505322.5,25309
2016-04-07,'002232,启明信息,16.19,16.79,15.73,16.18,16.28,-0.09,-0.5528,6.545,26363559,430066517.09,6614399486.45,6521442011.05,31402
2016-04-06,'002232,启明信息,16.28,17.27,16.08,16.5,16.6,-0.32,-1.9277,6.2972,25365714,421179566.88,6651168847.4,6557694622.6,31467
2016-04-05,'002232,启明信息,16.6,16.8,15.7,15.89,15.74,0.86,5.4638,5.8649,23624263,387519614.61,6781904353.0,6686592797.0,27656
2016-04-01,'002232,启明信息,15.74,16.01,15.2,15.88,16.08,-0.34,-2.1144,3.63,14621740,229249132.36,6430552681.7,6340178953.3,18411
2016-03-31,'002232,启明信息,16.08,16.64,16.0,16.17,16.2,-0.12,-0.7407,5.9591,24003511,389843963.54,6569459156.4,6477133263.6,27872
2016-03-30,'002232,启明信息,16.2,16.38,15.46,15.53,15.53,0.67,4.3142,6.5008,26185852,418027408.71,6618484971.0,6525470079.0,29201
2016-03-29,'002232,启明信息,15.53,15.62,14.63,15.38,15.4,0.13,0.8442,5.081,20466495,310056054.15,6344757506.15,6255589526.35,24156
2016-03-28,'002232,启明信息,15.4,16.22,15.33,15.8,15.88,-0.48,-3.0227,5.1905,20907766,330943964.48,6291646207.0,6203224643.0,26069
2016-03-25,'002232,启明信息,15.88,16.27,15.31,15.9,16.03,-0.15,-0.9357,6.8313,27516742,432398183.19,6487749465.4,6396571904.6,34419
2016-03-24,'002232,启明信息,16.03,17.55,15.13,15.3,15.95,0.08,0.5016,12.3885,49901834,817928102.96,6549031733.65,6456992923.85,58187
2016-03-23,'002232,启明信息,15.95,15.95,14.18,14.3,14.5,1.45,10.0,10.7255,43203125,643256867.93,6516347857.25,6424768380.25,38355
2016-03-22,'002232,启明信息,14.5,14.86,14.19,14.58,14.6,-0.1,-0.6849,9.1105,36697528,532914195.58,5923952597.5,5840698527.5,31638
2016-03-21,'002232,启明信息,14.6,14.6,13.91,14.1,13.27,1.33,10.0226,11.7574,47359660,682719108.13,5964807443.0,5880979207.0,33440
2016-03-18,'002232,启明信息,13.27,13.27,12.04,12.05,12.06,1.21,10.0332,4.6869,18879199,240062655.42,5421437997.85,5345246169.65,14142
2016-03-17,'002232,启明信息,12.06,12.2,11.46,11.49,11.4,0.66,5.7895,3.8093,15344020,182518563.51,4927094367.3,4857849947.7,13436
2016-03-16,'002232,启明信息,11.4,11.96,11.18,11.8,11.6,-0.2,-1.7241,1.6159,6508875,74921038.66,4657452387.0,4591997463.0,6643
2016-03-15,'002232,启明信息,11.6,11.92,11.5,11.82,11.81,-0.21,-1.7782,1.8864,7598361,89008910.75,4739162078.0,4672558822.0,7321
2016-03-14,'002232,启明信息,11.81,12.08,11.4,11.45,11.21,0.6,5.3524,2.8697,11559413,136645406.97,4824957253.55,4757148248.95,11507
2016-03-11,'002232,启明信息,11.21,11.35,10.85,10.85,11.12,0.09,0.8094,1.3085,5270763,58598730.2,4579828180.55,4515464171.95,5650
2016-03-10,'002232,启明信息,11.12,11.64,11.02,11.45,11.45,-0.33,-2.8821,1.6306,6568046,74426047.35,4543058819.6,4479211560.4,6687
2016-03-09,'002232,启明信息,11.45,11.82,11.3,11.5,11.83,-0.38,-3.2122,1.7413,7014042,81042020.35,4677879809.75,4612137802.75,7101
2016-03-08,'002232,启明信息,11.83,11.89,10.9,11.6,11.67,0.16,1.371,2.5991,10469472,119074501.36,4833128222.65,4765204384.85,10534
2016-03-07,'002232,启明信息,11.67,11.88,11.45,11.45,11.33,0.34,3.0009,2.0857,8401318,98167895.76,4767760469.85,4700755297.65,7453
2016-03-04,'002232,启明信息,11.33,12.09,11.03,11.91,12.07,-0.74,-6.1309,2.9222,11770733,136490110.89,4628853995.15,4563800987.35,12409
2016-03-03,'002232,启明信息,12.07,12.87,11.83,11.93,11.84,0.23,1.9426,3.6804,14824884,181409590.55,4931179851.85,4861878015.65,13807
2016-03-02,'002232,启明信息,11.84,11.89,11.06,11.17,11.2,0.64,5.7143,2.9419,11850001,135955967.29,4837213707.2,4769232452.8,10405
2016-03-01,'002232,启明信息,11.2,11.35,10.5,10.97,10.89,0.31,2.8466,2.5736,10366491,113900923.64,4575742696.0,4511436104.0,9886
2016-02-29,'002232,启明信息,10.89,12.02,10.89,12.01,12.1,-1.21,-10.0,2.7397,11035764,122611977.65,4449092674.95,4386565997.55,11123
2016-02-26,'002232,启明信息,12.1,12.52,11.87,12.37,12.39,-0.29,-2.3406,2.9119,11729379,143398214.5,4943436305.5,4873962219.5,10207
2016-02-25,'002232,启明信息,12.39,13.73,12.39,13.6,13.77,-1.38,-10.0218,3.4253,13797226,179800643.57,5061915357.45,4990776190.05,13608
2016-02-24,'002232,启明信息,13.77,13.88,13.3,13.61,13.7,0.07,0.5109,3.7287,15019619,205075375.51,5625712225.35,5546649567.15,13350
2016-02-23,'002232,启明信息,13.7,14.55,13.38,14.4,14.25,-0.55,-3.8596,5.7687,23236607,321392118.11,5597113833.5,5518453091.5,19167
2016-02-22,'002232,启明信息,14.25,14.96,13.79,14.96,13.6,0.65,4.7794,6.1846,24911947,361243021.25,5821815483.75,5739996828.75,18840
2016-02-19,'002232,启明信息,13.6,14.27,13.0,13.11,13.11,0.49,3.7376,4.4611,17969570,241854563.01,5556258988.0,5478172412.0,15538
2016-02-18,'002232,启明信息,13.11,13.58,13.1,13.35,13.33,-0.22,-1.6504,3.3371,13442041,179092456.58,5356070245.05,5280797082.45,12336
2016-02-17,'002232,启明信息,13.33,13.46,12.83,12.91,12.94,0.39,3.0139,3.7052,14924654,195153854.27,5445950905.15,5369414577.35,12563
2016-02-16,'002232,启明信息,12.94,13.16,12.31,12.31,12.29,0.65,5.2889,2.982,12011855,154298274.81,5286617007.7,5212319927.3,10745
2016-02-15,'002232,启明信息,12.29,12.5,11.53,11.77,12.3,-0.01,-0.0813,1.6494,6644001,80465806.19,5021060511.95,4950495510.55,6450
2016-02-05,'002232,启明信息,12.3,12.73,12.3,12.73,12.58,-0.28,-2.2258,1.7803,7171049,89346960.72,5025145996.5,4954523578.5,6169
2016-02-04,'002232,启明信息,12.58,12.8,12.36,12.42,12.42,0.16,1.2882,2.8784,11594299,145935954.58,5139539563.9,5067309481.1,9906
2016-02-03,'002232,启明信息,12.42,12.42,11.81,12.0,12.26,0.16,1.3051,2.4118,9714694,117404145.16,5074171811.1,5002860393.9,8459
2016-02-02,'002232,启明信息,12.26,12.3,11.52,11.58,11.5,0.76,6.6087,2.9386,11836792,142964492.38,5008804058.3,4938411306.7,10753
2016-02-01,'002232,启明信息,11.5,11.9,11.12,11.6,11.85,-0.35,-2.9536,2.1369,8607473,99845038.19,4698307232.5,4632278142.5,7809
2016-01-29,'002232,启明信息,11.85,12.02,11.01,11.16,11.19,0.66,5.8981,2.8393,11436992,132767476.4,4841299191.75,4773260520.75,10864
2016-01-28,'002232,启明信息,11.19,12.13,11.01,11.91,12.19,-1.0,-8.2034,2.6703,10756083,125248262.68,4571657211.45,4507408036.05,10072
2016-01-27,'002232,启明信息,12.19,12.5,11.15,12.23,12.1,0.09,0.7438,3.1801,12809590,152256288.97,4980205666.45,4910214831.05,12312
2016-01-26,'002232,启明信息,12.1,13.56,11.99,13.0,13.27,-1.17,-8.8169,3.7783,15219238,196113622.52,4943436305.5,4873962219.5,15593
2016-01-25,'002232,启明信息,13.27,13.55,13.1,13.32,13.1,0.17,1.2977,2.3487,9460924,126244726.63,5421437997.85,5345246169.65,8844
2016-01-22,'002232,启明信息,13.1,13.28,12.4,13.1,12.8,0.3,2.3438,2.7863,11223305,145468708.45,5351984760.5,5276769014.5,11598
2016-01-21,'002232,启明信息,12.8,13.98,12.75,13.52,13.72,-0.92,-6.7055,3.5584,14333590,193542675.91,5229420224.0,5155926976.0,15181
2016-01-20,'002232,启明信息,13.72,14.26,13.5,13.65,13.79,-0.07,-0.5076,4.1396,16674560,230809662.4,5605284802.6,5526509227.4,17042
2016-01-19,'002232,启明信息,13.79,13.88,13.01,13.1,13.2,0.59,4.4697,4.1933,16890719,229077822.65,5633883194.45,5554705703.05,15354
2016-01-18,'002232,启明信息,13.2,13.59,12.13,12.13,12.62,0.58,4.5959,3.3313,13418698,175166598.51,5392839606.0,5317049694.0,13564
2016-01-15,'002232,启明信息,12.62,13.67,12.55,13.3,13.64,-1.02,-7.478,3.7075,14933947,196674463.83,5155881502.1,5083421752.9,14949
2016-01-14,'002232,启明信息,13.64,13.68,12.05,12.07,12.61,1.03,8.1681,4.0823,16443837,212210267.61,5572600926.2,5494284683.8,16018
2016-01-13,'002232,启明信息,12.61,13.92,12.46,13.67,13.5,-0.89,-6.5926,3.241,13054769,175078782.26,5151796017.55,5079393684.95,12359
2016-01-12,'002232,启明信息,13.5,13.99,12.88,13.8,14.04,-0.54,-3.8462,4.5462,18312569,246078013.78,5515404142.5,5437891732.5,17118
2016-01-11,'002232,启明信息,14.04,15.0,14.04,15.0,15.6,-1.56,-10.0,4.1259,16619606,237450603.95,5736020308.2,5655407401.8,16804
2016-01-08,'002232,启明信息,15.6,16.67,14.67,16.27,16.19,-0.59,-3.6442,5.1899,20905238,327444663.97,6373355898.0,6283786002.0,20655
2016-01-07,'002232,启明信息,16.19,17.58,16.19,17.38,17.99,-1.8,-10.0056,1.2052,4854572,81016879.02,6614399486.45,6521442011.05,4660
2016-01-06,'002232,启明信息,17.99,18.26,16.72,18.0,17.74,0.25,1.4092,6.5317,26310177,461965348.48,7349786705.45,7246494242.05,24217
2016-01-05,'002232,启明信息,17.74,18.95,17.24,17.51,19.15,-1.41,-7.3629,6.7807,27313084,487473935.36,7247649591.7,7145792543.3,25199
2016-01-04,'002232,启明信息,19.15,21.56,19.15,21.21,21.28,-2.13,-10.0094,4.9466,19925310,393107578.41,7823702913.25,7713750124.25,20440
