日期,股票代码,名称,收盘价,最高价,最低价,开盘价,前收盘,涨跌额,涨跌幅,换手率,成交量,成交金额,总市值,流通市值,成交笔数
2016-10-12,'300058,蓝色光标,11.13,11.23,11.07,11.19,11.27,-0.14,-1.2422,0.8073,14394904,160345912.19,22247531951.4,19845201999.2,5398
2016-10-11,'300058,蓝色光标,11.27,11.28,11.09,11.2,11.2,0.07,0.625,1.2664,22580731,252757666.92,22527366656.8,20094818717.8,9472
2016-10-10,'300058,蓝色光标,11.2,11.28,10.78,10.87,10.78,0.42,3.8961,1.336,23822152,263293333.8,22387445124.8,19970006179.2,10640
2016-09-30,'300058,蓝色光标,10.78,11.03,10.77,11.0,11.01,-0.23,-2.089,0.8207,14633696,158828875.36,21547915932.6,19221130947.5,6479
2016-09-29,'300058,蓝色光标,11.01,11.05,10.86,10.86,10.92,0.09,0.8242,0.9346,16664787,182856175.99,22007658109.3,19631229288.7,6937
2016-09-28,'300058,蓝色光标,10.92,10.97,10.81,10.95,10.96,-0.04,-0.365,0.5439,9698412,105529127.51,21827758996.7,19470756024.7,5944
2016-09-27,'300058,蓝色光标,10.96,10.96,10.61,10.63,10.72,0.24,2.2388,0.914,16297612,176310191.83,21907714157.8,19542077475.4,6106
2016-09-26,'300058,蓝色光标,10.72,11.11,10.72,10.94,10.97,-0.25,-2.2789,0.9716,17323153,188690826.56,21427983190.9,19114148771.5,7970
2016-09-23,'300058,蓝色光标,10.97,11.04,10.85,10.9,10.9,0.07,0.6422,0.6095,10867597,118926272.99,21927702948.1,19559907838.0,6192
2016-09-22,'300058,蓝色光标,10.9,11.03,10.88,11.02,10.92,-0.02,-0.1832,0.6053,10793514,118143012.63,21787781416.1,19435095299.4,6415
2016-09-21,'300058,蓝色光标,10.92,11.02,10.63,10.69,10.66,0.26,2.439,1.0317,18395395,200801846.01,21827758996.7,19470756024.7,10013
2016-09-20,'300058,蓝色光标,10.66,10.77,10.65,10.65,10.67,-0.01,-0.0937,0.4158,7414175,79361370.05,21308050449.1,19007166595.6,4308
2016-09-19,'300058,蓝色光标,10.67,10.73,10.53,10.59,10.52,0.15,1.4259,0.5301,9451662,100775774.77,21328039239.4,19024996958.2,7593
2016-09-14,'300058,蓝色光标,10.52,10.6,10.4,10.5,10.55,-0.03,-0.2844,0.45,8022903,84593980.37,21028207385.1,18757541518.3,4205
2016-09-13,'300058,蓝色光标,10.55,10.62,10.43,10.52,10.53,0.02,0.1899,0.3954,7050100,74271773.74,21088173756.0,18811032606.3,4202
2016-09-12,'300058,蓝色光标,10.53,10.68,10.41,10.68,10.8,-0.27,-2.5,1.2136,21639475,227808444.9,21048196175.4,18775371881.0,10289
2016-09-09,'300058,蓝色光标,10.8,11.05,10.8,10.99,11.04,-0.24,-2.1739,0.778,13872844,151862567.07,21587893513.2,19256791672.8,5721
2016-09-08,'300058,蓝色光标,11.04,11.13,10.79,10.83,10.83,0.21,1.9391,1.0817,19287188,212429777.57,22067624480.2,19684720376.6,10809
2016-09-07,'300058,蓝色光标,10.83,11.04,10.82,10.91,10.95,-0.12,-1.0959,0.6676,11903065,130005673.24,21647859884.1,19310282760.8,6237
2016-09-06,'300058,蓝色光标,10.95,10.96,10.53,10.62,10.63,0.32,3.0103,1.0937,19501843,210707915.61,21887725367.5,19524247112.7,10037
2016-09-05,'300058,蓝色光标,10.63,10.76,10.57,10.58,10.62,0.01,0.0942,0.6354,11329210,120821765.04,21248084078.3,18953675507.6,5368
2016-09-02,'300058,蓝色光标,10.62,10.69,10.5,10.51,10.55,0.07,0.6635,0.9781,17439004,184457628.03,21228095288.0,18935845144.9,7485
2016-09-01,'300058,蓝色光标,10.55,10.71,10.52,10.65,10.68,-0.13,-1.2172,0.7766,13847236,146964262.0,21088173756.0,18811032606.3,8799
2016-08-31,'300058,蓝色光标,10.68,10.75,10.5,10.75,10.74,-0.06,-0.5587,1.0596,18892709,200137943.6,21348028029.7,19042827320.9,8155
2016-08-30,'300058,蓝色光标,10.74,10.89,10.73,10.85,10.83,-0.09,-0.831,0.7145,12740062,137495833.61,21467960771.5,19149809496.8,6865
2016-08-29,'300058,蓝色光标,10.83,10.94,10.76,10.81,10.91,-0.08,-0.7333,0.7841,13981211,151422375.93,21647859884.1,19310282760.8,7677
2016-08-26,'300058,蓝色光标,10.91,11.12,10.87,10.96,10.93,-0.02,-0.183,1.041,18561366,204071749.8,21807770206.4,19452925662.1,9071
2016-08-25,'300058,蓝色光标,10.93,10.98,10.75,10.97,11.1,-0.17,-1.5315,1.0481,18688018,203319160.31,21847747787.0,19488586387.4,9301
2016-08-24,'300058,蓝色光标,11.1,11.19,10.81,10.9,10.85,0.25,2.3041,1.2115,21600797,238351829.61,22187557221.9,19791702552.6,10134
2016-08-23,'300058,蓝色光标,10.85,11.03,10.71,10.9,10.9,-0.05,-0.4587,0.8212,14642622,159297304.57,21687837464.7,19345943486.1,8079
2016-08-22,'300058,蓝色光标,10.9,11.32,10.89,11.32,11.33,-0.43,-3.7952,1.2203,21758158,240940033.74,21787781416.1,19435095299.4,12142
2016-08-19,'300058,蓝色光标,11.33,11.45,11.02,11.08,11.09,0.24,2.1641,1.6478,29380794,329678045.01,22647299398.6,20201800893.8,14059
2016-08-18,'300058,蓝色光标,11.09,11.14,10.95,11.01,11.05,0.04,0.362,1.2988,23157604,255802657.6,22167568431.6,19773872189.9,11343
2016-08-17,'300058,蓝色光标,11.05,11.25,11.0,11.19,11.2,-0.15,-1.3393,1.4596,26024756,288907203.09,22087613270.5,19702550739.3,13310
2016-08-16,'300058,蓝色光标,11.2,11.45,11.12,11.23,11.23,-0.03,-0.2671,1.7288,30825914,347248452.56,22387445124.8,19970006179.2,18953
2016-08-15,'300058,蓝色光标,11.23,11.32,10.64,10.79,10.68,0.55,5.1498,3.0535,54444739,600794611.36,22447411495.7,20023497267.2,24658
2016-08-12,'300058,蓝色光标,10.68,10.76,10.33,10.33,10.37,0.31,2.9894,1.1496,20497271,216274112.39,21348028029.7,19042827320.9,9293
2016-08-11,'300058,蓝色光标,10.37,10.58,10.3,10.31,10.35,0.02,0.1932,0.9801,17474846,182822179.89,20728375530.7,18490086078.4,9079
2016-08-10,'300058,蓝色光标,10.35,10.56,10.33,10.55,10.5,-0.15,-1.4286,0.7305,13024322,135715466.11,20688397950.2,18454425353.1,6212
2016-08-09,'300058,蓝色光标,10.5,10.57,10.37,10.42,10.42,0.08,0.7678,0.8212,14641905,153335742.55,20988229804.5,18721880793.0,7100
2016-08-08,'300058,蓝色光标,10.42,10.46,10.05,10.13,10.16,0.26,2.5591,0.8577,15293135,157611003.19,20828319482.2,18579237891.7,8974
2016-08-05,'300058,蓝色光标,10.16,10.35,10.15,10.33,10.35,-0.19,-1.8357,0.6534,11650879,119322235.38,20308610934.6,18115648462.6,6257
2016-08-04,'300058,蓝色光标,10.35,10.42,10.18,10.3,10.43,-0.08,-0.767,0.7793,13894742,143266918.5,20688397950.2,18454425353.1,7407
2016-08-03,'300058,蓝色光标,10.43,10.45,10.06,10.14,10.16,0.27,2.6575,1.3235,23598904,243206346.78,20848308272.5,18597068254.4,10879
2016-08-02,'300058,蓝色光标,10.16,10.23,9.98,10.1,10.08,0.08,0.7937,0.6944,12382245,125354232.51,20308610934.6,18115648462.6,6584
2016-08-01,'300058,蓝色光标,10.08,10.29,9.88,10.22,10.27,-0.19,-1.85,0.9392,16746128,168343241.19,20148700612.3,17973005561.3,8509
2016-07-29,'300058,蓝色光标,10.27,10.54,10.24,10.46,10.47,-0.2,-1.9102,0.7595,13542198,140449119.49,20528487627.8,18311782451.8,7770
2016-07-28,'300058,蓝色光标,10.47,10.57,10.21,10.36,10.38,0.09,0.8671,1.1828,21090469,218585438.06,20928263433.6,18668389705.0,11939
2016-07-27,'300058,蓝色光标,10.38,11.05,10.19,11.0,10.95,-0.57,-5.2055,2.0171,35965024,381119972.25,20748364321.0,18507916441.1,18326
2016-07-26,'300058,蓝色光标,10.95,10.96,10.7,10.71,10.71,0.24,2.2409,1.0535,18785061,203357517.72,21887725367.5,19524247112.7,9385
2016-07-25,'300058,蓝色光标,10.71,10.92,10.62,10.65,10.72,-0.01,-0.0933,1.0308,18379819,198197379.43,21407994400.6,19096318408.9,9436
2016-07-22,'300058,蓝色光标,10.72,10.97,10.7,10.91,10.92,-0.2,-1.8315,1.3708,24441554,263433255.94,21427983190.9,19114148771.5,13719
2016-07-21,'300058,蓝色光标,10.92,11.28,10.91,10.91,10.96,-0.04,-0.365,2.072,36945284,411132295.8,21827758996.7,19470756024.7,19143
2016-07-20,'300058,蓝色光标,10.96,11.08,10.72,10.8,10.8,0.16,1.4815,1.9393,34577588,378201806.57,21907714157.8,19542077475.4,18242
2016-07-19,'300058,蓝色光标,10.8,11.05,10.62,10.98,11.04,-0.24,-2.1739,1.6607,29610694,318913993.84,21587893513.2,19256791672.8,17357
2016-07-18,'300058,蓝色光标,11.04,11.15,10.73,10.92,10.86,0.18,1.6575,1.9781,35270349,385234315.75,22067624480.2,19684720376.6,20530
2016-07-15,'300058,蓝色光标,10.91,11.24,10.88,11.05,11.0,-0.09,-0.8182,2.2703,40480719,446718808.61,21807770206.4,19452925662.1,22733
2016-07-14,'300058,蓝色光标,11.0,11.18,10.64,10.7,10.88,0.12,1.1029,4.3724,77960969,855011191.26,21987669319.0,19613398926.0,37631
2016-07-13,'300058,蓝色光标,10.88,10.88,10.5,10.6,9.89,0.99,10.0101,4.8597,86649467,930529642.78,21747803835.5,19399434574.1,42339
2016-07-12,'300058,蓝色光标,9.89,9.9,9.56,9.68,9.67,0.22,2.2751,1.3664,24362959,237067116.16,19768909027.6,17634224101.6,10333
2016-07-11,'300058,蓝色光标,9.67,9.9,9.67,9.81,9.83,-0.16,-1.6277,1.1085,19765122,193447890.51,19329155742.9,17241956224.7,8944
2016-07-08,'300058,蓝色光标,9.83,9.85,9.63,9.78,9.77,0.06,0.6141,1.0842,19331760,188703997.87,19648976313.6,17527241953.3,8439
2016-07-07,'300058,蓝色光标,9.77,9.88,9.62,9.83,9.83,-0.06,-0.6104,0.9457,16861279,164695277.57,19529043599.6,17420259805.1,8352
2016-07-06,'300058,蓝色光标,9.83,9.85,9.72,9.72,9.78,0.05,0.5112,0.8444,15055233,147438463.46,19648976313.6,17527241953.3,7327
2016-07-05,'300058,蓝色光标,9.78,9.84,9.69,9.79,9.76,0.02,0.2049,0.9074,16179679,157924104.12,19549032385.3,17438090163.1,7966
2016-07-04,'300058,蓝色光标,9.76,9.87,9.44,9.48,9.53,0.23,2.4134,1.1043,19689103,190538804.23,19508964407.0,17402339040.2,9268
2016-07-01,'300058,蓝色光标,9.53,9.77,9.48,9.77,9.71,-0.18,-1.8538,1.0635,18962235,181827777.36,19049224467.1,16992242935.7,8722
2016-06-30,'300058,蓝色光标,9.71,9.78,9.64,9.71,9.74,-0.03,-0.308,0.8193,14607968,141716701.6,19409020941.8,17313187713.1,6319
2016-06-29,'300058,蓝色光标,9.74,9.88,9.6,9.76,9.77,-0.03,-0.3071,0.9842,17549032,170243846.92,19468987021.0,17366678509.3,9747
2016-06-28,'300058,蓝色光标,9.77,9.85,9.49,9.55,9.59,0.18,1.877,1.268,22608334,218779517.78,19528953100.1,17420169305.6,13398
2016-06-27,'300058,蓝色光标,9.59,9.63,9.26,9.3,9.36,0.23,2.4573,1.0255,18284262,173823764.71,19169156625.4,17099224528.2,8476
2016-06-24,'300058,蓝色光标,9.36,9.67,9.1,9.54,9.57,-0.21,-2.1944,1.2995,23170537,218486245.63,18709416685.4,16689128423.8,12300
2016-06-23,'300058,蓝色光标,9.57,9.6,9.36,9.45,9.43,0.14,1.4846,1.2328,21981790,208875204.74,19129179239.3,17063563997.4,11995
2016-06-22,'300058,蓝色光标,9.43,9.45,9.16,9.16,9.26,0.17,1.8359,0.6946,12384154,115838490.01,18849337536.7,16813940281.6,6727
2016-06-21,'300058,蓝色光标,9.26,9.55,9.19,9.34,9.26,0.0,0.0,0.9219,16436859,153826137.89,18509529755.0,16510825769.7,9106
2016-06-20,'300058,蓝色光标,9.26,9.37,9.12,9.32,9.29,-0.03,-0.3229,0.573,10217194,94301558.07,18509529755.0,16510825769.7,5258
2016-06-17,'300058,蓝色光标,9.29,9.42,9.17,9.17,9.1,0.19,2.0879,0.9118,16256770,151475965.65,18569495834.2,16564316565.9,7892
2016-06-16,'300058,蓝色光标,9.1,9.43,9.08,9.39,9.4,-0.3,-3.1915,0.97,17295927,159818747.29,18189710666.4,16225541523.1,8681
2016-06-15,'300058,蓝色光标,9.4,9.49,9.03,9.08,9.14,0.26,2.8446,0.8631,15388922,143862705.11,18789371457.6,16760449485.4,7660
2016-06-14,'300058,蓝色光标,9.14,9.28,9.06,9.21,9.22,-0.08,-0.8677,0.7292,13001407,119148545.61,18269665438.6,16296862584.7,7766
2016-06-13,'300058,蓝色光标,9.22,9.78,9.19,9.71,9.9,-0.68,-6.8687,1.0861,19364828,184596128.62,18429574982.9,16439504708.0,10416
2016-06-08,'300058,蓝色光标,9.9,10.0,9.62,9.76,9.75,0.15,1.5385,0.9146,16308443,159296071.77,19788806109.6,17651962755.9,9576
2016-06-07,'300058,蓝色光标,9.75,9.93,9.64,9.89,9.91,-0.16,-1.6145,0.8126,14488537,141358175.52,19488975714.0,17384508774.8,7998
2016-06-06,'300058,蓝色光标,9.91,10.02,9.8,10.0,10.05,-0.14,-1.393,1.1844,21118728,208797366.64,19808794802.6,17669793021.3,10244
2016-06-03,'300058,蓝色光标,10.05,10.1,9.65,9.7,9.71,0.34,3.5015,1.608,28671289,284082734.36,20088636505.2,17919416737.0,15052
2016-06-02,'300058,蓝色光标,9.71,9.78,9.6,9.75,9.77,-0.06,-0.6141,0.8899,15867149,153364572.63,19409020941.8,17313187713.1,7721
2016-06-01,'300058,蓝色光标,9.77,9.82,9.63,9.74,9.73,0.04,0.4111,1.0769,19201598,186708048.01,19528953100.1,17420169305.6,10758
2016-05-31,'300058,蓝色光标,9.73,9.77,9.2,9.27,9.26,0.47,5.0756,1.3588,24226877,231195938.82,19448998327.9,17348848243.9,14026
2016-05-30,'300058,蓝色光标,9.26,9.33,8.95,9.02,9.12,0.14,1.5351,0.9315,16609489,152910769.96,18509529755.0,16510825769.7,8262
2016-05-27,'300058,蓝色光标,9.12,9.19,9.03,9.16,9.12,0.0,0.0,0.5797,10335536,94301392.77,18229688052.5,16261202053.9,5834
2016-05-26,'300058,蓝色光标,9.12,9.17,8.89,9.1,9.07,0.05,0.5513,0.6865,12239588,110272631.5,18229688052.5,16261202053.9,7433
2016-05-25,'300058,蓝色光标,9.07,9.27,9.04,9.2,9.1,-0.03,-0.3297,0.6782,12091952,110540310.63,18129744587.3,16172050726.9,5531
2016-05-24,'300058,蓝色光标,9.1,9.28,9.02,9.28,9.29,-0.19,-2.0452,0.624,11126870,101578205.97,18189710666.4,16225541523.1,6869
2016-05-23,'300058,蓝色光标,9.29,9.39,9.2,9.25,9.22,0.07,0.7592,0.7357,13116835,121772091.23,18569495834.2,16564316565.9,7041
2016-05-20,'300058,蓝色光标,9.22,9.28,9.02,9.1,9.2,0.02,0.2174,0.7339,13085425,120125127.07,18429574982.9,16439504708.0,6487
2016-05-19,'300058,蓝色光标,9.2,9.38,9.08,9.14,9.03,0.17,1.8826,1.2492,22274135,206295268.65,18389597596.8,16403844177.2,11208
2016-05-18,'300058,蓝色光标,9.03,9.35,9.0,9.3,9.38,-0.35,-3.7313,1.0836,19320754,176759922.41,18049789815.1,16100729665.2,9234
2016-05-17,'300058,蓝色光标,9.38,9.58,9.1,9.4,9.47,-0.09,-0.9504,1.3096,23351389,218431740.23,18749394071.5,16724788954.6,11284
2016-05-16,'300058,蓝色光标,9.47,9.5,8.85,9.31,9.41,0.06,0.6376,1.8108,32286734,295752327.63,18929292308.9,16885261343.3,13633
2016-05-13,'300058,蓝色光标,9.41,9.55,9.21,9.3,9.36,0.05,0.5342,0.9034,16108638,152098442.62,18809360150.6,16778279750.8,8138
2016-05-12,'300058,蓝色光标,9.36,9.43,8.91,9.08,9.39,-0.03,-0.3195,1.3735,24490612,224171935.93,18709416685.4,16689128423.8,11079
2016-05-11,'300058,蓝色光标,9.39,10.12,9.02,10.03,10.02,-0.63,-6.2874,3.2339,57662076,542745928.17,18769382764.6,16742619220.0,24361
2016-05-10,'300058,蓝色光标,10.02,10.36,9.9,10.3,10.49,-0.47,-4.4805,2.4205,43157763,435049517.11,20028670426.1,17865925940.8,17039
2016-05-09,'300058,蓝色光标,10.49,10.78,10.33,10.66,10.75,-0.26,-2.4186,1.3426,23939042,252170791.19,20257967771.8,18703948415.1,10928
2016-05-06,'300058,蓝色光标,10.75,11.57,10.75,11.44,11.42,-0.67,-5.8669,1.717,30615113,339691105.34,20760071834.8,19167535315.8,16508
2016-05-05,'300058,蓝色光标,11.42,11.57,11.27,11.42,11.52,-0.1,-0.8681,1.0222,18225429,207683335.4,22053955381.7,20362163098.2,11414
2016-05-04,'300058,蓝色光标,11.52,11.87,11.16,11.23,11.23,0.29,2.5824,2.111,37639404,437429397.3,22247072329.0,20540465752.3,21987
2016-05-03,'300058,蓝色光标,11.23,11.32,10.73,10.85,10.86,0.37,3.407,1.5866,28289569,314576752.06,21687033181.8,20023388055.4,14983
2016-04-29,'300058,蓝色光标,10.86,10.94,10.65,10.7,10.79,0.07,0.6487,0.8082,14410951,156522613.82,20972500476.8,19363668235.3,7377
2016-04-28,'300058,蓝色光标,10.79,10.93,10.45,10.7,10.7,0.09,0.8411,1.1785,21013166,225691884.34,20837318613.7,19238856377.4,10224
2016-04-27,'300058,蓝色光标,10.7,10.97,10.61,10.74,10.66,0.04,0.3752,1.0152,18100542,195736880.69,20663513361.1,19078383988.7,10189
2016-04-26,'300058,蓝色光标,10.66,10.67,10.38,10.45,10.47,0.19,1.8147,0.9106,16237121,171500935.77,20586266582.2,19007062927.1,10224
2016-04-25,'300058,蓝色光标,10.47,10.48,10.1,10.28,10.34,0.13,1.2573,0.8591,15317686,157863396.63,20219344382.3,18668287884.3,10800
2016-04-22,'300058,蓝色光标,10.34,10.37,10.04,10.06,10.17,0.17,1.6716,0.8567,15276013,156559831.93,19968292350.8,18436494433.9,7794
2016-04-21,'300058,蓝色光标,10.17,10.63,10.1,10.38,10.37,-0.2,-1.9286,1.2589,22446085,234203987.48,19639993540.4,18133379922.0,12168
2016-04-20,'300058,蓝色光标,10.37,11.19,10.01,11.0,10.9,-0.53,-4.8624,2.1563,38446556,407688856.4,20026227435.0,18489985230.2,20952
2016-04-19,'300058,蓝色光标,10.9,11.09,10.83,11.0,10.96,-0.06,-0.5474,1.1682,20829199,227876694.17,21049747255.7,19434989296.9,10698
2016-04-18,'300058,蓝色光标,10.96,11.23,10.87,11.2,11.16,-0.2,-1.7921,1.3103,23363677,256787968.56,21165617424.1,19541970889.4,12498
2016-04-15,'300058,蓝色光标,11.16,11.34,11.03,11.3,11.29,-0.13,-1.1515,1.7938,31983662,356340315.26,21551851318.7,19898576197.6,17902
2016-04-14,'300058,蓝色光标,11.29,11.34,10.95,10.95,10.81,0.48,4.4403,3.171,56539913,632874926.9,21802903350.2,20130369647.9,31140
2016-04-13,'300058,蓝色光标,10.81,11.09,10.73,10.79,10.72,0.09,0.8396,2.2047,39310991,429510011.13,20875942003.1,19274516908.2,20522
2016-04-12,'300058,蓝色光标,10.72,10.82,10.5,10.73,10.81,-0.09,-0.8326,1.5734,28054497,298630351.38,20702136750.6,19114044519.5,14031
2016-04-11,'300058,蓝色光标,10.81,10.95,10.66,10.79,10.63,0.18,1.6933,2.2195,39573483,428702206.81,20875942003.1,19274516908.2,18004
2016-04-08,'300058,蓝色光标,10.63,10.95,10.29,10.95,10.9,-0.27,-2.4771,2.4352,43419812,462392892.38,20528331498.0,18953572130.8,21892
2016-04-07,'300058,蓝色光标,10.9,11.17,10.53,10.78,10.75,0.15,1.3953,3.3821,60304543,656824899.67,21049747255.7,19434989296.9,30792
2016-04-06,'300058,蓝色光标,10.75,10.93,10.46,10.54,10.64,0.11,1.0338,2.467,43986475,471589432.02,20760071834.8,19167535315.8,20756
2016-04-05,'300058,蓝色光标,10.64,10.66,9.91,10.32,10.32,0.32,3.1008,2.571,45840849,474278475.77,20547643192.7,18971402396.2,22567
2016-04-01,'300058,蓝色光标,10.32,10.57,10.13,10.46,10.58,-0.26,-2.4575,1.7464,31137968,320804931.58,19929668961.4,18400833903.1,19841
2016-03-31,'300058,蓝色光标,10.58,10.88,10.44,10.49,10.43,0.15,1.4382,2.1485,38308355,408109902.21,20431773024.3,18864420803.8,19876
2016-03-30,'300058,蓝色光标,10.43,10.46,10.09,10.19,10.02,0.41,4.0918,1.7404,31031079,318034489.86,20142097603.4,18596966822.6,15642
2016-03-29,'300058,蓝色光标,10.02,10.53,9.9,10.4,10.48,-0.46,-4.3893,1.8942,33773349,342132911.96,19350318119.5,17865925940.8,18492
2016-03-28,'300058,蓝色光标,10.48,11.19,10.35,10.66,10.65,-0.17,-1.5962,2.0452,36466503,394786825.96,20238656077.0,18686118149.7,20175
2016-03-25,'300058,蓝色光标,10.65,10.83,10.31,10.35,10.42,0.23,2.2073,1.4044,25040279,265627888.2,20566954887.5,18989232661.7,14094
2016-03-24,'300058,蓝色光标,10.42,10.95,10.41,10.77,10.82,-0.4,-3.6969,2.0375,36328913,388080668.75,20122785908.7,18579136557.2,19573
2016-03-23,'300058,蓝色光标,10.82,10.92,10.51,10.7,10.75,0.07,0.6512,2.093,37318216,400843006.33,20895253697.9,19292347173.6,20115
2016-03-22,'300058,蓝色光标,10.75,11.0,10.72,11.0,11.09,-0.34,-3.0658,3.222,57448297,623322174.79,20760071834.8,19167535315.8,27572
2016-03-21,'300058,蓝色光标,11.09,11.09,9.99,10.2,10.08,1.01,10.0198,5.3742,95823952,1024613929.85,21416669455.6,19773764339.7,42840
2016-03-18,'300058,蓝色光标,10.08,10.43,9.52,9.65,9.64,0.44,4.5643,3.0153,53764116,536786384.28,19466188287.8,17972907533.3,28052
2016-03-17,'300058,蓝色光标,9.64,9.66,9.15,9.15,9.17,0.47,5.1254,1.7335,30909557,292710320.67,18616473719.7,17188375855.2,16279
2016-03-16,'300058,蓝色光标,9.17,9.68,9.13,9.55,9.42,-0.25,-2.6539,1.1865,21154788,197625224.03,17708824067.4,16350353381.0,12078
2016-03-15,'300058,蓝色光标,9.42,9.74,9.41,9.52,9.5,-0.08,-0.8421,1.6725,29821890,284844793.26,18191616435.7,16796110016.2,14588
2016-03-14,'300058,蓝色光标,9.5,9.7,9.03,9.03,8.99,0.51,5.673,1.9313,34435736,325107597.82,18346109993.5,16938752139.5,17014
2016-03-11,'300058,蓝色光标,8.99,9.16,8.73,8.83,8.97,0.02,0.223,0.7285,12989369,116645892.12,17361213562.3,16029408603.6,7677
2016-03-10,'300058,蓝色光标,8.97,9.38,8.92,9.3,9.32,-0.35,-3.7554,1.1301,20150627,184422467.26,17322590172.8,15993748072.8,12788
2016-03-09,'300058,蓝色光标,9.32,9.75,8.62,8.95,9.1,0.22,2.4176,2.5215,44959299,420138345.08,17998499488.4,16617807362.1,26787
2016-03-08,'300058,蓝色光标,9.1,9.2,8.36,8.9,8.95,0.15,1.676,1.5847,28255141,249730909.26,17573642204.3,16225541523.1,15879
2016-03-07,'300058,蓝色光标,8.95,9.28,8.86,9.0,8.69,0.26,2.9919,1.4289,25477986,231000375.06,17283966783.3,15958087542.0,13509
2016-03-04,'300058,蓝色光标,8.69,9.25,8.61,9.03,9.1,-0.41,-4.5055,1.8645,33243945,296553705.67,16781862720.4,15494500641.3,17119
2016-03-03,'300058,蓝色光标,9.1,9.47,9.1,9.18,9.27,-0.17,-1.8339,2.1542,38410817,355688528.17,17573642204.3,16225541523.1,20336
2016-03-02,'300058,蓝色光标,9.27,9.43,8.78,8.88,8.65,0.62,7.1676,2.8675,51128187,465506497.1,17901941014.7,16528656035.1,25519
2016-03-01,'300058,蓝色光标,8.65,8.65,7.67,7.97,7.86,0.79,10.0509,1.8989,33857957,276957985.04,16704615941.5,15423179579.6,14028
2016-02-29,'300058,蓝色光标,7.86,8.75,7.86,8.73,8.73,-0.87,-9.9656,1.8292,32615058,260996163.15,15178992057.8,14014588612.3,16248
2016-02-26,'300058,蓝色光标,8.73,9.08,8.51,8.9,8.94,-0.21,-2.349,1.1598,20679308,181908344.39,16859109499.3,15565821702.9,11972
2016-02-25,'300058,蓝色光标,8.94,9.92,8.94,9.9,9.93,-0.99,-9.9698,1.499,26727942,249853547.77,17264655088.6,15940257276.5,16640
2016-02-24,'300058,蓝色光标,9.93,10.15,9.63,10.0,10.08,-0.15,-1.4881,1.3062,23290112,230225940.73,19176512866.9,17705453552.1,13804
2016-02-23,'300058,蓝色光标,10.08,10.37,9.83,10.37,10.31,-0.23,-2.2308,1.2657,22567857,228263579.13,19466188287.8,17972907533.3,13830
2016-02-22,'300058,蓝色光标,10.31,10.35,10.12,10.26,10.12,0.19,1.8775,1.0834,19317918,197839403.08,19910357266.6,18383003637.7,10661
2016-02-19,'300058,蓝色光标,10.12,10.24,10.05,10.09,10.08,0.04,0.3968,0.8138,14509780,146988897.53,19543435066.8,18044228594.9,8508
2016-02-18,'300058,蓝色光标,10.08,10.4,10.02,10.32,10.26,-0.18,-1.7544,1.1462,20437009,207729121.55,19466188287.8,17972907533.3,12591
2016-02-17,'300058,蓝色光标,10.26,10.5,10.03,10.16,10.08,0.18,1.7857,1.3353,23809047,244933152.95,19813798793.0,18293852310.7,19272
2016-02-16,'300058,蓝色光标,10.08,10.18,9.76,9.76,9.71,0.37,3.8105,1.3283,23684158,238392598.09,19466188287.8,17972907533.3,13301
2016-02-15,'300058,蓝色光标,9.71,9.86,9.0,9.06,9.43,0.28,2.9692,1.0826,19303498,183603391.7,18751655582.8,17313187713.1,10346
2016-02-05,'300058,蓝色光标,9.43,9.77,9.39,9.66,9.66,-0.23,-2.381,0.8517,15186257,145116226.21,18210928130.4,16813940281.6,8099
2016-02-04,'300058,蓝色光标,9.66,9.9,9.48,9.54,9.48,0.18,1.8987,1.355,24159634,234503198.17,18655097109.2,17224036386.1,12097
2016-02-03,'300058,蓝色光标,9.48,9.55,9.17,9.4,9.61,-0.13,-1.3528,1.0904,19441723,182775553.77,18307486604.0,16903091608.7,11303
2016-02-02,'300058,蓝色光标,9.61,9.8,9.2,9.21,9.23,0.38,4.117,1.3328,23763431,228369536.66,18558538635.5,17134885059.0,12777
2016-02-01,'300058,蓝色光标,9.23,9.52,8.91,9.0,9.02,0.21,2.3282,1.6562,29530592,273375938.39,17824694235.8,16457334973.4,18518
2016-01-29,'300058,蓝色光标,9.02,9.15,8.4,8.45,8.5,0.52,6.1176,1.8178,32411537,287494754.0,17419148646.5,16082899399.8,15085
2016-01-28,'300058,蓝色光标,8.5,8.96,8.4,8.7,8.75,-0.25,-2.8571,1.5491,27621566,240615329.55,16414940520.5,15155725598.5,13219
2016-01-27,'300058,蓝色光标,8.75,9.29,8.3,9.18,9.17,-0.42,-4.5802,2.1914,39073354,341020185.52,16897732888.8,15601482233.8,18876
2016-01-26,'300058,蓝色光标,9.17,10.08,9.15,9.99,10.17,-1.0,-9.8328,1.7559,31308118,300246207.63,17708824067.4,16350353381.0,16553
2016-01-25,'300058,蓝色光标,10.17,10.39,10.01,10.04,10.02,0.15,1.497,1.1793,21026790,214735787.35,19639993540.4,18133379922.0,12811
2016-01-22,'300058,蓝色光标,10.02,10.12,9.63,9.96,9.85,0.17,1.7259,1.716,30595963,303171738.75,19350318119.5,17865925940.8,16995
2016-01-21,'300058,蓝色光标,9.85,10.89,9.81,10.64,10.81,-0.96,-8.8807,1.7103,30495659,320034991.09,19022019309.0,17562811428.8,19373
2016-01-20,'300058,蓝色光标,10.81,11.13,10.7,11.0,11.1,-0.29,-2.6126,1.7781,31704408,346479151.8,20875942003.1,19274516908.2,18292
2016-01-19,'300058,蓝色光标,11.1,11.3,10.65,10.65,10.79,0.31,2.873,2.3174,41320291,453175880.53,21435981150.3,19791594605.1,25122
2016-01-18,'300058,蓝色光标,10.79,11.45,10.79,10.79,11.99,-1.2,-10.0083,3.3908,60458441,665031331.24,20837318613.7,19238856377.4,31491
2016-01-15,'300058,蓝色光标,0.0,0.0,0.0,0.0,11.99,None,None,0.0,0,0.0,23154721981.3,21378488226.6,0
2016-01-14,'300058,蓝色光标,0.0,0.0,0.0,0.0,11.99,None,None,0.0,0,0.0,23154721981.3,21378488226.6,0
2016-01-13,'300058,蓝色光标,0.0,0.0,0.0,0.0,11.99,None,None,0.0,0,0.0,23154721981.3,21378488226.6,0
2016-01-12,'300058,蓝色光标,0.0,0.0,0.0,0.0,11.99,None,None,0.0,0,0.0,23154721981.3,21378488226.6,0
2016-01-11,'300058,蓝色光标,0.0,0.0,0.0,0.0,11.99,None,None,0.0,0,0.0,23154721981.3,21378488226.6,0
2016-01-08,'300058,蓝色光标,0.0,0.0,0.0,0.0,11.99,None,None,0.0,0,0.0,23154721981.3,21378488226.6,0
2016-01-07,'300058,蓝色光标,11.99,12.99,11.97,12.99,13.3,-1.31,-9.8496,0.587,10466314,130405930.49,23154721981.3,21378488226.6,5342
2016-01-06,'300058,蓝色光标,13.3,13.45,12.25,12.6,12.54,0.76,6.0606,2.6024,46402207,596703472.84,25684553990.9,23714252995.3,26745
2016-01-05,'300058,蓝色光标,12.54,12.99,12.0,12.2,13.3,-0.76,-5.7143,3.4717,61900687,773252101.22,24216865191.4,22359152824.1,31267
2016-01-04,'300058,蓝色光标,13.3,14.86,13.28,14.77,14.73,-1.43,-9.7081,1.7619,31415096,438202604.33,25684553990.9,23714252995.3,18044
