日期,股票代码,名称,收盘价,最高价,最低价,开盘价,前收盘,涨跌额,涨跌幅,换手率,成交量,成交金额,总市值,流通市值,成交笔数
2016-10-12,'300260,新莱应材,33.2,33.45,32.75,33.35,33.45,-0.25,-0.7474,0.9431,891840,29475671.87,3321660000.0,3139578750.0,1577
2016-10-11,'300260,新莱应材,33.45,33.7,32.85,32.9,33.02,0.43,1.3022,1.1168,1056124,35233275.09,3346672500.0,3163220156.25,2012
2016-10-10,'300260,新莱应材,33.02,33.32,32.55,32.56,32.69,0.33,1.0095,1.034,977820,32215986.36,3303651000.0,3122556937.5,1750
2016-09-30,'300260,新莱应材,32.69,32.75,32.16,32.39,32.45,0.24,0.7396,0.647,611852,19926557.95,3270634500.0,3091350281.25,1277
2016-09-29,'300260,新莱应材,32.45,32.5,31.49,31.52,31.52,0.93,2.9505,0.8968,848082,27166793.3,3246622500.0,3068654531.25,1477
2016-09-28,'300260,新莱应材,31.52,31.73,31.35,31.51,31.6,-0.08,-0.2532,0.6869,649616,20503439.16,3153576000.0,2980708500.0,1276
2016-09-27,'300260,新莱应材,31.6,31.84,31.15,31.6,31.47,0.13,0.4131,0.6158,582337,18345686.44,3161580000.0,2988273750.0,1256
2016-09-26,'300260,新莱应材,31.47,32.38,31.03,32.24,32.02,-0.55,-1.7177,0.9364,885513,28373157.11,3148573500.0,2975980218.75,2477
2016-09-23,'300260,新莱应材,32.02,32.17,31.88,31.88,32.0,0.02,0.0625,0.5384,509154,16287102.42,3203601000.0,3027991312.5,1249
2016-09-22,'300260,新莱应材,32.0,32.48,31.72,32.0,31.82,0.18,0.5657,0.6564,620730,19879619.51,3201600000.0,3026100000.0,1267
2016-09-21,'300260,新莱应材,31.82,32.0,31.38,31.48,31.3,0.52,1.6613,0.7285,688896,21858574.68,3183591000.0,3009078187.5,1193
2016-09-20,'300260,新莱应材,31.3,31.48,31.08,31.31,31.3,0.0,0.0,0.6204,586651,18350865.6,3131565000.0,2959904062.5,1136
2016-09-19,'300260,新莱应材,31.3,31.45,30.52,30.66,30.47,0.83,2.724,0.8519,805615,25080027.52,3131565000.0,2959904062.5,1676
2016-09-14,'300260,新莱应材,30.47,31.0,30.11,30.7,30.97,-0.5,-1.6145,0.7811,738662,22597797.7,3048523500.0,2881414593.75,1298
2016-09-13,'300260,新莱应材,30.97,31.46,30.58,31.45,31.13,-0.16,-0.514,0.7793,736969,22789039.95,3098548500.0,2928697406.25,1343
2016-09-12,'300260,新莱应材,31.13,32.58,31.13,31.97,32.62,-1.49,-4.5677,0.8984,849544,26918502.65,3114556500.0,2943827906.25,1718
2016-09-09,'300260,新莱应材,32.62,33.32,32.62,32.8,32.85,-0.23,-0.7002,1.0138,958703,31600578.44,3263631000.0,3084730687.5,1583
2016-09-08,'300260,新莱应材,32.85,33.0,32.48,32.6,32.5,0.35,1.0769,1.0423,985619,32286285.23,3286642500.0,3106480781.25,1571
2016-09-07,'300260,新莱应材,32.5,33.49,31.9,32.4,32.18,0.32,0.9944,1.6148,1527076,50272284.22,3251625000.0,3073382812.5,2513
2016-09-06,'300260,新莱应材,32.18,32.24,31.41,31.62,31.76,0.42,1.3224,0.9731,920247,29422243.4,3219609000.0,3043121812.5,1654
2016-09-05,'300260,新莱应材,31.76,32.35,31.38,31.8,31.8,-0.04,-0.1258,0.8553,808802,25850976.42,3177588000.0,3003404250.0,1450
2016-09-02,'300260,新莱应材,31.8,31.88,31.45,31.6,31.6,0.2,0.6329,0.8153,770948,24417593.76,3181590000.0,3007186875.0,1531
2016-09-01,'300260,新莱应材,31.6,32.47,31.6,32.03,32.12,-0.52,-1.6189,1.0143,959159,30795834.47,3161580000.0,2988273750.0,1410
2016-08-31,'300260,新莱应材,32.12,32.57,31.58,32.0,31.85,0.27,0.8477,0.7221,682824,21799707.89,3213606000.0,3037447875.0,1310
2016-08-30,'300260,新莱应材,31.85,33.29,31.84,32.73,32.81,-0.96,-2.9259,1.132,1070526,34643212.53,3186592500.0,3011915156.25,2065
2016-08-29,'300260,新莱应材,32.81,33.89,31.37,31.37,31.37,1.44,4.5904,1.3693,1294885,42569904.23,3282640500.0,3102698156.25,2453
2016-08-26,'300260,新莱应材,31.37,31.79,31.1,31.13,31.06,0.31,0.9981,0.3939,372528,11747586.89,3138568500.0,2966523656.25,836
2016-08-25,'300260,新莱应材,31.06,31.89,30.01,31.89,31.87,-0.81,-2.5416,0.7099,671344,20828942.75,3107553000.0,2937208312.5,1413
2016-08-24,'300260,新莱应材,31.87,32.45,31.63,31.63,31.48,0.39,1.2389,0.6953,657502,21074311.45,3188593500.0,3013806468.75,1738
2016-08-23,'300260,新莱应材,31.48,32.15,31.2,31.4,31.42,0.06,0.191,0.5347,505599,16025058.01,3149574000.0,2976925875.0,1083
2016-08-22,'300260,新莱应材,31.42,32.02,31.0,31.7,31.9,-0.48,-1.5047,0.4609,435843,13727084.16,3143571000.0,2971251937.5,917
2016-08-19,'300260,新莱应材,31.9,32.35,31.71,32.09,31.85,0.05,0.157,0.4754,449579,14407974.6,3191595000.0,3016643437.5,923
2016-08-18,'300260,新莱应材,31.85,32.1,31.53,32.1,31.84,0.01,0.0314,0.5753,544029,17306778.62,3186592500.0,3011915156.25,796
2016-08-17,'300260,新莱应材,31.84,32.26,31.68,32.26,32.2,-0.36,-1.118,0.4669,441484,14105741.36,3185592000.0,3010969500.0,928
2016-08-16,'300260,新莱应材,32.2,32.25,31.33,31.65,31.45,0.75,2.3847,0.8165,772125,24710263.25,3221610000.0,3045013125.0,1312
2016-08-15,'300260,新莱应材,31.45,31.49,30.55,30.89,30.78,0.67,2.1767,0.5874,555444,17395600.76,3146572500.0,2974088906.25,1098
2016-08-12,'300260,新莱应材,30.78,30.94,30.02,30.51,30.51,0.27,0.885,0.3591,339589,10401930.99,3079539000.0,2910729937.5,667
2016-08-11,'300260,新莱应材,30.51,31.22,30.51,30.88,31.14,-0.63,-2.0231,0.4246,401500,12337283.89,3052525500.0,2885197218.75,689
2016-08-10,'300260,新莱应材,31.14,31.51,31.04,31.45,31.17,-0.03,-0.0962,0.5244,495902,15503972.25,3115557000.0,2944773562.5,822
2016-08-09,'300260,新莱应材,31.17,31.49,30.75,30.96,31.08,0.09,0.2896,0.5664,535576,16760268.36,3118558500.0,2947610531.25,990
2016-08-08,'300260,新莱应材,31.08,31.13,29.43,30.01,30.01,1.07,3.5655,1.1332,1071628,32677681.39,3109554000.0,2939099625.0,1725
2016-08-05,'300260,新莱应材,30.01,30.65,30.01,30.56,30.54,-0.53,-1.7354,0.6019,569187,17221146.06,3002500500.0,2837914406.25,739
2016-08-04,'300260,新莱应材,30.54,30.87,30.01,30.01,30.29,0.25,0.8254,0.7223,683068,20844217.07,3055527000.0,2888034187.5,982
2016-08-03,'300260,新莱应材,30.29,30.47,29.84,30.16,30.16,0.13,0.431,0.6889,651500,19714153.91,3030514500.0,2864392781.25,892
2016-08-02,'300260,新莱应材,30.16,30.38,29.71,30.05,30.16,0.0,0.0,0.6513,615900,18535913.16,3017508000.0,2852099250.0,1180
2016-08-01,'300260,新莱应材,30.16,30.5,28.25,29.51,29.41,0.75,2.5502,1.9218,1817329,53737961.63,3017508000.0,2852099250.0,2419
2016-07-29,'300260,新莱应材,29.41,30.1,29.02,29.8,29.95,-0.54,-1.803,0.9289,878427,25890095.78,2942470500.0,2781175031.25,1347
2016-07-28,'300260,新莱应材,29.95,30.8,29.35,30.51,30.51,-0.56,-1.8355,1.4099,1333314,40011867.76,2996497500.0,2832240468.75,1875
2016-07-27,'300260,新莱应材,30.51,34.22,30.51,33.95,33.9,-3.39,-10.0,2.3346,2207725,70208644.88,3052525500.0,2885197218.75,3009
2016-07-26,'300260,新莱应材,33.9,34.14,33.51,33.74,33.74,0.16,0.4742,0.8434,797580,27009556.62,3391695000.0,3205774687.5,1090
2016-07-25,'300260,新莱应材,33.74,34.09,33.3,33.6,33.78,-0.04,-0.1184,0.5847,552948,18681062.18,3375687000.0,3190644187.5,1011
2016-07-22,'300260,新莱应材,33.78,34.29,33.27,33.92,33.97,-0.19,-0.5593,0.7435,703050,23747524.5,3379689000.0,3194426812.5,1010
2016-07-21,'300260,新莱应材,33.97,34.49,33.66,34.45,34.25,-0.28,-0.8175,0.9556,903633,30718655.07,3398698500.0,3212394281.25,1439
2016-07-20,'300260,新莱应材,34.25,34.52,34.13,34.33,34.24,0.01,0.0292,1.0561,998705,34293202.61,3426712500.0,3238872656.25,1375
2016-07-19,'300260,新莱应材,34.24,34.24,33.1,33.7,33.6,0.64,1.9048,1.1503,1087755,36709146.09,3425712000.0,3237927000.0,1536
2016-07-18,'300260,新莱应材,33.6,33.99,33.0,33.79,33.78,-0.18,-0.5329,0.9028,853761,28514986.81,3361680000.0,3177405000.0,1215
2016-07-15,'300260,新莱应材,33.78,34.9,33.46,34.05,34.44,-0.66,-1.9164,1.2116,1145746,38863921.26,3379689000.0,3194426812.5,1730
2016-07-14,'300260,新莱应材,34.44,34.7,34.11,34.5,34.4,0.04,0.1163,1.0398,983332,33734702.11,3445722000.0,3256840125.0,1383
2016-07-13,'300260,新莱应材,34.4,35.08,34.24,34.31,34.31,0.09,0.2623,1.6429,1553576,53883602.38,3441720000.0,3253057500.0,2139
2016-07-12,'300260,新莱应材,34.31,34.36,33.0,34.0,33.67,0.64,1.9008,1.9486,1842680,62311906.45,3432715500.0,3244546593.75,2659
2016-07-11,'300260,新莱应材,33.67,34.88,33.66,34.64,34.31,-0.64,-1.8653,1.9293,1824412,62732892.92,3368683500.0,3184024593.75,2565
2016-07-08,'300260,新莱应材,34.31,34.9,34.21,34.59,34.42,-0.11,-0.3196,1.8371,1737275,59962720.24,3432715500.0,3244546593.75,2260
2016-07-07,'300260,新莱应材,34.42,35.49,33.82,35.3,35.34,-0.92,-2.6033,2.6782,2532684,87119602.96,3443721000.0,3254948812.5,3840
2016-07-06,'300260,新莱应材,35.34,36.28,35.0,36.28,36.6,-1.26,-3.4426,2.1987,2079232,73813987.19,3535767000.0,3341949187.5,3296
2016-07-05,'300260,新莱应材,36.6,36.88,35.08,35.54,35.36,1.24,3.5068,3.305,3125352,112545419.96,3661830000.0,3461101875.0,4373
2016-07-04,'300260,新莱应材,35.36,35.88,34.72,35.64,35.09,0.27,0.7694,2.6176,2475375,88047901.9,3537768000.0,3343840500.0,3012
2016-07-01,'300260,新莱应材,35.09,36.43,35.05,35.82,35.86,-0.77,-2.1472,2.8366,2682417,95326525.09,3510754500.0,3318307781.25,3387
2016-06-30,'300260,新莱应材,35.86,37.65,35.58,37.59,37.56,-1.7,-4.5261,3.207,3032708,110246862.45,3587793000.0,3391123312.5,3722
2016-06-29,'300260,新莱应材,37.56,39.47,36.31,38.5,37.81,-0.25,-0.6612,5.0508,4776279,179751244.96,3757878000.0,3551884875.0,6101
2016-06-28,'300260,新莱应材,37.81,38.12,34.89,36.0,34.65,3.16,9.1198,5.9992,5673212,210748289.62,3782890500.0,3575526281.25,4819
2016-06-27,'300260,新莱应材,34.65,34.65,31.01,31.32,31.5,3.15,10.0,3.4137,3228149,109203202.19,3466732500.0,3276698906.25,2633
2016-06-24,'300260,新莱应材,31.5,32.5,30.39,31.78,31.78,-0.28,-0.8811,2.3464,2218847,70194471.78,3151575000.0,2978817187.5,2233
2016-06-23,'300260,新莱应材,31.78,32.76,31.59,32.2,32.69,-0.91,-2.7837,1.3835,1308298,42106329.28,3179589000.0,3005295562.5,1787
2016-06-22,'300260,新莱应材,32.69,32.87,31.29,31.87,31.55,1.14,3.6133,2.0916,1977906,63759421.52,3270634500.0,3091350281.25,2864
2016-06-21,'300260,新莱应材,31.55,33.34,31.13,31.13,31.13,0.42,1.3492,4.4654,4222696,137040572.3,3156577500.0,2983545468.75,4359
2016-06-20,'300260,新莱应材,31.13,31.32,29.55,30.03,30.41,0.72,2.3676,1.6703,1579496,48233969.01,3114556500.0,2943827906.25,2160
2016-06-17,'300260,新莱应材,30.41,30.87,28.8,28.8,28.82,1.59,5.517,2.4857,2350624,70495544.16,3042520500.0,2875740656.25,2896
2016-06-16,'300260,新莱应材,28.82,29.38,28.66,29.38,29.39,-0.57,-1.9394,1.3266,1254493,36344619.46,2883441000.0,2725381312.5,1316
2016-06-15,'300260,新莱应材,29.39,29.7,27.7,27.71,28.27,1.12,3.9618,1.5213,1438659,41802355.51,2940469500.0,2779283718.75,2014
2016-06-14,'300260,新莱应材,28.27,28.29,27.51,27.59,27.79,0.48,1.7272,1.0613,1003578,28045856.84,2828413500.0,2673370218.75,1847
2016-06-13,'300260,新莱应材,27.79,30.74,27.79,30.74,30.88,-3.09,-10.0065,1.899,1795818,52456932.84,2780389500.0,2627978718.75,2423
2016-06-08,'300260,新莱应材,30.88,30.99,30.0,30.55,30.58,0.3,0.981,1.4363,1358201,41499197.78,3089544000.0,2920186500.0,1825
2016-06-07,'300260,新莱应材,30.58,30.68,29.7,30.49,30.49,0.09,0.2952,1.2264,1159709,35030409.09,3059529000.0,2891816812.5,1705
2016-06-06,'300260,新莱应材,30.49,30.88,30.01,30.88,30.4,0.09,0.2961,1.0896,1030430,31234141.22,3050524500.0,2883305906.25,1292
2016-06-03,'300260,新莱应材,30.4,31.17,30.2,31.17,31.0,-0.6,-1.9355,1.1672,1103802,33760121.91,3041520000.0,2874795000.0,1694
2016-06-02,'300260,新莱应材,31.0,31.49,30.63,30.63,30.73,0.27,0.8786,1.5983,1511409,46735574.97,3101550000.0,2931534375.0,1725
2016-06-01,'300260,新莱应材,30.73,31.7,30.7,31.2,31.05,-0.32,-1.0306,1.5219,1439210,44508255.53,3074536500.0,2906001656.25,1766
2016-05-31,'300260,新莱应材,31.05,31.5,29.54,29.87,29.54,1.51,5.1117,1.5501,1465889,44832914.28,3106552500.0,2936262656.25,1930
2016-05-30,'300260,新莱应材,29.54,30.55,29.01,29.62,29.89,-0.35,-1.171,0.8795,831746,24745242.4,2955477000.0,2793468562.5,1670
2016-05-27,'300260,新莱应材,29.89,30.58,29.81,30.25,30.25,-0.36,-1.1901,1.1301,1068725,32126202.47,2990494500.0,2826566531.25,1997
2016-05-26,'300260,新莱应材,30.25,30.28,28.45,28.63,28.88,1.37,4.7438,1.7215,1627908,47667736.41,3026512500.0,2860610156.25,2215
2016-05-25,'300260,新莱应材,28.88,30.3,28.88,29.2,29.3,-0.42,-1.4334,1.2871,1217190,36089714.0,2889444000.0,2731055250.0,1872
2016-05-24,'300260,新莱应材,29.3,29.38,28.05,28.38,28.38,0.92,3.2417,1.7391,1644637,47456303.2,2931465000.0,2770772812.5,2171
2016-05-23,'300260,新莱应材,28.38,28.4,27.36,27.41,27.42,0.96,3.5011,0.9308,880191,24558116.73,2839419000.0,2683772437.5,1358
2016-05-20,'300260,新莱应材,27.42,27.53,26.51,27.3,27.35,0.07,0.2559,0.6512,615846,16659287.46,2743371000.0,2592989437.5,1259
2016-05-19,'300260,新莱应材,27.35,28.26,26.73,26.73,27.2,0.15,0.5515,0.9984,944188,26063594.99,2736367500.0,2586369843.75,1638
2016-05-18,'300260,新莱应材,27.2,29.1,26.53,28.88,29.3,-2.1,-7.1672,1.3644,1290288,35799641.27,2721360000.0,2572185000.0,2144
2016-05-17,'300260,新莱应材,29.3,29.46,28.13,28.58,28.65,0.65,2.2688,1.1647,1101363,31814411.43,2931465000.0,2770772812.5,1831
2016-05-16,'300260,新莱应材,28.65,28.8,27.23,28.28,28.28,0.37,1.3083,1.0413,984698,27525400.77,2866432500.0,2709305156.25,1558
2016-05-13,'300260,新莱应材,28.28,29.63,28.01,28.2,28.97,-0.69,-2.3818,1.5284,1445329,41569610.95,2829414000.0,2674315875.0,1799
2016-05-12,'300260,新莱应材,28.97,28.98,26.56,28.91,29.51,-0.54,-1.8299,1.7355,1641157,46047891.56,2898448500.0,2739566156.25,2801
2016-05-11,'300260,新莱应材,29.51,29.77,28.51,29.45,29.59,-0.08,-0.2704,1.4305,1352768,39312919.46,2952475500.0,2790631593.75,1661
2016-05-10,'300260,新莱应材,29.59,29.75,28.11,29.75,29.52,0.07,0.2371,1.742,1647358,47873237.14,2960479500.0,2798196843.75,2012
2016-05-09,'300260,新莱应材,29.52,31.06,29.31,31.06,31.86,-2.34,-7.3446,1.7153,1622073,48537777.0,2953476000.0,2791577250.0,2854
2016-05-06,'300260,新莱应材,31.86,32.16,30.43,31.99,32.4,-0.54,-1.6667,3.0869,2919145,91961405.49,3187593000.0,3012860812.5,4834
2016-05-05,'300260,新莱应材,32.4,32.49,29.6,29.61,29.71,2.69,9.0542,2.3703,2241496,68779906.37,3241620000.0,3063926250.0,3071
2016-05-04,'300260,新莱应材,29.71,30.76,29.6,30.3,30.5,-0.79,-2.5902,1.4987,1417299,42654504.08,2972485500.0,2809544718.75,2545
2016-05-03,'300260,新莱应材,30.5,31.07,29.31,30.0,29.57,0.93,3.1451,2.9566,2795908,84898851.68,3051525000.0,2884251562.5,4293
2016-04-29,'300260,新莱应材,29.57,29.77,27.82,28.02,28.1,1.47,5.2313,2.2134,2093115,60385786.38,2958478500.0,2796305531.25,2094
2016-04-28,'300260,新莱应材,28.1,28.62,26.63,28.0,27.94,0.16,0.5727,1.0206,965142,26621970.18,2811405000.0,2657294062.5,1821
2016-04-27,'300260,新莱应材,27.94,28.74,27.8,28.26,28.18,-0.24,-0.8517,1.2178,1151666,32551238.76,2795397000.0,2642163562.5,1814
2016-04-26,'300260,新莱应材,28.18,28.23,27.03,27.18,27.49,0.69,2.51,0.9248,874560,24173979.91,2819409000.0,2664859312.5,1695
2016-04-25,'300260,新莱应材,27.49,27.66,26.12,26.94,27.19,0.3,1.1033,1.4219,1344584,36354399.87,2750374500.0,2599609031.25,1745
2016-04-22,'300260,新莱应材,27.19,28.25,26.76,28.25,26.9,0.29,1.0781,1.0583,1000800,27489732.13,2720359500.0,2571239343.75,1408
2016-04-21,'300260,新莱应材,26.9,27.44,26.0,26.3,26.89,0.01,0.0372,1.6309,1542248,41225080.44,2691345000.0,2543815312.5,2176
2016-04-20,'300260,新莱应材,26.89,30.1,26.89,29.7,29.88,-2.99,-10.0067,2.4206,2289046,63141649.56,2690344500.0,2542869656.25,2549
2016-04-19,'300260,新莱应材,29.88,30.44,29.51,29.69,30.01,-0.13,-0.4332,0.5413,511848,15253400.21,2989494000.0,2825620875.0,829
2016-04-18,'300260,新莱应材,30.01,30.97,29.4,30.97,30.51,-0.5,-1.6388,1.1144,1053876,31356159.38,3002500500.0,2837914406.25,2044
2016-04-15,'300260,新莱应材,30.51,30.88,30.0,30.0,29.95,0.56,1.8698,1.0929,1033462,31497373.45,3052525500.0,2885197218.75,2059
2016-04-14,'300260,新莱应材,29.95,30.24,29.41,30.21,29.85,0.1,0.335,0.7714,729480,21680237.5,2996497500.0,2832240468.75,1456
2016-04-13,'300260,新莱应材,29.85,30.27,29.01,29.01,29.1,0.75,2.5773,1.0328,976692,29128146.27,2986492500.0,2822783906.25,1262
2016-04-12,'300260,新莱应材,29.1,29.76,28.36,29.76,29.76,-0.66,-2.2177,0.9195,869515,25214763.65,2911455000.0,2751859687.5,1796
2016-04-11,'300260,新莱应材,29.76,29.98,28.66,28.82,28.77,0.99,3.4411,1.2744,1205104,35241574.19,2977488000.0,2814273000.0,2131
2016-04-08,'300260,新莱应材,28.77,28.78,27.9,28.03,28.46,0.31,1.0892,1.0471,990218,28106776.15,2878438500.0,2720653031.25,1405
2016-04-07,'300260,新莱应材,28.46,29.47,28.02,29.3,29.18,-0.72,-2.4674,0.9461,894649,25666065.35,2847423000.0,2691337687.5,1193
2016-04-06,'300260,新莱应材,29.18,29.33,28.6,28.98,28.98,0.2,0.6901,1.0832,1024289,29589167.46,2919459000.0,2759424937.5,1665
2016-04-05,'300260,新莱应材,28.98,29.37,27.8,27.95,28.1,0.88,3.1317,1.1194,1058587,30436416.34,2899449000.0,2740511812.5,1737
2016-04-01,'300260,新莱应材,28.1,28.2,27.4,27.9,27.91,0.19,0.6808,0.9508,899114,25046862.06,2811405000.0,2657294062.5,1566
2016-03-31,'300260,新莱应材,27.91,28.7,27.78,28.06,28.56,-0.65,-2.2759,1.7786,1681962,47391747.76,2792395500.0,2639326593.75,2489
2016-03-30,'300260,新莱应材,28.56,28.8,26.68,26.68,26.22,2.34,8.9245,1.8678,1766255,49523348.15,2857428000.0,2700794250.0,3297
2016-03-29,'300260,新莱应材,26.22,26.77,25.13,26.33,26.18,0.04,0.1528,1.2,1134812,29479593.38,2623311000.0,2479510687.5,2119
2016-03-28,'300260,新莱应材,26.18,27.79,26.0,26.84,26.58,-0.4,-1.5049,1.4445,1365975,37155205.79,2619309000.0,2475728062.5,2041
2016-03-25,'300260,新莱应材,26.58,26.67,25.92,26.16,26.24,0.34,1.2957,0.9096,860214,22632695.0,2659329000.0,2513554312.5,1416
2016-03-24,'300260,新莱应材,26.24,27.09,26.24,27.09,27.17,-0.93,-3.4229,0.8341,788804,21019131.35,2625312000.0,2481402000.0,1082
2016-03-23,'300260,新莱应材,27.17,27.27,26.55,26.89,26.95,0.22,0.8163,0.8875,839255,22613683.67,2718358500.0,2569348031.25,1561
2016-03-22,'300260,新莱应材,26.95,27.43,26.63,26.95,27.61,-0.66,-2.3904,1.2494,1181458,32028549.46,2696347500.0,2548543593.75,1439
2016-03-21,'300260,新莱应材,27.61,27.9,26.59,26.9,26.76,0.85,3.1764,1.6572,1567156,42374406.37,2762380500.0,2610956906.25,1943
2016-03-18,'300260,新莱应材,26.76,26.98,26.06,26.4,25.78,0.98,3.8014,1.8985,1795332,47708444.25,2677338000.0,2530576125.0,1984
2016-03-17,'300260,新莱应材,25.78,25.9,23.94,24.16,23.94,1.84,7.6859,1.6589,1568714,39292162.2,2579289000.0,2437901812.5,3253
2016-03-16,'300260,新莱应材,23.94,26.0,23.7,26.0,24.69,-0.75,-3.0377,1.3378,1265101,31156294.84,2395197000.0,2263901062.5,2509
2016-03-15,'300260,新莱应材,24.69,25.19,24.0,24.2,24.0,0.69,2.875,1.6598,1569575,38625252.06,2470234500.0,2334825281.25,2439
2016-03-14,'300260,新莱应材,24.0,24.4,22.71,23.29,22.63,1.37,6.0539,2.0025,1893659,45208118.14,2401200000.0,2269575000.0,2585
2016-03-11,'300260,新莱应材,22.63,23.4,22.23,22.6,23.22,-0.59,-2.5409,0.8165,772113,17477549.43,2264131500.0,2140020093.75,1836
2016-03-10,'300260,新莱应材,23.22,24.47,22.54,22.89,22.9,0.32,1.3974,1.4057,1329316,31544369.84,2323161000.0,2195813812.5,1794
2016-03-09,'300260,新莱应材,22.9,22.9,21.77,22.68,22.92,-0.02,-0.0873,0.8873,839067,18810380.78,2291145000.0,2165552812.5,1042
2016-03-08,'300260,新莱应材,22.92,23.3,21.11,22.8,22.7,0.22,0.9692,0.799,755550,16741255.12,2293146000.0,2167444125.0,1169
2016-03-07,'300260,新莱应材,22.7,22.99,22.08,22.27,22.05,0.65,2.9478,0.7492,708515,16101511.55,2271135000.0,2146639687.5,1421
2016-03-04,'300260,新莱应材,22.05,23.34,21.01,23.02,23.02,-0.97,-4.2137,1.0767,1018172,22761908.32,2206102500.0,2085172031.25,1992
2016-03-03,'300260,新莱应材,23.02,24.0,22.86,23.1,23.15,-0.13,-0.5616,0.821,776426,18137532.16,2303151000.0,2176900687.5,1024
2016-03-02,'300260,新莱应材,23.15,23.43,21.91,22.14,22.09,1.06,4.7986,1.2281,1161346,26237457.37,2316157500.0,2189194218.75,1904
2016-03-01,'300260,新莱应材,22.09,22.45,20.88,21.2,21.5,0.59,2.7442,1.0674,1009437,21936671.03,2210104500.0,2088954656.25,1234
2016-02-29,'300260,新莱应材,21.5,23.7,21.46,23.34,23.84,-2.34,-9.8154,1.1121,1051671,22917505.6,2151075000.0,2033160937.5,1244
2016-02-26,'300260,新莱应材,23.84,25.53,22.0,23.22,23.21,0.63,2.7143,1.382,1306874,31366732.64,2385192000.0,2254444500.0,2426
2016-02-25,'300260,新莱应材,23.21,25.76,23.21,25.76,25.79,-2.58,-10.0039,1.1299,1068456,25716047.38,2322160500.0,2194868156.25,2206
2016-02-24,'300260,新莱应材,25.79,25.95,25.12,25.33,25.69,0.1,0.3893,0.5937,561390,14377801.28,2580289500.0,2438847468.75,837
2016-02-23,'300260,新莱应材,25.69,25.8,25.3,25.73,25.85,-0.16,-0.619,0.9293,878785,22464024.48,2570284500.0,2429390906.25,1518
2016-02-22,'300260,新莱应材,25.85,25.85,25.01,25.02,24.82,1.03,4.1499,1.0149,959793,24366304.49,2586292500.0,2444521406.25,1661
2016-02-19,'300260,新莱应材,24.82,25.05,24.35,24.59,24.55,0.27,1.0998,0.8056,761855,18905571.81,2483241000.0,2347118812.5,1381
2016-02-18,'300260,新莱应材,24.55,25.2,24.48,25.11,25.02,-0.47,-1.8785,0.9358,884979,22004795.27,2456227500.0,2321586093.75,1274
2016-02-17,'300260,新莱应材,25.02,25.17,24.0,24.89,24.71,0.31,1.2546,1.0055,950826,23430614.31,2503251000.0,2366031937.5,1178
2016-02-16,'300260,新莱应材,24.71,24.87,23.38,23.38,23.38,1.33,5.6886,0.9477,896168,21808164.99,2472235500.0,2336716593.75,1782
2016-02-15,'300260,新莱应材,23.38,23.59,22.01,22.99,23.6,-0.22,-0.9322,0.9186,868642,19873686.85,2339169000.0,2210944312.5,1658
2016-02-05,'300260,新莱应材,23.6,24.19,23.52,24.01,23.87,-0.27,-1.1311,0.7657,724082,17317004.07,2361180000.0,2231748750.0,1535
2016-02-04,'300260,新莱应材,23.87,24.23,23.04,23.12,23.0,0.87,3.7826,1.2017,1136353,26982511.46,2388193500.0,2257281468.75,2578
2016-02-03,'300260,新莱应材,23.0,23.23,21.81,22.23,22.66,0.34,1.5004,0.8542,807744,18070134.39,2301150000.0,2175009375.0,1133
2016-02-02,'300260,新莱应材,22.66,22.95,21.6,21.94,21.73,0.93,4.2798,0.882,834087,18751911.74,2267133000.0,2142857062.5,1344
2016-02-01,'300260,新莱应材,21.73,22.3,21.14,22.2,22.31,-0.58,-2.5997,0.8518,805526,17502246.27,2174086500.0,2054911031.25,1050
2016-01-29,'300260,新莱应材,22.31,22.66,20.4,21.42,21.01,1.3,6.1875,0.9997,945378,20597749.24,2232115500.0,2109759093.75,1126
2016-01-28,'300260,新莱应材,21.01,22.7,21.01,22.3,22.65,-1.64,-7.2406,0.5988,566263,12458952.31,2102050500.0,1986823781.25,817
2016-01-27,'300260,新莱应材,22.65,22.81,20.98,22.51,22.5,0.15,0.6667,1.2388,1171512,25533248.2,2266132500.0,2141911406.25,1172
2016-01-26,'300260,新莱应材,22.5,24.8,22.5,24.8,25.0,-2.5,-10.0,1.1235,1062438,25301624.74,2251125000.0,2127726562.5,1620
2016-01-25,'300260,新莱应材,25.0,25.47,24.51,24.8,24.79,0.21,0.8471,1.1608,1097728,27271510.26,2501250000.0,2364140625.0,1210
2016-01-22,'300260,新莱应材,24.79,24.95,23.5,24.21,24.0,0.79,3.2917,1.0788,1020133,24693780.75,2480239500.0,2344281843.75,1242
2016-01-21,'300260,新莱应材,24.0,25.09,23.91,23.91,24.58,-0.58,-2.3596,1.4751,1394906,34231472.31,2401200000.0,2269575000.0,1677
2016-01-20,'300260,新莱应材,24.58,24.9,23.87,24.4,24.47,0.11,0.4495,1.3977,1321717,32375827.13,2459229000.0,2324423062.5,1511
2016-01-19,'300260,新莱应材,24.47,24.55,23.02,23.48,23.51,0.96,4.0834,1.5122,1430063,34055844.8,2448223500.0,2314020843.75,1452
2016-01-18,'300260,新莱应材,23.51,23.88,21.51,21.56,22.57,0.94,4.1648,1.4051,1328741,30617252.6,2352175500.0,2223237843.75,1391
2016-01-15,'300260,新莱应材,22.57,23.74,22.3,22.9,23.0,-0.43,-1.8696,1.999,1890405,43693159.81,2258128500.0,2134346156.25,1761
2016-01-14,'300260,新莱应材,23.0,23.1,20.8,21.03,21.7,1.3,5.9908,1.4333,1355400,29885775.97,2301150000.0,2175009375.0,1575
2016-01-13,'300260,新莱应材,21.7,23.68,21.7,23.22,23.19,-1.49,-6.4252,1.2533,1185151,27316804.02,2171085000.0,2052074062.5,1291
2016-01-12,'300260,新莱应材,23.19,23.85,22.31,23.28,23.4,-0.21,-0.8974,1.6249,1536608,35560583.68,2320159500.0,2192976843.75,1522
2016-01-11,'300260,新莱应材,23.4,25.58,23.4,25.58,26.0,-2.6,-10.0,1.8338,1734139,42426078.17,2341170000.0,2212835625.0,1561
2016-01-08,'300260,新莱应材,26.0,28.38,24.19,27.14,26.88,-0.88,-3.2738,2.2023,2082575,54694540.51,2601300000.0,2458706250.0,2346
2016-01-07,'300260,新莱应材,26.88,29.1,26.87,29.1,29.85,-2.97,-9.9497,0.3261,308400,8537246.0,2689344000.0,2541924000.0,393
2016-01-06,'300260,新莱应材,29.85,30.25,28.5,29.1,28.96,0.89,3.0732,1.6027,1515630,44354279.45,2986492500.0,2822783906.25,1535
2016-01-05,'300260,新莱应材,28.96,29.88,27.46,27.51,30.51,-1.55,-5.0803,2.3221,2195869,62673570.72,2897448000.0,2738620500.0,2393
2016-01-04,'300260,新莱应材,30.51,34.0,30.51,33.6,33.9,-3.39,-10.0,1.2844,1214575,38537051.12,3052525500.0,2885197218.75,1553
