日期,股票代码,名称,收盘价,最高价,最低价,开盘价,前收盘,涨跌额,涨跌幅,换手率,成交量,成交金额,总市值,流通市值,成交笔数
2016-10-12,'300174,元力股份,49.52,49.94,46.0,46.0,46.68,2.84,6.084,2.1268,2892503,139795589.37,6734720000.0,6734720000.0,4372
2016-10-11,'300174,元力股份,46.68,46.79,43.81,43.81,44.0,2.68,6.0909,1.7782,2418354,110390671.53,6348480000.0,6348480000.0,3274
2016-10-10,'300174,元力股份,44.0,44.5,42.55,43.46,42.86,1.14,2.6598,0.9577,1302462,57176029.49,5984000000.0,5984000000.0,1799
2016-09-30,'300174,元力股份,42.86,43.59,42.0,42.0,42.7,0.16,0.3747,0.8886,1208436,51634885.35,5828960000.0,5828960000.0,1440
2016-09-29,'300174,元力股份,42.7,43.48,42.5,42.95,43.1,-0.4,-0.9281,0.8691,1182021,50642263.12,5807200000.0,5807200000.0,1542
2016-09-28,'300174,元力股份,43.1,44.0,42.35,42.35,42.53,0.57,1.3402,1.3687,1861409,80920068.48,5861600000.0,5861600000.0,2750
2016-09-27,'300174,元力股份,42.53,43.09,40.61,41.48,41.7,0.83,1.9904,1.0013,1361701,57533838.64,5784080000.0,5784080000.0,1933
2016-09-26,'300174,元力股份,41.7,42.5,41.5,42.39,41.5,0.2,0.4819,1.2696,1726702,72382498.98,5671200000.0,5671200000.0,2112
2016-09-23,'300174,元力股份,41.5,44.66,41.38,44.66,44.7,-3.2,-7.1588,1.7411,2367858,101506948.59,5644000000.0,5644000000.0,3750
2016-09-22,'300174,元力股份,44.7,44.88,41.13,41.95,41.4,3.3,7.971,1.8571,2525588,107797864.95,6079200000.0,6079200000.0,3809
2016-09-21,'300174,元力股份,41.4,42.86,41.3,42.86,42.0,-0.6,-1.4286,1.1715,1593298,66767850.72,5630400000.0,5630400000.0,2401
2016-09-20,'300174,元力股份,42.0,43.92,42.0,43.45,43.62,-1.62,-3.7139,1.3477,1832843,78003816.98,5712000000.0,5712000000.0,2957
2016-09-19,'300174,元力股份,43.62,44.58,42.5,44.1,44.02,-0.4,-0.9087,1.1622,1580539,68612415.59,5932320000.0,5932320000.0,2755
2016-09-14,'300174,元力股份,44.02,45.99,43.0,43.2,44.63,-0.61,-1.3668,2.2994,3127211,138834487.04,5986720000.0,5986720000.0,4964
2016-09-13,'300174,元力股份,44.63,44.96,40.16,41.88,41.02,3.61,8.8006,2.7848,3787358,159387936.57,6069680000.0,6069680000.0,5327
2016-09-12,'300174,元力股份,41.02,45.83,41.02,43.37,44.99,-3.97,-8.8242,2.6217,3565516,155549530.62,5578720000.0,5578720000.0,5647
2016-09-09,'300174,元力股份,44.99,46.98,42.0,42.8,43.8,1.19,2.7169,2.6716,3633364,163086775.91,6118640000.0,6118640000.0,6284
2016-09-08,'300174,元力股份,43.8,43.8,39.51,39.51,39.9,3.9,9.7744,1.9858,2700690,111622423.46,5956800000.0,5956800000.0,3838
2016-09-07,'300174,元力股份,39.9,40.98,39.1,39.75,39.9,0.0,0.0,1.4986,2038051,81330730.91,5426400000.0,5426400000.0,2845
2016-09-06,'300174,元力股份,39.9,40.98,38.5,38.8,39.12,0.78,1.9939,1.9126,2601198,104360343.09,5426400000.0,5426400000.0,4121
2016-09-05,'300174,元力股份,39.12,39.99,36.51,36.9,36.99,2.13,5.7583,2.2739,3092533,119015616.53,5320320000.0,5320320000.0,4286
2016-09-02,'300174,元力股份,36.99,37.38,35.21,35.7,35.19,1.8,5.1151,1.918,2608493,94553220.51,5030640000.0,5030640000.0,3064
2016-09-01,'300174,元力股份,35.19,37.2,35.19,36.0,36.0,-0.81,-2.25,0.9443,1284255,46203888.53,4785840000.0,4785840000.0,1742
2016-08-31,'300174,元力股份,36.0,36.98,35.23,36.6,36.08,-0.08,-0.2217,1.4504,1972539,70951787.45,4896000000.0,4896000000.0,2917
2016-08-30,'300174,元力股份,36.08,38.15,36.0,37.8,37.41,-1.33,-3.5552,1.6182,2200799,80576365.07,4906880000.0,4906880000.0,3729
2016-08-29,'300174,元力股份,37.41,39.06,36.8,37.15,38.0,-0.59,-1.5526,2.7216,3701409,140241348.93,5087760000.0,5087760000.0,5341
2016-08-26,'300174,元力股份,38.0,39.27,35.35,35.68,35.7,2.3,6.4426,2.7599,3753475,140520593.11,5168000000.0,5168000000.0,4686
2016-08-25,'300174,元力股份,35.7,35.7,33.01,33.26,33.75,1.95,5.7778,1.8066,2456988,84767599.75,4855200000.0,4855200000.0,3193
2016-08-24,'300174,元力股份,33.75,34.04,33.01,33.4,34.09,-0.34,-0.9974,2.3217,3157563,106249478.33,4590000000.0,4590000000.0,3599
2016-08-23,'300174,元力股份,34.09,34.68,32.33,34.5,32.31,1.78,5.5091,4.494,6111897,206504973.74,4636240000.0,4636240000.0,4748
2016-08-22,'300174,元力股份,32.31,32.58,31.03,31.4,31.59,0.72,2.2792,1.494,2031821,64728545.39,4394160000.0,4394160000.0,2178
2016-08-19,'300174,元力股份,31.59,31.99,30.91,31.08,31.04,0.55,1.7719,1.2949,1761030,55629697.41,4296240000.0,4296240000.0,2143
2016-08-18,'300174,元力股份,31.04,31.71,30.55,30.94,30.72,0.32,1.0417,1.5502,2108268,65529562.2,4221440000.0,4221440000.0,2661
2016-08-17,'300174,元力股份,30.72,31.49,28.6,28.75,28.83,1.89,6.5557,2.6264,3571837,108337994.35,4177920000.0,4177920000.0,4403
2016-08-16,'300174,元力股份,28.83,29.42,28.6,29.21,29.13,-0.3,-1.0299,1.6429,2234359,64652926.51,3920880000.0,3920880000.0,2336
2016-08-15,'300174,元力股份,29.13,29.64,28.6,28.84,28.57,0.56,1.9601,2.1436,2915299,85164142.03,3961680000.0,3961680000.0,3379
2016-08-12,'300174,元力股份,28.57,28.9,28.1,28.1,28.32,0.25,0.8828,1.0681,1452617,41420081.81,3885520000.0,3885520000.0,1773
2016-08-11,'300174,元力股份,28.32,29.13,28.2,28.74,28.72,-0.4,-1.3928,1.1001,1496073,42733110.1,3851520000.0,3851520000.0,1671
2016-08-10,'300174,元力股份,28.72,29.82,28.68,29.82,29.54,-0.82,-2.7759,1.522,2069912,60190455.91,3905920000.0,3905920000.0,2451
2016-08-09,'300174,元力股份,29.54,29.87,28.88,29.81,29.54,0.0,0.0,2.5506,3468816,101564306.67,4017440000.0,4017440000.0,3546
2016-08-08,'300174,元力股份,29.54,30.0,28.16,28.17,28.28,1.26,4.4554,4.0297,5480434,160975782.14,4017440000.0,4017440000.0,5897
2016-08-05,'300174,元力股份,28.28,29.49,27.1,27.41,27.5,0.78,2.8364,3.6322,4939778,140496040.6,3846080000.0,3846080000.0,5923
2016-08-04,'300174,元力股份,27.5,27.93,26.91,27.5,27.6,-0.1,-0.3623,1.7025,2315400,63508206.04,3740000000.0,3740000000.0,2973
2016-08-03,'300174,元力股份,27.6,28.48,26.51,26.51,26.78,0.82,3.062,4.1391,5629220,155113516.7,3753600000.0,3753600000.0,5829
2016-08-02,'300174,元力股份,26.78,26.99,26.31,26.5,26.62,0.16,0.6011,1.4344,1950774,52104763.96,3642080000.0,3642080000.0,2262
2016-08-01,'300174,元力股份,26.62,26.62,25.51,26.24,26.02,0.6,2.3059,1.7201,2339310,61095424.97,3620320000.0,3620320000.0,2210
2016-07-29,'300174,元力股份,26.02,26.25,25.59,25.6,25.67,0.35,1.3635,1.2772,1736954,44996918.58,3538720000.0,3538720000.0,1768
2016-07-28,'300174,元力股份,25.67,26.3,25.03,25.51,25.67,0.0,0.0,2.1525,2927366,75362234.0,3491120000.0,3491120000.0,2299
2016-07-27,'300174,元力股份,25.67,26.95,25.0,26.32,26.32,-0.65,-2.4696,2.9591,4024335,105074781.54,3491120000.0,3491120000.0,3744
2016-07-26,'300174,元力股份,26.32,26.75,25.8,25.81,25.81,0.51,1.976,1.1396,1549841,40843425.91,3579520000.0,3579520000.0,1845
2016-07-25,'300174,元力股份,25.81,26.45,25.68,25.68,26.02,-0.21,-0.8071,1.0461,1422718,36887316.86,3510160000.0,3510160000.0,1763
2016-07-22,'300174,元力股份,26.02,26.97,26.0,26.96,27.2,-1.18,-4.3382,2.0969,2851720,75058174.61,3538720000.0,3538720000.0,3351
2016-07-21,'300174,元力股份,27.2,27.48,26.71,26.71,26.89,0.31,1.1528,1.9909,2707677,73527558.33,3699200000.0,3699200000.0,3131
2016-07-20,'300174,元力股份,26.89,27.29,26.62,27.29,27.19,-0.3,-1.1033,1.6276,2213552,59560592.23,3657040000.0,3657040000.0,2788
2016-07-19,'300174,元力股份,27.19,27.45,26.11,26.11,26.3,0.89,3.384,3.1953,4345623,116687468.27,3697840000.0,3697840000.0,4789
2016-07-18,'300174,元力股份,26.3,26.67,25.9,26.27,26.1,0.2,0.7663,1.9172,2607348,68667576.78,3576800000.0,3576800000.0,3152
2016-07-15,'300174,元力股份,26.1,26.54,25.35,26.36,26.35,-0.25,-0.9488,2.2469,3055814,78859404.43,3549600000.0,3549600000.0,4317
2016-07-14,'300174,元力股份,26.35,26.72,26.14,26.4,26.6,-0.25,-0.9398,2.3854,3244198,85739814.07,3583600000.0,3583600000.0,3610
2016-07-13,'300174,元力股份,26.6,26.7,25.37,25.79,25.63,0.97,3.7846,3.9796,5412316,141244621.3,3617600000.0,3617600000.0,6250
2016-07-12,'300174,元力股份,25.63,26.05,24.6,26.0,26.02,-0.39,-1.4988,5.0068,6809248,172048838.93,3485680000.0,3485680000.0,7811
2016-07-11,'300174,元力股份,26.02,27.5,25.78,27.49,26.61,-0.59,-2.2172,7.3481,9993400,265937545.21,3538720000.0,3538720000.0,11540
2016-07-08,'300174,元力股份,26.61,26.61,25.11,25.11,24.19,2.42,10.0041,3.0136,4098445,107877139.2,3618960000.0,3618960000.0,2858
2016-07-07,'300174,元力股份,24.19,24.2,23.63,23.88,23.85,0.34,1.4256,1.7699,2407112,57587912.7,3289840000.0,3289840000.0,2797
2016-07-06,'300174,元力股份,23.85,23.96,23.35,23.82,23.96,-0.11,-0.4591,2.0215,2749274,65131579.57,3243600000.0,3243600000.0,2869
2016-07-05,'300174,元力股份,23.96,24.49,23.75,24.49,24.3,-0.34,-1.3992,2.0729,2819151,67620373.34,3258560000.0,3258560000.0,3287
2016-07-04,'300174,元力股份,24.3,24.44,23.2,23.2,23.81,0.49,2.058,2.1336,2901640,70297317.24,3304800000.0,3304800000.0,3042
2016-07-01,'300174,元力股份,23.81,24.3,23.76,24.15,24.24,-0.43,-1.7739,1.7433,2370861,56836699.37,3238160000.0,3238160000.0,2644
2016-06-30,'300174,元力股份,24.24,24.6,24.01,24.44,24.44,-0.2,-0.8183,1.7749,2413924,58539163.89,3296640000.0,3296640000.0,2582
2016-06-29,'300174,元力股份,24.44,24.98,24.4,24.96,24.77,-0.33,-1.3323,2.5994,3535220,86869692.59,3323840000.0,3323840000.0,3610
2016-06-28,'300174,元力股份,24.77,24.98,23.52,23.82,23.97,0.8,3.3375,3.2275,4389337,107284374.71,3368720000.0,3368720000.0,4874
2016-06-27,'300174,元力股份,23.97,24.05,23.03,23.35,23.76,0.21,0.8838,2.865,3896377,91987825.64,3259920000.0,3259920000.0,4525
2016-06-24,'300174,元力股份,23.76,24.58,22.62,24.29,24.47,-0.71,-2.9015,3.3885,4608333,109488180.78,3231360000.0,3231360000.0,5475
2016-06-23,'300174,元力股份,24.47,25.17,24.02,24.9,24.93,-0.46,-1.8452,2.2399,3046264,74770606.6,3327920000.0,3327920000.0,3774
2016-06-22,'300174,元力股份,24.93,24.95,24.05,24.35,24.3,0.63,2.5926,2.3266,3164238,77625608.16,3390480000.0,3390480000.0,3944
2016-06-21,'300174,元力股份,24.3,25.78,23.5,25.5,25.33,-1.03,-4.0663,3.7647,5119951,127853407.43,3304800000.0,3304800000.0,6259
2016-06-20,'300174,元力股份,25.33,25.99,25.1,25.86,25.67,-0.34,-1.3245,4.3994,5983181,152252786.33,3444880000.0,3444880000.0,6877
2016-06-17,'300174,元力股份,25.67,26.19,23.88,23.89,23.87,1.8,7.5408,6.1741,8396732,211136339.23,3491120000.0,3491120000.0,9714
2016-06-16,'300174,元力股份,23.87,24.76,23.8,24.3,24.2,-0.33,-1.3636,3.31,4501621,109040981.91,3246320000.0,3246320000.0,5123
2016-06-15,'300174,元力股份,24.2,24.4,23.0,23.1,23.41,0.79,3.3746,4.6485,6321996,152294885.19,3291200000.0,3291200000.0,6251
2016-06-14,'300174,元力股份,23.41,23.5,22.51,22.51,22.89,0.52,2.2717,2.9363,3993409,92493941.76,3183760000.0,3183760000.0,5120
2016-06-13,'300174,元力股份,22.89,24.43,22.8,23.35,23.78,-0.89,-3.7426,3.2264,4387887,103856585.79,3113040000.0,3113040000.0,5508
2016-06-08,'300174,元力股份,23.78,24.54,23.78,24.54,24.27,-0.49,-2.019,2.2226,3022733,72829392.11,3234080000.0,3234080000.0,3937
2016-06-07,'300174,元力股份,24.27,24.82,24.03,24.75,24.23,0.04,0.1651,1.9619,2668167,64879665.41,3300720000.0,3300720000.0,3726
2016-06-06,'300174,元力股份,24.23,24.51,23.56,24.03,24.03,0.2,0.8323,3.3493,4555031,109970148.52,3295280000.0,3295280000.0,5441
2016-06-03,'300174,元力股份,24.03,24.88,24.02,24.63,24.98,-0.95,-3.803,3.6032,4900329,119474090.27,3268080000.0,3268080000.0,6664
2016-06-02,'300174,元力股份,24.98,25.0,24.1,24.68,24.85,0.13,0.5231,5.1243,6969089,170295223.31,3397280000.0,3397280000.0,8487
2016-06-01,'300174,元力股份,24.85,25.18,24.65,25.05,25.28,-0.43,-1.7009,4.8261,6563521,163355161.15,3379600000.0,3379600000.0,7668
2016-05-31,'300174,元力股份,25.28,25.28,23.05,23.1,22.99,2.29,9.9609,5.9932,8150743,200270887.17,3438080000.0,3438080000.0,8503
2016-05-30,'300174,元力股份,22.99,23.61,22.8,23.38,23.7,-0.71,-2.9958,3.6541,4969611,114586491.5,3126640000.0,3126640000.0,6746
2016-05-27,'300174,元力股份,23.7,24.28,22.21,22.5,22.43,1.27,5.6621,4.9279,6701933,157125684.13,3223200000.0,3223200000.0,8204
2016-05-26,'300174,元力股份,22.43,23.74,21.62,21.8,21.58,0.85,3.9388,5.391,7331825,164413229.77,3050480000.0,3050480000.0,8428
2016-05-25,'300174,元力股份,21.58,21.8,21.12,21.4,21.39,0.19,0.8883,2.0394,2773534,59620861.79,2934880000.0,2934880000.0,4081
2016-05-24,'300174,元力股份,21.49,21.79,21.26,21.4,21.4,0.09,0.4206,2.6269,3572579,76720140.94,2922640000.0,2922640000.0,4621
2016-05-23,'300174,元力股份,21.4,22.01,20.05,20.19,20.02,1.38,6.8931,3.3648,4576175,95387837.89,2910400000.0,2910400000.0,4333
2016-05-20,'300174,元力股份,20.02,20.03,19.16,19.16,19.48,0.54,2.7721,1.5892,2161267,42692534.51,2722720000.0,2722720000.0,2840
2016-05-19,'300174,元力股份,19.48,19.86,19.23,19.23,19.26,0.22,1.1423,1.5948,2168940,42633350.83,2649280000.0,2649280000.0,2621
2016-05-18,'300174,元力股份,19.26,19.94,19.01,19.94,19.88,-0.62,-3.1187,1.3055,1775493,34340781.5,2619360000.0,2619360000.0,2599
2016-05-17,'300174,元力股份,19.88,20.19,19.6,19.95,19.77,0.11,0.5564,1.3505,1836717,36452152.76,2703680000.0,2703680000.0,2393
2016-05-16,'300174,元力股份,19.77,19.97,18.81,18.99,18.91,0.86,4.5479,1.431,1946157,37739444.62,2688720000.0,2688720000.0,2101
2016-05-13,'300174,元力股份,18.91,19.4,18.7,19.15,19.15,-0.24,-1.2533,1.0058,1367913,26049488.97,2571760000.0,2571760000.0,1954
2016-05-12,'300174,元力股份,19.15,19.47,18.21,18.8,19.13,0.02,0.1045,1.2209,1660399,31373843.17,2604400000.0,2604400000.0,1942
2016-05-11,'300174,元力股份,19.13,19.91,19.02,19.88,19.67,-0.54,-2.7453,1.0151,1380596,26773478.29,2601680000.0,2601680000.0,1739
2016-05-10,'300174,元力股份,19.67,19.92,19.51,19.53,19.58,0.09,0.4597,0.8554,1163315,22925173.53,2675120000.0,2675120000.0,1548
2016-05-09,'300174,元力股份,19.58,20.39,19.45,20.37,20.66,-1.08,-5.2275,2.0166,2742547,54793477.11,2662880000.0,2662880000.0,3960
2016-05-06,'300174,元力股份,20.66,22.45,20.55,22.28,22.19,-1.53,-6.895,2.6768,3640449,77953542.93,2809760000.0,2809760000.0,4514
2016-05-05,'300174,元力股份,22.19,22.29,21.77,21.9,21.93,0.26,1.1856,1.143,1554513,34280049.18,3017840000.0,3017840000.0,1835
2016-05-04,'300174,元力股份,21.93,22.39,21.81,22.03,22.06,-0.13,-0.5893,1.7305,2353501,52164166.6,2982480000.0,2982480000.0,3091
2016-05-03,'300174,元力股份,22.06,22.2,21.2,21.2,21.08,0.98,4.649,2.3333,3173318,68961703.54,3000160000.0,3000160000.0,4226
2016-04-29,'300174,元力股份,21.08,21.23,20.38,20.76,20.87,0.21,1.0062,1.1033,1500431,31481580.99,2866880000.0,2866880000.0,1558
2016-04-28,'300174,元力股份,20.87,21.08,20.0,20.97,20.81,0.06,0.2883,1.131,1538132,31762473.81,2838320000.0,2838320000.0,2470
2016-04-27,'300174,元力股份,20.81,21.37,20.72,21.16,21.16,-0.35,-1.6541,1.4263,1939733,40895177.98,2830160000.0,2830160000.0,2552
2016-04-26,'300174,元力股份,21.16,21.22,20.39,20.52,20.52,0.64,3.1189,1.5726,2138758,44255864.31,2877760000.0,2877760000.0,2192
2016-04-25,'300174,元力股份,20.52,20.6,19.82,20.14,20.26,0.26,1.2833,1.5211,2068728,41990618.63,2790720000.0,2790720000.0,2113
2016-04-22,'300174,元力股份,20.26,20.28,19.71,19.9,20.0,0.26,1.3,1.1334,1541389,31019077.69,2755360000.0,2755360000.0,2263
2016-04-21,'300174,元力股份,20.0,20.62,19.81,20.1,20.38,-0.38,-1.8646,2.0885,2840331,57795474.77,2720000000.0,2720000000.0,3308
2016-04-20,'300174,元力股份,20.38,22.49,20.05,22.28,22.28,-1.9,-8.5278,3.7363,5081388,106376759.62,2771680000.0,2771680000.0,6154
2016-04-19,'300174,元力股份,22.28,23.0,21.95,22.58,22.51,-0.23,-1.0218,2.1729,2955120,66028754.68,3030080000.0,3030080000.0,2787
2016-04-18,'300174,元力股份,22.51,22.84,22.2,22.84,23.11,-0.6,-2.5963,2.0377,2771272,62399479.61,3061360000.0,3061360000.0,3555
2016-04-15,'300174,元力股份,23.11,23.14,22.26,22.5,22.59,0.52,2.3019,2.8155,3829087,86949529.05,3142960000.0,3142960000.0,4310
2016-04-14,'300174,元力股份,22.59,22.77,21.8,22.6,22.49,0.1,0.4446,2.6057,3543744,78877525.88,3072240000.0,3072240000.0,4261
2016-04-13,'300174,元力股份,22.49,22.78,22.1,22.39,22.19,0.3,1.352,2.8843,3922638,88379325.98,3058640000.0,3058640000.0,3792
2016-04-12,'300174,元力股份,22.19,23.32,21.91,23.32,23.16,-0.97,-4.1883,2.9093,3956677,88411179.15,3017840000.0,3017840000.0,5203
2016-04-11,'300174,元力股份,23.16,25.04,22.51,22.54,22.76,0.4,1.7575,3.3932,4614768,108103631.45,3149760000.0,3149760000.0,5734
2016-04-08,'300174,元力股份,22.76,23.4,22.02,22.21,22.6,0.16,0.708,4.0763,5543721,125641958.21,3095360000.0,3095360000.0,5790
2016-04-07,'300174,元力股份,22.6,23.8,21.51,22.28,22.29,0.31,1.3908,4.1563,5652596,125761796.21,3073600000.0,3073600000.0,5547
2016-04-06,'300174,元力股份,22.29,22.44,21.9,22.01,22.75,-0.46,-2.022,4.4156,6005265,132701466.92,3031440000.0,3031440000.0,5551
2016-04-05,'300174,元力股份,22.75,23.0,20.81,20.83,21.07,1.68,7.9734,4.3223,5878299,126803005.54,3094000000.0,3094000000.0,5498
2016-04-01,'300174,元力股份,21.07,21.64,20.5,21.64,21.64,-0.57,-2.634,3.6817,5007115,105286628.03,2865520000.0,2865520000.0,4591
2016-03-31,'300174,元力股份,21.64,21.69,20.4,20.69,20.5,1.14,5.561,4.0565,5516786,116227229.66,2943040000.0,2943040000.0,5025
2016-03-30,'300174,元力股份,20.5,20.5,19.41,19.55,19.4,1.1,5.6701,3.0837,4193798,83888806.76,2788000000.0,2788000000.0,4016
2016-03-29,'300174,元力股份,19.4,19.82,19.0,19.73,19.62,-0.22,-1.1213,2.3457,3190149,61961639.33,2638400000.0,2638400000.0,3635
2016-03-28,'300174,元力股份,19.62,20.7,19.3,19.83,19.61,0.01,0.051,3.3178,4512216,90713139.4,2668320000.0,2668320000.0,4563
2016-03-25,'300174,元力股份,19.61,19.64,19.18,19.18,19.18,0.43,2.2419,1.7576,2390390,46424944.23,2666960000.0,2666960000.0,2618
2016-03-24,'300174,元力股份,19.18,20.1,19.11,19.8,20.13,-0.95,-4.7193,2.6111,3551088,70002245.37,2608480000.0,2608480000.0,3510
2016-03-23,'300174,元力股份,20.13,20.3,19.56,20.0,20.0,0.13,0.65,2.2832,3105218,61924217.82,2737680000.0,2737680000.0,3549
2016-03-22,'300174,元力股份,20.0,20.4,19.8,20.02,20.23,-0.23,-1.1369,2.4102,3277813,65692798.73,2720000000.0,2720000000.0,2763
2016-03-21,'300174,元力股份,20.23,20.35,19.52,19.8,19.66,0.57,2.8993,2.911,3958977,78488080.66,2751280000.0,2751280000.0,3800
2016-03-18,'300174,元力股份,19.66,19.68,18.54,18.82,18.75,0.91,4.8533,3.4808,4733852,90805511.97,2673760000.0,2673760000.0,4053
2016-03-17,'300174,元力股份,18.75,18.79,17.6,17.61,17.6,1.15,6.5341,3.012,4096375,74988555.1,2550000000.0,2550000000.0,5177
2016-03-16,'300174,元力股份,17.6,18.69,17.5,18.2,17.9,-0.3,-1.676,1.9072,2593731,46627962.59,2393600000.0,2393600000.0,2262
2016-03-15,'300174,元力股份,17.9,18.3,17.68,18.16,18.16,-0.26,-1.4317,1.9543,2657824,47671380.76,2434400000.0,2434400000.0,3091
2016-03-14,'300174,元力股份,18.16,18.5,17.54,17.54,17.26,0.9,5.2144,2.4165,3286444,59481161.51,2469760000.0,2469760000.0,2715
2016-03-11,'300174,元力股份,17.26,17.5,16.8,17.16,17.28,-0.02,-0.1157,1.1372,1546593,26532118.14,2347360000.0,2347360000.0,2724
2016-03-10,'300174,元力股份,17.28,17.99,17.1,17.53,17.75,-0.47,-2.6479,1.3864,1885535,33058326.46,2350080000.0,2350080000.0,2233
2016-03-09,'300174,元力股份,17.75,18.25,17.61,17.8,18.25,-0.5,-2.7397,1.7198,2338977,41830892.29,2414000000.0,2414000000.0,2315
2016-03-08,'300174,元力股份,18.25,18.3,16.5,17.5,17.5,0.75,4.2857,2.2471,3056090,53417537.16,2482000000.0,2482000000.0,2866
2016-03-07,'300174,元力股份,17.5,17.92,16.98,16.98,16.81,0.69,4.1047,2.024,2752614,48394998.22,2380000000.0,2380000000.0,3428
2016-03-04,'300174,元力股份,16.81,18.17,16.3,17.8,17.9,-1.09,-6.0894,2.2797,3100443,53713910.25,2286160000.0,2286160000.0,4290
2016-03-03,'300174,元力股份,17.9,18.75,17.88,18.18,17.94,-0.04,-0.223,2.3844,3242817,59365407.04,2434400000.0,2434400000.0,3189
2016-03-02,'300174,元力股份,17.94,18.08,16.93,17.19,16.98,0.96,5.6537,2.1807,2965686,51745409.77,2439840000.0,2439840000.0,3325
2016-03-01,'300174,元力股份,16.98,17.18,16.0,16.24,16.19,0.79,4.8796,2.0726,2818699,46581335.65,2309280000.0,2309280000.0,2950
2016-02-29,'300174,元力股份,16.19,17.99,16.17,17.99,17.97,-1.78,-9.9054,2.5021,3402897,56188517.97,2201840000.0,2201840000.0,3232
2016-02-26,'300174,元力股份,17.97,18.79,17.41,18.51,18.51,-0.54,-2.9173,2.4099,3277471,59400046.59,2443920000.0,2443920000.0,4115
2016-02-25,'300174,元力股份,18.51,20.49,18.51,20.38,20.57,-2.06,-10.0146,3.539,4813031,93906502.79,2517360000.0,2517360000.0,5318
2016-02-24,'300174,元力股份,20.57,20.8,19.7,20.59,20.76,-0.19,-0.9152,2.8841,3922392,79726283.31,2797520000.0,2797520000.0,4812
2016-02-23,'300174,元力股份,20.76,20.76,19.83,19.98,19.91,0.85,4.2692,3.3675,4579768,92750342.95,2823360000.0,2823360000.0,5570
2016-02-22,'300174,元力股份,19.91,20.09,19.6,19.89,19.6,0.31,1.5816,2.621,3564618,70638112.81,2707760000.0,2707760000.0,3885
2016-02-19,'300174,元力股份,19.6,19.6,18.91,19.05,19.21,0.39,2.0302,2.1259,2891199,55759836.22,2665600000.0,2665600000.0,3675
2016-02-18,'300174,元力股份,19.21,19.87,19.2,19.2,19.13,0.08,0.4182,2.9547,4018344,78432964.85,2612560000.0,2612560000.0,3675
2016-02-17,'300174,元力股份,19.13,19.29,18.53,18.97,18.98,0.15,0.7903,2.6358,3584721,67624536.44,2601680000.0,2601680000.0,3384
2016-02-16,'300174,元力股份,18.98,18.99,17.9,18.06,17.97,1.01,5.6205,2.4875,3382978,62930516.14,2581280000.0,2581280000.0,3382
2016-02-15,'300174,元力股份,17.97,18.16,16.92,17.47,18.34,-0.37,-2.0174,2.3287,3166970,55586833.97,2443920000.0,2443920000.0,3291
2016-02-05,'300174,元力股份,18.34,18.65,18.05,18.29,18.18,0.16,0.8801,2.2266,3028240,55625529.91,2494240000.0,2494240000.0,3307
2016-02-04,'300174,元力股份,18.18,18.46,17.6,17.8,17.59,0.59,3.3542,2.4428,3322249,60309266.02,2472480000.0,2472480000.0,4130
2016-02-03,'300174,元力股份,17.59,17.89,17.03,17.53,17.68,-0.09,-0.509,2.0439,2779696,48304685.59,2392240000.0,2392240000.0,2483
2016-02-02,'300174,元力股份,17.68,17.9,16.56,16.59,16.74,0.94,5.6153,2.6596,3616996,63289947.62,2404480000.0,2404480000.0,3403
2016-02-01,'300174,元力股份,16.74,17.09,15.8,16.56,16.58,0.16,0.965,2.3571,3205664,53703257.91,2276640000.0,2276640000.0,2603
2016-01-29,'300174,元力股份,16.58,16.83,15.56,15.6,15.67,0.91,5.8073,2.632,3579475,58699068.34,2254880000.0,2254880000.0,2950
2016-01-28,'300174,元力股份,15.67,17.23,15.51,17.2,17.2,-1.53,-8.8953,2.7222,3702126,61230531.77,2131120000.0,2131120000.0,3009
2016-01-27,'300174,元力股份,17.2,18.87,17.02,18.87,18.91,-1.71,-9.0428,5.2047,7078442,121798753.09,2339200000.0,2339200000.0,3966
2016-01-26,'300174,元力股份,18.91,20.71,18.91,20.7,21.01,-2.1,-9.9952,2.1616,2939829,57387136.82,2571760000.0,2571760000.0,2880
2016-01-25,'300174,元力股份,21.01,21.37,20.82,21.0,20.97,0.04,0.1907,1.3472,1832207,38746235.73,2857360000.0,2857360000.0,1601
2016-01-22,'300174,元力股份,20.97,21.21,20.05,20.71,20.7,0.27,1.3043,1.637,2226333,46153956.44,2851920000.0,2851920000.0,2356
2016-01-21,'300174,元力股份,20.7,22.26,20.5,21.51,21.8,-1.1,-5.0459,1.8919,2572928,55195868.84,2815200000.0,2815200000.0,2728
2016-01-20,'300174,元力股份,21.8,22.29,21.06,21.48,21.85,-0.05,-0.2288,2.3003,3128408,68231406.88,2964800000.0,2964800000.0,2999
2016-01-19,'300174,元力股份,21.85,22.0,20.35,20.94,20.96,0.89,4.2462,2.5613,3483433,73841188.95,2971600000.0,2971600000.0,3516
2016-01-18,'300174,元力股份,20.96,21.5,20.0,20.96,20.79,0.17,0.8177,2.9798,4052462,85553631.2,2850560000.0,2850560000.0,3889
2016-01-15,'300174,元力股份,20.79,21.01,19.5,19.8,20.26,0.53,2.616,3.0227,4110921,84331048.93,2827440000.0,2827440000.0,4079
2016-01-14,'300174,元力股份,20.26,20.26,16.84,17.86,18.53,1.73,9.3362,3.2725,4450554,83543011.38,2755360000.0,2755360000.0,3692
2016-01-13,'300174,元力股份,18.53,21.0,18.53,20.59,20.59,-2.06,-10.0049,2.2677,3084033,61637118.89,2520080000.0,2520080000.0,2675
2016-01-12,'300174,元力股份,20.59,21.85,19.1,21.85,21.04,-0.45,-2.1388,2.1671,2947201,60294182.11,2800240000.0,2800240000.0,2808
2016-01-11,'300174,元力股份,21.04,23.18,21.04,23.18,23.38,-2.34,-10.0086,2.4331,3308952,71685019.15,2861440000.0,2861440000.0,2482
2016-01-08,'300174,元力股份,23.38,24.95,21.8,23.99,24.16,-0.78,-3.2285,2.7728,3770991,88512073.65,3179680000.0,3179680000.0,3368
2016-01-07,'300174,元力股份,24.16,26.4,24.16,26.14,26.84,-2.68,-9.9851,0.5907,803300,19827032.0,3285760000.0,3285760000.0,836
2016-01-06,'300174,元力股份,26.84,27.2,25.96,26.15,26.12,0.72,2.7565,2.3168,3150820,83866165.6,3650240000.0,3650240000.0,3134
2016-01-05,'300174,元力股份,26.12,27.95,25.92,25.92,28.8,-2.68,-9.3056,4.5188,6145503,162567354.12,3552320000.0,3552320000.0,5228
2016-01-04,'300174,元力股份,28.8,32.0,28.8,32.0,32.0,-3.2,-10.0,2.4111,3279115,96780022.16,3916800000.0,3916800000.0,3700
