日期,股票代码,名称,收盘价,最高价,最低价,开盘价,前收盘,涨跌额,涨跌幅,换手率,成交量,成交金额,总市值,流通市值,成交笔数
2016-10-12,'300115,长盈精密,28.2,28.66,27.88,27.9,28.07,0.13,0.4631,0.3807,3434648,96795255.08,25440008556.6,25440008556.6,3613
2016-10-11,'300115,长盈精密,28.07,28.55,27.86,28.2,28.39,-0.32,-1.1272,0.46,4149788,116723526.8,25322731921.4,25322731921.4,3768
2016-10-10,'300115,长盈精密,28.39,28.9,27.81,28.18,27.79,0.6,2.1591,0.5438,4905908,139247149.19,25611412869.6,25611412869.6,4620
2016-09-30,'300115,长盈精密,27.79,28.32,27.51,27.75,27.75,0.04,0.1441,0.484,4365922,122091960.87,25070136091.8,25070136091.8,4987
2016-09-29,'300115,长盈精密,27.75,28.16,26.56,26.66,26.66,1.09,4.0885,0.885,7983809,219861850.0,25034050973.2,25034050973.2,8498
2016-09-28,'300115,长盈精密,26.66,27.12,26.58,26.99,26.87,-0.21,-0.7815,0.4434,4000076,107206237.76,24050731493.6,24050731493.6,4266
2016-09-27,'300115,长盈精密,26.87,26.88,25.4,26.34,26.45,0.42,1.5879,0.8887,8017560,210198724.94,24240178365.8,24240178365.8,7564
2016-09-26,'300115,长盈精密,26.45,27.53,26.11,27.16,27.17,-0.72,-2.65,0.7029,6341475,170573472.02,23861284621.3,23861284621.3,6412
2016-09-23,'300115,长盈精密,27.17,27.65,27.1,27.41,27.41,-0.24,-0.8756,0.3856,3478400,94930127.2,24510816754.7,24510816754.7,3621
2016-09-22,'300115,长盈精密,27.41,27.88,27.21,27.25,27.08,0.33,1.2186,0.5709,5150396,141534566.55,24727327465.8,24727327465.8,5428
2016-09-21,'300115,长盈精密,27.08,27.55,26.91,27.38,27.47,-0.39,-1.4197,0.6654,6003072,163021006.14,24429625238.0,24429625238.0,5049
2016-09-20,'300115,长盈精密,27.47,28.37,27.31,28.37,28.3,-0.83,-2.9329,0.7779,7017886,193827676.09,24781455143.6,24781455143.6,6102
2016-09-19,'300115,长盈精密,28.3,28.72,27.49,28.12,27.96,0.34,1.216,0.786,7090808,198730367.78,25530221352.9,25530221352.9,7953
2016-09-14,'300115,长盈精密,27.96,28.5,27.4,27.42,27.4,0.56,2.0438,1.01,9111155,254995635.14,25223497845.5,25223497845.5,9245
2016-09-13,'300115,长盈精密,27.4,29.88,26.98,28.41,28.07,-0.67,-2.3869,1.5957,14394954,412003274.92,24718306186.2,24718306186.2,13435
2016-09-12,'300115,长盈精密,28.07,28.99,27.46,28.1,28.7,-0.63,-2.1951,1.199,10816182,305250068.91,25322731921.4,25322731921.4,9300
2016-09-09,'300115,长盈精密,28.7,29.28,27.53,27.53,27.4,1.3,4.7445,1.7597,15875132,454973961.0,25891072538.1,25891072538.1,13164
2016-09-08,'300115,长盈精密,27.4,27.75,26.45,27.1,27.14,0.26,0.958,1.2035,10857395,294182425.75,24718306186.2,24718306186.2,8864
2016-09-07,'300115,长盈精密,27.14,27.39,26.48,26.82,27.04,0.1,0.3698,0.9025,8141935,218935385.67,24483752915.8,24483752915.8,7433
2016-09-06,'300115,长盈精密,27.04,27.1,26.01,26.52,26.71,0.33,1.2355,0.9176,8278110,221043949.48,24393540119.5,24393540119.5,8563
2016-09-05,'300115,长盈精密,26.71,26.9,24.77,24.77,24.74,1.97,7.9628,1.4552,13127876,342881122.86,24095837891.7,24095837891.7,12281
2016-09-02,'300115,长盈精密,24.74,25.84,24.73,25.67,25.54,-0.8,-3.1323,0.9135,8241203,207003583.37,22318645804.6,22318645804.6,8233
2016-09-01,'300115,长盈精密,25.54,26.25,25.48,25.62,25.5,0.04,0.1569,0.8328,7513195,193464780.49,23040348175.0,23040348175.0,6660
2016-08-31,'300115,长盈精密,25.5,26.83,25.24,26.83,26.5,-1.0,-3.7736,1.3938,12573795,322483490.28,23004263056.5,23004263056.5,15965
2016-08-30,'300115,长盈精密,26.5,27.5,26.33,26.49,26.54,-0.04,-0.1507,1.0971,9896920,266335790.72,23906391019.5,23906391019.5,8906
2016-08-29,'300115,长盈精密,26.54,27.45,26.33,26.95,26.99,-0.45,-1.6673,0.9763,8807879,235821342.45,23942476138.0,23942476138.0,7900
2016-08-26,'300115,长盈精密,26.99,27.15,25.57,25.78,25.78,1.21,4.6936,1.4839,13386537,358078466.44,24348433721.4,24348433721.4,8528
2016-08-25,'300115,长盈精密,25.78,25.89,25.08,25.6,25.77,0.01,0.0388,0.8225,7420331,189337673.28,23256858886.1,23256858886.1,8005
2016-08-24,'300115,长盈精密,25.77,26.25,24.38,24.43,24.3,1.47,6.0494,1.2076,10894083,278991757.0,23247837606.5,23247837606.5,8697
2016-08-23,'300115,长盈精密,24.3,24.97,24.2,24.82,24.68,-0.38,-1.5397,0.5778,5212577,127472136.85,21921709500.9,21921709500.9,5920
2016-08-22,'300115,长盈精密,24.68,25.39,24.57,25.1,25.15,-0.47,-1.8688,0.9322,8409696,210341521.9,22264518126.8,22264518126.8,7117
2016-08-19,'300115,长盈精密,25.15,25.37,24.51,25.02,24.82,0.33,1.3296,1.0311,9302267,232483142.1,22688518269.5,22688518269.5,8535
2016-08-18,'300115,长盈精密,24.82,24.95,24.29,24.7,24.58,0.24,0.9764,0.5322,4769818,117059646.3,22245246890.6,22245246890.6,4694
2016-08-17,'300115,长盈精密,24.58,24.97,24.02,24.09,24.08,0.5,2.0764,0.9263,8302305,204166085.62,22030143778.0,22030143778.0,7758
2016-08-16,'300115,长盈精密,24.08,24.4,23.95,24.3,24.45,-0.37,-1.5133,0.8754,7845579,189445001.99,21582012293.5,21582012293.5,6388
2016-08-15,'300115,长盈精密,24.45,24.95,22.97,23.49,23.45,1.0,4.2644,1.2549,11246924,268948882.94,21913629592.0,21913629592.0,9492
2016-08-12,'300115,长盈精密,23.45,24.24,22.7,22.74,22.78,0.67,2.9412,1.1987,10743437,252251147.06,21017366623.0,21017366623.0,9199
2016-08-11,'300115,长盈精密,22.78,23.11,22.61,22.65,22.95,-0.17,-0.7407,0.5077,4549975,104342150.23,20416870433.8,20416870433.8,3817
2016-08-10,'300115,长盈精密,22.95,23.58,22.65,23.11,23.16,-0.21,-0.9067,0.9299,8334431,192171682.45,20569235138.5,20569235138.5,6507
2016-08-09,'300115,长盈精密,23.16,23.35,22.95,23.13,23.15,0.01,0.0432,0.7936,7112471,164579124.5,20757450362.0,20757450362.0,5938
2016-08-08,'300115,长盈精密,23.15,23.15,22.58,22.99,23.13,0.02,0.0865,0.7911,7090178,162285281.14,20748487732.3,20748487732.3,5596
2016-08-05,'300115,长盈精密,23.13,23.24,22.76,23.17,23.16,-0.03,-0.1295,0.9614,8616737,198041908.3,20730562473.0,20730562473.0,7185
2016-08-04,'300115,长盈精密,23.16,23.54,22.22,22.22,22.14,1.02,4.607,2.025,18149720,418636704.33,20757450362.0,20757450362.0,14030
2016-08-03,'300115,长盈精密,22.14,22.16,20.7,20.7,20.79,1.35,6.4935,1.5363,13769341,299228019.05,19843262133.7,19843262133.7,11071
2016-08-02,'300115,长盈精密,20.79,20.85,20.51,20.68,20.75,0.04,0.1928,0.3308,2964676,61399912.82,18633307125.5,18633307125.5,4518
2016-08-01,'300115,长盈精密,20.75,20.75,20.13,20.48,20.51,0.24,1.1702,0.6456,5785946,118424266.49,18597456606.8,18597456606.8,5993
2016-07-29,'300115,长盈精密,20.51,21.15,20.47,21.14,21.21,-0.7,-3.3003,0.9773,8759113,181778352.84,18382353494.2,18382353494.2,7971
2016-07-28,'300115,长盈精密,21.21,21.47,21.02,21.15,21.14,0.07,0.3311,0.9013,8078342,171830398.89,19009737572.5,19009737572.5,6156
2016-07-27,'300115,长盈精密,21.14,22.16,20.89,21.88,21.85,-0.71,-3.2494,1.0264,9199046,197980891.39,18946999164.7,18946999164.7,7613
2016-07-26,'300115,长盈精密,21.85,21.87,21.25,21.3,21.25,0.6,2.8235,0.7835,7022313,152559788.22,19583345872.7,19583345872.7,5933
2016-07-25,'300115,长盈精密,21.25,21.64,21.1,21.28,21.19,0.06,0.2832,0.5106,4576727,97996259.46,19045588091.2,19045588091.2,3505
2016-07-22,'300115,长盈精密,21.19,21.56,21.13,21.5,21.51,-0.32,-1.4877,0.4846,4343198,92553142.53,18991812313.1,18991812313.1,3460
2016-07-21,'300115,长盈精密,21.51,21.64,21.25,21.62,21.51,0.0,0.0,0.8044,7209429,154648455.48,19278616463.2,19278616463.2,4958
2016-07-20,'300115,长盈精密,21.51,21.66,21.4,21.52,21.59,-0.08,-0.3705,0.5066,4540138,97721644.84,19278616463.2,19278616463.2,3955
2016-07-19,'300115,长盈精密,21.59,21.72,21.36,21.51,21.6,-0.01,-0.0463,0.5433,4869221,104950240.65,19350317500.7,19350317500.7,4251
2016-07-18,'300115,长盈精密,21.6,22.0,21.5,21.98,21.95,-0.35,-1.5945,0.7231,6481127,140555456.89,19359280130.4,19359280130.4,6273
2016-07-15,'300115,长盈精密,21.95,22.18,21.7,21.95,21.93,0.02,0.0912,0.704,6309412,138236715.19,19672972169.5,19672972169.5,5194
2016-07-14,'300115,长盈精密,21.93,22.2,21.67,22.06,21.8,0.13,0.5963,1.0581,9483400,208048892.22,19655046910.2,19655046910.2,8702
2016-07-13,'300115,长盈精密,21.8,22.23,20.88,20.88,20.61,1.19,5.7739,1.7624,15795305,341286265.59,19538532724.2,19538532724.2,13199
2016-07-12,'300115,长盈精密,20.61,20.7,20.08,20.4,20.54,0.07,0.3408,0.5751,5154402,105164054.8,18471979791.1,18471979791.1,5897
2016-07-11,'300115,长盈精密,20.54,21.2,20.51,20.7,20.98,-0.44,-2.0972,0.7108,6370497,132149303.49,18409241383.3,18409241383.3,5657
2016-07-08,'300115,长盈精密,20.98,21.24,20.54,20.8,20.81,0.17,0.8169,0.7086,6350596,132726172.5,18803597089.6,18803597089.6,6167
2016-07-07,'300115,长盈精密,20.81,20.97,20.65,20.83,20.87,-0.06,-0.2875,0.5611,5028940,104560211.35,18651232384.9,18651232384.9,4947
2016-07-06,'300115,长盈精密,20.87,21.27,20.8,21.23,21.25,-0.38,-1.7882,0.6958,6236420,130828031.69,18705008163.0,18705008163.0,5153
2016-07-05,'300115,长盈精密,21.25,21.3,20.92,21.12,21.12,0.13,0.6155,0.8828,7911844,167089897.83,19045588091.2,19045588091.2,6605
2016-07-04,'300115,长盈精密,21.12,21.25,20.5,20.7,20.81,0.31,1.4897,0.7737,6934615,145914426.04,18929073905.3,18929073905.3,5993
2016-07-01,'300115,长盈精密,20.81,20.95,20.5,20.59,20.6,0.21,1.0194,0.6316,5660516,117547212.26,18651232384.9,18651232384.9,4420
2016-06-30,'300115,长盈精密,20.6,21.0,20.5,20.92,20.93,-0.33,-1.5767,0.6846,6135878,126990974.87,18463017161.4,18463017161.4,5951
2016-06-29,'300115,长盈精密,20.93,21.19,20.0,21.19,21.0,-0.07,-0.3333,0.6275,5624385,117908794.95,18758783941.2,18758783941.2,5021
2016-06-28,'300115,长盈精密,21.0,21.15,20.51,20.8,20.91,0.09,0.4304,0.7314,6554833,136941637.39,18821522349.0,18821522349.0,5688
2016-06-27,'300115,长盈精密,20.91,21.13,20.3,20.3,20.38,0.53,2.6006,0.5764,5165704,107593599.53,18740858681.8,18740858681.8,4525
2016-06-24,'300115,长盈精密,20.38,21.28,19.71,21.15,21.1,-0.72,-3.4123,0.911,8164821,168046734.18,18265839308.2,18265839308.2,7143
2016-06-23,'300115,长盈精密,21.1,21.7,21.01,21.58,21.58,-0.48,-2.2243,0.6056,5427684,115127653.42,18911148645.9,18911148645.9,4566
2016-06-22,'300115,长盈精密,21.58,21.58,21.0,21.07,21.22,0.36,1.6965,0.5572,4993580,106286529.12,19341354871.0,19341354871.0,4235
2016-06-21,'300115,长盈精密,21.22,21.95,21.1,21.74,21.58,-0.36,-1.6682,0.6199,5555717,119994575.95,19018700202.2,19018700202.2,5324
2016-06-20,'300115,长盈精密,21.58,21.59,21.01,21.22,21.22,0.36,1.6965,0.5478,4909580,104431093.63,19341354871.0,19341354871.0,4204
2016-06-17,'300115,长盈精密,21.22,21.93,21.08,21.65,21.65,-0.43,-1.9861,0.7654,6860322,147704989.72,19018700202.2,19018700202.2,5195
2016-06-16,'300115,长盈精密,21.65,22.09,21.62,21.96,22.0,-0.35,-1.5909,0.7031,6301339,137736995.79,19404093278.8,19404093278.8,5663
2016-06-15,'300115,长盈精密,22.0,22.18,20.76,21.0,21.17,0.83,3.9206,1.0502,9412507,205229756.45,19717785318.0,19717785318.0,6263
2016-06-14,'300115,长盈精密,21.17,21.38,20.73,20.9,20.85,0.32,1.5348,0.474,4248189,89295044.51,18973887053.7,18973887053.7,4131
2016-06-13,'300115,长盈精密,20.85,22.29,20.8,21.97,22.19,-1.34,-6.0388,0.8547,7660110,166072450.69,18687082903.7,18687082903.7,7368
2016-06-08,'300115,长盈精密,22.19,22.5,21.81,21.85,21.92,0.27,1.2318,1.0453,9368949,207505378.43,19888075282.1,19888075282.1,7796
2016-06-07,'300115,长盈精密,21.92,22.1,21.52,21.96,21.9,0.02,0.0913,0.7362,6598204,143954144.51,19646084280.5,19646084280.5,6338
2016-06-06,'300115,长盈精密,21.9,22.86,21.56,22.26,22.53,-0.63,-2.7963,0.9153,8203260,179913044.84,19628159021.1,19628159021.1,6418
2016-06-03,'300115,长盈精密,22.53,22.9,22.32,22.44,22.48,0.05,0.2224,0.9857,8834292,199811765.7,20192804691.6,20192804691.6,6100
2016-06-02,'300115,长盈精密,22.48,22.88,22.26,22.3,22.66,-0.18,-0.7944,1.0925,9792075,220607513.78,20147991543.1,20147991543.1,6746
2016-06-01,'300115,长盈精密,22.66,23.18,21.61,21.89,21.76,0.9,4.136,2.0556,18423142,416623456.08,20309318877.5,20309318877.5,10582
2016-05-31,'300115,长盈精密,21.76,21.78,20.6,20.86,20.7,1.06,5.1208,1.2821,11490825,245048402.74,19502682205.4,19502682205.4,8141
2016-05-30,'300115,长盈精密,20.7,20.99,19.8,20.0,20.2,0.5,2.4752,0.8821,7906037,163002329.44,18552643458.3,18552643458.3,6130
2016-05-27,'300115,长盈精密,20.2,20.5,19.58,19.98,20.1,0.1,0.4975,0.7375,6610037,132471846.48,18104511973.8,18104511973.8,5100
2016-05-26,'300115,长盈精密,20.1,20.74,19.5,20.65,20.51,-0.41,-1.999,0.7693,6895056,137150227.03,18014885676.9,18014885676.9,6255
2016-05-25,'300115,长盈精密,20.51,21.32,20.41,21.05,20.73,-0.22,-1.0613,0.6309,5654753,117892704.38,18382353494.2,18382353494.2,5986
2016-05-24,'300115,长盈精密,20.73,21.23,20.41,21.0,20.92,-0.19,-0.9082,0.6636,5947520,124137995.32,18579531347.4,18579531347.4,6675
2016-05-23,'300115,长盈精密,33.77,34.31,33.0,33.1,32.9,0.87,2.6444,1.017,5697070,192182297.05,18916750302.1,18916750302.1,6842
2016-05-20,'300115,长盈精密,32.9,33.06,31.65,32.19,32.41,0.49,1.5119,0.6982,3910827,126838482.4,18429407312.4,18429407312.4,3732
2016-05-19,'300115,长盈精密,32.41,33.4,32.16,32.61,32.54,-0.13,-0.3995,0.6034,3380071,110809545.06,18154926778.0,18154926778.0,3659
2016-05-18,'300115,长盈精密,32.54,33.79,32.01,33.53,33.29,-0.75,-2.2529,0.7679,4301615,141049836.78,18227748144.2,18227748144.2,5399
2016-05-17,'300115,长盈精密,33.29,34.0,32.96,33.4,33.45,-0.16,-0.4783,0.7589,4251024,142471492.87,18647871411.2,18647871411.2,4788
2016-05-16,'300115,长盈精密,33.45,33.52,31.58,32.59,32.66,0.79,2.4189,0.7936,4445609,144617078.77,18737497708.2,18737497708.2,4709
2016-05-13,'300115,长盈精密,32.66,33.92,32.0,32.74,32.74,-0.08,-0.2443,0.5998,3360129,111644861.33,18294967867.0,18294967867.0,4088
2016-05-12,'300115,长盈精密,32.74,33.08,31.5,32.48,32.71,0.03,0.0917,0.5363,3004132,97392873.88,18339781015.4,18339781015.4,3595
2016-05-11,'300115,长盈精密,32.71,33.12,31.6,31.99,31.89,0.82,2.5713,0.9707,5437306,177211409.02,18322976084.8,18322976084.8,9345
2016-05-10,'300115,长盈精密,31.89,32.21,31.0,31.78,31.88,0.01,0.0314,0.5652,3165982,100772626.05,17863641312.8,17863641312.8,3491
2016-05-09,'300115,长盈精密,31.88,31.88,30.33,31.51,32.0,-0.12,-0.375,0.9098,5096170,159927690.99,17858039669.3,17858039669.3,9241
2016-05-06,'300115,长盈精密,32.0,33.79,31.57,33.54,33.64,-1.64,-4.8751,1.1834,6628982,214595214.6,17925259392.0,17925259392.0,8195
2016-05-05,'300115,长盈精密,33.64,33.8,33.2,33.48,33.62,0.02,0.0595,0.5161,2890936,96752001.72,18843928935.8,18843928935.8,3628
2016-05-04,'300115,长盈精密,33.62,34.2,32.9,32.9,33.05,0.57,1.7247,1.2227,6848854,231451414.07,18832725648.7,18832725648.7,7904
2016-05-03,'300115,长盈精密,33.05,33.49,31.57,31.57,31.61,1.44,4.5555,1.2815,7178664,236508975.59,18513431965.8,18513431965.8,8472
2016-04-29,'300115,长盈精密,31.61,32.59,31.36,31.4,31.88,-0.27,-0.8469,0.7724,4326894,138888015.67,17706795293.2,17706795293.2,4683
2016-04-28,'300115,长盈精密,31.88,31.95,31.03,31.5,31.59,0.29,0.918,0.744,4167893,131256187.45,17858039669.3,17858039669.3,4283
2016-04-27,'300115,长盈精密,31.59,32.15,29.89,29.92,29.8,1.79,6.0067,1.9523,10935904,342834591.19,17695592006.0,17695592006.0,10027
2016-04-26,'300115,长盈精密,29.8,30.0,29.11,29.5,29.36,0.44,1.4986,0.6145,3442359,101876884.91,16692897808.8,16692897808.8,3570
2016-04-25,'300115,长盈精密,29.36,30.18,28.82,30.0,30.1,-0.74,-2.4585,0.8199,4593025,134830660.37,16446425492.2,16446425492.2,4600
2016-04-22,'300115,长盈精密,30.1,30.37,29.5,29.58,29.83,0.27,0.9051,0.8211,4599601,138230006.09,16860947115.6,16860947115.6,3233
2016-04-21,'300115,长盈精密,29.83,30.77,29.73,30.0,29.8,0.03,0.1007,1.0949,6133311,185709736.43,16709702739.5,16709702739.5,5116
2016-04-20,'300115,长盈精密,29.8,32.15,29.1,31.89,31.91,-2.11,-6.6123,1.4159,7931617,240053785.46,16692897808.8,16692897808.8,7753
2016-04-19,'300115,长盈精密,31.91,32.1,31.16,31.4,31.28,0.63,2.0141,0.9674,5419069,171175571.65,17874844600.0,17874844600.0,4969
2016-04-18,'300115,长盈精密,31.28,31.6,30.52,31.35,31.79,-0.51,-1.6043,1.0049,5628858,174606527.44,17521941055.7,17521941055.7,5036
2016-04-15,'300115,长盈精密,31.79,32.49,29.92,30.53,30.5,1.29,4.2295,1.7539,9824835,308888499.64,17807624877.2,17807624877.2,8722
2016-04-14,'300115,长盈精密,30.5,30.5,29.8,30.48,30.29,0.21,0.6933,0.7658,4289848,129623251.91,17085012858.0,17085012858.0,4524
2016-04-13,'300115,长盈精密,30.29,30.89,28.77,28.77,28.52,1.77,6.2062,1.693,9483345,283713704.44,16967378343.2,16967378343.2,9076
2016-04-12,'300115,长盈精密,28.52,29.15,28.18,29.0,29.0,-0.48,-1.6552,0.609,3411558,97313597.47,15975887433.1,15975887433.1,3584
2016-04-11,'300115,长盈精密,29.0,29.3,28.45,28.49,28.3,0.7,2.4735,0.7702,4314371,125066838.97,16244766324.0,16244766324.0,4431
2016-04-08,'300115,长盈精密,28.3,28.8,27.8,28.79,28.91,-0.61,-2.11,1.0756,5597387,157789788.77,15852651274.8,14727470556.0,5698
2016-04-07,'300115,长盈精密,28.91,29.79,28.91,29.77,29.41,-0.5,-1.7001,1.031,5365393,157067297.01,16194351532.0,15044917801.2,4671
2016-04-06,'300115,长盈精密,29.41,29.66,29.0,29.0,29.15,0.26,0.8919,1.1946,6216809,182188632.27,16474433710.0,15305120461.2,5564
2016-04-05,'300115,长盈精密,29.15,29.39,28.3,28.48,28.49,0.66,2.3166,1.315,6843251,198365659.17,16328790977.4,15169815078.0,6885
2016-04-01,'300115,长盈精密,28.49,29.3,28.0,29.05,29.15,-0.66,-2.2642,1.2894,6710149,190830518.76,15959082502.4,14826347566.8,6446
2016-03-31,'300115,长盈精密,29.15,30.15,28.8,29.6,29.26,-0.11,-0.3759,1.8545,9651090,284308457.5,16328790977.4,15169815078.0,8540
2016-03-30,'300115,长盈精密,29.26,29.29,28.0,28.3,27.82,1.44,5.1761,2.1199,11031966,317860302.98,16390409056.6,15227059663.2,9210
2016-03-29,'300115,长盈精密,27.82,29.2,27.31,29.2,29.13,-1.31,-4.4971,1.8278,9510907,269294286.03,15581789374.3,14475692992.8,8055
2016-03-28,'300115,长盈精密,29.13,29.39,27.61,27.61,27.41,1.72,6.2751,2.2399,11654777,334019267.44,16315511303.9,15157330585.2,9191
2016-03-25,'300115,长盈精密,27.41,27.61,27.06,27.24,27.23,0.18,0.661,0.5628,2928519,80015407.59,15352151213.2,14262356036.4,3113
2016-03-24,'300115,长盈精密,27.23,27.94,27.11,27.39,27.8,-0.57,-2.0504,0.997,5187748,142554375.29,15251334459.5,14168695909.2,5052
2016-03-23,'300115,长盈精密,27.8,27.87,27.25,27.5,27.58,0.22,0.7977,0.7188,3740388,103202454.6,15570587512.8,14465286312.0,3845
2016-03-22,'300115,长盈精密,27.58,27.99,27.3,27.63,27.86,-0.28,-1.005,0.765,3980635,110024747.14,15447367036.1,14350812823.2,4471
2016-03-21,'300115,长盈精密,27.86,28.29,27.48,27.86,27.85,0.01,0.0359,1.3807,7184136,199586548.07,15604193097.4,14496506354.4,6679
2016-03-18,'300115,长盈精密,27.85,27.99,26.41,26.67,26.67,1.18,4.4244,1.558,8106984,222295717.23,15598592166.6,14491303014.0,7153
2016-03-17,'300115,长盈精密,26.67,26.77,25.38,25.45,25.44,1.23,4.8349,1.2017,6253039,163713700.51,14937682336.9,13877308846.8,6410
2016-03-16,'300115,长盈精密,25.44,26.46,25.06,26.3,25.53,-0.09,-0.3525,0.7073,3680074,94102973.65,14248767853.4,13237297977.6,3975
2016-03-15,'300115,长盈精密,25.53,25.99,25.28,25.5,25.72,-0.19,-0.7387,0.6257,3255631,83487790.49,14299176230.3,13284128041.2,3561
2016-03-14,'300115,长盈精密,25.72,26.09,24.8,24.8,24.4,1.32,5.4098,1.0278,5347953,137142727.09,14405593914.7,13382991508.8,5651
2016-03-11,'300115,长盈精密,24.4,24.76,23.81,24.08,24.08,0.32,1.3289,0.5535,2880236,70032820.39,13666271054.4,12696150576.0,3348
2016-03-10,'300115,长盈精密,24.08,24.87,24.03,24.37,24.42,-0.34,-1.3923,0.5141,2675110,65394705.24,13487041270.1,12529643683.2,3283
2016-03-09,'300115,长盈精密,24.42,25.15,24.18,24.51,25.19,-0.77,-3.0568,0.6746,3510341,86752248.12,13677472915.9,12706557256.8,4199
2016-03-08,'300115,长盈精密,25.19,25.25,23.28,24.34,24.22,0.97,4.005,1.1829,6155009,149952343.34,14108744584.4,13107214467.6,6290
2016-03-07,'300115,长盈精密,24.22,24.88,23.91,23.91,23.78,0.44,1.8503,0.6609,3438966,84018630.48,13565454300.7,12602490448.8,3797
2016-03-04,'300115,长盈精密,23.78,25.3,23.67,24.92,25.01,-1.23,-4.918,0.7447,3875075,94175031.64,13319013347.3,12373543471.2,5009
2016-03-03,'300115,长盈精密,25.01,25.88,25.0,25.32,25.33,-0.32,-1.2633,0.7889,4104945,104121627.5,14007927830.8,13013554340.4,4295
2016-03-02,'300115,长盈精密,25.33,25.34,23.9,24.08,24.09,1.24,5.1474,0.9732,5063803,124767406.55,14187157615.1,13180061233.2,4530
2016-03-01,'300115,长盈精密,24.09,24.44,22.6,23.72,23.57,0.52,2.2062,0.7802,4059706,95788631.38,13492642200.8,12534847023.6,3939
2016-02-29,'300115,长盈精密,23.57,24.8,23.1,24.8,24.89,-1.32,-5.3033,0.9654,5023294,118840044.29,13201393801.3,12264273322.8,4075
2016-02-26,'300115,长盈精密,24.89,25.13,24.12,24.51,24.31,0.58,2.3858,1.0105,5257768,129790312.65,13940716661.6,12951114255.6,4241
2016-02-25,'300115,长盈精密,24.31,26.96,24.31,26.68,27.01,-2.7,-9.9963,1.1551,6007672,153152729.39,13609886161.3,12643343996.1,5481
2016-02-24,'300115,长盈精密,27.01,27.35,26.0,27.35,27.15,-0.14,-0.5157,0.8556,4449836,118960010.09,15121473682.3,14047582119.9,4174
2016-02-23,'300115,长盈精密,27.15,28.35,26.85,27.98,27.95,-0.8,-2.8623,1.1465,5962917,163482980.77,15199852294.5,14120394467.1,5572
2016-02-22,'300115,长盈精密,27.95,28.48,27.37,27.44,27.2,0.75,2.7574,1.0283,5347848,149759926.23,15647730078.5,14536465022.3,5772
2016-02-19,'300115,长盈精密,27.2,27.37,26.35,26.35,26.33,0.87,3.3042,0.8676,4512245,121746065.55,15227844656.0,14146398876.8,4735
2016-02-18,'300115,长盈精密,26.33,27.28,26.33,27.28,26.85,-0.52,-1.9367,0.6354,3304695,88083766.48,14740777565.9,13693922148.0,3388
2016-02-17,'300115,长盈精密,26.85,27.05,26.05,26.32,26.32,0.53,2.0137,0.9003,4682165,124563899.5,15031898125.5,13964368008.9,4442
2016-02-16,'300115,长盈精密,26.32,26.48,25.31,25.31,25.2,1.12,4.4444,0.7426,3861966,100642840.54,14735179093.6,13688721266.1,3966
2016-02-15,'300115,长盈精密,25.2,25.48,24.81,25.1,25.71,-0.51,-1.9837,0.7539,3920803,98361109.27,14108150196.0,13106222488.8,3226
2016-02-05,'300115,长盈精密,25.71,26.15,25.7,25.75,26.0,-0.29,-1.1154,0.5595,2909910,75410798.43,14393672283.3,13371467467.7,3820
2016-02-04,'300115,长盈精密,26.0,26.0,24.81,24.81,24.8,1.2,4.8387,1.1009,5725653,145106027.18,14556027980.0,13522293044.0,4954
2016-02-03,'300115,长盈精密,24.8,25.0,23.81,24.08,24.42,0.38,1.5561,0.6944,3611747,87914476.68,13884211304.0,12898187211.2,3289
2016-02-02,'300115,长盈精密,24.42,24.79,23.69,23.87,23.56,0.86,3.6503,0.8979,4670122,113829781.5,13671469356.6,12700553697.5,4823
2016-02-01,'300115,长盈精密,23.56,23.86,23.02,23.71,23.84,-0.28,-1.1745,0.9252,4812104,112610495.06,13190000738.8,12253277850.6,4685
2016-01-29,'300115,长盈精密,23.84,24.19,22.7,22.99,22.99,0.85,3.6973,0.9521,4951511,116491363.36,13346757963.2,12398902545.0,4398
2016-01-28,'300115,长盈精密,22.99,24.3,22.41,24.08,24.25,-1.26,-5.1959,0.8272,4302262,100729972.97,12870887817.7,11956827580.1,4260
2016-01-27,'300115,长盈精密,24.25,24.86,23.02,24.85,24.5,-0.25,-1.0204,0.9115,4740813,113263122.4,13576295327.5,12612138704.5,4846
2016-01-26,'300115,长盈精密,24.5,26.66,24.35,26.25,26.69,-2.19,-8.2053,0.9266,4819145,122757857.38,13716257135.0,12742160753.0,4612
2016-01-25,'300115,长盈精密,26.69,27.2,26.4,26.7,26.58,0.11,0.4138,0.5701,2965032,79524029.39,14942322568.7,13881153897.9,3372
2016-01-22,'300115,长盈精密,26.58,26.99,25.71,26.9,26.53,0.05,0.1885,0.6849,3562295,93874875.41,14880739373.4,13823944196.5,4090
2016-01-21,'300115,长盈精密,26.53,27.68,26.5,27.0,27.15,-0.62,-2.2836,1.0456,5438186,147538117.58,14852747011.9,13797939786.8,5963
2016-01-20,'300115,长盈精密,27.15,27.83,27.05,27.22,27.43,-0.28,-1.0208,0.8509,4425614,121321591.94,15199852294.5,14120394467.1,4532
2016-01-19,'300115,长盈精密,27.43,27.49,26.01,26.25,26.68,0.75,2.8111,1.0762,5597118,150379984.73,15356609518.9,14266019161.4,5482
2016-01-18,'300115,长盈精密,26.68,27.18,25.89,26.02,25.87,0.81,3.131,0.8669,4508595,119332380.32,14936724096.4,13875953015.9,4607
2016-01-15,'300115,长盈精密,25.87,27.34,25.61,27.01,27.34,-1.47,-5.3767,0.9566,4975333,131779801.52,14483247840.1,13454681578.8,5388
2016-01-14,'300115,长盈精密,27.34,27.34,24.66,25.01,25.87,1.47,5.6823,1.171,6089982,162381411.87,15306223268.2,14219211224.0,6447
2016-01-13,'300115,长盈精密,25.87,27.46,25.5,26.6,25.85,0.02,0.0774,1.1294,5873758,156595324.56,14483247840.1,13454681578.8,5923
2016-01-12,'300115,长盈精密,25.85,26.0,25.01,25.07,24.95,0.9,3.6072,1.0066,5235360,133610616.25,14472050895.5,13444279814.9,4485
2016-01-11,'300115,长盈精密,24.95,27.65,24.65,26.79,27.18,-2.23,-8.2046,1.043,5424262,142192199.47,13968188388.5,12976200440.3,6141
2016-01-08,'300115,长盈精密,27.18,28.6,26.0,28.29,27.66,-0.48,-1.7354,1.3162,6845345,187649128.13,15216647711.4,14135997112.9,6814
2016-01-07,'300115,长盈精密,27.66,30.0,27.57,30.0,30.63,-2.97,-9.6964,0.2029,1055500,30338074.08,15485374381.8,14385639446.0,955
2016-01-06,'300115,长盈精密,30.63,30.89,30.05,30.6,30.17,0.46,1.5247,0.6406,3331677,101535178.19,17148120654.9,15930301382.2,3851
2016-01-05,'300115,长盈精密,30.17,30.9,28.88,29.7,30.67,-0.5,-1.6303,1.1747,6109656,183721863.76,16890590929.1,15691060813.0,6343
2016-01-04,'300115,长盈精密,30.67,33.97,30.6,33.65,33.57,-2.9,-8.6387,0.7621,3963731,129238788.22,17170514544.1,15951104910.0,4220
