日期,股票代码,名称,收盘价,最高价,最低价,开盘价,前收盘,涨跌额,涨跌幅,换手率,成交量,成交金额,总市值,流通市值,成交笔数
2016-10-12,'300480,光力科技,0.0,0.0,0.0,0.0,22.22,None,None,0.0,0,0.0,4106478200.0,1488548552.48,0
2016-10-11,'300480,光力科技,0.0,0.0,0.0,0.0,22.22,None,None,0.0,0,0.0,4106478200.0,1488548552.48,0
2016-10-10,'300480,光力科技,0.0,0.0,0.0,0.0,22.22,None,None,0.0,0,0.0,4106478200.0,1488548552.48,0
2016-09-30,'300480,光力科技,22.22,22.22,21.86,22.0,22.0,0.22,1.0,1.3948,934368,20661213.11,4106478200.0,1488548552.48,1242
2016-09-29,'300480,光力科技,22.0,22.2,21.87,21.88,21.87,0.13,0.5944,1.3048,874081,19278133.06,4065820000.0,1473810448.0,1317
2016-09-28,'300480,光力科技,21.87,22.03,21.81,22.0,22.05,-0.18,-0.8163,1.3917,932332,20415439.68,4041794700.0,1465101568.08,1165
2016-09-27,'300480,光力科技,22.05,22.07,21.5,21.65,21.65,0.4,1.8476,2.1306,1427327,31060848.41,4075060500.0,1477160017.2,1989
2016-09-26,'300480,光力科技,21.65,22.26,21.63,22.08,22.12,-0.47,-2.1248,2.4006,1608179,35404911.74,4001136500.0,1450363463.6,1924
2016-09-23,'300480,光力科技,22.12,22.3,22.04,22.15,22.14,-0.02,-0.0903,1.564,1047746,23193626.4,4087997200.0,1481849414.08,1288
2016-09-22,'300480,光力科技,22.14,22.38,22.1,22.3,22.18,-0.04,-0.1803,1.7117,1146689,25459051.64,4091693400.0,1483189241.76,1476
2016-09-21,'300480,光力科技,22.18,22.36,21.8,21.8,21.9,0.28,1.2785,2.6482,1774093,39290620.64,4099085800.0,1485868897.12,2132
2016-09-20,'300480,光力科技,21.9,22.18,21.81,22.18,22.08,-0.18,-0.8152,1.6648,1115288,24419209.52,4047339000.0,1467111309.6,1588
2016-09-19,'300480,光力科技,22.08,22.35,21.8,21.8,21.98,0.1,0.455,2.3203,1554413,34372888.1,4080604800.0,1479169758.72,1970
2016-09-14,'300480,光力科技,21.98,22.39,21.75,21.76,21.9,0.08,0.3653,2.5909,1735686,38415503.62,4062123800.0,1472470620.32,2119
2016-09-13,'300480,光力科技,21.9,22.48,21.85,21.94,21.77,0.13,0.5972,1.8845,1262447,27818053.9,4047339000.0,1467111309.6,1446
2016-09-12,'300480,光力科技,21.77,22.43,21.76,22.12,22.61,-0.84,-3.7152,2.8807,1929820,42495771.8,4023313700.0,1458402429.68,2834
2016-09-09,'300480,光力科技,22.61,22.99,22.56,22.98,22.91,-0.3,-1.3095,2.441,1635251,37266097.12,4178554100.0,1514675192.24,1993
2016-09-08,'300480,光力科技,22.91,22.99,22.6,22.6,22.78,0.13,0.5707,2.6607,1782445,40687522.16,4233997100.0,1534772607.44,2134
2016-09-07,'300480,光力科技,22.78,23.16,22.73,22.89,22.87,-0.09,-0.3935,3.5726,2393301,54915953.5,4209971800.0,1526063727.52,3036
2016-09-06,'300480,光力科技,22.87,22.89,22.2,22.55,22.37,0.5,2.2351,3.3247,2227244,50382742.31,4226604700.0,1532092952.08,2732
2016-09-05,'300480,光力科技,22.37,22.68,22.34,22.34,22.27,0.1,0.449,1.5842,1061262,23857766.49,4134199700.0,1498597260.08,1695
2016-09-02,'300480,光力科技,22.27,22.59,22.19,22.3,22.45,-0.18,-0.8018,1.806,1209855,27064163.8,4115718700.0,1491898121.68,1682
2016-09-01,'300480,光力科技,22.45,22.9,22.45,22.63,22.83,-0.38,-1.6645,2.8518,1910432,43253941.74,4148984500.0,1503956570.8,2322
2016-08-31,'300480,光力科技,22.83,22.97,22.4,22.61,22.83,0.0,0.0,3.0163,2020688,45766374.91,4219212300.0,1529413296.72,2695
2016-08-30,'300480,光力科技,22.83,23.27,22.75,23.04,23.04,-0.21,-0.9115,3.1422,2104981,48285622.2,4219212300.0,1529413296.72,2761
2016-08-29,'300480,光力科技,23.04,23.2,22.5,22.9,22.78,0.26,1.1414,4.5267,3032520,69802277.77,4258022400.0,1543481487.36,3503
2016-08-26,'300480,光力科技,22.78,23.32,22.56,22.9,22.72,0.06,0.2641,2.9876,2001423,45772019.87,4209971800.0,1526063727.52,2728
2016-08-25,'300480,光力科技,22.72,22.91,21.9,22.85,23.07,-0.35,-1.5171,4.0663,2724076,61004847.58,4198883200.0,1522044244.48,3502
2016-08-24,'300480,光力科技,23.07,23.35,22.78,22.78,22.76,0.31,1.362,4.1489,2779412,64303536.7,4263566700.0,1545491228.88,3651
2016-08-23,'300480,光力科技,22.76,23.1,22.31,22.57,22.5,0.26,1.1556,3.7334,2501040,56874543.29,4206275600.0,1524723899.84,2993
2016-08-22,'300480,光力科技,22.5,23.19,22.5,23.0,23.22,-0.72,-3.1008,4.8342,3238523,73546806.68,4158225000.0,1507306140.0,4102
2016-08-19,'300480,光力科技,23.22,23.5,22.78,23.05,22.77,0.45,1.9763,6.8486,4588005,106821089.08,4291288200.0,1555539936.48,5680
2016-08-18,'300480,光力科技,22.77,23.5,22.56,22.98,23.27,-0.5,-2.1487,5.9701,3999437,91264500.74,4208123700.0,1525393813.68,5224
2016-08-17,'300480,光力科技,23.27,23.84,23.1,23.2,23.07,0.2,0.8669,7.7164,5169318,120783851.01,4300528700.0,1558889505.68,6490
2016-08-16,'300480,光力科技,23.07,23.92,22.27,22.27,22.04,1.03,4.6733,10.0903,6759642,156739976.22,4263566700.0,1545491228.88,7672
2016-08-15,'300480,光力科技,22.04,22.25,21.61,21.64,21.61,0.43,1.9898,6.6372,4446323,97799534.08,4073212400.0,1476490103.36,4705
2016-08-12,'300480,光力科技,21.61,21.7,21.4,21.4,21.6,0.01,0.0463,2.4516,1642335,35426799.92,3993744100.0,1447683808.24,2177
2016-08-11,'300480,光力科技,21.6,22.07,21.6,21.97,22.22,-0.62,-2.7903,3.444,2307171,50270121.41,3991896000.0,1447013894.4,2997
2016-08-10,'300480,光力科技,22.22,22.29,21.74,21.81,21.81,0.41,1.8799,6.3331,4242646,92899362.83,4106478200.0,1488548552.48,4371
2016-08-09,'300480,光力科技,21.81,21.86,21.7,21.85,21.81,0.0,0.0,6.2647,4196794,91400698.05,4030706100.0,1461082085.04,3945
2016-08-08,'300480,光力科技,21.81,21.99,21.31,21.67,21.82,-0.01,-0.0458,2.9001,1942795,42199706.22,4030706100.0,1461082085.04,2378
2016-08-05,'300480,光力科技,21.82,22.4,21.8,22.4,22.65,-0.83,-3.6645,4.8426,3244116,71559814.02,4032554200.0,1461751998.88,4063
2016-08-04,'300480,光力科技,22.65,23.0,21.82,22.05,22.03,0.62,2.8143,3.7133,2487585,56033344.56,4185946500.0,1517354847.6,3314
2016-08-03,'300480,光力科技,22.03,22.13,21.81,21.91,22.07,-0.04,-0.1812,1.7429,1167588,25677547.96,4071364300.0,1475820189.52,1513
2016-08-02,'300480,光力科技,22.07,22.09,21.85,22.0,21.81,0.26,1.1921,1.7445,1168635,25693855.75,4078756700.0,1478499844.88,1612
2016-08-01,'300480,光力科技,21.81,22.2,21.05,22.2,22.2,-0.39,-1.7568,2.6653,1785518,38509416.92,4030706100.0,1461082085.04,2551
2016-07-29,'300480,光力科技,22.2,22.42,21.8,22.15,22.22,-0.02,-0.09,2.2652,1517456,33548140.78,4102782000.0,1487208724.8,2056
2016-07-28,'300480,光力科技,22.22,22.6,21.5,22.6,22.46,-0.24,-1.0686,4.0775,2731566,60427545.9,4106478200.0,1488548552.48,3397
2016-07-27,'300480,光力科技,22.46,24.42,22.21,24.35,24.31,-1.85,-7.61,7.6974,5156611,119367963.05,4150832600.0,1504626484.64,6910
2016-07-26,'300480,光力科技,24.31,24.49,24.14,24.28,24.18,0.13,0.5376,3.6176,2423467,58992498.06,4492731100.0,1628560545.04,2286
2016-07-25,'300480,光力科技,24.18,24.57,24.15,24.49,24.38,-0.2,-0.8203,2.3124,1549136,37712471.97,4468705800.0,1619851665.12,2316
2016-07-22,'300480,光力科技,24.38,24.86,24.34,24.73,24.7,-0.32,-1.2955,2.9939,2005680,49233056.81,4505667800.0,1633249941.92,2913
2016-07-21,'300480,光力科技,24.7,25.0,24.68,24.83,24.82,-0.12,-0.4835,2.7418,1836753,45570034.98,4564807000.0,1654687184.8,2591
2016-07-20,'300480,光力科技,24.82,25.14,24.76,25.1,25.07,-0.25,-0.9972,3.3363,2235036,55811180.45,4586984200.0,1662726150.88,2721
2016-07-19,'300480,光力科技,25.07,25.1,24.66,24.98,24.83,0.24,0.9666,3.1703,2123842,52923966.11,4633186700.0,1679473996.88,2845
2016-07-18,'300480,光力科技,24.83,25.16,24.43,24.65,24.85,-0.02,-0.0805,3.0602,2050037,50837141.67,4588832300.0,1663396064.72,3163
2016-07-15,'300480,光力科技,24.85,25.18,24.6,25.18,25.23,-0.38,-1.5061,3.9751,2662999,66240140.27,4592528500.0,1664735892.4,3770
2016-07-14,'300480,光力科技,25.23,25.35,25.01,25.18,25.09,0.14,0.558,4.0033,2681886,67483342.47,4662756300.0,1690192618.32,3659
2016-07-13,'300480,光力科技,25.09,25.26,24.78,25.16,25.25,-0.16,-0.6337,6.0647,4062856,101781822.2,4636882900.0,1680813824.56,5261
2016-07-12,'300480,光力科技,25.25,25.44,24.0,25.31,25.74,-0.49,-1.9037,11.9864,8029830,198606022.82,4666452500.0,1691532446.0,10528
2016-07-11,'300480,光力科技,25.74,26.68,25.51,26.07,26.06,-0.32,-1.2279,10.5719,7082259,185941847.56,4757009400.0,1724358224.16,7799
2016-07-08,'300480,光力科技,26.06,26.79,25.6,26.0,26.07,-0.01,-0.0384,8.6706,5808551,152254882.05,4816148600.0,1745795467.04,7440
2016-07-07,'300480,光力科技,26.07,26.79,25.66,26.79,26.72,-0.65,-2.4326,9.6852,6488257,169488521.53,4817996700.0,1746465380.88,8363
2016-07-06,'300480,光力科技,26.72,26.72,25.4,25.5,25.6,1.12,4.375,13.1705,8823091,231886294.2,4938123200.0,1790009780.48,11306
2016-07-05,'300480,光力科技,25.6,26.11,25.4,25.9,25.8,-0.2,-0.7752,6.901,4623102,118634563.13,4731136000.0,1714979430.4,6371
2016-07-04,'300480,光力科技,25.8,25.99,25.03,25.2,25.61,0.19,0.7419,7.3564,4928165,126600281.73,4768098000.0,1728377707.2,6091
2016-07-01,'300480,光力科技,25.61,26.43,25.47,26.1,26.16,-0.55,-2.1024,12.597,5769313,149420098.03,4732984100.0,1172919227.87,8046
2016-06-30,'300480,光力科技,26.16,26.98,26.16,26.98,27.48,-1.32,-4.8035,18.2659,8365651,220948132.56,4834629600.0,1198108824.72,10982
2016-06-29,'300480,光力科技,27.48,27.48,25.6,26.2,26.2,1.28,4.8855,22.9483,10510158,278063891.64,5078578800.0,1258563857.16,13337
2016-06-28,'300480,光力科技,26.2,26.5,25.48,26.3,26.2,0.0,0.0,17.9893,8238986,214748339.28,4842022000.0,1199940795.4,10797
2016-06-27,'300480,光力科技,26.2,26.98,24.2,24.36,24.56,1.64,6.6775,17.5022,8015888,206036994.12,4842022000.0,1199940795.4,10644
2016-06-24,'300480,光力科技,24.56,25.84,23.01,25.31,25.29,-0.73,-2.8865,12.5359,5741353,142586550.91,4538933600.0,1124829997.52,8646
2016-06-23,'300480,光力科技,25.29,26.07,24.9,25.7,26.0,-0.71,-2.7308,13.1724,6032851,153786936.26,4673844900.0,1158263462.43,8598
2016-06-22,'300480,光力科技,26.0,26.17,24.23,24.4,24.91,1.09,4.3758,17.4971,8013529,204619060.05,4805060000.0,1190780942.0,11217
2016-06-21,'300480,光力科技,24.91,26.6,24.65,24.65,24.64,0.27,1.0958,16.9962,7784122,198591184.91,4603617100.0,1140859740.97,11052
2016-06-20,'300480,光力科技,24.64,24.79,23.6,24.11,24.23,0.41,1.6921,9.4483,4327234,105261152.72,4553718400.0,1128493938.88,6152
2016-06-17,'300480,光力科技,24.23,24.97,24.0,24.51,24.48,-0.25,-1.0212,8.2469,3777030,92735252.46,4477946300.0,1109716239.41,5691
2016-06-16,'300480,光力科技,24.48,24.99,23.58,24.25,24.05,0.43,1.7879,11.4047,5223259,126505136.08,4524148800.0,1121166056.16,7601
2016-06-15,'300480,光力科技,24.05,24.5,22.55,22.6,23.3,0.75,3.2189,9.9988,4579360,109613937.64,4444680500.0,1101472371.35,6393
2016-06-14,'300480,光力科技,23.3,23.5,22.58,23.18,23.9,-0.6,-2.5105,9.592,4393087,101247481.58,4306073000.0,1067122921.1,6352
2016-06-13,'300480,光力科技,23.9,26.2,23.9,26.2,26.55,-2.65,-9.9812,14.8941,6821378,168638729.23,4416959000.0,1094602481.3,10401
2016-06-08,'300480,光力科技,26.55,27.49,26.43,27.14,27.44,-0.89,-3.2434,12.5599,5752359,154628016.38,4906705500.0,1215970538.85,8508
2016-06-07,'300480,光力科技,27.44,27.47,26.0,26.5,26.71,0.73,2.7331,17.8678,8183312,218828156.7,5071186400.0,1256731886.48,11750
2016-06-06,'300480,光力科技,26.71,27.25,26.21,26.21,26.2,0.51,1.9466,12.7499,5839369,156073597.06,4936275100.0,1223298421.57,8168
2016-06-03,'300480,光力科技,26.2,27.63,26.1,26.95,27.26,-1.06,-3.8885,19.3865,8878881,238585070.19,4842022000.0,1199940795.4,12973
2016-06-02,'300480,光力科技,27.26,27.5,26.52,26.7,27.3,-0.04,-0.1465,20.1969,9250035,248736642.96,5037920600.0,1248488018.42,12911
2016-06-01,'300480,光力科技,27.3,28.24,25.25,25.25,25.7,1.6,6.2257,30.8281,14119029,374116779.45,5045313000.0,1250319989.1,17303
2016-05-31,'300480,光力科技,25.7,26.28,23.99,24.01,24.25,1.45,5.9794,22.991,10529728,267686969.48,4749617000.0,1177041161.9,13557
2016-05-30,'300480,光力科技,24.25,25.5,23.38,24.35,25.0,-0.75,-3.0,16.3991,7510686,183006927.33,4481642500.0,1110632224.75,11652
2016-05-27,'300480,光力科技,25.0,26.18,23.5,24.25,24.72,0.28,1.1327,24.0141,10998277,276658961.11,4620250000.0,1144981675.0,15535
2016-05-26,'300480,光力科技,49.38,51.5,48.0,48.58,48.99,0.39,0.7961,20.9198,4811555,240422393.95,4582957800.0,1135740000.0,10577
2016-05-25,'300480,光力科技,48.99,48.99,46.3,47.98,47.2,1.79,3.7924,14.3773,3306780,157837957.14,4546761900.0,1126770000.0,7257
2016-05-24,'300480,光力科技,47.2,49.6,46.23,46.7,46.16,1.04,2.253,18.875,4341244,207466023.47,4380632000.0,1085600000.0,9817
2016-05-23,'300480,光力科技,46.16,46.16,43.2,43.2,41.96,4.2,10.0095,14.1871,3263026,148942457.69,4284109600.0,1061680000.0,6166
2016-05-20,'300480,光力科技,41.96,41.98,40.1,40.6,41.1,0.86,2.0925,4.5744,1052110,43337674.63,3894307600.0,965080000.0,2557
2016-05-19,'300480,光力科技,41.1,42.47,40.42,40.42,40.41,0.69,1.7075,4.6858,1077743,44831345.31,3814491000.0,945300000.0,2693
2016-05-18,'300480,光力科技,40.41,42.6,39.65,42.2,43.12,-2.71,-6.2848,7.1828,1652050,67637519.99,3750452100.0,929430000.0,3616
2016-05-17,'300480,光力科技,43.12,43.87,42.08,42.08,42.15,0.97,2.3013,7.493,1723386,74003624.83,4001967200.0,991760000.0,3631
2016-05-16,'300480,光力科技,42.15,42.19,40.5,40.8,40.85,1.3,3.1824,4.6844,1077402,44584670.79,3911941500.0,969450000.0,2401
2016-05-13,'300480,光力科技,40.85,42.35,40.33,41.5,41.65,-0.8,-1.9208,4.8786,1122084,46455767.88,3791288500.0,939550000.0,2440
2016-05-12,'300480,光力科技,41.65,42.49,40.01,42.0,43.2,-1.55,-3.588,6.4899,1492666,61450052.28,3865536500.0,957950000.0,3122
2016-05-11,'300480,光力科技,43.2,44.6,42.8,44.03,43.66,-0.46,-1.0536,5.4683,1257706,54918080.0,4009392000.0,993600000.0,2547
2016-05-10,'300480,光力科技,43.66,44.78,43.29,43.84,43.84,-0.18,-0.4106,5.1941,1194634,52723616.84,4052084600.0,1004180000.0,2521
2016-05-09,'300480,光力科技,43.84,46.16,43.3,45.69,46.26,-2.42,-5.2313,7.4605,1715904,76460970.64,4068790400.0,1008320000.0,3799
2016-05-06,'300480,光力科技,46.26,49.97,46.26,48.88,48.97,-2.71,-5.534,14.8183,3408201,164705226.87,4293390600.0,1063980000.0,6904
2016-05-05,'300480,光力科技,48.97,49.12,47.3,47.5,47.79,1.18,2.4691,9.3511,2150757,103918512.89,4544905700.0,1126310000.0,4649
2016-05-04,'300480,光力科技,47.79,48.32,45.66,45.9,46.14,1.65,3.5761,10.6219,2443046,115566048.57,4435389900.0,1099170000.0,5366
2016-05-03,'300480,光力科技,46.14,46.38,44.11,44.36,44.43,1.71,3.8488,6.227,1432203,65297977.64,4282253400.0,1061220000.0,3228
2016-04-29,'300480,光力科技,44.43,44.96,43.8,44.1,44.5,-0.07,-0.1573,4.4424,1021759,45574451.57,4123548300.0,1021890000.0,2307
2016-04-28,'300480,光力科技,44.5,44.89,42.1,44.7,44.39,0.11,0.2478,5.97,1373102,59851656.63,4130045000.0,1023500000.0,3430
2016-04-27,'300480,光力科技,44.39,45.09,44.15,44.68,44.6,-0.21,-0.4709,4.137,951517,42493370.79,4119835900.0,1020970000.0,2357
2016-04-26,'300480,光力科技,44.6,44.66,43.22,43.36,43.8,0.8,1.8265,4.2187,970291,42852725.01,4139326000.0,1025800000.0,2385
2016-04-25,'300480,光力科技,43.8,45.2,42.81,45.0,44.99,-1.19,-2.645,4.8052,1105206,48549197.49,4065078000.0,1007400000.0,2783
2016-04-22,'300480,光力科技,44.99,45.5,43.81,44.1,44.06,0.93,2.1108,5.1336,1180731,52822392.29,4175521900.0,1034770000.0,2829
2016-04-21,'300480,光力科技,44.06,46.6,44.02,45.2,46.65,-2.59,-5.552,8.8417,2033599,92430569.89,4089208600.0,1013380000.0,4707
2016-04-20,'300480,光力科技,46.65,50.67,45.0,49.4,49.25,-2.6,-5.2792,13.0196,2994501,143487200.12,4329586500.0,1072950000.0,7003
2016-04-19,'300480,光力科技,49.25,49.65,48.7,49.29,48.9,0.35,0.7157,5.2638,1210680,59431201.84,4570892500.0,1132750000.0,2830
2016-04-18,'300480,光力科技,48.9,50.0,48.51,50.0,50.58,-1.68,-3.3215,6.1777,1420877,69559837.38,4538409000.0,1124700000.0,3618
2016-04-15,'300480,光力科技,50.58,51.59,50.17,51.59,51.45,-0.87,-1.691,9.1573,2106181,106551544.68,4694329800.0,1163340000.0,4997
2016-04-14,'300480,光力科技,51.45,51.94,49.73,49.73,49.7,1.75,3.5211,12.9759,2984462,151106613.24,4775074500.0,1183350000.0,6311
2016-04-13,'300480,光力科技,49.7,50.85,49.39,49.39,48.95,0.75,1.5322,11.6601,2681817,134541602.48,4572400000.0,1143100000.0,5498
2016-04-12,'300480,光力科技,48.95,50.2,48.23,49.07,49.6,-0.65,-1.3105,7.1951,1654865,81173609.28,4503400000.0,1125850000.0,3833
2016-04-11,'300480,光力科技,49.6,50.25,48.6,48.99,48.14,1.46,3.0328,9.6669,2223387,109723786.38,4563200000.0,1140800000.0,5127
2016-04-08,'300480,光力科技,48.14,49.12,47.5,48.7,49.8,-1.66,-3.3333,11.5277,2651378,127431915.3,4428880000.0,1107220000.0,6222
2016-04-07,'300480,光力科技,49.8,52.38,49.79,50.99,50.3,-0.5,-0.994,16.3785,3767053,193014321.0,4581600000.0,1145400000.0,8568
2016-04-06,'300480,光力科技,50.3,51.0,49.32,50.01,49.95,0.35,0.7007,12.988,2987233,150025573.91,4627600000.0,1156900000.0,6672
2016-04-05,'300480,光力科技,49.95,50.31,48.23,48.56,48.34,1.61,3.3306,11.4531,2634223,130360031.38,4595400000.0,1148850000.0,5955
2016-04-01,'300480,光力科技,48.34,50.21,47.74,50.16,50.28,-1.94,-3.8584,13.7186,3155278,152790429.97,4447280000.0,1111820000.0,7664
2016-03-31,'300480,光力科技,50.28,54.59,50.2,51.85,51.06,-0.78,-1.5276,18.9375,4355623,226227241.11,4625760000.0,1156440000.0,10661
2016-03-30,'300480,光力科技,51.06,51.99,48.82,49.61,49.65,1.41,2.8399,21.3384,4907834,246797424.44,4697520000.0,1174380000.0,11468
2016-03-29,'300480,光力科技,49.65,53.15,49.65,52.15,55.17,-5.52,-10.0054,26.6562,6130922,313753525.56,4567800000.0,1141950000.0,13076
2016-03-28,'300480,光力科技,55.17,55.17,49.0,50.09,50.15,5.02,10.01,29.1889,6713455,351667499.81,5075640000.0,1268910000.0,12535
2016-03-25,'300480,光力科技,50.15,51.41,45.88,46.88,48.65,1.5,3.0832,27.9108,6419480,312445785.17,4613800000.0,1153450000.0,11988
2016-03-24,'300480,光力科技,48.65,50.87,47.5,49.49,48.51,0.14,0.2886,30.726,7066979,347558880.2,4475800000.0,1118950000.0,13961
2016-03-23,'300480,光力科技,48.51,50.9,47.25,48.28,46.87,1.64,3.499,32.0813,7378692,359649452.13,4462920000.0,1115730000.0,13902
2016-03-22,'300480,光力科技,46.87,46.87,41.48,41.5,42.61,4.26,9.9977,14.5299,3341879,152176226.58,4312040000.0,1078010000.0,4591
2016-03-21,'300480,光力科技,42.61,43.44,41.75,41.96,41.63,0.98,2.3541,15.6243,3593589,152716012.33,3920120000.0,980030000.0,6645
2016-03-18,'300480,光力科技,41.63,41.99,39.7,39.7,39.53,2.1,5.3124,15.7418,3620621,148364643.29,3829960000.0,957490000.0,7347
2016-03-17,'300480,光力科技,39.53,39.88,37.76,38.15,37.94,1.59,4.1908,12.4762,2869534,112258407.12,3636760000.0,909190000.0,5598
2016-03-16,'300480,光力科技,37.94,39.5,37.62,38.73,38.19,-0.25,-0.6546,7.0335,1617708,62319043.94,3490480000.0,872620000.0,4075
2016-03-15,'300480,光力科技,38.19,39.87,38.13,39.35,39.8,-1.61,-4.0452,9.2335,2123701,82543263.15,3513480000.0,878370000.0,4499
2016-03-14,'300480,光力科技,39.8,40.97,38.4,38.57,38.32,1.48,3.8622,13.1424,3022757,120561864.14,3661600000.0,915400000.0,6419
2016-03-11,'300480,光力科技,38.32,38.77,37.2,37.26,37.26,1.06,2.8449,9.9021,2277477,86771214.4,3525440000.0,881360000.0,4736
2016-03-10,'300480,光力科技,37.26,38.83,36.88,37.71,37.63,-0.37,-0.9833,6.7797,1559324,59141144.14,3427920000.0,856980000.0,3386
2016-03-09,'300480,光力科技,37.63,39.0,37.06,37.5,39.06,-1.43,-3.661,7.2677,1671578,63520328.02,3461960000.0,865490000.0,3791
2016-03-08,'300480,光力科技,39.06,39.98,34.26,38.0,38.0,1.06,2.7895,11.7436,2701039,100525609.11,3593520000.0,898380000.0,5940
2016-03-07,'300480,光力科技,38.0,38.99,37.52,38.33,37.16,0.84,2.2605,7.8092,1796108,68790279.63,3496000000.0,874000000.0,4239
2016-03-04,'300480,光力科技,37.16,40.67,37.0,40.08,41.0,-3.84,-9.3659,16.1856,3722682,142609933.63,3418720000.0,854680000.0,8232
2016-03-03,'300480,光力科技,41.0,42.98,41.0,41.7,41.74,-0.74,-1.7729,14.0611,3234060,135467104.84,3772000000.0,943000000.0,7044
2016-03-02,'300480,光力科技,41.74,42.44,38.2,39.8,40.85,0.89,2.1787,18.6299,4284870,174467504.13,3840080000.0,960020000.0,9498
2016-03-01,'300480,光力科技,40.85,42.56,39.92,40.04,44.35,-3.5,-7.8918,22.5266,5181122,210572001.28,3758200000.0,939550000.0,9200
2016-02-29,'300480,光力科技,44.35,47.85,44.35,47.82,49.28,-4.93,-10.0041,5.2087,1198000,54556906.48,4080200000.0,1020050000.0,2150
2016-02-26,'300480,光力科技,49.28,50.93,43.6,45.7,46.3,2.98,6.4363,32.0264,7366062,358010580.34,4533760000.0,1133440000.0,12573
2016-02-25,'300480,光力科技,46.3,51.88,46.3,47.75,48.8,-2.5,-5.123,24.2106,5568433,270348925.49,4259600000.0,1064900000.0,11147
2016-02-24,'300480,光力科技,48.8,49.5,44.5,46.41,47.02,1.78,3.7856,17.6744,4065110,190490927.99,4489600000.0,1122400000.0,8260
2016-02-23,'300480,光力科技,47.02,49.88,45.31,45.32,45.69,1.33,2.9109,14.873,3420781,162375542.8,4325840000.0,1081460000.0,7115
2016-02-22,'300480,光力科技,45.69,46.0,45.01,46.0,44.92,0.77,1.7142,9.8649,2268927,103129291.21,4203480000.0,1050870000.0,4295
2016-02-19,'300480,光力科技,44.92,45.07,43.82,44.13,44.29,0.63,1.4224,9.6491,2219304,99048551.98,4132640000.0,1033160000.0,4272
2016-02-18,'300480,光力科技,44.29,45.8,44.21,45.21,45.2,-0.91,-2.0133,10.4192,2396419,107330024.21,4074680000.0,1018670000.0,4834
2016-02-17,'300480,光力科技,45.2,45.58,43.21,43.8,43.86,1.34,3.0552,14.3654,3304035,147162712.68,4158400000.0,1039600000.0,5933
2016-02-16,'300480,光力科技,43.86,44.49,42.03,42.38,41.6,2.26,5.4327,9.8807,2272567,98859580.61,4035120000.0,1008780000.0,4337
2016-02-15,'300480,光力科技,41.6,42.6,40.22,41.25,43.1,-1.5,-3.4803,6.9928,1608336,66771503.51,3827200000.0,956800000.0,3392
2016-02-05,'300480,光力科技,43.1,44.5,42.51,44.1,44.85,-1.75,-3.9019,11.3423,2608734,112864273.8,3965200000.0,991300000.0,5276
2016-02-04,'300480,光力科技,44.85,45.75,41.73,41.73,41.73,3.12,7.4766,14.9235,3432394,150164558.72,4126200000.0,1031550000.0,6621
2016-02-03,'300480,光力科技,41.73,42.1,40.56,41.4,42.4,-0.67,-1.5802,7.4544,1714522,70620251.93,3839160000.0,959790000.0,3913
2016-02-02,'300480,光力科技,42.4,42.4,39.37,40.0,40.31,2.09,5.1848,10.4914,2413013,99919144.97,3900800000.0,975200000.0,5088
2016-02-01,'300480,光力科技,40.31,42.0,37.81,39.0,39.01,1.3,3.3325,11.1971,2575325,101615008.48,3708520000.0,927130000.0,5237
2016-01-29,'300480,光力科技,39.01,39.96,37.0,37.63,37.57,1.44,3.8328,8.6238,1983478,76863141.29,3588920000.0,897230000.0,4136
2016-01-28,'300480,光力科技,37.57,40.96,37.55,40.0,41.7,-4.13,-9.9041,10.8258,2489928,97181682.89,3456440000.0,864110000.0,4819
2016-01-27,'300480,光力科技,41.7,42.8,38.07,42.2,41.94,-0.24,-0.5722,11.4125,2624877,107605289.54,3836400000.0,959100000.0,4628
2016-01-26,'300480,光力科技,41.94,45.99,41.94,45.6,46.6,-4.66,-10.0,9.2142,2119260,92332196.28,3858480000.0,964620000.0,4378
2016-01-25,'300480,光力科技,46.6,47.9,45.69,47.9,46.8,-0.2,-0.4274,8.2608,1899978,89310715.62,4287200000.0,1071800000.0,4142
2016-01-22,'300480,光力科技,46.8,47.49,44.85,46.3,45.5,1.3,2.8571,11.3804,2617483,121155395.19,4305600000.0,1076400000.0,5700
2016-01-21,'300480,光力科技,45.5,49.0,45.0,47.42,48.47,-2.97,-6.1275,15.7624,3625359,172079526.73,4186000000.0,1046500000.0,7694
2016-01-20,'300480,光力科技,48.47,49.33,47.3,48.29,49.85,-1.38,-2.7683,18.8699,4340086,209450590.75,4459240000.0,1114810000.0,9661
2016-01-19,'300480,光力科技,49.85,49.85,47.1,47.89,45.32,4.53,9.9956,26.0411,5989449,292601537.94,4586200000.0,1146550000.0,11945
2016-01-18,'300480,光力科技,45.32,45.32,41.25,41.5,41.2,4.12,10.0,6.058,1393330,61913422.2,4169440000.0,1042360000.0,2468
2016-01-15,'300480,光力科技,41.2,44.95,40.8,43.98,44.55,-3.35,-7.5196,8.4752,1949287,84545488.89,3790400000.0,947600000.0,4386
2016-01-14,'300480,光力科技,44.55,44.8,39.8,40.0,42.63,1.92,4.5039,9.578,2202932,94974312.56,4098600000.0,1024650000.0,4847
2016-01-13,'300480,光力科技,42.63,46.62,42.5,44.83,44.4,-1.77,-3.9865,8.0406,1849333,83403179.62,3921960000.0,980490000.0,4604
2016-01-12,'300480,光力科技,44.4,45.47,42.58,42.99,44.26,0.14,0.3163,8.3463,1919639,85038929.87,4084800000.0,1021200000.0,4137
2016-01-11,'300480,光力科技,44.26,48.3,44.26,47.01,49.18,-4.92,-10.0041,6.7531,1553218,71434068.79,4071920000.0,1017980000.0,3773
2016-01-08,'300480,光力科技,49.18,52.4,45.95,51.4,49.76,-0.58,-1.1656,10.0654,2315053,114480838.11,4524560000.0,1131140000.0,5394
2016-01-07,'300480,光力科技,49.76,53.8,49.76,53.5,55.29,-5.53,-10.0018,3.4717,798500,41149150.8,4577920000.0,1144480000.0,1647
2016-01-06,'300480,光力科技,55.29,56.8,52.0,54.0,52.62,2.67,5.0741,11.5685,2660752,144660682.0,5086680000.0,1271670000.0,6180
2016-01-05,'300480,光力科技,52.62,56.0,51.32,51.33,57.02,-4.4,-7.7166,13.1161,3016711,159877195.86,4841040000.0,1210260000.0,6755
2016-01-04,'300480,光力科技,57.02,63.0,57.02,63.0,63.36,-6.34,-10.0063,9.2581,2129361,125437303.37,5245840000.0,1311460000.0,5265
