日期,股票代码,名称,收盘价,最高价,最低价,开盘价,前收盘,涨跌额,涨跌幅,换手率,成交量,成交金额,总市值,流通市值,成交笔数
2016-10-12,'300161,华中数控,26.88,26.97,26.6,26.92,26.76,0.12,0.4484,1.2557,2031088,54381463.79,4347705600.0,4347705600.0,2136
2016-10-11,'300161,华中数控,26.76,27.4,26.61,26.72,26.72,0.04,0.1497,2.3125,3740297,101077732.43,4328296200.0,4328296200.0,4738
2016-10-10,'300161,华中数控,26.72,27.08,25.73,25.73,25.39,1.33,5.2383,2.5623,4144445,110403546.24,4321826400.0,4321826400.0,4587
2016-09-30,'300161,华中数控,25.39,25.58,25.1,25.2,25.2,0.19,0.754,0.6556,1060338,26914450.21,4106705550.0,4106705550.0,1412
2016-09-29,'300161,华中数控,25.2,25.48,24.96,25.1,25.03,0.17,0.6792,0.9343,1511123,38208926.78,4075974000.0,4075974000.0,1870
2016-09-28,'300161,华中数控,25.03,25.26,24.82,25.11,25.27,-0.24,-0.9497,0.7837,1267590,31706361.48,4048477350.0,4048477350.0,1541
2016-09-27,'300161,华中数控,25.27,25.3,24.58,24.61,24.6,0.67,2.7236,1.3665,2210187,54972369.39,4087296150.0,4087296150.0,2894
2016-09-26,'300161,华中数控,24.6,24.9,24.46,24.88,24.78,-0.18,-0.7264,1.553,2511961,61956695.19,3978927000.0,3978927000.0,2450
2016-09-23,'300161,华中数控,24.78,25.55,24.69,25.52,25.48,-0.7,-2.7473,2.1871,3537465,88539081.39,4008041100.0,4008041100.0,3874
2016-09-22,'300161,华中数控,25.48,25.88,25.45,25.84,25.65,-0.17,-0.6628,1.1005,1780043,45534250.48,4121262600.0,4121262600.0,1878
2016-09-21,'300161,华中数控,25.65,25.88,25.46,25.88,25.67,-0.02,-0.0779,0.8985,1453231,37231373.9,4148759250.0,4148759250.0,1671
2016-09-20,'300161,华中数控,25.67,25.97,25.1,25.2,25.22,0.45,1.7843,2.2696,3670947,94307549.31,4151994150.0,4151994150.0,3773
2016-09-19,'300161,华中数控,25.22,25.9,25.01,25.4,25.5,-0.28,-1.098,2.0313,3285517,83292485.88,4079208900.0,4079208900.0,3021
2016-09-14,'300161,华中数控,25.5,25.87,25.3,25.6,25.79,-0.29,-1.1245,1.151,1861698,47594989.0,4124497500.0,4124497500.0,2460
2016-09-13,'300161,华中数控,25.79,25.9,25.42,25.63,25.44,0.35,1.3758,1.2573,2033620,52174814.89,4171403550.0,4171403550.0,2839
2016-09-12,'300161,华中数控,25.44,26.3,25.0,26.3,26.91,-1.47,-5.4627,1.9884,3216218,82657570.98,4114792800.0,4114792800.0,4872
2016-09-09,'300161,华中数控,26.91,27.62,26.89,27.6,27.4,-0.49,-1.7883,2.248,3636090,98885535.46,4352557950.0,4352557950.0,3866
2016-09-08,'300161,华中数控,27.4,27.4,26.4,26.64,26.64,0.76,2.8529,2.3148,3744014,101600930.53,4431813000.0,4431813000.0,4805
2016-09-07,'300161,华中数控,26.64,26.71,26.4,26.44,26.49,0.15,0.5663,1.8346,2967323,78944093.75,4308886800.0,4308886800.0,3298
2016-09-06,'300161,华中数控,26.49,26.6,25.16,25.49,25.4,1.09,4.2913,2.6339,4260188,110243077.06,4284625050.0,4284625050.0,5081
2016-09-05,'300161,华中数控,25.4,26.09,25.4,26.0,25.89,-0.49,-1.8926,1.7671,2858163,73448016.15,4108323000.0,4108323000.0,3061
2016-09-02,'300161,华中数控,25.89,26.35,25.7,26.35,26.21,-0.32,-1.2209,1.0091,1632088,42518577.14,4187578050.0,4187578050.0,2210
2016-09-01,'300161,华中数控,26.21,26.59,26.2,26.22,26.38,-0.17,-0.6444,1.049,1696772,44734968.79,4239336450.0,4239336450.0,2073
2016-08-31,'300161,华中数控,26.38,26.68,26.1,26.45,26.55,-0.17,-0.6403,1.1864,1918962,50470970.52,4266833100.0,4266833100.0,2574
2016-08-30,'300161,华中数控,26.55,26.74,26.06,26.06,26.07,0.48,1.8412,1.614,2610635,69245148.33,4294329750.0,4294329750.0,3220
2016-08-29,'300161,华中数控,26.07,26.58,25.97,26.55,26.31,-0.24,-0.9122,1.3214,2137270,56062740.62,4216692150.0,4216692150.0,3001
2016-08-26,'300161,华中数控,26.31,27.15,26.1,27.04,27.01,-0.7,-2.5916,2.2296,3606346,96506572.47,4255510950.0,4255510950.0,4557
2016-08-25,'300161,华中数控,27.01,27.33,26.51,27.33,27.51,-0.5,-1.8175,1.8451,2984405,79978763.87,4368732450.0,4368732450.0,3232
2016-08-24,'300161,华中数控,27.51,27.62,27.13,27.4,27.25,0.26,0.9541,2.0797,3363739,92297772.53,4449604950.0,4449604950.0,3524
2016-08-23,'300161,华中数控,27.25,27.5,26.81,26.81,26.81,0.44,1.6412,2.1333,3450462,93886016.98,4407551250.0,4407551250.0,3240
2016-08-22,'300161,华中数控,26.81,27.23,26.73,26.97,26.97,-0.16,-0.5933,1.4188,2294785,61856646.14,4336383450.0,4336383450.0,2590
2016-08-19,'300161,华中数控,26.97,27.14,26.5,27.05,27.14,-0.17,-0.6264,2.018,3263975,87612368.43,4362262650.0,4362262650.0,3681
2016-08-18,'300161,华中数控,27.14,27.69,26.9,27.69,27.77,-0.63,-2.2686,3.2248,5216022,141565749.75,4389759300.0,4389759300.0,4887
2016-08-17,'300161,华中数控,27.77,28.07,27.32,27.87,27.85,-0.08,-0.2873,1.5386,2488622,68843857.06,4491658650.0,4491658650.0,3164
2016-08-16,'300161,华中数控,27.85,28.28,27.32,27.44,27.46,0.39,1.4202,2.7989,4527051,126175642.5,4504598250.0,4504598250.0,4870
2016-08-15,'300161,华中数控,27.46,27.73,26.0,26.55,26.55,0.91,3.4275,2.4753,4003754,107933277.27,4441517700.0,4441517700.0,5006
2016-08-12,'300161,华中数控,26.55,27.1,25.61,26.71,26.84,-0.29,-1.0805,3.0583,4946680,130540057.12,4294329750.0,4294329750.0,5485
2016-08-11,'300161,华中数控,26.84,28.3,26.81,27.5,28.03,-1.19,-4.2455,2.4294,3929428,107523495.48,4341235800.0,4341235800.0,4744
2016-08-10,'300161,华中数控,28.03,28.94,27.31,27.5,27.58,0.45,1.6316,3.1367,5073526,143551459.55,4533712350.0,4533712350.0,5862
2016-08-09,'300161,华中数控,27.58,27.66,26.55,26.75,26.53,1.05,3.9578,2.6518,4289146,117022042.13,4460927100.0,4460927100.0,5544
2016-08-08,'300161,华中数控,26.53,26.73,25.74,26.73,26.52,0.01,0.0377,1.4624,2365327,62103546.59,4291094850.0,4291094850.0,2754
2016-08-05,'300161,华中数控,26.52,26.97,26.5,26.8,26.93,-0.41,-1.5225,1.5925,2575830,68883573.35,4289477400.0,4289477400.0,3220
2016-08-04,'300161,华中数控,26.93,26.96,26.26,26.26,26.5,0.43,1.6226,1.9784,3200001,85586391.92,4355792850.0,4355792850.0,3924
2016-08-03,'300161,华中数控,26.5,27.0,26.27,26.64,26.82,-0.32,-1.1931,2.1585,3491237,92815445.88,4286242500.0,4286242500.0,4058
2016-08-02,'300161,华中数控,26.82,27.3,26.21,26.21,25.95,0.87,3.3526,3.647,5898837,158732861.21,4338000900.0,4338000900.0,6755
2016-08-01,'300161,华中数控,25.95,26.27,24.66,25.58,25.66,0.29,1.1302,3.3092,5352497,136869304.94,4197282750.0,4197282750.0,5438
2016-07-29,'300161,华中数控,25.66,25.8,24.62,25.56,25.45,0.21,0.8251,3.4593,5595202,140861171.26,4150376700.0,4150376700.0,5022
2016-07-28,'300161,华中数控,25.45,27.22,24.69,27.01,27.2,-1.75,-6.4338,7.1296,11531763,296448858.53,4116410250.0,4116410250.0,9843
2016-07-27,'300161,华中数控,27.2,29.65,26.47,29.5,29.4,-2.2,-7.483,5.3191,8603421,241562203.12,4399464000.0,4399464000.0,9710
2016-07-26,'300161,华中数控,29.4,29.46,29.02,29.02,29.45,-0.05,-0.1698,2.4739,4001420,117035036.03,4755303000.0,4755303000.0,4645
2016-07-25,'300161,华中数控,29.45,29.65,28.77,28.95,28.55,0.9,3.1524,4.504,7284955,212987258.3,4763390250.0,4763390250.0,8900
2016-07-22,'300161,华中数控,28.55,28.89,28.08,28.5,28.3,0.25,0.8834,2.9694,4802905,137026598.61,4617819750.0,4617819750.0,5798
2016-07-21,'300161,华中数控,28.3,29.3,28.28,29.01,28.9,-0.6,-2.0761,3.4185,5529323,159079759.43,4577383500.0,4577383500.0,6830
2016-07-20,'300161,华中数控,28.9,29.37,28.75,29.37,29.35,-0.45,-1.5332,3.4171,5526925,160690538.85,4674430500.0,4674430500.0,6199
2016-07-19,'300161,华中数控,29.35,29.43,28.55,28.8,28.6,0.75,2.6224,4.5904,7424763,215246524.37,4747215750.0,4747215750.0,7097
2016-07-18,'300161,华中数控,28.6,29.73,28.39,29.61,29.85,-1.25,-4.1876,5.4239,8772814,253800488.15,4625907000.0,4625907000.0,8072
2016-07-15,'300161,华中数控,29.85,32.0,29.65,31.87,32.32,-2.47,-7.6423,7.7438,12525272,381755173.06,4828088250.0,4828088250.0,12597
2016-07-14,'300161,华中数控,32.32,33.4,32.05,33.4,33.39,-1.07,-3.2046,3.3067,5348454,174337386.02,5227598400.0,5227598400.0,5682
2016-07-13,'300161,华中数控,33.39,33.87,32.5,33.0,33.1,0.29,0.8761,2.8067,4539706,150775738.44,5400665550.0,5400665550.0,5326
2016-07-12,'300161,华中数控,33.1,33.99,32.25,33.49,33.23,-0.13,-0.3912,4.052,6553921,216541625.38,5353759500.0,5353759500.0,6775
2016-07-11,'300161,华中数控,33.23,33.99,32.7,33.69,33.7,-0.47,-1.3947,2.8805,4659109,154578407.32,5374786350.0,5374786350.0,4938
2016-07-08,'300161,华中数控,33.7,34.38,33.38,34.38,34.37,-0.67,-1.9494,2.8998,4690284,158157139.76,5450806500.0,5450806500.0,4696
2016-07-07,'300161,华中数控,34.37,35.0,33.8,35.0,34.88,-0.51,-1.4622,4.0024,6473732,222165490.19,5559175650.0,5559175650.0,5901
2016-07-06,'300161,华中数控,34.88,35.24,32.78,32.98,33.31,1.57,4.7133,6.5298,10561626,363113355.48,5641665600.0,5641665600.0,9334
2016-07-05,'300161,华中数控,33.31,34.4,31.73,32.36,32.36,0.95,2.9357,6.1621,9966840,328469806.89,5387725950.0,5387725950.0,11522
2016-07-04,'300161,华中数控,32.36,32.49,29.5,30.3,30.4,1.96,6.4474,4.3225,6991443,215073285.92,5234068200.0,5234068200.0,8519
2016-07-01,'300161,华中数控,30.4,31.14,30.17,31.0,30.65,-0.25,-0.8157,2.1631,3498706,106618977.13,4917048000.0,4917048000.0,4089
2016-06-30,'300161,华中数控,30.65,31.71,29.81,31.3,31.39,-0.74,-2.3574,3.7332,6038257,184462651.13,4957484250.0,4957484250.0,7342
2016-06-29,'300161,华中数控,31.39,32.6,31.21,31.85,32.1,-0.71,-2.2118,4.5718,7394711,235159199.1,5077175550.0,5077175550.0,8837
2016-06-28,'300161,华中数控,32.1,32.33,29.22,29.88,29.9,2.2,7.3579,9.572,15482286,480499781.05,5192014500.0,5192014500.0,13937
2016-06-27,'300161,华中数控,29.9,29.92,27.98,28.15,27.98,1.92,6.862,5.9165,9569614,277803350.27,4836175500.0,4836175500.0,10151
2016-06-24,'300161,华中数控,27.98,29.05,26.84,28.99,28.7,-0.72,-2.5087,5.3582,8666602,243179293.36,4525625100.0,4525625100.0,8134
2016-06-23,'300161,华中数控,28.7,29.47,28.17,29.3,29.65,-0.95,-3.204,4.3908,7101973,203434792.11,4642081500.0,4642081500.0,8728
2016-06-22,'300161,华中数控,29.65,29.71,27.78,28.53,28.43,1.22,4.2912,6.0959,9859838,283369287.78,4795739250.0,4795739250.0,9385
2016-06-21,'300161,华中数控,28.43,31.11,28.02,30.8,30.5,-2.07,-6.7869,6.922,11195917,328464177.4,4598410350.0,4598410350.0,12139
2016-06-20,'300161,华中数控,30.5,31.47,29.9,30.23,30.67,-0.17,-0.5543,3.7136,6006579,183578247.29,4933222500.0,4933222500.0,7385
2016-06-17,'300161,华中数控,30.67,31.88,30.2,31.44,31.99,-1.32,-4.1263,6.4344,10407334,322255595.72,4960719150.0,4960719150.0,11268
2016-06-16,'300161,华中数控,31.99,32.7,28.85,29.35,30.0,1.99,6.6333,10.6943,17297435,527659251.92,5174222550.0,5174222550.0,15599
2016-06-15,'300161,华中数控,30.0,30.47,27.51,27.51,27.7,2.3,8.3032,11.0109,17809514,532183945.01,4852350000.0,4852350000.0,15397
2016-06-14,'300161,华中数控,27.7,28.0,26.05,26.4,26.22,1.48,5.6445,9.4421,15272045,415672122.74,4480336500.0,4480336500.0,20147
2016-06-13,'300161,华中数控,26.22,28.5,25.85,26.12,26.7,-0.48,-1.7978,9.0501,14638070,399990109.04,4240953900.0,4240953900.0,14924
2016-06-08,'300161,华中数控,26.7,27.7,25.95,27.7,26.79,-0.09,-0.3359,9.1422,14787049,395813440.78,4318591500.0,4318591500.0,13456
2016-06-07,'300161,华中数控,26.79,26.79,24.35,24.6,24.35,2.44,10.0205,8.0609,13038055,334146350.28,4333148550.0,4333148550.0,10110
2016-06-06,'300161,华中数控,24.35,24.39,23.48,23.48,23.21,1.14,4.9117,6.3161,10215983,245393337.76,3938490750.0,3938490750.0,8183
2016-06-03,'300161,华中数控,23.21,23.5,22.88,23.4,23.4,-0.19,-0.812,3.4541,5586800,129800414.9,3754101450.0,3754101450.0,4863
2016-06-02,'300161,华中数控,23.4,23.78,23.16,23.16,23.36,0.04,0.1712,2.9911,4837915,113189365.66,3784833000.0,3784833000.0,4623
2016-06-01,'300161,华中数控,23.36,23.7,22.9,23.21,23.29,0.07,0.3006,4.157,6723782,156633530.19,3778363200.0,3778363200.0,5912
2016-05-31,'300161,华中数控,23.29,23.56,21.5,21.63,21.65,1.64,7.5751,5.4308,8784073,196863866.73,3767041050.0,3767041050.0,6870
2016-05-30,'300161,华中数控,21.65,21.78,21.1,21.51,21.71,-0.06,-0.2764,2.4475,3958734,85116657.18,3501779250.0,3501779250.0,3951
2016-05-27,'300161,华中数控,21.71,21.87,21.18,21.38,21.49,0.22,1.0237,3.3387,5400133,116862582.63,3511483950.0,3511483950.0,4786
2016-05-26,'300161,华中数控,21.49,21.65,20.69,21.51,21.63,-0.14,-0.6472,3.0853,4990366,105250498.55,3475900050.0,3475900050.0,4565
2016-05-25,'300161,华中数控,21.63,21.92,21.26,21.66,21.37,0.26,1.2167,3.1517,5097641,110295091.72,3498544350.0,3498544350.0,4858
2016-05-24,'300161,华中数控,21.37,21.98,21.21,21.5,21.55,-0.18,-0.8353,2.8507,4610808,99272064.86,3456490650.0,3456490650.0,3912
2016-05-23,'300161,华中数控,21.55,21.75,21.0,21.09,20.88,0.67,3.2088,3.4263,5541801,119094125.97,3485604750.0,3485604750.0,4653
2016-05-20,'300161,华中数控,20.88,20.95,19.98,20.14,20.32,0.56,2.7559,2.3587,3815012,78651710.23,3377235600.0,3377235600.0,3784
2016-05-19,'300161,华中数控,20.32,21.15,20.26,20.26,20.13,0.19,0.9439,2.839,4591927,94826838.65,3286658400.0,3286658400.0,4530
2016-05-18,'300161,华中数控,20.13,21.55,19.81,21.07,21.45,-1.32,-6.1538,3.6759,5945546,123104517.87,3255926850.0,3255926850.0,5197
2016-05-17,'300161,华中数控,21.45,21.87,21.02,21.22,20.9,0.55,2.6316,4.0929,6620040,142152031.58,3469430250.0,3469430250.0,5688
2016-05-16,'300161,华中数控,20.9,20.91,20.21,20.39,20.43,0.47,2.3005,2.0027,3239299,66885629.28,3380470500.0,3380470500.0,3126
2016-05-13,'300161,华中数控,20.43,21.0,20.28,20.6,20.6,-0.17,-0.8252,1.8802,3041132,62774310.78,3304450350.0,3304450350.0,3117
2016-05-12,'300161,华中数控,20.6,20.74,19.7,20.5,20.9,-0.3,-1.4354,2.4636,3984790,80818439.07,3331947000.0,3331947000.0,3658
2016-05-11,'300161,华中数控,20.9,22.37,20.9,22.2,21.94,-1.04,-4.7402,3.3198,5369688,115650337.12,3380470500.0,3380470500.0,4917
2016-05-10,'300161,华中数控,21.94,22.54,21.71,22.33,22.24,-0.3,-1.3489,2.6621,4305876,94756105.47,3548685300.0,3548685300.0,3902
2016-05-09,'300161,华中数控,22.24,23.45,21.88,22.92,23.95,-1.71,-7.1399,4.5119,7297826,166662439.15,3597208800.0,3597208800.0,6968
2016-05-06,'300161,华中数控,23.95,25.59,23.95,25.51,25.48,-1.53,-6.0047,6.5613,10612653,262736615.39,3873792750.0,3873792750.0,11314
2016-05-05,'300161,华中数控,25.48,25.6,24.23,24.52,24.51,0.97,3.9576,9.3364,15101230,375740761.29,4121262600.0,4121262600.0,15483
2016-05-04,'300161,华中数控,24.51,24.51,24.21,24.51,22.28,2.23,10.009,3.7879,6126811,150076895.47,3964369950.0,3964369950.0,2900
2016-05-03,'300161,华中数控,0.0,0.0,0.0,0.0,22.28,None,None,0.0,0,0.0,3603678600.0,3603678600.0,0
2016-04-29,'300161,华中数控,22.28,22.54,22.13,22.27,22.59,-0.31,-1.3723,2.2543,3646193,81408395.5,3603678600.0,3603678600.0,3315
2016-04-28,'300161,华中数控,22.59,22.7,21.51,22.03,22.08,0.51,2.3098,3.3678,5447298,120357913.23,3653819550.0,3653819550.0,4802
2016-04-27,'300161,华中数控,22.08,22.55,22.02,22.25,22.22,-0.14,-0.6301,2.5228,4080440,90755359.81,3571329600.0,3571329600.0,3883
2016-04-26,'300161,华中数控,22.22,22.86,21.24,21.3,21.48,0.74,3.4451,3.1185,5044059,111875181.25,3593973900.0,3593973900.0,5664
2016-04-25,'300161,华中数控,21.48,22.14,20.92,22.0,22.15,-0.67,-3.0248,2.2098,3574307,76673674.17,3474282600.0,3474282600.0,3489
2016-04-22,'300161,华中数控,22.15,22.16,21.48,21.76,21.76,0.39,1.7923,2.5068,4054563,88776683.42,3582651750.0,3582651750.0,3846
2016-04-21,'300161,华中数控,21.76,22.57,21.71,21.89,22.34,-0.58,-2.5962,4.1621,6732048,149545613.11,3519571200.0,3519571200.0,4818
2016-04-20,'300161,华中数控,22.34,24.69,21.84,24.26,24.27,-1.93,-7.9522,5.215,8434971,192995257.05,3613383300.0,3613383300.0,7405
2016-04-19,'300161,华中数控,24.27,24.97,23.9,24.8,24.48,-0.21,-0.8578,3.6045,5830060,141765836.3,3925551150.0,3925551150.0,5094
2016-04-18,'300161,华中数控,24.48,24.55,23.9,24.5,24.9,-0.42,-1.6867,3.4173,5527365,133813257.03,3959517600.0,3959517600.0,5272
2016-04-15,'300161,华中数控,24.9,25.18,24.28,24.28,24.39,0.51,2.091,4.0005,6470611,160543863.08,4027450500.0,4027450500.0,6827
2016-04-14,'300161,华中数控,24.39,24.5,23.9,24.44,24.05,0.34,1.4137,3.2119,5195097,125516887.32,3944960550.0,3944960550.0,4891
2016-04-13,'300161,华中数控,24.05,24.65,23.81,23.81,23.57,0.48,2.0365,3.8093,6161326,149776251.01,3889967250.0,3889967250.0,6580
2016-04-12,'300161,华中数控,23.57,24.2,23.23,24.2,24.24,-0.67,-2.764,3.7324,6036963,142454946.81,3812329650.0,3812329650.0,5787
2016-04-11,'300161,华中数控,24.24,24.94,24.16,24.36,23.99,0.25,1.0421,3.4919,5647901,138678602.21,3920698800.0,3920698800.0,6208
2016-04-08,'300161,华中数控,23.99,24.4,23.2,24.15,24.57,-0.58,-2.3606,4.9752,8047123,191889009.02,3880262550.0,3880262550.0,7586
2016-04-07,'300161,华中数控,24.57,25.3,23.9,24.52,24.4,0.17,0.6967,6.5426,10582296,261605656.49,3974074650.0,3974074650.0,10641
2016-04-06,'300161,华中数控,24.4,25.6,23.31,23.57,23.71,0.69,2.9102,6.8169,11025981,272241594.84,3946578000.0,3946578000.0,11322
2016-04-05,'300161,华中数控,23.71,23.74,22.48,22.69,22.7,1.01,4.4493,4.6996,7601426,177743926.72,3834973950.0,3834973950.0,7631
2016-04-01,'300161,华中数控,22.7,22.98,22.0,22.45,23.0,-0.3,-1.3043,4.3423,7023384,157511366.68,3671611500.0,3671611500.0,7105
2016-03-31,'300161,华中数控,23.0,23.77,22.62,22.89,22.45,0.55,2.4499,5.6669,9165895,213024023.54,3720135000.0,3720135000.0,9075
2016-03-30,'300161,华中数控,22.45,22.7,21.04,21.34,20.84,1.61,7.7255,4.2185,6823224,149267786.49,3631175250.0,3631175250.0,7350
2016-03-29,'300161,华中数控,20.84,22.08,20.61,21.53,21.86,-1.02,-4.6661,4.1805,6761761,143200633.73,3370765800.0,3370765800.0,6805
2016-03-28,'300161,华中数控,21.86,23.1,21.68,21.68,21.33,0.53,2.4848,6.1102,9882912,221299994.77,3535745700.0,3535745700.0,9577
2016-03-25,'300161,华中数控,21.33,21.89,20.98,21.35,21.6,-0.27,-1.25,4.611,7458058,158780876.0,3450020850.0,3450020850.0,6069
2016-03-24,'300161,华中数控,21.6,22.88,21.58,22.2,22.43,-0.83,-3.7004,5.0183,8116914,179768315.54,3493692000.0,3493692000.0,7776
2016-03-23,'300161,华中数控,22.43,22.65,21.81,21.81,22.1,0.33,1.4932,4.319,6985702,155812990.34,3627940350.0,3627940350.0,6692
2016-03-22,'300161,华中数控,22.1,22.66,22.01,22.27,22.7,-0.6,-2.6432,4.8078,7776326,173021926.12,3574564500.0,3574564500.0,9008
2016-03-21,'300161,华中数控,22.7,22.88,21.66,21.7,21.59,1.11,5.1413,7.6806,12423049,277335797.2,3671611500.0,3671611500.0,12118
2016-03-18,'300161,华中数控,21.59,21.7,20.36,20.44,20.16,1.43,7.0933,9.0099,14573037,306492837.03,3492074550.0,3492074550.0,12477
2016-03-17,'300161,华中数控,20.16,20.16,18.4,18.55,18.33,1.83,9.9836,6.1646,9970939,198207180.96,3260779200.0,3260779200.0,7552
2016-03-16,'300161,华中数控,18.33,19.16,18.1,18.9,18.55,-0.22,-1.186,3.5078,5673719,106038219.05,2964785850.0,2964785850.0,5022
2016-03-15,'300161,华中数控,18.55,19.1,18.47,18.91,18.94,-0.39,-2.0591,3.0542,4940088,92771149.65,3000369750.0,3000369750.0,4893
2016-03-14,'300161,华中数控,18.94,19.55,18.3,18.3,18.1,0.84,4.6409,4.6518,7524062,143006370.11,3063450300.0,3063450300.0,6598
2016-03-11,'300161,华中数控,18.1,18.88,17.7,18.5,18.84,-0.74,-3.9278,4.1453,6704836,121613180.3,2927584500.0,2927584500.0,6478
2016-03-10,'300161,华中数控,18.84,19.88,18.7,19.2,19.07,-0.23,-1.2061,4.238,6854816,132163721.43,3047275800.0,3047275800.0,7599
2016-03-09,'300161,华中数控,19.07,20.2,18.6,19.0,19.12,-0.05,-0.2615,6.9883,11303160,221149798.41,3084477150.0,3084477150.0,11740
2016-03-08,'300161,华中数控,19.12,19.12,16.36,17.39,17.38,1.74,10.0115,4.7647,7706689,138311247.38,3092564400.0,3092564400.0,6477
2016-03-07,'300161,华中数控,17.38,17.8,17.1,17.21,16.9,0.48,2.8402,2.6058,4214732,73404403.49,2811128100.0,2811128100.0,4519
2016-03-04,'300161,华中数控,16.9,18.35,16.64,18.13,18.33,-1.43,-7.8014,3.0656,4958489,86548310.73,2733490500.0,2733490500.0,5201
2016-03-03,'300161,华中数控,18.33,19.19,18.29,18.48,18.46,-0.13,-0.7042,2.8854,4667010,87263262.95,2964785850.0,2964785850.0,4616
2016-03-02,'300161,华中数控,18.46,18.53,17.39,17.72,17.64,0.82,4.6485,4.2466,6868650,124182640.78,2985812700.0,2985812700.0,4873
2016-03-01,'300161,华中数控,17.64,18.0,16.59,17.34,17.33,0.31,1.7888,3.8377,6207273,107518555.02,2853181800.0,2853181800.0,4831
2016-02-29,'300161,华中数控,17.33,18.97,17.33,18.94,19.25,-1.92,-9.974,3.5882,5803676,101721745.89,2803040850.0,2803040850.0,4304
2016-02-26,'300161,华中数控,19.25,20.18,18.51,20.15,19.94,-0.69,-3.4604,3.6883,5965574,114995003.8,3113591250.0,3113591250.0,5095
2016-02-25,'300161,华中数控,19.94,22.18,19.94,22.1,22.15,-2.21,-9.9774,3.6715,5938515,124294847.92,3225195300.0,3225195300.0,4890
2016-02-24,'300161,华中数控,22.15,22.59,21.5,22.55,22.6,-0.45,-1.9912,4.1885,6774630,148905810.64,3582651750.0,3582651750.0,4891
2016-02-23,'300161,华中数控,22.6,23.2,22.05,22.81,23.0,-0.4,-1.7391,4.041,6536071,147748368.17,3655437000.0,3655437000.0,6085
2016-02-22,'300161,华中数控,23.0,23.3,22.62,23.2,22.65,0.35,1.5453,3.6647,5927537,135781648.75,3720135000.0,3720135000.0,5949
2016-02-19,'300161,华中数控,22.65,22.9,22.24,22.5,22.6,0.05,0.2212,2.608,4218257,95131743.48,3663524250.0,3663524250.0,4756
2016-02-18,'300161,华中数控,22.6,23.89,22.41,23.71,22.82,-0.22,-0.9641,3.4849,5636583,129434986.62,3655437000.0,3655437000.0,5310
2016-02-17,'300161,华中数控,22.82,22.99,22.12,22.49,22.4,0.42,1.875,3.759,6080033,137461318.49,3691020900.0,3691020900.0,5256
2016-02-16,'300161,华中数控,22.4,22.77,21.32,21.6,21.47,0.93,4.3316,3.4947,5652495,125668903.97,3623088000.0,3623088000.0,4439
2016-02-15,'300161,华中数控,21.47,21.57,20.03,20.51,21.73,-0.26,-1.1965,1.9731,3191468,67031264.18,3472665150.0,3472665150.0,2942
2016-02-05,'300161,华中数控,21.73,22.7,21.61,22.01,22.08,-0.35,-1.5851,2.0408,3300848,73338658.61,3514718850.0,3514718850.0,3569
2016-02-04,'300161,华中数控,22.08,22.17,20.92,20.92,20.95,1.13,5.3938,3.0622,4952999,107600276.08,3571329600.0,3571329600.0,4759
2016-02-03,'300161,华中数控,20.95,21.17,20.0,20.49,20.7,0.25,1.2077,2.4589,3977088,81853714.21,3388557750.0,3388557750.0,3559
2016-02-02,'300161,华中数控,20.7,21.0,20.1,20.2,20.02,0.68,3.3966,2.7803,4497077,93313204.36,3348121500.0,3348121500.0,3372
2016-02-01,'300161,华中数控,20.02,20.85,19.68,20.49,20.69,-0.67,-3.2383,1.6062,2597924,52769664.38,3238134900.0,3238134900.0,2435
2016-01-29,'300161,华中数控,20.69,21.14,19.51,19.89,20.04,0.65,3.2435,2.6547,4293905,87818862.75,3346504050.0,3346504050.0,3682
2016-01-28,'300161,华中数控,20.04,21.97,19.68,20.98,21.18,-1.14,-5.3824,1.9594,3169299,66807732.62,3241369800.0,3241369800.0,4166
2016-01-27,'300161,华中数控,21.18,22.1,20.02,22.1,21.78,-0.6,-2.7548,2.6347,4261424,88640440.04,3425759100.0,3425759100.0,3391
2016-01-26,'300161,华中数控,21.78,23.9,21.78,23.64,24.2,-2.42,-10.0,2.0456,3308635,75674246.91,3522806100.0,3522806100.0,2978
2016-01-25,'300161,华中数控,24.2,24.4,23.4,24.4,23.83,0.37,1.5527,2.0158,3260520,78387749.35,3914229000.0,3914229000.0,2627
2016-01-22,'300161,华中数控,23.83,24.16,22.04,23.9,23.4,0.43,1.8376,2.2531,3644351,85115884.27,3854383350.0,3854383350.0,3557
2016-01-21,'300161,华中数控,23.4,25.8,23.06,25.0,25.62,-2.22,-8.6651,2.415,3906064,97435013.33,3784833000.0,3784833000.0,3608
2016-01-20,'300161,华中数控,25.62,26.55,25.2,26.0,26.38,-0.76,-2.881,1.7362,2808236,72632116.41,4143906900.0,4143906900.0,3322
2016-01-19,'300161,华中数控,26.38,26.45,24.8,25.08,25.31,1.07,4.2276,2.765,4472285,114482626.75,4266833100.0,4266833100.0,4326
2016-01-18,'300161,华中数控,25.31,25.65,23.38,23.66,24.3,1.01,4.1564,2.5451,4116557,102934334.65,4093765950.0,4093765950.0,4387
2016-01-15,'300161,华中数控,24.3,25.5,22.99,25.5,25.3,-1.0,-3.9526,3.0097,4868038,117572821.57,3930403500.0,3930403500.0,4517
2016-01-14,'300161,华中数控,25.3,25.32,22.61,23.0,23.8,1.5,6.3025,3.2219,5211207,125848852.6,4092148500.0,4092148500.0,4281
2016-01-13,'300161,华中数控,23.8,26.47,23.52,25.8,25.5,-1.7,-6.6667,1.9486,3151768,79295163.27,3849531000.0,3849531000.0,3011
2016-01-12,'300161,华中数控,25.5,26.5,24.91,25.39,25.52,-0.02,-0.0784,2.5233,4081268,104784390.18,4124497500.0,4124497500.0,3319
2016-01-11,'300161,华中数控,25.52,28.2,25.52,27.0,28.35,-2.83,-9.9824,3.7172,6012337,159910931.59,4127732400.0,4127732400.0,4189
2016-01-08,'300161,华中数控,28.35,31.0,27.5,30.99,30.15,-1.8,-5.9701,4.271,6908104,199070403.45,4585470750.0,4585470750.0,5831
2016-01-07,'300161,华中数控,30.15,32.52,30.15,32.52,33.5,-3.35,-10.0,0.936,1513900,46780871.0,4876611750.0,4876611750.0,1268
2016-01-06,'300161,华中数控,33.5,34.58,32.0,33.44,33.5,0.0,0.0,2.0993,3395519,112309688.83,5418457500.0,5418457500.0,3982
2016-01-05,'300161,华中数控,33.5,34.3,31.09,31.13,33.34,0.16,0.4799,2.658,4299202,141084607.5,5418457500.0,5418457500.0,4866
2016-01-04,'300161,华中数控,33.34,36.97,33.08,36.88,36.72,-3.38,-9.2048,2.4221,3917693,136367177.22,5392578300.0,5392578300.0,4171
