日期,股票代码,名称,收盘价,最高价,最低价,开盘价,前收盘,涨跌额,涨跌幅,换手率,成交量,成交金额,总市值,流通市值,成交笔数
2016-10-12,'300401,花园生物,32.48,33.31,31.82,32.11,32.36,0.12,0.3708,5.4605,5614976,183693088.31,5891872000.0,3339894364.8,6765
2016-10-11,'300401,花园生物,32.36,32.46,31.02,31.6,31.54,0.82,2.5999,6.6841,6873188,217700399.64,5870104000.0,3327554853.6,8524
2016-10-10,'300401,花园生物,31.54,31.9,30.12,30.84,30.01,1.53,5.0983,6.0149,6185036,192438947.55,5721356000.0,3243234860.4,7152
2016-09-30,'300401,花园生物,30.01,30.2,29.62,29.8,29.5,0.51,1.7288,4.6318,4762838,142979780.85,5443814000.0,3085906092.6,4766
2016-09-29,'300401,花园生物,29.5,30.19,29.27,29.27,29.45,0.05,0.1698,4.6406,4771888,142204608.9,5351300000.0,3033463170.0,4934
2016-09-28,'300401,花园生物,29.45,29.92,29.0,29.24,29.24,0.21,0.7182,3.4787,3577098,105783455.26,5342230000.0,3028321707.0,4639
2016-09-27,'300401,花园生物,29.24,29.45,28.35,28.71,28.83,0.41,1.4221,3.8815,3991337,115207059.45,5304136000.0,3006727562.4,3854
2016-09-26,'300401,花园生物,28.83,30.3,28.8,30.27,30.03,-1.2,-3.996,4.6717,4803898,140891496.32,5229762000.0,2964567565.8,5321
2016-09-23,'300401,花园生物,30.03,30.54,29.64,29.74,29.74,0.29,0.9751,5.259,5407787,162679478.88,5447442000.0,3087962677.8,5273
2016-09-22,'300401,花园生物,29.74,30.56,29.06,29.06,29.14,0.6,2.059,8.1325,8362612,251109103.27,5394836000.0,3058142192.4,8848
2016-09-21,'300401,花园生物,29.14,29.88,28.86,29.3,29.29,-0.15,-0.5121,4.8663,5003941,147167659.41,5285996000.0,2996444636.4,6199
2016-09-20,'300401,花园生物,29.29,29.56,28.65,28.76,29.0,0.29,1.0,5.498,5653563,164394307.22,5313206000.0,3011869025.4,5883
2016-09-19,'300401,花园生物,29.0,29.0,27.7,27.96,28.0,1.0,3.5714,5.1641,5310203,151045517.52,5260600000.0,2982048540.0,5153
2016-09-14,'300401,花园生物,28.0,28.53,27.85,28.11,28.33,-0.33,-1.1648,2.9334,3016360,85223605.92,5079200000.0,2879219280.0,3244
2016-09-13,'300401,花园生物,28.33,28.97,28.06,28.2,28.0,0.33,1.1786,3.885,3994925,113193847.34,5139062000.0,2913152935.8,4043
2016-09-12,'300401,花园生物,28.0,29.24,26.41,28.0,29.19,-1.19,-4.0767,5.9151,6082499,172944073.29,5079200000.0,2879219280.0,6236
2016-09-09,'300401,花园生物,29.19,29.76,28.15,28.45,28.45,0.74,2.6011,9.2288,9489907,277176606.65,5295066000.0,3001586099.4,10325
2016-09-08,'300401,花园生物,28.45,28.53,27.85,28.14,28.26,0.19,0.6723,5.0105,5152281,145559102.55,5160830000.0,2925492447.0,5505
2016-09-07,'300401,花园生物,28.26,28.68,27.4,27.5,27.52,0.74,2.689,7.67,7886971,222411022.23,5126364000.0,2905954887.6,8686
2016-09-06,'300401,花园生物,27.52,27.52,25.81,26.11,26.0,1.52,5.8462,4.7606,4895287,131374315.69,4992128000.0,2829861235.2,6068
2016-09-05,'300401,花园生物,26.0,26.69,25.8,26.3,26.3,-0.3,-1.1407,2.8712,2952467,77469039.79,4716400000.0,2673560760.0,5097
2016-09-02,'300401,花园生物,26.3,27.43,26.05,27.2,27.37,-1.07,-3.9094,3.5559,3656494,97555925.04,4770820000.0,2704409538.0,4606
2016-09-01,'300401,花园生物,27.37,27.88,27.26,27.46,27.44,-0.07,-0.2551,2.8241,2904051,80034145.62,4964918000.0,2814436846.2,3240
2016-08-31,'300401,花园生物,27.44,27.44,26.83,27.21,27.3,0.14,0.5128,3.3505,3445289,93519452.64,4977616000.0,2821634894.4,3224
2016-08-30,'300401,花园生物,27.3,27.66,27.01,27.22,27.28,0.02,0.0733,3.2179,3308941,90285869.92,4952220000.0,2807238798.0,3438
2016-08-29,'300401,花园生物,27.28,28.27,27.2,28.27,28.3,-1.02,-3.6042,4.6381,4769330,131078236.53,4948592000.0,2805182212.8,5751
2016-08-26,'300401,花园生物,28.3,28.81,27.98,28.53,28.59,-0.29,-1.0143,4.8381,4974945,140826803.52,5133620000.0,2910068058.0,6467
2016-08-25,'300401,花园生物,28.59,28.95,27.42,27.45,27.8,0.79,2.8417,7.8841,8107149,230273478.76,5186226000.0,2939888543.4,9507
2016-08-24,'300401,花园生物,27.8,28.11,27.35,27.39,27.35,0.45,1.6453,7.1765,7379536,205638412.33,5042920000.0,2858653428.0,7997
2016-08-23,'300401,花园生物,27.35,27.89,26.7,27.8,27.31,0.04,0.1465,5.2505,5399003,147468922.66,4961290000.0,2812380261.0,6747
2016-08-22,'300401,花园生物,27.31,28.05,26.02,26.02,26.15,1.16,4.4359,9.571,9841817,269162447.94,4954034000.0,2808267090.6,11663
2016-08-19,'300401,花园生物,26.15,26.33,25.82,26.33,26.31,-0.16,-0.6081,2.8179,2897623,75575073.16,4743610000.0,2688985149.0,3767
2016-08-18,'300401,花园生物,26.31,26.7,25.8,25.99,26.02,0.29,1.1145,5.4457,5599811,147679665.63,4772634000.0,2705437830.6,6387
2016-08-17,'300401,花园生物,26.02,26.11,25.77,25.95,26.01,0.01,0.0384,3.113,3201077,83081515.18,4720028000.0,2675617345.2,3631
2016-08-16,'300401,花园生物,26.01,26.33,25.53,25.76,25.89,0.12,0.4635,3.9733,4085749,106389599.62,4718214000.0,2674589052.6,4888
2016-08-15,'300401,花园生物,25.89,26.37,25.01,25.51,25.46,0.43,1.6889,4.8781,5016081,129118502.03,4696446000.0,2662249541.4,6496
2016-08-12,'300401,花园生物,25.46,25.48,24.53,25.0,25.45,0.01,0.0393,3.5705,3671489,91967425.97,4618444000.0,2618032959.6,4608
2016-08-11,'300401,花园生物,25.45,26.0,25.26,25.26,25.26,0.19,0.7522,4.6964,4829289,124407202.26,4616630000.0,2617004667.0,6786
2016-08-10,'300401,花园生物,25.26,25.96,25.26,25.77,25.92,-0.66,-2.5463,3.68,3784158,96584689.55,4582164000.0,2597467107.6,5619
2016-08-09,'300401,花园生物,25.92,26.13,25.6,26.12,25.86,0.06,0.232,2.8539,2934612,75778802.01,4701888000.0,2665334419.2,4564
2016-08-08,'300401,花园生物,25.86,25.99,25.2,25.99,25.92,-0.06,-0.2315,3.791,3898228,99949030.34,4691004000.0,2659164663.6,5754
2016-08-05,'300401,花园生物,25.92,26.78,24.55,24.86,24.68,1.24,5.0243,7.2013,7405044,191912631.48,4701888000.0,2665334419.2,10301
2016-08-04,'300401,花园生物,24.68,24.96,24.45,24.45,24.42,0.26,1.0647,2.8612,2942185,72787110.74,4476952000.0,2537826136.8,3865
2016-08-03,'300401,花园生物,24.42,25.19,24.3,24.5,24.3,0.12,0.4938,3.6424,3745488,92699528.25,4429788000.0,2511090529.2,5265
2016-08-02,'300401,花园生物,24.3,24.51,23.75,24.0,24.51,-0.21,-0.8568,3.2308,3322178,80529150.36,4408020000.0,2498751018.0,4359
2016-08-01,'300401,花园生物,24.51,26.6,24.51,26.6,27.23,-2.72,-9.989,7.4098,7619404,188894774.72,4446114000.0,2520345162.6,8001
2016-07-29,'300401,花园生物,0.0,0.0,0.0,0.0,27.23,None,None,0.0,0,0.0,4939522000.0,2800040749.8,0
2016-07-28,'300401,花园生物,0.0,0.0,0.0,0.0,27.23,None,None,0.0,0,0.0,4939522000.0,2800040749.8,0
2016-07-27,'300401,花园生物,0.0,0.0,0.0,0.0,27.23,None,None,0.0,0,0.0,4939522000.0,2800040749.8,0
2016-07-26,'300401,花园生物,0.0,0.0,0.0,0.0,27.23,None,None,0.0,0,0.0,4939522000.0,2800040749.8,0
2016-07-25,'300401,花园生物,0.0,0.0,0.0,0.0,27.23,None,None,0.0,0,0.0,4939522000.0,2800040749.8,0
2016-07-22,'300401,花园生物,27.23,27.75,27.02,27.5,27.49,-0.26,-0.9458,4.1313,4248205,116317453.67,4939522000.0,2800040749.8,6113
2016-07-21,'300401,花园生物,27.49,28.26,27.4,27.8,27.64,-0.15,-0.5427,4.9688,5109407,142003962.72,4986686000.0,2826776357.4,6254
2016-07-20,'300401,花园生物,27.64,28.09,27.55,27.55,27.55,0.09,0.3267,3.795,3902324,108485306.89,5013896000.0,2842200746.4,5120
2016-07-19,'300401,花园生物,27.55,28.45,27.0,28.01,27.99,-0.44,-1.572,6.2931,6471181,178088348.53,4997570000.0,2832946113.0,9270
2016-07-18,'300401,花园生物,27.99,29.35,27.99,28.99,29.1,-1.11,-3.8144,5.2443,5392666,152484654.42,5077386000.0,2878190987.4,7016
2016-07-15,'300401,花园生物,29.1,29.18,28.35,28.63,28.73,0.37,1.2879,5.6778,5838450,168098826.39,5278740000.0,2992331466.0,7062
2016-07-14,'300401,花园生物,28.73,29.57,28.63,29.5,29.49,-0.76,-2.5771,5.3187,5469203,158570201.67,5211622000.0,2954284639.8,7568
2016-07-13,'300401,花园生物,29.49,30.29,29.19,29.8,29.66,-0.17,-0.5732,6.1967,6372019,188404532.64,5349486000.0,3032434877.4,8697
2016-07-12,'300401,花园生物,29.66,30.09,28.11,28.78,29.0,0.66,2.2759,9.2974,9560405,278922061.4,5380324000.0,3049915851.6,12484
2016-07-11,'300401,花园生物,29.0,29.89,27.86,28.1,28.1,0.9,3.2028,10.9992,11310380,328485533.7,5260600000.0,2982048540.0,13294
2016-07-08,'300401,花园生物,28.1,28.77,28.01,28.51,28.8,-0.7,-2.4306,6.5885,6774933,191239720.88,5097340000.0,2889502206.0,8399
2016-07-07,'300401,花园生物,28.8,29.58,27.21,27.49,27.6,1.2,4.3478,11.7745,12107593,343257402.6,5224320000.0,2961482688.0,15387
2016-07-06,'300401,花园生物,27.6,27.98,26.88,27.14,26.96,0.64,2.3739,7.2777,7483625,206023967.86,5006640000.0,2838087576.0,10082
2016-07-05,'300401,花园生物,26.96,27.76,26.6,27.38,27.38,-0.42,-1.534,5.8391,6004337,162022463.69,4890544000.0,2772276849.6,8756
2016-07-04,'300401,花园生物,27.38,27.66,26.15,26.31,26.7,0.68,2.5468,6.1144,6287401,171481109.2,4966732000.0,2815465138.8,8580
2016-07-01,'300401,花园生物,26.7,27.5,26.26,27.13,27.2,-0.5,-1.8382,5.7583,5921234,159510611.22,4843380000.0,2745541242.0,8298
2016-06-30,'300401,花园生物,27.2,27.82,27.11,27.2,27.2,0.0,0.0,5.7626,5925607,162203574.74,4934080000.0,2796955872.0,7265
2016-06-29,'300401,花园生物,27.2,27.98,27.08,27.98,28.08,-0.88,-3.1339,7.4636,7674716,210191791.31,4934080000.0,2796955872.0,11043
2016-06-28,'300401,花园生物,28.08,28.44,26.72,26.89,26.75,1.33,4.972,11.9058,12242646,338379829.32,5093712000.0,2887445620.8,15468
2016-06-27,'300401,花园生物,26.75,26.98,25.41,25.51,25.86,0.89,3.4416,7.8756,8098470,214273519.43,4852450000.0,2750682705.0,9727
2016-06-24,'300401,花园生物,25.86,26.68,24.7,26.12,26.17,-0.31,-1.1846,9.1457,9404444,243088407.55,4691004000.0,2659164663.6,12301
2016-06-23,'300401,花园生物,26.17,27.3,26.08,27.0,26.98,-0.81,-3.0022,8.3606,8597097,227915212.6,4747238000.0,2691041734.2,11978
2016-06-22,'300401,花园生物,26.98,27.47,26.42,26.98,27.0,-0.02,-0.0741,9.1784,9438111,253296430.98,4894172000.0,2774333434.8,13476
2016-06-21,'300401,花园生物,27.0,28.48,26.05,26.05,26.89,0.11,0.4091,18.3553,18874669,509123136.54,4897800000.0,2776390020.0,26169
2016-06-20,'300401,花园生物,26.89,26.9,23.91,25.19,24.54,2.35,9.5762,15.2088,15639109,391174598.42,4877846000.0,2765078801.4,21390
2016-06-17,'300401,花园生物,24.54,24.54,22.32,22.5,22.31,2.23,9.9955,10.6591,10960660,261211009.65,4451556000.0,2523430040.4,13499
2016-06-16,'300401,花园生物,22.31,22.8,22.26,22.68,22.71,-0.4,-1.7613,3.2124,3303322,74334168.36,4047034000.0,2294120790.6,4074
2016-06-15,'300401,花园生物,22.71,22.98,21.58,21.94,22.04,0.67,3.0399,3.8802,3989989,90040873.63,4119594000.0,2335252494.6,5117
2016-06-14,'300401,花园生物,22.04,22.1,21.5,21.77,21.77,0.27,1.2402,2.9556,3039207,66550707.65,3998056000.0,2266356890.4,3999
2016-06-13,'300401,花园生物,21.77,23.15,21.72,22.98,23.49,-1.72,-7.3223,4.7447,4878929,110305881.36,3949078000.0,2238592990.2,6293
2016-06-08,'300401,花园生物,23.49,23.98,23.35,23.98,24.0,-0.51,-2.125,4.3264,4448810,104946170.76,4261086000.0,2415459317.4,6430
2016-06-07,'300401,花园生物,24.0,24.35,23.84,24.3,24.4,-0.4,-1.6393,4.6151,4745642,114108160.29,4353600000.0,2467902240.0,6273
2016-06-06,'300401,花园生物,24.4,24.44,23.6,23.9,23.97,0.43,1.7939,7.1584,7360957,177203664.75,4426160000.0,2509033944.0,9112
2016-06-03,'300401,花园生物,23.97,24.3,23.22,23.35,23.56,0.41,1.7402,9.2703,9532573,226121361.25,4348158000.0,2464817362.2,10949
2016-06-02,'300401,花园生物,23.56,23.58,22.9,23.25,23.15,0.41,1.7711,5.9676,6136397,142366770.66,4273784000.0,2422657365.6,7452
2016-06-01,'300401,花园生物,23.15,23.5,23.01,23.01,23.05,0.1,0.4338,6.1952,6370432,147949367.16,4199410000.0,2380497369.0,8017
2016-05-31,'300401,花园生物,23.05,23.08,21.74,21.88,21.85,1.2,5.492,6.6871,6876324,155857510.35,4181270000.0,2370214443.0,8743
2016-05-30,'300401,花园生物,21.85,22.25,21.69,21.89,22.19,-0.34,-1.5322,3.2634,3355750,73465077.83,3963590000.0,2246819331.0,4382
2016-05-27,'300401,花园生物,22.19,22.39,21.9,22.26,22.32,-0.13,-0.5824,3.4765,3574901,79149934.45,4025266000.0,2281781279.4,4879
2016-05-26,'300401,花园生物,22.32,22.37,21.21,22.19,22.21,0.11,0.4953,4.7306,4864481,105837908.83,4048848000.0,2295149083.2,6060
2016-05-25,'300401,花园生物,22.21,22.92,22.18,22.5,22.28,-0.07,-0.3142,4.0776,4192976,94415990.31,4028894000.0,2283837864.6,5599
2016-05-24,'300401,花园生物,22.28,22.95,22.13,22.84,22.95,-0.67,-2.9194,3.9466,4058296,90824238.44,4041592000.0,2291035912.8,5910
2016-05-23,'300401,花园生物,22.95,22.98,22.5,22.5,22.37,0.58,2.5928,4.0466,4161052,94888216.75,4163130000.0,2359931517.0,5733
2016-05-20,'300401,花园生物,22.37,22.5,21.6,21.9,21.95,0.42,1.9134,3.9375,4048915,90016829.63,4057918000.0,2300290546.2,5475
2016-05-19,'300401,花园生物,21.95,22.47,21.43,21.76,21.69,0.26,1.1987,4.3586,4481916,99023171.2,3981730000.0,2257102257.0,6205
2016-05-18,'300401,花园生物,21.69,23.03,21.11,23.03,23.41,-1.72,-7.3473,6.0912,6263565,139246062.09,3934566000.0,2230366649.4,8424
2016-05-17,'300401,花园生物,23.41,23.59,22.82,23.11,23.12,0.29,1.2543,7.3981,7607408,176578223.77,4246574000.0,2407232976.6,8486
2016-05-16,'300401,花园生物,23.12,23.16,22.3,22.71,22.57,0.55,2.4369,3.7476,3853625,87782353.22,4193968000.0,2377412491.2,4894
2016-05-13,'300401,花园生物,22.57,23.59,22.3,23.17,23.17,-0.6,-2.5896,4.313,4434983,101885185.9,4094198000.0,2320856398.2,5986
2016-05-12,'300401,花园生物,23.17,23.6,22.28,23.6,23.95,-0.78,-3.2568,4.7934,4928982,112552608.85,4203038000.0,2382553954.2,6383
2016-05-11,'300401,花园生物,23.95,24.53,23.32,23.83,23.51,0.44,1.8715,4.7738,4908901,117689300.25,4344530000.0,2462760777.0,7301
2016-05-10,'300401,花园生物,23.51,24.05,23.25,23.53,23.72,-0.21,-0.8853,3.1828,3272855,77036706.31,4264714000.0,2417515902.6,4785
2016-05-09,'300401,花园生物,23.72,25.86,23.72,25.81,26.35,-2.63,-9.981,6.2104,6386152,155738291.93,4302808000.0,2439110047.2,8509
2016-05-06,'300401,花园生物,26.35,28.47,26.0,28.2,28.12,-1.77,-6.2945,7.2311,7374974,199798553.6,4779890000.0,2687417001.0,11847
2016-05-05,'300401,花园生物,28.12,28.25,27.15,27.38,27.25,0.87,3.1927,5.71,5823576,161874533.58,5100968000.0,2867937991.2,9046
2016-05-04,'300401,花园生物,27.25,27.65,27.16,27.43,27.5,-0.25,-0.9091,4.2352,4319475,118424884.84,4943150000.0,2779207335.0,6580
2016-05-03,'300401,花园生物,27.5,27.57,26.2,26.41,26.49,1.01,3.8128,5.3705,5477284,147580651.75,4988500000.0,2804704650.0,8397
2016-04-29,'300401,花园生物,26.49,26.93,26.21,26.36,26.41,0.08,0.3029,3.4659,3534835,93968288.7,4805286000.0,2701695497.4,5437
2016-04-28,'300401,花园生物,26.41,27.79,25.88,27.4,27.44,-1.03,-3.7536,4.9951,5094461,135129410.81,4790774000.0,2693536356.6,7700
2016-04-27,'300401,花园生物,27.44,28.16,27.26,27.3,27.26,0.18,0.6603,4.0407,4121112,114129121.2,4977616000.0,2798585294.4,6714
2016-04-26,'300401,花园生物,27.26,27.55,26.8,27.02,27.12,0.14,0.5162,2.8974,2955078,80146069.71,4944964000.0,2780227227.6,4516
2016-04-25,'300401,花园生物,27.12,27.88,26.76,27.69,27.8,-0.68,-2.446,3.1457,3208304,87569341.66,4919568000.0,2765948731.2,5051
2016-04-22,'300401,花园生物,27.8,28.3,27.11,27.31,27.99,-0.19,-0.6788,4.5826,4673754,129564909.28,5042920000.0,2835301428.0,7097
2016-04-21,'300401,花园生物,27.99,29.3,26.7,27.48,27.47,0.52,1.893,7.0019,7141145,198674799.64,5077386000.0,2854679387.4,11129
2016-04-20,'300401,花园生物,27.47,30.78,27.43,30.61,30.48,-3.01,-9.8753,6.8878,7024844,200714008.96,4983058000.0,2801644972.2,10552
2016-04-19,'300401,花园生物,30.48,30.79,30.11,30.45,30.27,0.21,0.6938,3.6882,3761549,114622865.06,5529072000.0,3108632644.8,6113
2016-04-18,'300401,花园生物,30.27,31.0,30.0,31.0,30.99,-0.72,-2.3233,4.0028,4082458,123885255.4,5490978000.0,3087214900.2,6857
2016-04-15,'300401,花园生物,30.99,31.19,30.43,30.83,30.8,0.19,0.6169,4.3861,4473313,137703453.94,5621586000.0,3160647167.4,7850
2016-04-14,'300401,花园生物,30.8,31.25,30.48,30.59,30.29,0.51,1.6837,5.6864,5799540,179098362.64,5587120000.0,3141269208.0,9496
2016-04-13,'300401,花园生物,30.29,31.18,30.16,30.24,30.25,0.04,0.1322,7.9952,8154248,249950536.79,5494606000.0,3089254685.4,12601
2016-04-12,'300401,花园生物,30.25,33.44,30.05,33.33,33.32,-3.07,-9.2137,10.2082,10411283,325306470.24,5487350000.0,3085175115.0,18621
2016-04-11,'300401,花园生物,33.32,33.91,32.54,32.85,33.58,-0.26,-0.7743,6.7749,6909628,229143188.84,6044248000.0,3398282143.2,9893
2016-04-08,'300401,花园生物,33.58,34.5,32.32,34.4,35.41,-1.83,-5.168,7.8666,8023119,267379615.64,6091412000.0,3424799350.8,11947
2016-04-07,'300401,花园生物,35.41,36.86,35.12,35.6,35.11,0.3,0.8545,9.2495,9433500,341134893.45,6423374000.0,3611439696.6,12976
2016-04-06,'300401,花园生物,35.11,36.21,34.8,35.35,35.35,-0.24,-0.6789,4.5709,4661821,165207313.32,6368954000.0,3580842918.6,6814
2016-04-05,'300401,花园生物,35.35,35.88,33.81,33.91,34.17,1.18,3.4533,4.6265,4718488,165042958.0,6412490000.0,3605320341.0,6798
2016-04-01,'300401,花园生物,34.17,35.55,33.7,35.0,35.5,-1.33,-3.7465,3.9008,3978363,137108907.48,6198438000.0,3484973014.2,7342
2016-03-31,'300401,花园生物,35.5,35.86,34.41,34.85,34.39,1.11,3.2277,6.1827,6305639,221155222.03,6439700000.0,3620618730.0,8967
2016-03-30,'300401,花园生物,34.39,34.5,33.0,33.6,33.06,1.33,4.023,4.3802,4467357,150740031.28,6238346000.0,3507410651.4,7331
2016-03-29,'300401,花园生物,33.06,34.89,32.68,34.85,34.82,-1.76,-5.0546,5.2084,5311961,177386314.36,5997084000.0,3371764935.6,8511
2016-03-28,'300401,花园生物,34.82,36.9,34.8,35.95,35.99,-1.17,-3.2509,6.5304,6660284,239185231.7,6316348000.0,3551266033.2,9852
2016-03-25,'300401,花园生物,35.99,36.2,34.31,34.8,34.68,1.31,3.7774,7.4149,7562394,268217392.29,6528586000.0,3670593467.4,11350
2016-03-24,'300401,花园生物,34.68,36.49,34.66,35.51,36.27,-1.59,-4.3838,6.5296,6659501,235548882.66,6290952000.0,3536987536.8,11572
2016-03-23,'300401,花园生物,36.27,36.8,35.51,36.33,36.99,-0.72,-1.9465,7.0967,7237893,260860468.75,6579378000.0,3699150460.2,12318
2016-03-22,'300401,花园生物,37.0,37.62,34.71,35.0,35.64,1.36,3.8159,11.2594,11483379,415793775.08,6711800000.0,3773602620.0,16812
2016-03-21,'300401,花园生物,35.64,36.32,34.55,36.3,35.58,0.06,0.1686,11.4545,11682386,409647188.75,6465096000.0,3634897226.4,17731
2016-03-18,'300401,花园生物,35.58,35.81,31.88,31.9,33.2,2.38,7.1687,10.9346,11152158,383455619.79,6454212000.0,3628777870.8,15103
2016-03-17,'300401,花园生物,33.2,33.3,31.06,31.8,30.98,2.22,7.1659,8.964,9142281,295076484.76,6022480000.0,3386043432.0,13105
2016-03-16,'300401,花园生物,30.98,33.5,30.55,33.48,32.38,-1.4,-4.3237,5.6594,5772029,182586930.94,5619772000.0,3159627274.8,10407
2016-03-15,'300401,花园生物,32.38,33.66,32.19,32.98,32.63,-0.25,-0.7662,5.3431,5449402,179134278.57,5873732000.0,3302412238.8,9063
2016-03-14,'300401,花园生物,32.63,33.4,30.56,30.9,30.55,2.08,6.8085,9.5666,9756937,314346507.95,5919082000.0,3327909553.8,14291
2016-03-11,'300401,花园生物,30.55,32.7,30.04,32.01,33.1,-2.55,-7.7039,8.4232,8590765,268292445.56,5541770000.0,3115771893.0,12863
2016-03-10,'300401,花园生物,33.1,35.44,33.0,35.44,34.86,-1.76,-5.0488,7.4006,7547850,256446717.11,6004340000.0,3375844506.0,12447
2016-03-09,'300401,花园生物,34.86,36.8,33.03,34.0,35.4,-0.54,-1.5254,8.7704,8944842,313787184.27,6323604000.0,3555345603.6,13352
2016-03-08,'300401,花园生物,35.4,38.48,34.41,36.51,35.0,0.4,1.1429,16.1218,16442469,595492582.68,6421560000.0,3610419804.0,19220
2016-03-07,'300401,花园生物,35.0,36.89,33.88,36.0,35.35,-0.35,-0.9901,12.3694,12615507,443453006.1,6349000000.0,3569624100.0,14919
2016-03-04,'300401,花园生物,35.35,36.4,33.72,35.23,36.61,-1.26,-3.4417,12.5345,12783869,450527737.67,6412490000.0,3605320341.0,15169
2016-03-03,'300401,花园生物,36.61,39.62,36.33,37.0,37.82,-1.21,-3.1994,17.0531,17392325,653950530.84,6641054000.0,3733826808.6,22586
2016-03-02,'300401,花园生物,37.82,40.1,36.0,37.5,36.99,0.83,2.2438,21.756,22188834,842333750.92,6860548000.0,3857233813.2,25460
2016-03-01,'300401,花园生物,36.99,36.99,33.06,33.99,33.63,3.36,9.9911,13.0648,13324696,475107260.63,6709986000.0,3772582727.4,16954
2016-02-29,'300401,花园生物,33.63,34.5,31.05,34.0,34.5,-0.87,-2.5217,13.9295,14206567,471001072.25,6100482000.0,3429898813.8,15209
2016-02-26,'300401,花园生物,34.5,34.5,31.06,31.86,31.36,3.14,10.0128,14.8659,15161593,506305565.8,6258300000.0,3518629470.0,19592
2016-02-25,'300401,花园生物,31.36,32.74,30.73,31.59,32.0,-0.64,-2.0,9.2796,9464158,301741030.55,5688704000.0,3198383193.6,13336
2016-02-24,'300401,花园生物,32.0,32.88,31.0,32.61,32.3,-0.3,-0.9288,7.0981,7239339,230674122.03,5804800000.0,3263656320.0,9879
2016-02-23,'300401,花园生物,32.3,33.87,31.89,33.69,34.1,-1.8,-5.2786,8.9723,9150734,298640848.71,5859220000.0,3294253098.0,13253
2016-02-22,'300401,花园生物,34.1,34.29,33.54,34.0,34.67,-0.57,-1.6441,8.2005,8363652,283092107.55,6185740000.0,3477833766.0,11710
2016-02-19,'300401,花园生物,34.67,34.77,32.2,33.27,32.86,1.81,5.5082,8.3712,8537751,286786397.21,6289138000.0,3535967644.2,12149
2016-02-18,'300401,花园生物,32.86,34.46,32.48,34.46,34.46,-1.6,-4.6431,7.8452,8001277,267806526.15,5960804000.0,3351367083.6,12186
2016-02-17,'300401,花园生物,34.46,35.94,33.25,34.0,34.49,-0.03,-0.087,8.4351,8602898,297080379.66,6251044000.0,3514549899.6,14145
2016-02-16,'300401,花园生物,34.49,34.63,32.58,33.7,33.5,0.99,2.9552,8.8337,9009396,303364512.55,6256486000.0,3517609577.4,13127
2016-02-15,'300401,花园生物,33.5,34.68,31.5,31.5,33.1,0.4,1.2085,9.224,9407493,314534764.56,6076900000.0,3416640210.0,12941
2016-02-05,'300401,花园生物,33.1,33.8,30.47,30.79,30.8,2.3,7.4675,11.1116,11332594,369819995.34,6004340000.0,3375844506.0,14162
2016-02-04,'300401,花园生物,30.8,31.58,28.85,29.3,28.8,2.0,6.9444,9.3054,9490473,286596106.99,5587120000.0,3141269208.0,11571
2016-02-03,'300401,花园生物,28.8,29.2,27.36,28.78,29.23,-0.43,-1.4711,5.2039,5307407,150160248.06,5224320000.0,2937290688.0,7325
2016-02-02,'300401,花园生物,29.23,29.42,27.87,27.93,27.8,1.43,5.1439,5.7647,5879351,169164707.1,5302322000.0,2981146069.8,7863
2016-02-01,'300401,花园生物,27.8,29.3,27.0,27.36,27.35,0.45,1.6453,4.721,4814918,135848394.38,5042920000.0,2835301428.0,6823
2016-01-29,'300401,花园生物,27.35,28.23,24.35,26.9,26.99,0.36,1.3338,5.9591,6077669,162724690.09,4961290000.0,2789406261.0,7056
2016-01-28,'300401,花园生物,26.99,30.15,26.99,29.49,29.99,-3.0,-10.0033,5.5107,5620311,160765591.09,4895986000.0,2752690127.4,7546
2016-01-27,'300401,花园生物,29.99,30.3,25.23,27.71,27.69,2.3,8.3062,6.6137,6745234,185468080.18,5440186000.0,3058657907.4,8397
2016-01-26,'300401,花园生物,27.69,30.5,27.69,29.0,30.77,-3.08,-10.0097,8.0666,8227055,237969735.71,5022966000.0,2824082609.4,9943
2016-01-25,'300401,花园生物,30.77,32.0,29.03,29.89,29.46,1.31,4.4467,10.8258,11041116,337669708.63,5581678000.0,3138209530.2,11245
2016-01-22,'300401,花园生物,29.46,30.5,27.82,29.5,29.83,-0.37,-1.2404,13.2492,13512773,394430375.17,5344044000.0,3004603599.6,12321
2016-01-21,'300401,花园生物,29.83,29.84,25.9,26.11,27.13,2.7,9.9521,16.9138,17250254,504485982.57,5411162000.0,3042339625.8,13420
2016-01-20,'300401,花园生物,27.13,30.4,27.0,28.98,29.22,-2.09,-7.1526,10.3017,10506608,301032369.71,4921382000.0,2766968623.8,9576
2016-01-19,'300401,花园生物,29.22,29.37,26.2,26.7,26.7,2.52,9.4382,7.4363,7584260,213139707.87,5300508000.0,2980126177.2,7825
2016-01-18,'300401,花园生物,26.7,26.96,24.01,24.3,25.37,1.33,5.2424,5.5216,5631426,144092899.43,4843380000.0,2723113242.0,6667
2016-01-15,'300401,花园生物,25.37,27.62,24.01,26.28,26.64,-1.27,-4.7673,6.7309,6864765,180962282.01,4602118000.0,2587467526.2,7988
2016-01-14,'300401,花园生物,26.64,26.68,23.51,24.0,25.25,1.39,5.505,5.169,5271855,133896131.11,4832496000.0,2716993886.4,6668
2016-01-13,'300401,花园生物,25.25,26.4,23.98,24.75,24.5,0.75,3.0612,6.8102,6945683,176905027.81,4580350000.0,2575228815.0,7503
2016-01-12,'300401,花园生物,24.5,25.0,23.3,23.3,23.23,1.27,5.4671,5.9446,6062816,147769741.58,4444300000.0,2498736870.0,5863
2016-01-11,'300401,花园生物,23.23,25.35,22.38,23.28,24.17,-0.94,-3.8891,4.8614,4958127,118722273.71,4213922000.0,2369210509.8,5124
2016-01-08,'300401,花园生物,24.17,24.6,21.32,23.0,22.74,1.43,6.2885,5.0262,5126230,120581999.49,4384438000.0,2465080414.2,4359
2016-01-07,'300401,花园生物,22.74,24.89,22.6,24.89,25.05,-2.31,-9.2216,1.4321,1460601,34373674.94,4125036000.0,2319235772.4,851
2016-01-06,'300401,花园生物,25.05,25.56,24.01,25.16,24.47,0.58,2.3702,5.041,5141325,128448464.63,4544070000.0,2554830963.0,4406
2016-01-05,'300401,花园生物,24.47,25.67,23.14,23.22,25.71,-1.24,-4.823,7.8315,7987317,193855925.72,4438858000.0,2495677192.2,5156
2016-01-04,'300401,花园生物,25.71,28.88,25.7,28.68,28.55,-2.84,-9.9475,4.0858,4167059,110905146.69,4663794000.0,2622143874.6,3249
