日期,股票代码,名称,收盘价,最高价,最低价,开盘价,前收盘,涨跌额,涨跌幅,换手率,成交量,成交金额,总市值,流通市值,成交笔数
2016-10-12,'300221,银禧科技,27.44,29.3,27.36,29.2,30.4,-2.96,-9.7368,8.1253,32501089,914335349.99,11038233920.0,10976000000.0,25229
2016-10-11,'300221,银禧科技,30.4,30.6,29.68,29.91,30.2,0.2,0.6623,2.4519,9807494,295260176.68,12228947200.0,12160000000.0,8492
2016-10-10,'300221,银禧科技,30.2,30.48,27.85,28.35,28.19,2.01,7.1302,3.9171,15668327,461478227.73,12148493600.0,12080000000.0,10899
2016-09-30,'300221,银禧科技,28.19,28.25,26.8,27.14,27.07,1.12,4.1374,2.0612,8244681,228222146.24,11339934920.0,11276000000.0,6351
2016-09-29,'300221,银禧科技,27.07,27.4,26.82,27.0,27.28,-0.21,-0.7698,1.2891,5156384,139538094.97,10889394760.0,10828000000.0,5373
2016-09-28,'300221,银禧科技,27.28,28.85,27.2,28.57,27.85,-0.57,-2.0467,2.8743,11497025,320590629.52,10973871040.0,10912000000.0,8521
2016-09-27,'300221,银禧科技,27.85,28.13,26.61,27.51,27.56,0.29,1.0522,2.6726,10690572,294911947.54,11203163800.0,11140000000.0,7711
2016-09-26,'300221,银禧科技,27.56,28.85,27.0,27.6,27.82,-0.26,-0.9346,3.8799,15519624,433773776.95,11086506080.0,11024000000.0,12214
2016-09-23,'300221,银禧科技,27.82,28.7,26.37,26.37,26.32,1.5,5.6991,5.3227,21290918,588561260.39,11191095760.0,11128000000.0,17141
2016-09-22,'300221,银禧科技,26.32,27.09,26.3,26.51,26.3,0.02,0.076,2.175,8700143,232267786.17,10587693760.0,10528000000.0,8463
2016-09-21,'300221,银禧科技,26.3,26.59,26.11,26.5,26.78,-0.48,-1.7924,1.7606,7042547,185631851.83,10579648400.0,10520000000.0,5486
2016-09-20,'300221,银禧科技,26.78,27.38,25.7,25.8,25.09,1.69,6.7358,4.0137,16054873,428462109.99,10772737040.0,10712000000.0,11782
2016-09-19,'300221,银禧科技,25.09,25.46,24.72,24.73,24.73,0.36,1.4557,1.3583,5433004,136368872.02,10092904120.0,10036000000.0,3643
2016-09-14,'300221,银禧科技,24.73,25.42,24.65,25.01,25.08,-0.35,-1.3955,1.4682,5872625,146992058.76,9948087640.0,9892000000.0,4553
2016-09-13,'300221,银禧科技,25.08,25.68,24.9,25.12,24.79,0.29,1.1698,1.8946,7578429,191271524.53,10088881440.0,10032000000.0,8852
2016-09-12,'300221,银禧科技,24.79,26.34,24.53,26.0,26.85,-2.06,-7.6723,3.1375,12550125,319046935.64,9972223720.0,9916000000.0,7587
2016-09-09,'300221,银禧科技,26.85,27.1,25.85,26.24,26.12,0.73,2.7948,2.399,9596083,255716113.04,10800895800.0,10740000000.0,8093
2016-09-08,'300221,银禧科技,26.12,26.72,26.0,26.67,26.73,-0.61,-2.2821,1.6771,6708420,176445906.66,10507240160.0,10448000000.0,5120
2016-09-07,'300221,银禧科技,26.73,27.18,26.4,26.89,26.8,-0.07,-0.2612,1.6854,6741788,180325043.02,10752623640.0,10692000000.0,8745
2016-09-06,'300221,银禧科技,26.8,27.4,26.63,27.05,27.1,-0.3,-1.107,2.7859,11143620,299705106.78,10780782400.0,10720000000.0,10689
2016-09-05,'300221,银禧科技,27.1,27.1,25.81,26.06,26.29,0.81,3.081,3.0108,12043140,320190721.02,10901462800.0,10840000000.0,9331
2016-09-02,'300221,银禧科技,26.29,26.38,25.68,26.2,26.3,-0.01,-0.038,1.3287,5314723,138564481.46,10575625720.0,10516000000.0,3441
2016-09-01,'300221,银禧科技,26.3,26.58,25.51,25.52,25.84,0.46,1.7802,1.857,7428098,193431198.8,10579648400.0,10520000000.0,4943
2016-08-31,'300221,银禧科技,25.84,26.87,25.23,26.56,26.8,-0.96,-3.5821,2.9822,11928667,307878227.09,10394605120.0,10336000000.0,8684
2016-08-30,'300221,银禧科技,26.8,27.49,26.46,27.49,27.23,-0.43,-1.5791,1.8776,7510449,201029514.43,10780782400.0,10720000000.0,6369
2016-08-29,'300221,银禧科技,27.23,27.59,26.8,27.17,27.2,0.03,0.1103,2.4325,9729995,264421332.63,10953757640.0,10892000000.0,8775
2016-08-26,'300221,银禧科技,27.2,27.55,25.25,25.3,25.49,1.71,6.7085,3.6672,14668769,390604077.59,10941689600.0,10880000000.0,12689
2016-08-25,'300221,银禧科技,25.49,25.98,24.76,25.0,25.13,0.36,1.4326,3.4566,13826287,353315840.44,10253811320.0,10196000000.0,8860
2016-08-24,'300221,银禧科技,25.13,25.26,24.08,24.65,24.25,0.88,3.6289,2.4038,9615186,238501754.81,10108994840.0,10052000000.0,7700
2016-08-23,'300221,银禧科技,24.25,24.61,23.51,24.0,24.0,0.25,1.0417,2.065,8259817,199391104.84,9754999000.0,9700000000.0,6644
2016-08-22,'300221,银禧科技,24.0,25.15,23.86,24.81,25.05,-1.05,-4.1916,2.1913,8765144,212451223.35,9654432000.0,9600000000.0,6332
2016-08-19,'300221,银禧科技,25.05,25.76,24.51,24.52,25.2,-0.15,-0.5952,4.0556,16222513,409047834.96,10076813400.0,10020000000.0,7230
2016-08-18,'300221,银禧科技,25.2,26.07,24.9,25.96,25.9,-0.7,-2.7027,3.2603,13041104,331241330.94,10137153600.0,10080000000.0,7963
2016-08-17,'300221,银禧科技,25.9,26.3,25.06,25.2,25.22,0.68,2.6963,2.6523,10609077,273673371.9,10418741200.0,10360000000.0,8267
2016-08-16,'300221,银禧科技,25.22,25.87,24.83,25.2,25.39,-0.17,-0.6696,2.5552,10220657,258448436.0,10145198960.0,10088000000.0,9245
2016-08-15,'300221,银禧科技,25.39,25.88,23.71,23.8,23.7,1.69,7.1308,5.0081,20032311,493996765.11,10213584520.0,10156000000.0,15088
2016-08-12,'300221,银禧科技,23.7,25.53,23.7,25.53,26.33,-2.63,-9.9886,9.2938,37175175,887390258.34,9533751600.0,9480000000.0,19060
2016-08-11,'300221,银禧科技,26.33,27.37,26.3,27.1,27.19,-0.86,-3.1629,2.3694,9477495,254200282.3,10591716440.0,10532000000.0,5555
2016-08-10,'300221,银禧科技,27.19,27.3,26.4,26.88,27.04,0.15,0.5547,1.5317,6126789,164930502.7,10937666920.0,10876000000.0,4673
2016-08-09,'300221,银禧科技,27.04,27.34,26.63,26.68,26.89,0.15,0.5578,1.5986,6394549,172520902.19,10877326720.0,10816000000.0,4750
2016-08-08,'300221,银禧科技,26.89,27.48,26.5,27.1,27.59,-0.7,-2.5372,2.9225,11689842,312867637.19,10816986520.0,10756000000.0,7078
2016-08-05,'300221,银禧科技,27.59,28.5,27.26,28.0,28.9,-1.31,-4.5329,4.0508,16203313,452249857.91,11098574120.0,11036000000.0,12074
2016-08-04,'300221,银禧科技,28.9,29.32,26.55,26.55,26.65,2.25,8.4428,7.6268,30507003,875704514.51,11625545200.0,11560000000.0,19285
2016-08-03,'300221,银禧科技,26.65,27.39,26.28,26.4,26.63,0.02,0.0751,1.9558,7823352,210440471.25,10720442200.0,10660000000.0,6379
2016-08-02,'300221,银禧科技,26.63,26.71,25.58,25.6,25.76,0.87,3.3773,1.3607,5442707,142006896.4,10712396840.0,10652000000.0,4342
2016-08-01,'300221,银禧科技,25.76,26.6,25.05,25.5,25.78,-0.02,-0.0776,1.8096,7238288,187657910.8,10362423680.0,10304000000.0,4739
2016-07-29,'300221,银禧科技,25.78,25.95,24.76,25.65,25.5,0.28,1.098,1.609,6435876,163056635.21,10370469040.0,10312000000.0,4856
2016-07-28,'300221,银禧科技,25.5,26.43,24.69,25.76,26.1,-0.6,-2.2989,2.5333,10133233,258922977.99,10257834000.0,10200000000.0,7259
2016-07-27,'300221,银禧科技,26.1,27.63,25.61,27.08,27.11,-1.01,-3.7256,3.567,14267827,379366983.38,10499194800.0,10440000000.0,9789
2016-07-26,'300221,银禧科技,27.11,27.66,26.81,27.0,27.15,-0.04,-0.1473,1.96,7839863,213016097.55,10905485480.0,10844000000.0,6059
2016-07-25,'300221,银禧科技,27.15,28.45,26.88,27.75,27.99,-0.84,-3.0011,3.0132,12052837,329850149.77,10921576200.0,10860000000.0,10710
2016-07-22,'300221,银禧科技,27.99,29.2,27.65,29.17,29.18,-1.19,-4.0781,4.7425,18970079,537270081.81,11259481320.0,11196000000.0,21786
2016-07-21,'300221,银禧科技,29.18,29.7,28.1,28.7,27.71,1.47,5.3049,8.2543,33017240,951640196.4,11738180240.0,11672000000.0,19301
2016-07-20,'300221,银禧科技,27.71,27.71,25.13,25.4,25.19,2.52,10.004,5.8847,23538879,628032971.1,11146846280.0,11084000000.0,9677
2016-07-19,'300221,银禧科技,25.19,25.4,24.3,24.65,24.94,0.25,1.0024,2.7803,11121213,276091339.85,10133130920.0,10076000000.0,8003
2016-07-18,'300221,银禧科技,24.94,25.58,24.79,24.79,24.89,0.05,0.2009,2.9229,11691614,294725847.64,10032563920.0,9976000000.0,6897
2016-07-15,'300221,银禧科技,24.89,25.43,24.07,24.22,24.89,0.0,0.0,3.4055,13622148,338118728.18,10012450520.0,9956000000.0,8907
2016-07-14,'300221,银禧科技,24.89,27.68,24.88,27.15,25.85,-0.96,-3.7137,6.9877,27950858,725104362.39,10012450520.0,9956000000.0,14181
2016-07-13,'300221,银禧科技,25.85,26.19,24.85,25.23,25.55,0.3,1.1742,3.6471,14588450,372230151.62,10398627800.0,10340000000.0,8014
2016-07-12,'300221,银禧科技,25.55,26.68,24.61,26.13,26.13,-0.58,-2.2197,4.4482,17792905,458346202.4,10277947400.0,10220000000.0,9918
2016-07-11,'300221,银禧科技,26.13,26.7,24.75,25.45,25.45,0.68,2.6719,5.3269,21307712,547489491.79,10511262840.0,10452000000.0,12715
2016-07-08,'300221,银禧科技,25.45,27.0,25.45,25.68,26.1,-0.65,-2.4904,4.6296,18518229,486910361.59,10237720600.0,10180000000.0,17367
2016-07-07,'300221,银禧科技,26.1,26.5,24.73,25.4,26.04,0.06,0.2304,5.3708,21483249,552666028.29,10499194800.0,10440000000.0,16958
2016-07-06,'300221,银禧科技,26.04,27.0,24.6,24.6,24.72,1.32,5.3398,8.3278,33311042,861112059.36,10475058720.0,10416000000.0,21760
2016-07-05,'300221,银禧科技,24.72,25.99,23.91,25.99,24.71,0.01,0.0405,12.4866,49946320,1248131917.67,9944064960.0,9888000000.0,22563
2016-07-04,'300221,银禧科技,24.71,24.71,24.02,24.7,22.46,2.25,10.0178,3.6321,14528232,357712813.78,9940042280.0,9884000000.0,5052
2016-07-01,'300221,银禧科技,22.46,22.46,20.5,21.5,20.42,2.04,9.9902,15.8181,63272486,1377855079.48,9034939280.0,8984000000.0,19646
2016-06-30,'300221,银禧科技,20.42,20.42,20.42,20.42,18.56,1.86,10.0216,2.8269,11307491,230898966.22,8214312560.0,8168000000.0,1942
2016-06-29,'300221,银禧科技,18.56,18.56,18.56,18.56,16.87,1.69,10.0178,0.1061,424400,7876864.0,7466094080.0,7424000000.0,183
2016-06-28,'300221,银禧科技,16.87,16.87,16.87,16.87,15.34,1.53,9.9739,0.2797,1118940,18876517.8,6786261160.0,6748000000.0,387
2016-06-27,'300221,银禧科技,0.0,0.0,0.0,0.0,15.34,None,None,0.0,0,0.0,6170791120.0,6136000000.0,0
2016-06-24,'300221,银禧科技,0.0,0.0,0.0,0.0,15.34,None,None,0.0,0,0.0,6170791120.0,6136000000.0,0
2016-06-23,'300221,银禧科技,0.0,0.0,0.0,0.0,15.34,None,None,0.0,0,0.0,6170791120.0,6136000000.0,0
2016-06-22,'300221,银禧科技,0.0,0.0,0.0,0.0,15.34,None,None,0.0,0,0.0,6170791120.0,6136000000.0,0
2016-06-21,'300221,银禧科技,0.0,0.0,0.0,0.0,15.34,None,None,0.0,0,0.0,6170791120.0,6136000000.0,0
2016-06-20,'300221,银禧科技,0.0,0.0,0.0,0.0,15.34,None,None,0.0,0,0.0,6170791120.0,6136000000.0,0
2016-06-17,'300221,银禧科技,0.0,0.0,0.0,0.0,15.34,None,None,0.0,0,0.0,6170791120.0,6136000000.0,0
2016-06-16,'300221,银禧科技,0.0,0.0,0.0,0.0,15.34,None,None,0.0,0,0.0,6170791120.0,6136000000.0,0
2016-06-15,'300221,银禧科技,0.0,0.0,0.0,0.0,15.34,None,None,0.0,0,0.0,6170791120.0,6136000000.0,0
2016-06-14,'300221,银禧科技,0.0,0.0,0.0,0.0,15.34,None,None,0.0,0,0.0,6170791120.0,6136000000.0,0
2016-06-13,'300221,银禧科技,0.0,0.0,0.0,0.0,15.34,None,None,0.0,0,0.0,6170791120.0,6136000000.0,0
2016-06-08,'300221,银禧科技,0.0,0.0,0.0,0.0,15.34,None,None,0.0,0,0.0,6170791120.0,6136000000.0,0
2016-06-07,'300221,银禧科技,0.0,0.0,0.0,0.0,15.34,None,None,0.0,0,0.0,6170791120.0,6136000000.0,0
2016-06-06,'300221,银禧科技,0.0,0.0,0.0,0.0,15.34,None,None,0.0,0,0.0,6170791120.0,6136000000.0,0
2016-06-03,'300221,银禧科技,0.0,0.0,0.0,0.0,15.34,None,None,0.0,0,0.0,6170791120.0,6136000000.0,0
2016-06-02,'300221,银禧科技,0.0,0.0,0.0,0.0,15.34,None,None,0.0,0,0.0,6170791120.0,6136000000.0,0
2016-06-01,'300221,银禧科技,0.0,0.0,0.0,0.0,15.34,None,None,0.0,0,0.0,6170791120.0,6136000000.0,0
2016-05-31,'300221,银禧科技,0.0,0.0,0.0,0.0,15.34,None,None,0.0,0,0.0,6170791120.0,6136000000.0,0
2016-05-30,'300221,银禧科技,0.0,0.0,0.0,0.0,15.34,None,None,0.0,0,0.0,6170791120.0,6136000000.0,0
2016-05-27,'300221,银禧科技,0.0,0.0,0.0,0.0,15.34,None,None,0.0,0,0.0,6170791120.0,6136000000.0,0
2016-05-26,'300221,银禧科技,0.0,0.0,0.0,0.0,15.34,None,None,0.0,0,0.0,6170791120.0,6136000000.0,0
2016-05-25,'300221,银禧科技,0.0,0.0,0.0,0.0,15.34,None,None,0.0,0,0.0,6170791120.0,6136000000.0,0
2016-05-24,'300221,银禧科技,0.0,0.0,0.0,0.0,15.34,None,None,0.0,0,0.0,6170791120.0,6136000000.0,0
2016-05-23,'300221,银禧科技,0.0,0.0,0.0,0.0,15.34,None,None,0.0,0,0.0,6170791120.0,6136000000.0,0
2016-05-20,'300221,银禧科技,0.0,0.0,0.0,0.0,15.34,None,None,0.0,0,0.0,6170791120.0,6136000000.0,0
2016-05-19,'300221,银禧科技,0.0,0.0,0.0,0.0,15.34,None,None,0.0,0,0.0,6185701600.0,6136000000.0,0
2016-05-18,'300221,银禧科技,0.0,0.0,0.0,0.0,15.34,None,None,0.0,0,0.0,6185701600.0,6136000000.0,0
2016-05-17,'300221,银禧科技,0.0,0.0,0.0,0.0,15.34,None,None,0.0,0,0.0,6185701600.0,6136000000.0,0
2016-05-16,'300221,银禧科技,0.0,0.0,0.0,0.0,15.34,None,None,0.0,0,0.0,6185701600.0,6136000000.0,0
2016-05-13,'300221,银禧科技,0.0,0.0,0.0,0.0,15.34,None,None,0.0,0,0.0,6185701600.0,6136000000.0,0
2016-05-12,'300221,银禧科技,0.0,0.0,0.0,0.0,15.37,None,None,0.0,0,0.0,6197798800.0,6148000000.0,0
2016-05-11,'300221,银禧科技,0.0,0.0,0.0,0.0,15.37,None,None,0.0,0,0.0,6197798800.0,6148000000.0,0
2016-05-10,'300221,银禧科技,0.0,0.0,0.0,0.0,15.37,None,None,0.0,0,0.0,6197798800.0,6148000000.0,0
2016-05-09,'300221,银禧科技,0.0,0.0,0.0,0.0,15.37,None,None,0.0,0,0.0,6197798800.0,6148000000.0,0
2016-05-06,'300221,银禧科技,0.0,0.0,0.0,0.0,15.37,None,None,0.0,0,0.0,6197798800.0,6148000000.0,0
2016-05-05,'300221,银禧科技,0.0,0.0,0.0,0.0,15.37,None,None,0.0,0,0.0,6197798800.0,6148000000.0,0
2016-05-04,'300221,银禧科技,0.0,0.0,0.0,0.0,15.37,None,None,0.0,0,0.0,6197798800.0,6148000000.0,0
2016-05-03,'300221,银禧科技,0.0,0.0,0.0,0.0,15.37,None,None,0.0,0,0.0,6197798800.0,6148000000.0,0
2016-04-29,'300221,银禧科技,0.0,0.0,0.0,0.0,15.37,None,None,0.0,0,0.0,6197798800.0,6148000000.0,0
2016-04-28,'300221,银禧科技,0.0,0.0,0.0,0.0,15.37,None,None,0.0,0,0.0,6197798800.0,6148000000.0,0
2016-04-27,'300221,银禧科技,0.0,0.0,0.0,0.0,15.37,None,None,0.0,0,0.0,6197798800.0,6148000000.0,0
2016-04-26,'300221,银禧科技,0.0,0.0,0.0,0.0,15.37,None,None,0.0,0,0.0,6197798800.0,6148000000.0,0
2016-04-25,'300221,银禧科技,0.0,0.0,0.0,0.0,15.37,None,None,0.0,0,0.0,6197798800.0,6148000000.0,0
2016-04-22,'300221,银禧科技,0.0,0.0,0.0,0.0,15.37,None,None,0.0,0,0.0,6197798800.0,6148000000.0,0
2016-04-21,'300221,银禧科技,0.0,0.0,0.0,0.0,15.37,None,None,0.0,0,0.0,6197798800.0,6148000000.0,0
2016-04-20,'300221,银禧科技,0.0,0.0,0.0,0.0,15.37,None,None,0.0,0,0.0,6197798800.0,6148000000.0,0
2016-04-19,'300221,银禧科技,0.0,0.0,0.0,0.0,15.37,None,None,0.0,0,0.0,6197798800.0,6148000000.0,0
2016-04-18,'300221,银禧科技,0.0,0.0,0.0,0.0,15.37,None,None,0.0,0,0.0,6197798800.0,6148000000.0,0
2016-04-15,'300221,银禧科技,0.0,0.0,0.0,0.0,15.37,None,None,0.0,0,0.0,6197798800.0,6148000000.0,0
2016-04-14,'300221,银禧科技,15.37,15.59,15.22,15.4,15.36,0.01,0.0651,1.9112,7644729,117556001.42,6197798800.0,6148000000.0,3811
2016-04-13,'300221,银禧科技,15.36,15.64,14.86,15.0,14.75,0.61,4.1356,2.9054,11621654,178138937.68,6193766400.0,6144000000.0,5614
2016-04-12,'300221,银禧科技,14.75,15.56,14.61,15.18,15.11,-0.36,-2.3825,3.5,13999812,210081253.76,5947790000.0,5900000000.0,5982
2016-04-11,'300221,银禧科技,15.11,15.11,13.9,14.0,13.74,1.37,9.9709,3.3134,13253494,194102434.15,6092956400.0,6044000000.0,5248
2016-04-08,'300221,银禧科技,13.74,14.27,13.65,14.2,14.33,-0.59,-4.1172,2.0224,8089652,112715979.78,5540517600.0,5496000000.0,4149
2016-04-07,'300221,银禧科技,14.33,14.79,14.33,14.6,14.54,-0.21,-1.4443,1.5442,6176868,89433354.23,5778429200.0,5732000000.0,3669
2016-04-06,'300221,银禧科技,14.54,14.81,14.32,14.65,14.72,-0.18,-1.2228,1.7828,7131304,103604448.88,5863109600.0,5816000000.0,4548
2016-04-05,'300221,银禧科技,14.72,14.76,13.76,13.91,14.0,0.72,5.1429,2.7215,10885972,156229081.34,5935692800.0,5888000000.0,5322
2016-04-01,'300221,银禧科技,14.0,14.32,13.7,13.7,13.8,0.2,1.4493,2.3424,9369489,131785040.21,5645360000.0,5600000000.0,5017
2016-03-31,'300221,银禧科技,13.8,13.96,13.53,13.83,13.81,-0.01,-0.0724,2.1653,8661108,119318610.71,5564712000.0,5520000000.0,4599
2016-03-30,'300221,银禧科技,13.81,14.44,13.67,14.15,13.52,0.29,2.145,3.6873,14749169,205267060.57,5568744400.0,5524000000.0,6646
2016-03-29,'300221,银禧科技,13.52,14.18,13.5,13.59,13.57,-0.05,-0.3685,4.6513,18605346,258487243.26,5451804800.0,5408000000.0,8686
2016-03-28,'300221,银禧科技,13.57,14.05,13.31,13.31,13.13,0.44,3.3511,4.1895,16757960,229355744.31,5471966800.0,5428000000.0,9117
2016-03-25,'300221,银禧科技,13.13,13.39,12.13,12.13,12.27,0.86,7.009,4.3861,17544575,227641114.24,5294541200.0,5252000000.0,9214
2016-03-24,'300221,银禧科技,12.27,12.75,12.19,12.47,12.48,-0.21,-1.6827,2.8268,11307060,140680575.34,4947754800.0,4908000000.0,4699
2016-03-23,'300221,银禧科技,12.48,12.64,12.02,12.15,12.26,0.22,1.7945,1.979,7915862,98405639.37,5032435200.0,4992000000.0,3892
2016-03-22,'300221,银禧科技,12.26,12.44,11.8,12.19,12.34,-0.08,-0.6483,2.8427,11370646,138255989.71,4943722400.0,4904000000.0,4720
2016-03-21,'300221,银禧科技,12.34,12.43,11.5,11.5,11.43,0.91,7.9615,3.4634,13853418,165075283.79,4975981600.0,4936000000.0,7061
2016-03-18,'300221,银禧科技,11.43,11.73,11.28,11.36,11.43,0.0,0.0,3.7998,15199108,174356653.7,4609033200.0,4572000000.0,6475
2016-03-17,'300221,银禧科技,11.43,11.56,10.95,11.1,11.05,0.38,3.4389,2.5644,10257666,115863627.84,4609033200.0,4572000000.0,5458
2016-03-16,'300221,银禧科技,11.05,11.11,10.81,10.82,10.67,0.38,3.5614,3.152,12607912,138232964.59,4455802000.0,4420000000.0,6198
2016-03-15,'300221,银禧科技,10.67,10.75,10.37,10.45,10.41,0.26,2.4976,2.5876,10350472,109769739.79,4302570800.0,4268000000.0,4579
2016-03-14,'300221,银禧科技,10.41,10.6,10.05,10.05,9.92,0.49,4.9395,2.1064,8425500,87511761.86,4197728400.0,4164000000.0,4279
2016-03-11,'300221,银禧科技,9.92,10.01,9.65,9.79,9.82,0.1,1.0183,0.6575,2630026,26044528.58,4000140800.0,3968000000.0,1843
2016-03-10,'300221,银禧科技,9.82,10.12,9.8,9.86,9.84,-0.02,-0.2033,1.3102,5240918,52278019.64,3959816800.0,3928000000.0,2872
2016-03-09,'300221,银禧科技,9.84,10.0,9.65,10.0,10.03,-0.19,-1.8943,0.9823,3929379,38641802.92,3967881600.0,3936000000.0,2362
2016-03-08,'300221,银禧科技,10.03,10.05,9.46,9.99,10.0,0.03,0.3,1.7083,6833160,66450620.78,4044497200.0,4012000000.0,3759
2016-03-07,'300221,银禧科技,10.0,10.19,9.9,9.9,9.77,0.23,2.3541,1.2144,4857688,48727423.01,4032400000.0,4000000000.0,2559
2016-03-04,'300221,银禧科技,9.77,10.34,9.53,10.13,10.22,-0.45,-4.4031,1.5734,6293636,62429042.4,3939654800.0,3908000000.0,3990
2016-03-03,'300221,银禧科技,10.22,10.55,10.18,10.3,10.31,-0.09,-0.8729,1.5243,6097247,62991488.07,4121112800.0,4088000000.0,3941
2016-03-02,'300221,银禧科技,10.31,10.34,9.66,9.86,9.86,0.45,4.5639,1.8144,7257623,72658082.91,4157404400.0,4124000000.0,4858
2016-03-01,'300221,银禧科技,9.86,10.05,9.39,9.86,9.71,0.15,1.5448,1.7797,7118733,68957009.62,3975946400.0,3944000000.0,4490
2016-02-29,'300221,银禧科技,9.71,10.49,9.38,10.23,10.39,-0.68,-6.5448,1.5393,6157252,60407760.3,3915460400.0,3884000000.0,3691
2016-02-26,'300221,银禧科技,10.39,10.53,10.1,10.29,10.25,0.14,1.3659,1.235,4939849,51120366.18,4189663600.0,4156000000.0,3175
2016-02-25,'300221,银禧科技,10.25,11.39,10.25,11.39,11.39,-1.14,-10.0088,2.4664,9865607,105983218.51,4133210000.0,4100000000.0,5444
2016-02-24,'300221,银禧科技,11.39,11.67,11.05,11.55,11.63,-0.24,-2.0636,1.7499,6999463,79502315.55,4592903600.0,4556000000.0,4419
2016-02-23,'300221,银禧科技,11.63,11.88,11.44,11.61,11.52,0.11,0.9549,1.8993,7597115,88453812.27,4689681200.0,4652000000.0,4593
2016-02-22,'300221,银禧科技,11.52,11.75,11.39,11.5,11.35,0.17,1.4978,1.6026,6410279,74182406.81,4645324800.0,4608000000.0,3948
2016-02-19,'300221,银禧科技,11.35,11.43,11.15,11.3,11.29,0.06,0.5314,1.0503,4201180,47432476.8,4576774000.0,4540000000.0,2614
2016-02-18,'300221,银禧科技,11.29,11.68,11.24,11.63,11.46,-0.17,-1.4834,1.6895,6758191,77218057.84,4552579600.0,4516000000.0,3869
2016-02-17,'300221,银禧科技,11.46,11.55,11.13,11.34,11.36,0.1,0.8803,1.8362,7344695,83450381.94,4621130400.0,4584000000.0,3873
2016-02-16,'300221,银禧科技,11.36,11.45,10.99,10.99,10.93,0.43,3.9341,1.681,6723990,75960419.72,4580806400.0,4544000000.0,3751
2016-02-15,'300221,银禧科技,10.93,10.98,10.31,10.5,10.81,0.12,1.1101,1.208,4832162,51684292.62,4407413200.0,4372000000.0,2861
2016-02-05,'300221,银禧科技,10.81,11.15,10.7,11.15,10.97,-0.16,-1.4585,0.8822,3528807,38412648.9,4359024400.0,4324000000.0,2181
2016-02-04,'300221,银禧科技,10.97,11.16,10.73,10.97,10.9,0.07,0.6422,1.2883,5153140,56815861.4,4423542800.0,4388000000.0,2993
2016-02-03,'300221,银禧科技,10.9,11.01,10.55,10.7,10.85,0.05,0.4608,1.2156,4862597,52180574.99,4395316000.0,4360000000.0,2907
2016-02-02,'300221,银禧科技,10.85,10.92,10.3,10.39,10.39,0.46,4.4273,1.443,5771956,62256095.95,4375154000.0,4340000000.0,3527
2016-02-01,'300221,银禧科技,10.39,10.5,10.19,10.26,10.24,0.15,1.4648,1.2186,4874592,50366196.28,4189663600.0,4156000000.0,3047
2016-01-29,'300221,银禧科技,10.24,10.39,9.79,9.8,9.78,0.46,4.7035,1.3213,5285351,53733831.85,4129177600.0,4096000000.0,2877
2016-01-28,'300221,银禧科技,9.78,10.31,9.68,10.15,10.32,-0.54,-5.2326,1.034,4135999,41456755.78,3943687200.0,3912000000.0,2800
2016-01-27,'300221,银禧科技,10.32,10.46,9.38,10.26,10.2,0.12,1.1765,2.0395,8158142,81947639.43,4161436800.0,4128000000.0,4556
2016-01-26,'300221,银禧科技,10.2,11.38,10.04,11.05,11.16,-0.96,-8.6022,2.5562,10224787,111714284.73,4113048000.0,4080000000.0,5904
2016-01-25,'300221,银禧科技,11.16,11.3,11.05,11.07,11.0,0.16,1.4545,1.2063,4825266,54010842.96,4500158400.0,4464000000.0,2831
2016-01-22,'300221,银禧科技,11.0,11.17,10.57,10.9,10.7,0.3,2.8037,1.3402,5360849,58229190.13,4435640000.0,4400000000.0,3377
2016-01-21,'300221,银禧科技,10.7,11.34,10.7,10.82,10.99,-0.29,-2.6388,2.1457,8582732,94689211.89,4314668000.0,4280000000.0,4884
2016-01-20,'300221,银禧科技,10.99,11.25,10.9,11.11,11.2,-0.21,-1.875,1.6114,6445743,71372531.01,4431607600.0,4396000000.0,3999
2016-01-19,'300221,银禧科技,11.2,11.29,10.7,10.84,10.91,0.29,2.6581,2.009,8036111,88522783.55,4516288000.0,4480000000.0,4816
2016-01-18,'300221,银禧科技,10.91,11.2,10.2,10.4,10.5,0.41,3.9048,1.9153,7661126,83088450.14,4399348400.0,4364000000.0,5158
2016-01-15,'300221,银禧科技,10.5,10.98,10.34,10.8,10.92,-0.42,-3.8462,2.3335,9334104,99281230.48,4234020000.0,4200000000.0,5468
2016-01-14,'300221,银禧科技,10.92,11.02,9.55,9.67,10.02,0.9,8.982,2.863,11451874,119917798.53,4403380800.0,4368000000.0,6573
2016-01-13,'300221,银禧科技,10.02,10.5,10.0,10.08,10.05,-0.03,-0.2985,2.4281,9712265,99414692.92,4040464800.0,4008000000.0,5176
2016-01-12,'300221,银禧科技,10.05,10.15,9.5,9.66,9.68,0.37,3.8223,2.3227,9290822,91765759.35,4052562000.0,4020000000.0,4847
2016-01-11,'300221,银禧科技,9.68,10.6,9.66,10.01,10.72,-1.04,-9.7015,2.8899,11559705,117730529.53,3903363200.0,3872000000.0,5512
2016-01-08,'300221,银禧科技,10.72,11.07,10.0,11.0,10.5,0.22,2.0952,3.2177,12870638,138084486.22,4322732800.0,4288000000.0,5649
2016-01-07,'300221,银禧科技,10.5,11.67,10.5,11.67,11.67,-1.17,-10.0257,0.8179,3271776,35912063.0,4234020000.0,4200000000.0,1851
2016-01-06,'300221,银禧科技,11.67,11.8,11.25,11.34,11.25,0.42,3.7333,1.9598,7839295,90213779.89,4705810800.0,4668000000.0,4826
2016-01-05,'300221,银禧科技,11.25,11.94,10.78,10.98,11.98,-0.73,-6.0935,3.297,13187933,150222388.94,4536450000.0,4500000000.0,7166
2016-01-04,'300221,银禧科技,11.98,13.28,11.98,13.28,13.31,-1.33,-9.9925,2.3658,9463210,118325523.76,4830815200.0,4792000000.0,5360
