日期,股票代码,名称,收盘价,最高价,最低价,开盘价,前收盘,涨跌额,涨跌幅,换手率,成交量,成交金额,总市值,流通市值,成交笔数
2016-10-12,'300303,聚飞光电,9.44,9.54,9.36,9.5,9.59,-0.15,-1.5641,1.2609,7847226,74079841.49,6495224237.6,5874851840.0,5108
2016-10-11,'300303,聚飞光电,9.59,9.69,9.44,9.66,9.66,-0.07,-0.7246,1.6172,10064320,95925661.77,6598432249.85,5968202240.0,6199
2016-10-10,'300303,聚飞光电,9.66,9.69,9.41,9.47,9.47,0.19,2.0063,1.3745,8554171,81850842.9,6646595988.9,6011765760.0,5514
2016-09-30,'300303,聚飞光电,9.47,9.64,9.29,9.29,9.27,0.2,2.1575,1.5024,9349678,88856777.62,6515865840.05,5893521920.0,5453
2016-09-29,'300303,聚飞光电,9.27,9.37,9.16,9.16,9.2,0.07,0.7609,0.9233,5745880,53333252.25,6378255157.05,5769054720.0,3796
2016-09-28,'300303,聚飞光电,9.2,9.42,9.07,9.4,9.42,-0.22,-2.3355,1.7435,10850385,100012102.21,6330091418.0,5725491200.0,6931
2016-09-27,'300303,聚飞光电,9.42,9.47,9.21,9.4,9.44,-0.02,-0.2119,1.4892,9267693,86457391.85,6481463169.3,5862405120.0,6142
2016-09-26,'300303,聚飞光电,9.44,9.76,9.42,9.52,9.61,-0.17,-1.769,2.215,13784727,131629624.64,6495224237.6,5874851840.0,9643
2016-09-23,'300303,聚飞光电,9.61,10.33,9.58,10.15,10.02,-0.41,-4.0918,3.6806,22905596,228350027.86,6612193318.15,5980648960.0,15066
2016-09-22,'300303,聚飞光电,10.02,10.1,9.81,10.04,9.98,0.04,0.4008,3.0293,18852522,187147147.03,6894295218.3,6235806720.0,11070
2016-09-21,'300303,聚飞光电,9.98,10.09,9.5,9.59,9.64,0.34,3.527,3.9308,24462511,241937315.37,6866773081.7,6210913280.0,15786
2016-09-20,'300303,聚飞光电,9.64,9.9,9.56,9.88,9.93,-0.29,-2.9204,2.8281,17600331,170247857.11,6632834920.6,5999319040.0,11047
2016-09-19,'300303,聚飞光电,9.93,9.98,9.55,9.8,9.79,0.14,1.43,3.5484,22082860,215339025.13,6832370410.95,6179796480.0,12340
2016-09-14,'300303,聚飞光电,9.79,10.1,9.29,9.31,9.44,0.35,3.7076,5.1538,32073995,313995643.27,6736042932.85,6092669440.0,19714
2016-09-13,'300303,聚飞光电,9.44,9.5,9.19,9.27,9.17,0.27,2.9444,3.5769,22260455,208524502.0,6495224237.6,5874851840.0,11268
2016-09-12,'300303,聚飞光电,9.17,9.35,9.08,9.28,9.57,-0.4,-4.1797,3.0648,19073514,176048402.67,6309449815.55,5706821120.0,10788
2016-09-09,'300303,聚飞光电,9.57,9.85,9.57,9.64,9.75,-0.18,-1.8462,4.0894,25450051,246721531.16,6584671181.55,5955755520.0,14154
2016-09-08,'300303,聚飞光电,9.75,9.9,9.55,9.75,10.0,-0.25,-2.5,4.7441,29524327,286690589.98,6708520796.25,6067776000.0,18931
2016-09-07,'300303,聚飞光电,10.0,10.57,9.8,9.84,9.72,0.28,2.8807,10.3489,64405067,651552275.56,6880534150.0,6223360000.0,34078
2016-09-06,'300303,聚飞光电,9.72,9.72,8.81,8.81,8.84,0.88,9.9548,6.0062,37378547,355338069.3,6687879193.8,6049105920.0,17111
2016-09-05,'300303,聚飞光电,8.84,9.06,8.81,8.94,8.93,-0.09,-1.0078,1.4976,9319855,83174483.52,6082392188.6,5501450240.0,4673
2016-09-02,'300303,聚飞光电,8.93,9.07,8.75,8.99,9.02,-0.09,-0.9978,1.9112,11894123,106010763.05,6144316995.95,5557460480.0,6720
2016-09-01,'300303,聚飞光电,9.02,9.42,8.98,9.28,9.35,-0.33,-3.5294,2.0772,12926880,118160434.87,6206241803.3,5613470720.0,8647
2016-08-31,'300303,聚飞光电,9.35,9.42,9.15,9.26,9.26,0.09,0.9719,2.008,12496707,116113203.4,6433299430.25,5818841600.0,6729
2016-08-30,'300303,聚飞光电,9.26,9.45,9.19,9.35,9.35,-0.09,-0.9626,2.3349,14530729,135244298.74,6371374622.9,5762831360.0,8152
2016-08-29,'300303,聚飞光电,9.35,9.48,8.9,8.93,8.98,0.37,4.1203,5.2607,32739075,304452915.24,6433299430.25,5818841600.0,18010
2016-08-26,'300303,聚飞光电,8.98,9.14,8.77,8.95,8.86,0.12,1.3544,3.8474,23943962,214463691.66,6178719666.7,5588577280.0,13214
2016-08-25,'300303,聚飞光电,8.86,8.88,8.31,8.51,8.56,0.3,3.5047,2.8381,17662532,152686335.11,6096153256.9,5513896960.0,10365
2016-08-24,'300303,聚飞光电,8.56,8.62,8.45,8.48,8.43,0.13,1.5421,1.0964,6823487,58247214.61,5889737232.4,5327196160.0,4009
2016-08-23,'300303,聚飞光电,8.43,8.52,8.36,8.48,8.43,0.0,0.0,0.8253,5135940,43346185.01,5800290288.45,5246292480.0,3364
2016-08-22,'300303,聚飞光电,8.43,8.68,8.41,8.62,8.65,-0.22,-2.5434,1.3708,8530927,72699142.33,5800290288.45,5246292480.0,6090
2016-08-19,'300303,聚飞光电,8.65,8.68,8.53,8.62,8.64,0.01,0.1157,1.0956,6818154,58761132.74,5951662039.75,5383206400.0,3850
2016-08-18,'300303,聚飞光电,8.64,8.68,8.5,8.56,8.6,0.04,0.4651,1.2929,8046220,69100374.04,5944781505.6,5376983040.0,4925
2016-08-17,'300303,聚飞光电,8.6,8.77,8.53,8.55,8.52,0.08,0.939,2.0304,12635708,109468757.6,5917259369.0,5352089600.0,7747
2016-08-16,'300303,聚飞光电,8.52,8.65,8.5,8.65,8.48,0.04,0.4717,1.3861,8626481,73812153.74,5862215095.8,5302302720.0,4758
2016-08-15,'300303,聚飞光电,8.48,8.56,8.15,8.33,8.31,0.17,2.0457,2.4154,15032085,126310290.13,5834692959.2,5277409280.0,7816
2016-08-12,'300303,聚飞光电,8.31,8.31,8.14,8.22,8.21,0.1,1.218,0.8194,5099154,42037039.98,5717723878.65,5171612160.0,2839
2016-08-11,'300303,聚飞光电,8.21,8.39,8.18,8.34,8.37,-0.16,-1.9116,0.9781,6087265,50339340.83,5648918537.15,5109378560.0,3632
2016-08-10,'300303,聚飞光电,8.37,8.52,8.37,8.5,8.48,-0.11,-1.2972,1.0311,6416807,54068106.28,5759007083.55,5208952320.0,3621
2016-08-09,'300303,聚飞光电,8.48,8.55,8.28,8.3,8.29,0.19,2.2919,2.3921,14887178,126058421.54,5834692959.2,5277409280.0,7558
2016-08-08,'300303,聚飞光电,8.29,8.3,8.03,8.14,8.16,0.13,1.5931,1.2119,7542159,61756866.99,5703962810.35,5159165440.0,4318
2016-08-05,'300303,聚飞光电,8.16,8.26,8.12,8.23,8.29,-0.13,-1.5682,0.9445,5878011,48076825.89,5614515866.4,5078261760.0,3424
2016-08-04,'300303,聚飞光电,8.29,8.38,8.04,8.2,8.2,0.09,1.0976,1.5304,9524080,78085417.97,5703962810.35,5159165440.0,5335
2016-08-03,'300303,聚飞光电,8.2,8.24,8.13,8.22,8.23,-0.03,-0.3645,0.7633,4750492,38881669.34,5642038003.0,5103155200.0,2914
2016-08-02,'300303,聚飞光电,8.23,8.24,8.12,8.19,8.21,0.02,0.2436,0.8016,4988824,40818772.25,5662679605.45,5121825280.0,3040
2016-08-01,'300303,聚飞光电,8.21,8.27,7.88,8.23,8.23,-0.02,-0.243,1.314,8177688,65826097.05,5648918537.15,5109378560.0,4687
2016-07-29,'300303,聚飞光电,8.23,8.44,8.17,8.4,8.4,-0.17,-2.0238,1.211,7536465,62350535.03,5662679605.45,5121825280.0,4242
2016-07-28,'300303,聚飞光电,8.4,8.46,8.21,8.37,8.39,0.01,0.1192,1.3925,8665814,72296130.79,5779648686.0,5227622400.0,5183
2016-07-27,'300303,聚飞光电,8.39,9.15,8.28,9.1,9.13,-0.74,-8.1051,2.8153,17520573,152021204.58,5772768151.85,5221399040.0,10970
2016-07-26,'300303,聚飞光电,9.13,9.13,8.96,9.04,9.05,0.08,0.884,1.3953,8683757,78671759.71,6281927678.95,5681927680.0,4972
2016-07-25,'300303,聚飞光电,9.05,9.08,8.85,8.98,8.91,0.14,1.5713,1.5225,9474842,85168563.46,6226883405.75,5632140800.0,5440
2016-07-22,'300303,聚飞光电,8.91,9.05,8.88,8.97,8.95,-0.04,-0.4469,1.3298,8276073,74030709.17,6130555927.65,5545013760.0,6342
2016-07-21,'300303,聚飞光电,8.95,9.12,8.87,9.01,9.11,-0.16,-1.7563,2.1796,13564288,121860888.74,6158078064.25,5569907200.0,7547
2016-07-20,'300303,聚飞光电,9.11,9.28,9.1,9.24,9.21,-0.1,-1.0858,1.6328,10161620,93353638.56,6268166610.65,5669480960.0,5766
2016-07-19,'300303,聚飞光电,9.21,9.23,8.88,8.95,8.94,0.27,3.0201,1.857,11556949,104761072.1,6336971952.15,5731714560.0,6695
2016-07-18,'300303,聚飞光电,8.94,9.14,8.86,9.05,9.18,-0.24,-2.6144,1.8181,11314808,101532399.12,6151197530.1,5563683840.0,7527
2016-07-15,'300303,聚飞光电,9.18,9.38,9.14,9.19,9.17,0.01,0.1091,3.2453,20196536,186921260.98,6316330349.7,5713044480.0,10519
2016-07-14,'300303,聚飞光电,9.17,9.2,9.08,9.19,9.15,0.02,0.2186,1.8899,11761648,107476994.47,6309449815.55,5706821120.0,6364
2016-07-13,'300303,聚飞光电,9.15,9.23,9.05,9.11,9.1,0.05,0.5495,2.7941,17388732,158958155.53,6295688747.25,5694374400.0,8527
2016-07-12,'300303,聚飞光电,9.1,9.11,8.81,8.99,8.98,0.12,1.3363,2.9104,18112456,162143315.24,6261286076.5,5663257600.0,9965
2016-07-11,'300303,聚飞光电,8.98,9.39,8.95,9.29,9.24,-0.26,-2.8139,3.4179,21270970,195076134.96,6178719666.7,5588577280.0,11873
2016-07-08,'300303,聚飞光电,9.24,9.35,9.12,9.22,9.19,0.05,0.5441,2.8242,17576216,162470623.31,6357613554.6,5750384640.0,10132
2016-07-07,'300303,聚飞光电,9.19,9.35,9.01,9.35,9.33,-0.14,-1.5005,4.0382,25130913,229939196.13,6323210883.85,5719267840.0,14661
2016-07-06,'300303,聚飞光电,9.33,9.49,9.2,9.28,9.36,-0.03,-0.3205,3.8383,23887403,222486847.96,6419538361.95,5806394880.0,12113
2016-07-05,'300303,聚飞光电,9.36,9.45,9.13,9.31,9.31,0.05,0.5371,5.1032,31759221,295812053.36,6440179964.4,5825064960.0,14411
2016-07-04,'300303,聚飞光电,9.31,9.37,9.15,9.23,9.2,0.11,1.1957,4.5959,28601707,264617498.26,6405777293.65,5793948160.0,12816
2016-07-01,'300303,聚飞光电,9.2,9.64,9.15,9.6,9.51,-0.31,-3.2597,6.2683,39009740,364369961.5,6330091418.0,5725491200.0,18001
2016-06-30,'300303,聚飞光电,9.51,9.75,9.43,9.56,9.66,-0.15,-1.5528,7.2077,44856237,429926568.51,6543387976.65,5918415360.0,17539
2016-06-29,'300303,聚飞光电,9.66,9.9,9.55,9.9,9.96,-0.3,-3.012,8.8131,54846845,532243211.72,6646595988.9,6011765760.0,20240
2016-06-28,'300303,聚飞光电,9.96,10.17,9.55,9.9,9.35,0.61,6.5241,14.918,92840153,910933353.06,6853012013.4,6198466560.0,38654
2016-06-27,'300303,聚飞光电,9.35,9.35,9.05,9.09,8.5,0.85,10.0,3.2264,20078840,185266956.83,6433299430.25,5818841600.0,5265
2016-06-24,'300303,聚飞光电,8.5,8.5,8.16,8.5,7.73,0.77,9.9612,8.3485,51955549,441029151.49,5848454027.5,5289856000.0,16243
2016-06-23,'300303,聚飞光电,7.78,7.87,7.67,7.78,7.83,-0.05,-0.6386,1.5948,9924826,77226084.85,5353055568.7,4841774080.0,4354
2016-06-22,'300303,聚飞光电,7.83,7.84,7.54,7.55,7.55,0.28,3.7086,1.6788,10447945,80593913.89,5387458239.45,4872890880.0,4841
2016-06-21,'300303,聚飞光电,7.55,7.85,7.49,7.72,7.67,-0.12,-1.5645,1.2542,7805233,60193368.92,5194803283.25,4698636800.0,4435
2016-06-20,'300303,聚飞光电,7.67,7.7,7.4,7.58,7.61,0.06,0.7884,0.9661,6012514,45485683.21,5277369693.05,4773317120.0,3152
2016-06-17,'300303,聚飞光电,7.61,7.72,7.5,7.5,7.49,0.12,1.6021,1.326,8252165,62958201.59,5236086488.15,4735976960.0,4479
2016-06-16,'300303,聚飞光电,7.49,7.56,7.39,7.46,7.48,0.01,0.1337,1.3667,8505606,63644258.05,5153520078.35,4661296640.0,3932
2016-06-15,'300303,聚飞光电,7.48,7.55,7.11,7.16,7.21,0.27,3.7448,1.3416,8348970,61944333.89,5146639544.2,4655073280.0,4623
2016-06-14,'300303,聚飞光电,7.21,7.29,7.16,7.21,7.21,0.0,0.0,1.0575,6581184,47586199.0,4960865122.15,4487042560.0,3638
2016-06-13,'300303,聚飞光电,7.21,7.66,7.2,7.61,7.73,-0.52,-6.727,1.698,10567129,79052194.99,4960865122.15,4487042560.0,6300
2016-06-08,'300303,聚飞光电,7.73,7.81,7.64,7.71,7.71,0.02,0.2594,1.5339,9545909,73672385.33,5318652897.95,4810657280.0,5480
2016-06-07,'300303,聚飞光电,7.71,7.92,7.66,7.89,7.95,-0.24,-3.0189,3.8023,23662954,183209428.81,5304891829.65,4798210560.0,8486
2016-06-06,'300303,聚飞光电,7.95,8.07,7.86,8.02,8.04,-0.09,-1.1194,1.1219,6981803,55581967.05,5470024649.25,4947571200.0,3827
2016-06-03,'300303,聚飞光电,8.04,8.1,7.93,8.08,8.07,-0.03,-0.3717,1.3172,8197274,65741431.62,5531949456.6,5003581440.0,4401
2016-06-02,'300303,聚飞光电,8.07,8.19,7.95,7.99,8.04,0.03,0.3731,1.5552,9678330,78094286.65,5552591059.05,5022251520.0,5517
2016-06-01,'300303,聚飞光电,8.04,8.1,7.85,7.97,7.98,0.06,0.7519,1.8829,11718054,93347879.79,5531949456.6,5003581440.0,6461
2016-05-31,'300303,聚飞光电,7.98,8.02,7.6,7.66,7.65,0.33,4.3137,1.8909,11767754,92749107.62,5490666251.7,4966241280.0,6463
2016-05-30,'300303,聚飞光电,7.65,7.81,7.47,7.51,7.58,0.07,0.9235,1.7506,10894485,83820634.85,5263608624.75,4760870400.0,5861
2016-05-27,'300303,聚飞光电,7.58,7.67,7.29,7.33,7.33,0.25,3.4106,1.6777,10440968,78525368.83,5215444885.7,4717306880.0,6221
2016-05-26,'300303,聚飞光电,7.33,7.36,7.12,7.27,7.29,0.04,0.5487,0.5403,3362672,24388705.11,5043431531.95,4561722880.0,2056
2016-05-25,'300303,聚飞光电,7.29,7.43,7.28,7.37,7.33,-0.04,-0.5457,0.478,2974480,21881979.19,5015909395.35,4536829440.0,1694
2016-05-24,'300303,聚飞光电,7.33,7.42,7.2,7.42,7.43,-0.1,-1.3459,0.9033,5621315,40990889.15,5043431531.95,4561722880.0,3071
2016-05-23,'300303,聚飞光电,7.43,7.44,7.3,7.31,7.26,0.17,2.3416,0.7434,4626513,34235745.56,5112236873.45,4623956480.0,2807
2016-05-20,'300303,聚飞光电,7.26,7.27,7.06,7.09,7.17,0.09,1.2552,0.5224,3251026,23358439.72,4995267792.9,4518159360.0,1927
2016-05-19,'300303,聚飞光电,7.17,7.34,7.14,7.18,7.14,0.03,0.4202,0.5698,3546134,25710145.32,4933342985.55,4462149120.0,2221
2016-05-18,'300303,聚飞光电,7.14,7.32,7.1,7.31,7.37,-0.23,-3.1208,0.4878,3035877,21799328.29,4912701383.1,4443479040.0,2170
2016-05-17,'300303,聚飞光电,7.37,7.47,7.26,7.36,7.39,-0.02,-0.2706,0.4964,3089292,22743974.73,5070953668.55,4586616320.0,2119
2016-05-16,'300303,聚飞光电,7.39,7.43,7.11,7.23,7.24,0.15,2.0718,0.6092,3791118,27604078.56,5084714736.85,4599063040.0,2389
2016-05-13,'300303,聚飞光电,7.24,7.38,7.18,7.27,7.28,-0.04,-0.5495,0.3866,2405714,17542813.18,4981506724.6,4505712640.0,1510
2016-05-12,'300303,聚飞光电,7.28,7.32,7.07,7.24,7.29,-0.01,-0.1372,0.5228,3253682,23396238.12,5009028861.2,4530606080.0,2109
2016-05-11,'300303,聚飞光电,7.29,7.5,7.29,7.49,7.44,-0.15,-2.0161,0.7325,4558529,33837604.58,5015909395.35,4536829440.0,2254
2016-05-10,'300303,聚飞光电,7.44,7.52,7.4,7.5,7.4,0.04,0.5405,0.4628,2880011,21504070.23,5119117407.6,4630179840.0,1720
2016-05-09,'300303,聚飞光电,7.4,7.71,7.37,7.65,7.72,-0.32,-4.1451,0.8189,5096135,38350689.71,5091595271.0,4605286400.0,3948
2016-05-06,'300303,聚飞光电,7.72,8.13,7.72,8.08,8.04,-0.32,-3.9801,1.255,7810021,61655410.09,5311772363.8,4804433920.0,4843
2016-05-05,'300303,聚飞光电,8.04,8.07,7.91,7.98,7.96,0.08,1.005,0.9352,5819882,46683881.98,5531949456.6,5003581440.0,3328
2016-05-04,'300303,聚飞光电,7.96,8.06,7.87,7.9,7.94,0.02,0.2519,1.0343,6436903,51239856.28,5476905183.4,4953794560.0,3785
2016-05-03,'300303,聚飞光电,7.94,7.97,7.66,7.68,7.7,0.24,3.1169,1.1264,7010067,55127736.39,5463144115.1,4941347840.0,4613
2016-04-29,'300303,聚飞光电,7.7,7.77,7.65,7.73,7.77,-0.07,-0.9009,0.476,2962162,22846786.19,5298011295.5,4791987200.0,1825
2016-04-28,'300303,聚飞光电,7.77,7.82,7.6,7.82,7.78,-0.01,-0.1285,0.7281,4531366,34865142.63,5346175034.55,4835550720.0,3095
2016-04-27,'300303,聚飞光电,7.78,7.93,7.75,7.81,7.84,-0.06,-0.7653,0.8805,5479488,43023982.11,5353055568.7,4841774080.0,3115
2016-04-26,'300303,聚飞光电,7.84,7.84,7.65,7.7,7.76,0.08,1.0309,1.0186,6338958,49068369.44,5394338773.6,4879114240.0,3780
2016-04-25,'300303,聚飞光电,7.76,7.89,7.62,7.8,7.82,-0.06,-0.7673,0.6526,4061461,31348452.9,5339294500.4,4829327360.0,2751
2016-04-22,'300303,聚飞光电,7.82,7.87,7.6,7.76,7.84,-0.02,-0.2551,1.1034,6867043,53195600.6,5380577705.3,4866667520.0,3992
2016-04-21,'300303,聚飞光电,7.84,7.99,7.81,7.85,7.92,-0.08,-1.0101,0.8382,5216661,41335558.37,5394338773.6,4879114240.0,3261
2016-04-20,'300303,聚飞光电,7.92,8.39,7.72,8.37,8.32,-0.4,-4.8077,2.0112,12516512,100389647.28,5449383046.8,4928901120.0,8298
2016-04-19,'300303,聚飞光电,8.32,8.47,8.22,8.37,8.41,-0.09,-1.0702,1.3819,8599979,71746895.21,5724604412.8,5177835520.0,5373
2016-04-18,'300303,聚飞光电,8.41,8.56,8.14,8.27,8.27,0.14,1.6929,2.4368,15165366,126390641.07,5786529220.15,5233845760.0,8884
2016-04-15,'300303,聚飞光电,8.27,8.32,8.22,8.3,8.27,0.0,0.0,1.4547,9053385,74744377.06,5690201742.05,5146718720.0,4857
2016-04-14,'300303,聚飞光电,8.27,8.31,8.18,8.23,8.17,0.1,1.224,1.7164,10681532,88062382.16,5690201742.05,5146718720.0,5660
2016-04-13,'300303,聚飞光电,8.17,8.26,8.05,8.09,8.05,0.12,1.4907,2.0352,12665996,103877036.84,5621396400.55,5084485120.0,7016
2016-04-12,'300303,聚飞光电,8.05,8.16,7.9,8.11,8.12,-0.07,-0.8621,1.0951,6815102,54653270.84,5538829990.75,5009804800.0,4220
2016-04-11,'300303,聚飞光电,8.12,8.18,7.99,7.99,7.93,0.19,2.396,1.5383,9573501,77582063.35,5586993729.8,5053368320.0,5659
2016-04-08,'300303,聚飞光电,7.93,7.99,7.8,7.91,8.0,-0.07,-0.875,1.3662,8502491,67194303.23,5456263580.95,4935124480.0,5384
2016-04-07,'300303,聚飞光电,8.0,8.34,8.0,8.33,8.3,-0.3,-3.6145,2.1121,13144567,106483255.49,5504427320.0,4978688000.0,7555
2016-04-06,'300303,聚飞光电,8.3,8.38,8.09,8.16,8.14,0.16,1.9656,2.1913,13637163,112027102.41,5710843344.5,5165388800.0,7429
2016-04-05,'300303,聚飞光电,8.14,8.16,7.81,7.83,7.88,0.26,3.2995,1.5958,9931185,79761538.77,5600754798.1,5065815040.0,5820
2016-04-01,'300303,聚飞光电,7.88,8.0,7.72,7.95,8.03,-0.15,-1.868,1.4191,8831569,69199616.8,5421860910.2,4904007680.0,5623
2016-03-31,'300303,聚飞光电,8.03,8.15,8.01,8.14,8.11,-0.08,-0.9864,1.5272,9504618,76822889.75,5525068922.45,4997358080.0,5577
2016-03-30,'300303,聚飞光电,8.11,8.12,7.81,7.81,7.87,0.24,3.0496,1.8251,11358456,90851676.61,5580113195.65,5047144960.0,7233
2016-03-29,'300303,聚飞光电,7.87,8.48,7.87,8.14,8.04,-0.17,-2.1144,2.8943,18012205,147234570.24,5414980376.05,4897784320.0,10701
2016-03-28,'300303,聚飞光电,8.04,8.1,7.86,7.9,7.83,0.21,2.682,1.9367,12052782,96058216.13,5531949456.6,5003581440.0,7022
2016-03-25,'300303,聚飞光电,7.83,7.87,7.7,7.73,7.73,0.1,1.2937,0.8281,5153270,40146911.79,5387458239.45,4872890880.0,4097
2016-03-24,'300303,聚飞光电,7.73,7.98,7.72,7.9,8.02,-0.29,-3.616,1.4823,9225136,72600780.07,5318652897.95,4810657280.0,5233
2016-03-23,'300303,聚飞光电,8.02,8.06,7.87,7.91,7.96,0.06,0.7538,1.247,7760312,61885130.5,5518188388.3,4991134720.0,4696
2016-03-22,'300303,聚飞光电,7.96,8.05,7.77,7.84,7.94,0.02,0.2519,1.7956,11174809,88427364.87,5476905183.4,4953794560.0,6158
2016-03-21,'300303,聚飞光电,7.94,8.04,7.71,7.82,7.71,0.23,2.9831,2.2499,14002152,110498825.43,5463144115.1,4941347840.0,7342
2016-03-18,'300303,聚飞光电,7.71,7.8,7.44,7.44,7.42,0.29,3.9084,2.0286,12624418,96390489.8,5304891829.65,4798210560.0,7075
2016-03-17,'300303,聚飞光电,7.42,7.45,7.17,7.23,7.16,0.26,3.6313,1.4896,9270355,68217795.85,5105356339.3,4617733120.0,5193
2016-03-16,'300303,聚飞光电,7.16,7.49,7.1,7.47,7.29,-0.13,-1.7833,0.8998,5600013,40761099.63,4926462451.4,4455925760.0,3606
2016-03-15,'300303,聚飞光电,7.29,7.5,7.26,7.5,7.52,-0.23,-3.0585,1.5645,9736401,71459664.78,5015909395.35,4536829440.0,5088
2016-03-14,'300303,聚飞光电,7.52,7.57,7.19,7.2,7.12,0.4,5.618,1.8033,11222853,83249460.52,5174161680.8,4679966720.0,6427
2016-03-11,'300303,聚飞光电,7.12,7.14,6.96,7.07,7.07,0.05,0.7072,0.5727,3563955,25147402.42,4898940314.8,4431032320.0,2188
2016-03-10,'300303,聚飞光电,7.07,7.24,7.05,7.14,7.14,-0.07,-0.9804,0.8313,5173310,36944709.04,4864537644.05,4399915520.0,3249
2016-03-09,'300303,聚飞光电,7.14,7.29,7.02,7.1,7.28,-0.14,-1.9231,1.0194,6343976,45435654.82,4912701383.1,4443479040.0,4121
2016-03-08,'300303,聚飞光电,7.28,7.33,6.8,7.07,7.07,0.21,2.9703,1.5356,9556310,68049931.9,5009028861.2,4530606080.0,5980
2016-03-07,'300303,聚飞光电,7.07,7.2,6.87,6.87,6.8,0.27,3.9706,1.2394,7713350,54558959.53,4864537644.05,4399915520.0,5217
2016-03-04,'300303,聚飞光电,6.8,7.21,6.71,7.15,7.18,-0.38,-5.2925,1.5938,9918791,68859560.31,4678763222.0,4231884800.0,5693
2016-03-03,'300303,聚飞光电,7.18,7.43,7.16,7.19,7.24,-0.06,-0.8287,1.2408,7722152,56180246.46,4940223519.7,4468372480.0,4448
2016-03-02,'300303,聚飞光电,7.24,7.26,6.86,6.91,6.92,0.32,4.6243,1.412,8787424,62186462.77,4981506724.6,4505712640.0,5170
2016-03-01,'300303,聚飞光电,6.92,7.0,6.69,6.83,6.78,0.14,2.0649,1.7536,10913380,74715351.79,4761329631.8,4306565120.0,5110
2016-02-29,'300303,聚飞光电,6.78,7.31,6.68,7.31,7.29,-0.51,-6.9959,1.3086,8143619,55478330.17,4665002153.7,4219438080.0,4998
2016-02-26,'300303,聚飞光电,7.29,7.62,7.11,7.49,7.46,-0.17,-2.2788,1.3418,8350728,61585152.12,5015909395.35,4536829440.0,5255
2016-02-25,'300303,聚飞光电,7.46,8.28,7.45,8.19,8.28,-0.82,-9.9034,1.3417,8349890,65218794.38,5132878475.9,4642626560.0,5616
2016-02-24,'300303,聚飞光电,8.28,8.32,8.04,8.25,8.28,0.0,0.0,1.0436,6494929,53231302.76,5697082276.2,5152942080.0,4140
2016-02-23,'300303,聚飞光电,8.28,8.39,8.21,8.37,8.33,-0.05,-0.6002,1.0251,6379518,52954711.89,5697082276.2,5152942080.0,3385
2016-02-22,'300303,聚飞光电,8.33,8.39,8.24,8.34,8.24,0.09,1.0922,1.2947,8057265,67018468.42,5731484946.95,5184058880.0,4062
2016-02-19,'300303,聚飞光电,8.24,8.31,8.13,8.18,8.21,0.03,0.3654,0.6478,4031234,33150755.91,5669560139.6,5128048640.0,3025
2016-02-18,'300303,聚飞光电,8.21,8.44,8.2,8.4,8.37,-0.16,-1.9116,1.0222,6361272,52780392.74,5648918537.15,5109378560.0,4317
2016-02-17,'300303,聚飞光电,8.37,8.48,8.08,8.32,8.29,0.08,0.965,1.1021,6858572,56611135.59,5759007083.55,5208952320.0,4613
2016-02-16,'300303,聚飞光电,8.29,8.37,7.94,8.0,7.94,0.35,4.4081,0.988,6148684,50541491.21,5703962810.35,5159165440.0,4299
2016-02-15,'300303,聚飞光电,7.94,8.03,7.6,7.68,7.86,0.08,1.0178,0.6068,3776323,29496591.34,5463144115.1,4941347840.0,2718
2016-02-05,'300303,聚飞光电,7.86,8.03,7.85,7.96,7.95,-0.09,-1.1321,0.7714,4800456,37999639.19,5408099841.9,4891560960.0,2881
2016-02-04,'300303,聚飞光电,7.95,8.09,7.72,7.72,7.75,0.2,2.5806,0.9973,6206420,49181219.51,5470024649.25,4947571200.0,4236
2016-02-03,'300303,聚飞光电,7.75,7.81,7.39,7.58,7.66,0.09,1.1749,1.0796,6718800,51155343.6,5332413966.25,4823104000.0,4194
2016-02-02,'300303,聚飞光电,7.66,7.81,7.39,7.4,7.36,0.3,4.0761,0.9184,5715783,43696848.17,5270489158.9,4767093760.0,3742
2016-02-01,'300303,聚飞光电,7.36,7.75,7.25,7.7,7.66,-0.3,-3.9164,1.0848,6751409,50299168.9,5064073134.4,4580392960.0,3972
2016-01-29,'300303,聚飞光电,7.66,7.81,7.23,7.27,7.33,0.33,4.502,1.0045,6251271,47482161.02,5270489158.9,4767093760.0,4313
2016-01-28,'300303,聚飞光电,7.33,7.88,7.31,7.74,7.91,-0.58,-7.3325,0.8738,5437875,41362742.01,5043431531.95,4561722880.0,4172
2016-01-27,'300303,聚飞光电,7.91,8.3,7.35,8.05,8.08,-0.17,-2.104,1.6082,10008124,77438770.33,5442502512.65,4922677760.0,5970
2016-01-26,'300303,聚飞光电,8.08,8.87,8.08,8.85,8.98,-0.9,-10.0223,1.1987,7459742,62933758.74,5559471593.2,5028474880.0,5577
2016-01-25,'300303,聚飞光电,8.98,9.16,8.83,8.95,8.93,0.05,0.5599,0.8106,5044555,45456071.69,6178719666.7,5588577280.0,3799
2016-01-22,'300303,聚飞光电,8.93,8.99,8.65,8.87,8.86,0.07,0.7901,1.1077,6893498,60976189.43,6144316995.95,5557460480.0,4986
2016-01-21,'300303,聚飞光电,8.86,9.18,8.6,8.75,8.82,0.04,0.4535,2.1565,13420972,121113710.42,6096153256.9,5513896960.0,8910
2016-01-20,'300303,聚飞光电,8.82,9.17,8.7,8.91,8.98,-0.16,-1.7817,1.2816,7975893,71156947.6,6068631120.3,5489003520.0,5703
2016-01-19,'300303,聚飞光电,8.98,9.03,8.48,8.65,8.65,0.33,3.815,1.3952,8682778,76382697.35,6178719666.7,5588577280.0,6042
2016-01-18,'300303,聚飞光电,8.65,8.81,8.12,8.2,8.34,0.31,3.717,1.0308,6414868,54906351.84,5951662039.75,5383206400.0,4492
2016-01-15,'300303,聚飞光电,8.34,8.9,8.26,8.9,8.85,-0.51,-5.7627,1.2143,7556898,65144308.92,5738365481.1,5190282240.0,5383
2016-01-14,'300303,聚飞光电,8.85,8.98,7.92,8.05,8.31,0.54,6.4982,1.7079,10628739,91169882.73,6089272722.75,5507673600.0,7236
2016-01-13,'300303,聚飞光电,8.31,8.79,8.3,8.71,8.73,-0.42,-4.811,1.0159,6322157,54385801.5,5717723878.65,5171612160.0,4680
2016-01-12,'300303,聚飞光电,8.73,8.88,8.26,8.55,8.53,0.2,2.3447,1.4773,9193927,78894652.15,6006706312.95,5432993280.0,6097
2016-01-11,'300303,聚飞光电,8.53,9.3,8.53,9.17,9.48,-0.95,-10.0211,1.6695,10389622,92406087.7,5869095629.95,5308526080.0,7724
2016-01-08,'300303,聚飞光电,9.48,9.96,9.0,9.75,9.5,-0.02,-0.2105,1.8425,11466290,109387798.88,6522746374.2,5899745280.0,8395
2016-01-07,'300303,聚飞光电,9.5,10.26,9.5,10.26,10.55,-1.05,-9.9526,0.5906,3675800,35972602.22,6536507442.5,5912192000.0,2745
2016-01-06,'300303,聚飞光电,10.55,10.67,10.1,10.33,10.02,0.53,5.2894,1.9136,11909054,123741220.91,7258963528.25,6565644800.0,9148
2016-01-05,'300303,聚飞光电,10.02,10.39,9.52,9.53,10.42,-0.4,-3.8388,2.2961,14289484,141926427.47,6894295218.3,6235806720.0,10744
2016-01-04,'300303,聚飞光电,10.42,11.51,10.42,11.5,11.58,-1.16,-10.0173,2.1332,13275594,143690180.48,7169516584.3,6484741120.0,10847
