日期,股票代码,名称,收盘价,最高价,最低价,开盘价,前收盘,涨跌额,涨跌幅,换手率,成交量,成交金额,总市值,流通市值,成交笔数
2016-10-12,'300158,振东制药,18.8,18.8,18.54,18.62,18.72,0.08,0.4274,1.0675,3074322,57489028.69,9774671404.0,5414400000.0,2148
2016-10-11,'300158,振东制药,18.72,18.79,18.55,18.66,18.7,0.02,0.107,0.9744,2806245,52398503.16,9733077057.6,5391360000.0,2434
2016-10-10,'300158,振东制药,18.7,18.88,18.02,18.2,18.1,0.6,3.3149,1.3363,3848668,71520886.76,9722678471.0,5385600000.0,3348
2016-09-30,'300158,振东制药,18.1,18.34,17.94,18.34,18.17,-0.07,-0.3853,0.4924,1418028,25711435.4,9410720873.0,5212800000.0,1007
2016-09-29,'300158,振东制药,18.17,18.23,17.89,18.1,18.09,0.08,0.4422,0.6913,1991013,36027781.51,9447115926.1,5232960000.0,1321
2016-09-28,'300158,振东制药,18.09,18.28,17.88,18.2,18.23,-0.14,-0.768,0.74,2131062,38509408.36,9405521579.7,5209920000.0,1575
2016-09-27,'300158,振东制药,18.23,18.68,17.72,18.53,18.63,-0.4,-2.1471,1.6922,4873421,88353134.24,9478311685.9,5250240000.0,3255
2016-09-26,'300158,振东制药,18.63,19.21,18.6,19.02,19.18,-0.55,-2.8676,0.9697,2792702,52973773.52,9686283417.9,5365440000.0,2115
2016-09-23,'300158,振东制药,19.18,19.45,18.87,18.87,18.85,0.33,1.7507,1.7077,4918315,94494978.91,9972244549.4,5523840000.0,3332
2016-09-22,'300158,振东制药,18.85,18.9,18.65,18.7,18.63,0.22,1.1809,0.4787,1378723,25918903.03,9800667870.5,5428800000.0,1232
2016-09-21,'300158,振东制药,18.63,18.76,18.53,18.7,18.7,-0.07,-0.3743,0.4028,1160100,21677939.0,9691499817.9,5365440000.0,1048
2016-09-20,'300158,振东制药,18.7,19.08,18.56,19.05,19.03,-0.33,-1.7341,0.7662,2206628,41444541.68,9727914471.0,5385600000.0,1777
2016-09-19,'300158,振东制药,19.03,19.13,18.81,18.9,18.84,0.19,1.0085,1.0154,2924400,55486819.0,9899583549.9,5480640000.0,1659
2016-09-14,'300158,振东制药,18.84,19.08,18.69,18.79,18.9,-0.06,-0.3175,0.9761,2811266,53157084.03,9800743777.2,5425920000.0,2021
2016-09-13,'300158,振东制药,18.9,19.06,18.45,18.57,18.54,0.36,1.9417,1.5368,4426036,83477134.34,9831956337.0,5443200000.0,3205
2016-09-12,'300158,振东制药,18.54,18.68,17.93,18.0,18.39,0.15,0.8157,1.6464,4741526,87311722.12,9644680978.2,5339520000.0,3019
2016-09-09,'300158,振东制药,18.39,18.51,18.26,18.39,18.39,0.0,0.0,0.7536,2170500,39969243.27,9566649578.7,5296320000.0,1603
2016-09-08,'300158,振东制药,18.39,18.46,18.23,18.31,18.39,0.0,0.0,0.4685,1349400,24749283.12,9566649578.7,5296320000.0,1083
2016-09-07,'300158,振东制药,18.39,18.61,18.3,18.52,18.55,-0.16,-0.8625,0.5193,1495500,27652232.24,9566649578.7,5296320000.0,1121
2016-09-06,'300158,振东制药,18.55,18.6,18.21,18.44,18.45,0.1,0.542,0.7558,2176598,40186137.76,9649883071.5,5342400000.0,1442
2016-09-05,'300158,振东制药,18.45,18.45,18.21,18.36,18.2,0.25,1.3736,0.4653,1340193,24626226.5,9597862138.5,5313600000.0,978
2016-09-02,'300158,振东制药,18.2,18.39,18.12,18.39,18.28,-0.08,-0.4376,0.5832,1679488,30600896.34,9467809806.0,5241600000.0,1078
2016-09-01,'300158,振东制药,18.28,18.56,18.28,18.45,18.46,-0.18,-0.9751,0.614,1768190,32535563.61,9509426552.4,5264640000.0,1212
2016-08-31,'300158,振东制药,18.46,18.78,18.28,18.66,18.76,-0.3,-1.5991,1.123,3234144,59708860.2,9603064231.8,5316480000.0,2462
2016-08-30,'300158,振东制药,18.76,18.95,18.44,18.91,18.8,-0.04,-0.2128,2.169,6246744,116947201.72,9759127030.8,5402880000.0,3620
2016-08-29,'300158,振东制药,18.8,18.88,18.12,18.26,18.32,0.48,2.6201,2.0318,5851652,108677519.47,9779935404.0,5414400000.0,3336
2016-08-26,'300158,振东制药,18.32,18.39,17.93,18.01,18.08,0.24,1.3274,1.1136,3207063,58516025.04,9530234925.6,5276160000.0,2362
2016-08-25,'300158,振东制药,18.08,18.17,17.76,18.16,18.16,-0.08,-0.4405,0.5579,1606875,28893842.76,9405384686.4,5207040000.0,1223
2016-08-24,'300158,振东制药,18.16,18.24,17.81,17.88,17.88,0.28,1.566,0.6349,1828507,33135603.77,9447001432.8,5230080000.0,1357
2016-08-23,'300158,振东制药,17.88,18.31,17.75,18.11,18.18,-0.3,-1.6502,0.7956,2291368,41434872.22,9301342820.4,5149440000.0,1758
2016-08-22,'300158,振东制药,18.18,18.3,18.04,18.2,18.16,0.02,0.1101,0.5232,1506838,27375957.28,9457405619.4,5235840000.0,1234
2016-08-19,'300158,振东制药,18.16,18.47,18.08,18.18,18.18,-0.02,-0.11,1.1102,3197453,58481223.2,9447001432.8,5230080000.0,1743
2016-08-18,'300158,振东制药,18.18,18.58,18.04,18.4,18.47,-0.29,-1.5701,1.3874,3995600,72898463.0,9457405619.4,5235840000.0,2596
2016-08-17,'300158,振东制药,18.47,19.19,18.26,18.88,18.77,-0.3,-1.5983,2.1529,6200350,115186103.86,9608266325.1,5319360000.0,3334
2016-08-16,'300158,振东制药,18.77,18.88,18.35,18.67,18.48,0.29,1.5693,1.7837,5137042,95827508.39,9764329124.1,5405760000.0,2827
2016-08-15,'300158,振东制药,18.48,18.56,18.01,18.01,18.03,0.45,2.4958,2.0687,5957839,109255712.22,9613468418.4,5322240000.0,2525
2016-08-12,'300158,振东制药,18.03,18.4,17.83,18.23,18.3,-0.27,-1.4754,0.9889,2847951,51405834.34,9379374219.9,5192640000.0,2919
2016-08-11,'300158,振东制药,18.3,18.45,17.92,18.12,18.12,0.18,0.9934,1.1448,3297008,60211417.3,9519830739.0,5270400000.0,2145
2016-08-10,'300158,振东制药,18.12,18.36,18.12,18.28,18.37,-0.25,-1.3609,0.5692,1639436,29846467.68,9426193059.6,5218560000.0,1256
2016-08-09,'300158,振东制药,18.37,18.4,17.96,18.24,18.08,0.29,1.604,2.2402,6451750,117629383.01,9556245392.1,5290560000.0,3074
2016-08-08,'300158,振东制药,18.08,18.18,17.53,17.7,17.75,0.33,1.8592,1.1738,3380489,60501804.93,5368675200.0,5207040000.0,1871
2016-08-05,'300158,振东制药,17.75,17.99,17.49,17.99,17.95,-0.2,-1.1142,0.9201,2649850,46967492.46,5270685000.0,5112000000.0,1709
2016-08-04,'300158,振东制药,17.95,17.98,17.65,17.77,17.77,0.18,1.0129,1.1042,3179967,56664092.2,5330073000.0,5169600000.0,1824
2016-08-03,'300158,振东制药,17.77,17.89,17.36,17.7,17.52,0.25,1.4269,1.0499,3023833,53304865.32,5276623800.0,5117760000.0,2268
2016-08-02,'300158,振东制药,17.52,17.55,17.13,17.19,17.36,0.16,0.9217,0.9755,2809359,48916255.77,5202388800.0,5045760000.0,1884
2016-08-01,'300158,振东制药,17.36,17.73,16.69,17.6,17.75,-0.39,-2.1972,1.4,4032017,69678780.52,5154878400.0,4999680000.0,3255
2016-07-29,'300158,振东制药,17.75,17.88,17.17,17.59,17.68,0.07,0.3959,2.0663,5951028,104842296.43,5270685000.0,5112000000.0,3360
2016-07-28,'300158,振东制药,17.68,17.78,17.41,17.57,17.58,0.1,0.5688,1.3909,4005924,70727165.32,5249899200.0,5091840000.0,2264
2016-07-27,'300158,振东制药,17.58,18.66,17.32,18.66,18.36,-0.78,-4.2484,2.4028,6920065,123327111.42,5220205200.0,5063040000.0,3828
2016-07-26,'300158,振东制药,18.36,18.48,17.87,17.97,18.0,0.36,2.0,2.3096,6651778,121322492.32,5451818400.0,5287680000.0,3433
2016-07-25,'300158,振东制药,18.0,18.05,17.64,17.74,17.88,0.12,0.6711,0.8514,2451900,43837415.91,5344920000.0,5184000000.0,1869
2016-07-22,'300158,振东制药,17.88,18.0,17.47,17.75,17.88,0.0,0.0,1.3818,3979501,70584380.26,5309287200.0,5149440000.0,2632
2016-07-21,'300158,振东制药,17.88,18.68,17.6,18.45,18.18,-0.3,-1.6502,2.323,6690145,120652132.21,5309287200.0,5149440000.0,5013
2016-07-20,'300158,振东制药,18.18,18.45,17.84,18.02,18.18,0.0,0.0,1.7738,5108561,92485399.87,5398369200.0,5235840000.0,3402
2016-07-19,'300158,振东制药,18.18,18.2,17.4,17.73,17.72,0.46,2.5959,1.4539,4187290,74173024.5,5398369200.0,5235840000.0,3029
2016-07-18,'300158,振东制药,17.72,18.47,17.48,18.47,18.12,-0.4,-2.2075,1.6765,4828273,86104301.81,5261776800.0,5103360000.0,3699
2016-07-15,'300158,振东制药,18.12,18.54,17.87,18.03,17.8,0.32,1.7978,2.7011,7779260,141923509.08,5380552800.0,5218560000.0,4628
2016-07-14,'300158,振东制药,17.8,17.86,17.43,17.56,17.7,0.1,0.565,1.6633,4790405,84494431.74,5285532000.0,5126400000.0,2610
2016-07-13,'300158,振东制药,17.7,17.78,17.14,17.39,17.23,0.47,2.7278,1.9433,5596634,98082196.71,5255838000.0,5097600000.0,4126
2016-07-12,'300158,振东制药,17.23,17.25,16.73,16.88,16.85,0.38,2.2552,1.2218,3518783,59949066.11,5116276200.0,4962240000.0,2971
2016-07-11,'300158,振东制药,16.85,17.06,16.84,16.95,16.94,-0.09,-0.5313,1.0225,2944939,49905615.4,5003439000.0,4852800000.0,2128
2016-07-08,'300158,振东制药,16.94,17.19,16.88,17.17,17.11,-0.17,-0.9936,1.0324,2973416,50514716.81,5030163600.0,4878720000.0,2944
2016-07-07,'300158,振东制药,17.11,17.45,16.84,16.84,16.89,0.22,1.3025,2.5201,7257756,125045428.93,5080643400.0,4927680000.0,4502
2016-07-06,'300158,振东制药,16.89,16.98,16.62,16.72,16.8,0.09,0.5357,0.9232,2658681,44754513.36,5015316600.0,4864320000.0,2000
2016-07-05,'300158,振东制药,16.8,16.95,16.62,16.64,16.71,0.09,0.5386,1.2152,3499885,58590281.83,4988592000.0,4838400000.0,2863
2016-07-04,'300158,振东制药,16.71,17.15,16.3,16.3,16.42,0.29,1.7661,1.8952,5458075,91691153.98,4961867400.0,4812480000.0,3641
2016-07-01,'300158,振东制药,16.42,16.84,16.09,16.18,16.15,0.27,1.6718,2.0187,5813925,96418953.51,4875754800.0,4728960000.0,4222
2016-06-30,'300158,振东制药,16.15,16.2,15.85,16.13,16.13,0.02,0.124,0.9718,2798867,44842535.39,4795581000.0,4651200000.0,1904
2016-06-29,'300158,振东制药,16.13,16.34,16.02,16.16,16.1,0.03,0.1863,0.9713,2797225,45210014.8,4789642200.0,4645440000.0,2225
2016-06-28,'300158,振东制药,16.1,16.19,15.71,15.72,15.77,0.33,2.0926,1.1479,3305871,52852745.02,4780734000.0,4636800000.0,2549
2016-06-27,'300158,振东制药,15.77,15.8,15.29,15.29,15.4,0.37,2.4026,0.6881,1981700,31115470.38,4682743800.0,4541760000.0,1478
2016-06-24,'300158,振东制药,15.4,15.82,15.01,15.69,15.75,-0.35,-2.2222,0.8567,2467191,38225532.12,4572876000.0,4435200000.0,2001
2016-06-23,'300158,振东制药,15.75,15.96,15.55,15.83,15.68,0.07,0.4464,0.7309,2105097,33203420.14,4676805000.0,4536000000.0,1745
2016-06-22,'300158,振东制药,15.68,15.75,15.25,15.31,15.32,0.36,2.3499,0.6441,1854931,28872126.14,4656019200.0,4515840000.0,1341
2016-06-21,'300158,振东制药,15.32,15.82,15.1,15.71,15.65,-0.33,-2.1086,0.6847,1972000,30743088.78,4549120800.0,4412160000.0,1639
2016-06-20,'300158,振东制药,15.65,15.7,15.35,15.69,15.66,-0.01,-0.0639,0.5933,1708802,26573829.82,4647111000.0,4507200000.0,1385
2016-06-17,'300158,振东制药,15.66,15.89,15.63,15.71,15.63,0.03,0.1919,0.8053,2319204,36545096.84,4650080400.0,4510080000.0,1359
2016-06-16,'300158,振东制药,15.63,15.83,15.62,15.8,16.03,-0.4,-2.4953,1.1176,3218710,50480159.99,4641172200.0,4501440000.0,2517
2016-06-15,'300158,振东制药,16.03,16.05,15.07,15.07,15.07,0.96,6.3703,2.1074,6069254,95634461.09,4759948200.0,4616640000.0,3467
2016-06-14,'300158,振东制药,15.07,15.24,14.95,15.14,15.07,0.0,0.0,0.805,2318393,35032356.28,4474885800.0,4340160000.0,1543
2016-06-13,'300158,振东制药,15.07,15.98,15.07,15.98,16.12,-1.05,-6.5136,0.8374,2411824,37761689.04,4474885800.0,4340160000.0,2093
2016-06-08,'300158,振东制药,16.12,16.28,16.06,16.23,16.2,-0.08,-0.4938,0.8433,2428781,39188010.92,4786672800.0,4642560000.0,1916
2016-06-07,'300158,振东制药,16.2,16.29,16.01,16.24,16.21,-0.01,-0.0617,0.9371,2698967,43637452.39,4810428000.0,4665600000.0,1699
2016-06-06,'300158,振东制药,16.21,16.4,16.07,16.28,16.31,-0.1,-0.6131,1.145,3297624,53553877.38,4813397400.0,4668480000.0,2437
2016-06-03,'300158,振东制药,16.89,16.94,16.65,16.75,16.77,0.12,0.7156,1.616,4654014,78210444.02,5015316600.0,4864320000.0,2570
2016-06-02,'300158,振东制药,16.77,16.97,16.65,16.69,16.68,0.09,0.5396,1.0253,2952999,49571009.39,4979683800.0,4829760000.0,2072
2016-06-01,'300158,振东制药,16.68,17.09,16.63,16.84,16.83,-0.15,-0.8913,1.3988,4028685,67805776.23,4952959200.0,4803840000.0,2501
2016-05-31,'300158,振东制药,16.83,16.89,16.39,16.48,16.38,0.45,2.7473,1.7643,5081253,84834181.27,4997500200.0,4847040000.0,3092
2016-05-30,'300158,振东制药,16.38,16.66,16.23,16.45,16.36,0.02,0.1222,0.8413,2423001,39629830.87,4863877200.0,4717440000.0,1607
2016-05-27,'300158,振东制药,16.36,16.57,16.01,16.15,16.14,0.22,1.3631,1.1183,3220817,52428214.9,4857938400.0,4711680000.0,1911
2016-05-26,'300158,振东制药,16.14,16.16,15.72,16.06,16.14,0.0,0.0,0.5997,1727247,27563650.82,4792611600.0,4648320000.0,1232
2016-05-25,'300158,振东制药,16.14,16.43,16.01,16.38,16.14,0.0,0.0,0.9798,2821773,45801353.27,4792611600.0,4648320000.0,1867
2016-05-24,'300158,振东制药,16.14,16.18,15.79,16.0,16.15,-0.01,-0.0619,0.7488,2156613,34426166.7,4792611600.0,4648320000.0,1683
2016-05-23,'300158,振东制药,16.15,16.35,16.01,16.3,16.19,-0.04,-0.2471,1.3593,3914776,63316028.91,4795581000.0,4651200000.0,2238
2016-05-20,'300158,振东制药,16.19,16.22,15.62,15.85,15.78,0.41,2.5982,1.1694,3367834,54120511.81,4807458600.0,4662720000.0,2310
2016-05-19,'300158,振东制药,15.78,15.94,15.51,15.58,15.68,0.1,0.6378,0.8305,2391886,37721495.9,4685713200.0,4544640000.0,1987
2016-05-18,'300158,振东制药,15.68,15.85,15.15,15.51,15.51,0.17,1.0961,1.1366,3273550,50768691.37,4656019200.0,4515840000.0,2151
2016-05-17,'300158,振东制药,15.51,15.66,15.33,15.51,15.52,-0.01,-0.0644,0.5274,1518927,23549669.22,4605539400.0,4466880000.0,1325
2016-05-16,'300158,振东制药,15.52,15.61,15.27,15.38,15.42,0.1,0.6485,0.5624,1619681,25051343.52,4608508800.0,4469760000.0,1349
2016-05-13,'300158,振东制药,15.42,15.58,15.31,15.42,15.42,0.0,0.0,0.3889,1119912,17271289.64,4578814800.0,4440960000.0,939
2016-05-12,'300158,振东制药,15.42,15.55,15.06,15.35,15.45,-0.03,-0.1942,0.6804,1959436,30067380.85,4578814800.0,4440960000.0,2673
2016-05-11,'300158,振东制药,15.45,15.75,15.3,15.6,15.44,0.01,0.0648,0.6022,1734386,27024832.6,4587723000.0,4449600000.0,1524
2016-05-10,'300158,振东制药,15.44,15.73,15.37,15.59,15.59,-0.15,-0.9622,0.3524,1014814,15740114.28,4584753600.0,4446720000.0,1188
2016-05-09,'300158,振东制药,15.59,15.95,15.3,15.77,15.98,-0.39,-2.4406,0.7568,2179463,34048791.13,4629294600.0,4489920000.0,2174
2016-05-06,'300158,振东制药,15.98,16.77,15.81,16.68,16.63,-0.65,-3.9086,1.1253,3240922,52889839.8,4745101200.0,4602240000.0,3041
2016-05-05,'300158,振东制药,16.63,16.71,16.33,16.49,16.5,0.13,0.7879,0.6668,1920523,31857788.89,4938112200.0,4789440000.0,2177
2016-05-04,'300158,振东制药,16.5,16.61,16.31,16.39,16.5,0.0,0.0,0.8022,2310454,38081884.96,4899510000.0,4752000000.0,1609
2016-05-03,'300158,振东制药,16.5,16.58,16.06,16.15,16.17,0.33,2.0408,0.7845,2259314,37117744.46,4899510000.0,4752000000.0,3404
2016-04-29,'300158,振东制药,16.17,16.29,15.96,16.03,16.08,0.09,0.5597,0.4798,1381702,22311596.49,4801519800.0,4656960000.0,1148
2016-04-28,'300158,振东制药,16.08,16.08,15.73,16.08,16.03,0.05,0.3119,0.5291,1523677,24288861.83,4774795200.0,4631040000.0,1169
2016-04-27,'300158,振东制药,16.03,16.15,15.93,16.09,16.06,-0.03,-0.1868,0.7179,2067620,33119159.55,4759948200.0,4616640000.0,1438
2016-04-26,'300158,振东制药,16.06,16.09,15.81,15.92,16.04,0.02,0.1247,0.5649,1626843,25989088.96,4625280000.0,4625280000.0,2126
2016-04-25,'300158,振东制药,16.04,16.3,15.7,16.29,15.99,0.05,0.3127,0.6374,1835760,29278314.72,4619520000.0,4619520000.0,2184
2016-04-22,'300158,振东制药,15.99,16.09,15.79,15.83,15.83,0.16,1.0107,0.5908,1701605,27123710.76,4605120000.0,4605120000.0,1326
2016-04-21,'300158,振东制药,15.83,16.19,15.72,15.91,15.98,-0.15,-0.9387,0.6083,1751995,28067756.3,4559040000.0,4559040000.0,1520
2016-04-20,'300158,振东制药,15.98,16.98,15.71,16.83,16.95,-0.97,-5.7227,1.4299,4118013,67465114.25,4602240000.0,4602240000.0,2827
2016-04-19,'300158,振东制药,16.95,17.23,16.66,16.99,16.99,-0.04,-0.2354,1.0203,2938472,49902971.77,4881600000.0,4881600000.0,2182
2016-04-18,'300158,振东制药,16.99,17.27,16.91,17.18,17.27,-0.28,-1.6213,0.9154,2636475,44948600.45,4893120000.0,4893120000.0,2371
2016-04-15,'300158,振东制药,17.27,17.47,16.82,16.82,16.92,0.35,2.0686,1.4752,4248529,72674827.33,4973760000.0,4973760000.0,2900
2016-04-14,'300158,振东制药,16.92,16.99,16.69,16.81,16.66,0.26,1.5606,1.0499,3023650,51045686.07,4872960000.0,4872960000.0,1957
2016-04-13,'300158,振东制药,16.66,16.91,16.64,16.66,16.64,0.02,0.1202,1.1974,3448443,57972339.12,4798080000.0,4798080000.0,2261
2016-04-12,'300158,振东制药,16.64,16.9,16.47,16.9,16.73,-0.09,-0.538,1.0754,3097149,51610201.21,4792320000.0,4792320000.0,1929
2016-04-11,'300158,振东制药,16.73,16.8,16.21,16.47,16.44,0.29,1.764,1.7023,4902495,81719677.78,4818240000.0,4818240000.0,2280
2016-04-08,'300158,振东制药,16.44,16.58,16.1,16.37,16.59,-0.15,-0.9042,0.9516,2740533,44673242.92,4734720000.0,4734720000.0,2859
2016-04-07,'300158,振东制药,16.59,16.95,16.31,16.71,16.66,-0.07,-0.4202,1.1468,3302822,54779294.48,4777920000.0,4777920000.0,2560
2016-04-06,'300158,振东制药,16.66,16.95,16.42,16.58,16.68,-0.02,-0.1199,1.1263,3243660,54201151.68,4798080000.0,4798080000.0,2269
2016-04-05,'300158,振东制药,16.68,16.77,16.13,16.27,16.29,0.39,2.3941,1.242,3576833,59216583.01,4803840000.0,4803840000.0,3187
2016-04-01,'300158,振东制药,16.29,16.3,15.86,16.02,16.01,0.28,1.7489,1.1238,3236493,52113790.05,4691520000.0,4691520000.0,2617
2016-03-31,'300158,振东制药,16.01,16.28,16.0,16.23,16.2,-0.19,-1.1728,0.7656,2204846,35606562.89,4610880000.0,4610880000.0,2182
2016-03-30,'300158,振东制药,16.2,16.25,15.79,15.96,15.8,0.4,2.5316,0.9323,2685077,43016568.85,4665600000.0,4665600000.0,2419
2016-03-29,'300158,振东制药,15.8,15.99,15.53,15.65,15.71,0.09,0.5729,0.7866,2265305,35753780.71,4550400000.0,4550400000.0,2477
2016-03-28,'300158,振东制药,15.71,16.23,15.56,15.8,15.7,0.01,0.0637,1.1267,3245024,51795847.08,4524480000.0,4524480000.0,3020
2016-03-25,'300158,振东制药,15.7,15.75,15.42,15.52,15.54,0.16,1.0296,0.7622,2195007,34220799.88,4521600000.0,4521600000.0,2476
2016-03-24,'300158,振东制药,15.54,15.96,15.54,15.96,15.94,-0.4,-2.5094,0.8687,2501830,39429429.31,4475520000.0,4475520000.0,1784
2016-03-23,'300158,振东制药,15.94,16.12,15.7,15.84,15.8,0.14,0.8861,0.6824,1965267,31291438.46,4590720000.0,4590720000.0,1922
2016-03-22,'300158,振东制药,15.8,16.02,15.6,15.7,15.81,-0.01,-0.0633,0.7274,2094806,33159183.07,4550400000.0,4550400000.0,1745
2016-03-21,'300158,振东制药,15.81,15.9,15.58,15.63,15.5,0.31,2.0,1.1451,3297754,51814531.09,4553280000.0,4553280000.0,2424
2016-03-18,'300158,振东制药,15.5,15.63,14.9,15.1,14.98,0.52,3.4713,1.2267,3533021,54344586.73,4464000000.0,4464000000.0,2781
2016-03-17,'300158,振东制药,14.98,15.07,14.41,14.46,14.45,0.53,3.6678,1.1865,3417020,50684817.88,4314240000.0,4314240000.0,2677
2016-03-16,'300158,振东制药,14.45,15.19,14.35,14.94,14.71,-0.26,-1.7675,0.693,1995812,29243650.42,4161600000.0,4161600000.0,1577
2016-03-15,'300158,振东制药,14.71,14.86,14.62,14.77,14.71,0.0,0.0,0.4569,1315783,19386740.55,4236480000.0,4236480000.0,1134
2016-03-14,'300158,振东制药,14.71,14.97,14.46,14.46,14.24,0.47,3.3006,0.9617,2769779,40891737.65,4236480000.0,4236480000.0,2336
2016-03-11,'300158,振东制药,14.24,14.28,13.88,14.08,14.08,0.16,1.1364,0.436,1255612,17685440.36,4101120000.0,4101120000.0,1198
2016-03-10,'300158,振东制药,14.08,14.7,14.07,14.42,14.42,-0.34,-2.3578,0.5893,1697245,24418908.63,4055040000.0,4055040000.0,1608
2016-03-09,'300158,振东制药,14.42,14.61,14.05,14.24,14.47,-0.05,-0.3455,0.8502,2448441,35217724.53,4152960000.0,4152960000.0,2194
2016-03-08,'300158,振东制药,14.47,14.6,13.77,14.15,14.29,0.18,1.2596,0.7839,2257568,31939947.97,4167360000.0,4167360000.0,1959
2016-03-07,'300158,振东制药,14.29,14.46,14.0,14.0,13.9,0.39,2.8058,0.6033,1737524,24836947.4,4115520000.0,4115520000.0,1440
2016-03-04,'300158,振东制药,13.9,14.65,13.72,14.45,14.56,-0.66,-4.533,0.781,2249350,31833132.33,4003200000.0,4003200000.0,1890
2016-03-03,'300158,振东制药,14.56,14.93,14.5,14.58,14.64,-0.08,-0.5464,0.7631,2197703,32244427.07,4193280000.0,4193280000.0,1836
2016-03-02,'300158,振东制药,14.64,14.65,13.86,14.03,13.98,0.66,4.721,1.0501,3024197,43218567.56,4216320000.0,4216320000.0,2730
2016-03-01,'300158,振东制药,13.98,14.2,13.35,14.1,14.31,-0.33,-2.3061,1.349,3885003,53671498.38,4026240000.0,4026240000.0,2937
2016-02-29,'300158,振东制药,14.31,15.46,14.31,15.43,15.9,-1.59,-10.0,1.182,3404100,49140370.54,4121280000.0,4121280000.0,2193
2016-02-26,'300158,振东制药,0.0,0.0,0.0,0.0,15.9,None,None,0.0,0,0.0,4579200000.0,4579200000.0,0
2016-02-25,'300158,振东制药,0.0,0.0,0.0,0.0,15.9,None,None,0.0,0,0.0,4579200000.0,4579200000.0,0
2016-02-24,'300158,振东制药,0.0,0.0,0.0,0.0,15.9,None,None,0.0,0,0.0,4579200000.0,4579200000.0,0
2016-02-23,'300158,振东制药,0.0,0.0,0.0,0.0,15.9,None,None,0.0,0,0.0,4579200000.0,4579200000.0,0
2016-02-22,'300158,振东制药,0.0,0.0,0.0,0.0,15.9,None,None,0.0,0,0.0,4579200000.0,4579200000.0,0
2016-02-19,'300158,振东制药,0.0,0.0,0.0,0.0,15.9,None,None,0.0,0,0.0,4579200000.0,4579200000.0,0
2016-02-18,'300158,振东制药,15.9,16.05,15.74,15.98,15.91,-0.01,-0.0629,0.9789,2819372,44849558.03,4579200000.0,4579200000.0,2078
2016-02-17,'300158,振东制药,15.91,16.01,15.58,15.99,16.05,-0.14,-0.8723,1.2041,3467888,54961291.75,4582080000.0,4582080000.0,2500
2016-02-16,'300158,振东制药,16.05,16.08,15.61,15.61,15.7,0.35,2.2293,1.3949,4017408,63802798.97,4622400000.0,4622400000.0,2956
2016-02-15,'300158,振东制药,15.7,15.8,14.88,15.0,15.39,0.31,2.0143,1.0214,2941684,45554751.39,4521600000.0,4521600000.0,3128
2016-02-05,'300158,振东制药,15.39,16.56,15.13,15.9,15.27,0.12,0.7859,1.6191,4663136,73611841.0,4432320000.0,4432320000.0,3136
2016-02-04,'300158,振东制药,15.27,15.37,15.02,15.09,15.13,0.14,0.9253,1.2688,3654247,55489069.62,4397760000.0,4397760000.0,2621
2016-02-03,'300158,振东制药,15.13,15.5,14.55,14.55,14.66,0.47,3.206,2.1144,6089548,91862573.68,4357440000.0,4357440000.0,3587
2016-02-02,'300158,振东制药,14.66,14.85,14.06,14.15,14.02,0.64,4.5649,1.1341,3266087,47629691.87,4222080000.0,4222080000.0,2433
2016-02-01,'300158,振东制药,14.02,14.42,13.81,14.29,14.41,-0.39,-2.7065,0.7639,2200022,31086574.19,4037760000.0,4037760000.0,1672
2016-01-29,'300158,振东制药,14.41,14.41,13.51,13.65,13.6,0.81,5.9559,1.1796,3397129,47864420.07,4150080000.0,4150080000.0,2167
2016-01-28,'300158,振东制药,13.6,14.17,13.51,13.99,14.18,-0.58,-4.0903,0.7882,2270100,31509981.0,3916800000.0,3916800000.0,1636
2016-01-27,'300158,振东制药,14.18,14.32,13.22,14.24,14.0,0.18,1.2857,1.8172,5233429,73002806.49,4083840000.0,4083840000.0,2955
2016-01-26,'300158,振东制药,14.0,14.93,13.7,14.8,15.01,-1.01,-6.7288,1.6896,4866053,69804433.09,4032000000.0,4032000000.0,2677
2016-01-25,'300158,振东制药,15.01,15.12,14.7,14.88,14.7,0.31,2.1088,1.1571,3332317,49716623.36,4322880000.0,4322880000.0,2459
2016-01-22,'300158,振东制药,14.7,14.78,14.2,14.66,14.4,0.3,2.0833,1.39,4003088,58037125.53,4233600000.0,4233600000.0,2247
2016-01-21,'300158,振东制药,14.4,15.17,14.4,14.8,14.97,-0.57,-3.8076,1.6581,4775297,70923990.16,4147200000.0,4147200000.0,3016
2016-01-20,'300158,振东制药,14.97,15.4,14.82,15.13,15.3,-0.33,-2.1569,1.5072,4340700,65409229.14,4311360000.0,4311360000.0,2862
2016-01-19,'300158,振东制药,15.3,15.35,14.5,14.76,14.84,0.46,3.0997,1.7194,4951731,74245029.72,4406400000.0,4406400000.0,3245
2016-01-18,'300158,振东制药,14.84,15.25,14.45,14.59,14.67,0.17,1.1588,1.4665,4223436,62768127.6,4273920000.0,4273920000.0,3882
2016-01-15,'300158,振东制药,14.67,15.25,14.5,15.03,15.24,-0.57,-3.7402,1.146,3300490,49282627.8,4224960000.0,4224960000.0,2585
2016-01-14,'300158,振东制药,15.24,15.4,13.99,14.07,14.54,0.7,4.8143,1.5267,4396831,64797474.84,4389120000.0,4389120000.0,3074
2016-01-13,'300158,振东制药,14.54,15.35,14.4,15.05,15.05,-0.51,-3.3887,1.137,3274652,49065885.84,4187520000.0,4187520000.0,2378
2016-01-12,'300158,振东制药,15.05,15.21,14.41,14.5,14.45,0.6,4.1522,1.968,5667919,83865081.1,4334400000.0,4334400000.0,2990
2016-01-11,'300158,振东制药,14.45,15.55,14.41,15.48,15.75,-1.3,-8.254,2.2501,6480247,97927423.41,4161600000.0,4161600000.0,3566
2016-01-08,'300158,振东制药,15.75,16.3,14.72,16.2,15.67,0.08,0.5105,1.9995,5758609,90787648.89,4536000000.0,4536000000.0,3728
2016-01-07,'300158,振东制药,15.67,17.08,15.67,16.96,17.41,-1.74,-9.9943,0.5642,1624900,26363156.4,4512960000.0,4512960000.0,1063
2016-01-06,'300158,振东制药,17.41,17.7,17.02,17.11,17.1,0.31,1.8129,1.6342,4706626,81549260.3,5014080000.0,5014080000.0,3937
2016-01-05,'300158,振东制药,17.1,17.98,16.53,17.1,18.23,-1.13,-6.1986,2.7608,7951000,137312740.08,4924800000.0,4924800000.0,5396
2016-01-04,'300158,振东制药,18.23,20.44,18.23,20.3,20.25,-2.02,-9.9753,2.56,7372707,139507611.29,5250240000.0,5250240000.0,5162
