日期,股票代码,名称,收盘价,最高价,最低价,开盘价,前收盘,涨跌额,涨跌幅,换手率,成交量,成交金额,总市值,流通市值,成交笔数
2016-10-12,'300148,天舟文化,19.66,19.83,19.39,19.78,19.85,-0.19,-0.9572,1.3966,7065935,138654815.65,12778008624.8,9946955629.58,3092
2016-10-11,'300148,天舟文化,19.85,19.88,19.0,19.09,18.99,0.86,4.5287,2.0751,10498898,203684990.61,12901499043.9,10043085923.0,4837
2016-10-10,'300148,天舟文化,18.99,19.27,18.79,19.06,18.86,0.13,0.6893,0.9736,4926007,93363876.19,12342542410.3,9607969857.87,2150
2016-09-30,'300148,天舟文化,18.86,19.08,18.69,18.85,18.85,0.01,0.0531,0.9064,4586004,86700702.02,12258048965.6,9542196499.18,1698
2016-09-29,'300148,天舟文化,18.85,19.08,18.48,18.7,18.68,0.17,0.9101,1.6249,8221274,155077501.74,12251549469.9,9537137010.05,2698
2016-09-28,'300148,天舟文化,18.68,18.86,18.41,18.48,18.44,0.24,1.3015,1.3417,6788521,126630321.77,12141058042.3,9451125694.84,2570
2016-09-27,'300148,天舟文化,18.44,18.8,17.9,18.48,18.8,-0.36,-1.9149,2.464,12466380,227756119.4,11985070144.6,9329697955.72,4669
2016-09-26,'300148,天舟文化,18.8,19.46,18.7,19.09,19.04,-0.24,-1.2605,1.9155,9691687,185012437.81,12219051991.2,9511839564.4,4571
2016-09-23,'300148,天舟文化,19.04,19.23,18.82,19.15,19.21,-0.17,-0.885,1.432,7245256,137679056.89,12375039889.0,9633267303.52,4048
2016-09-22,'300148,天舟文化,19.21,19.59,19.1,19.4,19.41,-0.2,-1.0304,1.4881,7528916,145573155.66,12485531316.5,9719278618.73,3453
2016-09-21,'300148,天舟文化,19.41,19.7,19.02,19.12,19.14,0.27,1.4107,1.8133,9174242,177823274.7,12615521231.3,9820468401.33,5161
2016-09-20,'300148,天舟文化,19.14,19.8,18.92,19.8,19.49,-0.35,-1.7958,1.7841,9026866,174052942.29,12440034846.4,9683862194.82,5723
2016-09-19,'300148,天舟文化,19.49,19.73,18.36,18.61,18.78,0.71,3.7806,2.4728,12511119,240305456.35,12667517197.3,9860944314.37,7615
2016-09-14,'300148,天舟文化,18.78,19.05,18.2,18.3,18.26,0.52,2.8478,3.5361,17890995,335289751.49,12206052999.7,9501720586.14,8965
2016-09-13,'300148,天舟文化,18.26,18.31,17.62,17.62,17.62,0.64,3.6322,2.0388,8888472,160442284.33,10590211297.6,7960759227.74,4294
2016-09-12,'300148,天舟文化,17.62,17.82,17.4,17.75,18.01,-0.39,-2.1655,2.6484,11546101,203994537.42,10219031931.2,7681740284.38,4803
2016-09-09,'300148,天舟文化,18.01,18.41,17.81,18.39,18.34,-0.33,-1.7993,2.9434,12832077,231134638.29,10445219357.6,7851767452.99,7181
2016-09-08,'300148,天舟文化,18.34,18.47,18.07,18.28,18.3,0.04,0.2186,1.8065,7875848,144068243.88,10636608718.4,7995636595.66,4074
2016-09-07,'300148,天舟文化,18.3,18.57,17.76,17.9,17.9,0.4,2.2346,3.2993,14383793,260872435.57,10613410008.0,7978197911.7,7476
2016-09-06,'300148,天舟文化,17.9,18.23,17.73,17.85,17.97,-0.07,-0.3895,2.7137,11830967,212338107.06,10381422904.0,7803811072.1,6178
2016-09-05,'300148,天舟文化,17.97,18.06,17.4,17.45,17.38,0.59,3.3947,2.7904,12165030,215575123.46,10422020647.2,7834328769.03,6236
2016-09-02,'300148,天舟文化,17.38,17.95,17.36,17.65,17.77,-0.39,-2.1947,3.0894,13468553,236092709.19,10079839668.8,7577108180.62,8015
2016-09-01,'300148,天舟文化,17.77,18.2,17.35,17.62,17.58,0.19,1.0808,5.382,23463777,420220489.72,10306027095.2,7747135349.23,11321
2016-08-31,'300148,天舟文化,17.58,18.22,16.66,16.66,16.79,0.79,4.7052,7.2984,31818428,560641944.67,10195833220.8,7664301600.42,15703
2016-08-30,'300148,天舟文化,16.79,17.28,16.59,16.59,16.05,0.74,4.6106,5.6732,24733272,417235679.65,9737658690.4,7319887592.21,10817
2016-08-29,'300148,天舟文化,0.0,0.0,0.0,0.0,16.05,None,None,0.0,0,0.0,9308482548.0,6997271938.95,0
2016-08-26,'300148,天舟文化,0.0,0.0,0.0,0.0,16.05,None,None,0.0,0,0.0,9308482548.0,6997271938.95,0
2016-08-25,'300148,天舟文化,0.0,0.0,0.0,0.0,16.05,None,None,0.0,0,0.0,9308482548.0,6997271938.95,0
2016-08-24,'300148,天舟文化,16.05,16.49,16.02,16.05,15.99,0.06,0.3752,2.4924,10865873,177518324.43,9308482548.0,6997271938.95,6054
2016-08-23,'300148,天舟文化,15.99,16.09,15.81,15.81,15.81,0.18,1.1385,1.6135,7034276,112417973.31,9273684482.4,6971113913.01,2972
2016-08-22,'300148,天舟文化,15.81,16.19,15.8,15.89,15.93,-0.12,-0.7533,1.1393,4966945,79475128.8,9169290285.6,6892639835.19,2906
2016-08-19,'300148,天舟文化,15.93,16.14,15.79,16.14,16.09,-0.16,-0.9944,0.9989,4354695,69436452.33,8073671433.3,6944955887.07,3096
2016-08-18,'300148,天舟文化,16.09,16.17,15.72,15.82,15.79,0.3,1.8999,1.794,7821284,124950656.2,8154762922.9,7014710622.91,4766
2016-08-17,'300148,天舟文化,15.79,15.89,15.65,15.74,15.72,0.07,0.4453,1.2906,5626395,88747860.62,8002716379.9,6883920493.21,3148
2016-08-16,'300148,天舟文化,15.72,15.82,15.64,15.68,15.73,-0.01,-0.0636,1.2161,5301688,83285932.56,7967238853.2,6853402796.28,3463
2016-08-15,'300148,天舟文化,15.73,15.75,15.24,15.28,15.25,0.48,3.1475,2.2592,9849523,153516830.51,7972307071.3,6857762467.27,5141
2016-08-12,'300148,天舟文化,15.25,15.28,14.92,15.0,15.0,0.25,1.6667,1.0842,4726619,71663396.82,7729032602.5,6648498259.75,3272
2016-08-11,'300148,天舟文化,15.0,15.25,14.99,15.09,15.08,-0.08,-0.5305,0.9335,4069949,61510692.02,7602327150.0,6539506485.0,2957
2016-08-10,'300148,天舟文化,15.08,15.5,15.03,15.16,15.2,-0.12,-0.7895,1.3375,5830907,89351348.69,7642872894.8,6574383852.92,3605
2016-08-09,'300148,天舟文化,15.2,15.28,14.93,15.08,15.07,0.13,0.8626,1.363,5942349,90110480.46,7703691512.0,6626699904.8,3692
2016-08-08,'300148,天舟文化,15.07,15.17,14.52,14.58,14.61,0.46,3.1485,1.7195,7496263,111786831.39,7637804676.7,6570024181.93,5009
2016-08-05,'300148,天舟文化,14.61,14.7,14.39,14.59,14.59,0.02,0.1371,1.6345,7126087,104118680.1,7404666644.1,6369479316.39,3733
2016-08-04,'300148,天舟文化,14.59,14.79,14.43,14.47,14.47,0.12,0.8293,1.4003,6105047,89202895.4,7394530207.9,6360759974.41,3812
2016-08-03,'300148,天舟文化,14.47,14.56,14.3,14.41,14.45,0.02,0.1384,1.1923,5198067,75021525.13,7333711590.7,6308443922.53,2932
2016-08-02,'300148,天舟文化,14.45,14.57,14.29,14.4,14.47,-0.02,-0.1382,2.0763,9051768,130301799.16,7323575154.5,6299724580.55,4170
2016-08-01,'300148,天舟文化,14.47,14.95,14.01,14.9,14.92,-0.45,-3.0161,2.4812,10817082,155693995.68,7333711590.7,6308443922.53,7262
2016-07-29,'300148,天舟文化,14.92,15.21,14.66,15.1,15.07,-0.15,-0.9954,1.4364,6262159,93313172.05,7561781405.2,6504629117.08,4081
2016-07-28,'300148,天舟文化,15.07,15.46,14.82,15.16,15.29,-0.22,-1.4388,1.8151,7913298,119784387.75,7637804676.7,6570024181.93,5431
2016-07-27,'300148,天舟文化,15.29,16.49,15.21,16.42,16.5,-1.21,-7.3333,3.413,14879627,235110611.99,7749305474.9,6665936943.71,9061
2016-07-26,'300148,天舟文化,16.5,16.69,16.2,16.55,16.52,-0.02,-0.1211,2.2214,9684591,158935617.48,8362559865.0,7193457133.5,6173
2016-07-25,'300148,天舟文化,16.52,16.66,16.23,16.36,16.32,0.2,1.2255,2.4323,10604242,174802016.56,8372696301.2,7202176475.48,5690
2016-07-22,'300148,天舟文化,16.32,16.84,16.29,16.4,16.42,-0.1,-0.609,3.0484,13289975,220167860.13,8271331939.2,7114983055.68,7701
2016-07-21,'300148,天舟文化,16.42,16.78,16.36,16.48,16.61,-0.19,-1.1439,3.0876,13461017,223164197.65,8322014120.2,7158579765.58,7869
2016-07-20,'300148,天舟文化,16.61,17.17,16.35,16.39,16.37,0.24,1.4661,4.3652,19030685,319239370.42,8418310264.1,7241413514.39,12821
2016-07-19,'300148,天舟文化,16.37,16.37,15.95,15.95,15.83,0.54,3.4112,3.0321,13218939,214440336.52,8296673029.7,7136781410.63,8926
2016-07-18,'300148,天舟文化,15.83,16.15,15.75,15.9,15.9,-0.07,-0.4403,2.5816,11255097,179413644.29,8022989252.3,6901359177.17,6315
2016-07-15,'300148,天舟文化,15.9,16.48,15.81,16.41,16.47,-0.57,-3.4608,4.2221,18406865,295348421.04,8058466779.0,6931876874.1,12121
2016-07-14,'300148,天舟文化,16.47,16.87,16.0,16.38,16.18,0.29,1.7923,5.5584,24232830,398768647.62,8347355210.7,7180378120.53,13465
2016-07-13,'300148,天舟文化,16.18,16.48,15.65,15.93,15.79,0.39,2.4699,4.0533,17671193,283949161.76,8200376885.8,7053947661.82,11606
2016-07-12,'300148,天舟文化,15.79,15.89,15.36,15.37,15.36,0.43,2.7995,3.6259,15807876,248094710.82,8002716379.9,6883920493.21,10304
2016-07-11,'300148,天舟文化,15.36,15.62,15.35,15.49,15.52,-0.16,-1.0309,2.0674,9013064,139382307.53,7784783001.6,6696454640.64,5783
2016-07-08,'300148,天舟文化,15.52,15.57,15.28,15.55,15.51,0.01,0.0645,1.5891,6927875,106989952.08,7865874491.2,6766209376.48,4719
2016-07-07,'300148,天舟文化,15.51,15.73,15.3,15.65,15.62,-0.11,-0.7042,1.9592,8541256,132352825.33,7860806273.1,6761849705.49,5897
2016-07-06,'300148,天舟文化,15.62,15.7,15.38,15.69,15.7,-0.08,-0.5096,2.1928,9560019,148277592.16,7916556672.2,6809806086.38,6395
2016-07-05,'300148,天舟文化,15.7,15.9,15.5,15.8,15.97,-0.27,-1.6907,2.9948,13056294,204747791.4,7957102417.0,6844683454.3,9364
2016-07-04,'300148,天舟文化,15.97,16.01,15.49,15.6,15.65,0.32,2.0447,3.5104,15304319,242052859.68,8093944305.7,6962394571.03,9630
2016-07-01,'300148,天舟文化,15.65,16.19,15.3,15.32,15.21,0.44,2.8928,3.796,16549328,260553388.28,7931761326.5,6822885099.35,12629
2016-06-30,'300148,天舟文化,15.21,15.28,15.06,15.25,15.23,-0.02,-0.1313,1.2126,5286439,80243214.18,7708759730.1,6631059575.79,3775
2016-06-29,'300148,天舟文化,15.23,15.46,15.08,15.45,15.4,-0.17,-1.1039,2.1899,9547033,145333162.63,7718896166.3,6639778917.77,6159
2016-06-28,'300148,天舟文化,15.4,15.45,14.92,14.92,14.92,0.48,3.2172,2.8638,12485415,189778388.27,7805055874.0,6713893324.6,8581
2016-06-27,'300148,天舟文化,14.92,14.95,14.42,14.45,14.71,0.21,1.4276,1.7448,7606705,112801282.44,7561781405.2,6504629117.08,5097
2016-06-24,'300148,天舟文化,14.71,15.1,14.15,14.98,14.98,-0.27,-1.8024,1.786,7786417,114435693.75,7455348825.1,6413076026.29,6895
2016-06-23,'300148,天舟文化,14.98,15.34,14.79,14.9,14.65,0.33,2.2526,2.5969,11321642,170855142.72,7592190713.8,6530787143.02,8790
2016-06-22,'300148,天舟文化,14.65,14.66,14.21,14.3,14.37,0.28,1.9485,0.9795,4270429,62039790.09,7424939516.5,6386918000.35,3745
2016-06-21,'300148,天舟文化,14.37,14.62,14.24,14.5,14.37,0.0,0.0,1.0302,4491336,64871690.11,7283029409.7,6264847212.63,3921
2016-06-20,'300148,天舟文化,14.37,14.57,14.13,14.53,14.52,-0.15,-1.0331,1.1465,4660957,66604069.55,7283029409.7,5841721025.04,4182
2016-06-17,'300148,天舟文化,14.52,14.96,14.48,14.71,14.56,-0.04,-0.2747,1.4554,5916325,87019486.95,7359052681.2,5902699323.84,4358
2016-06-16,'300148,天舟文化,14.56,14.93,14.51,14.9,14.95,-0.39,-2.6087,1.5929,6475617,95337856.67,7379325553.6,5918960203.52,5618
2016-06-15,'300148,天舟文化,14.95,15.09,14.22,14.29,14.63,0.32,2.1873,1.7239,7007963,104217716.27,7576986059.5,6077503780.4,6017
2016-06-14,'300148,天舟文化,14.63,14.89,14.43,14.5,15.09,-0.46,-3.0484,1.7489,7109569,104057304.44,7414803080.3,5947416742.96,6226
2016-06-13,'300148,天舟文化,15.09,16.49,15.01,16.29,16.28,-1.19,-7.3096,4.4544,18108071,286032505.17,7647941112.9,6134416859.28,14290
2016-06-08,'300148,天舟文化,16.28,16.28,16.28,16.28,14.8,1.48,10.0,1.1802,4797660,78105904.8,8251059066.8,6618178029.76,788
2016-06-07,'300148,天舟文化,0.0,0.0,0.0,0.0,14.8,None,None,0.0,0,0.0,7500962788.0,6016525481.6,0
2016-06-06,'300148,天舟文化,0.0,0.0,0.0,0.0,14.8,None,None,0.0,0,0.0,7500962788.0,6016525481.6,0
2016-06-03,'300148,天舟文化,0.0,0.0,0.0,0.0,14.8,None,None,0.0,0,0.0,7500962788.0,6016525481.6,0
2016-06-02,'300148,天舟文化,0.0,0.0,0.0,0.0,14.8,None,None,0.0,0,0.0,7500962788.0,6016525481.6,0
2016-06-01,'300148,天舟文化,0.0,0.0,0.0,0.0,14.8,None,None,0.0,0,0.0,7500962788.0,6016525481.6,0
2016-05-31,'300148,天舟文化,0.0,0.0,0.0,0.0,14.8,None,None,0.0,0,0.0,7500962788.0,6016525481.6,0
2016-05-30,'300148,天舟文化,0.0,0.0,0.0,0.0,14.8,None,None,0.0,0,0.0,7500962788.0,6016525481.6,0
2016-05-27,'300148,天舟文化,14.8,14.99,14.7,14.7,14.83,-0.03,-0.2023,0.7555,3071396,45611685.61,7500962788.0,6016525481.6,2613
2016-05-26,'300148,天舟文化,17.84,17.9,17.27,17.63,17.82,0.02,0.1122,1.1696,3962282,69633467.65,7534750920.56,6043626953.68,3149
2016-05-25,'300148,天舟文化,17.82,18.2,17.76,18.13,17.97,-0.15,-0.8347,0.8697,2946357,52941678.58,7526303890.38,6036851587.14,2719
2016-05-24,'300148,天舟文化,17.97,18.12,17.71,17.89,17.97,0.0,0.0,1.1537,3908342,69953297.82,7589656616.73,6087666836.19,3146
2016-05-23,'300148,天舟文化,17.97,18.31,17.55,17.7,17.72,0.25,1.4108,1.8989,6432959,115893941.41,7589656616.73,6087666836.19,4619
2016-05-20,'300148,天舟文化,17.72,17.8,17.12,17.18,17.33,0.39,2.2504,0.9697,3284914,57445062.23,7484068739.48,6002974754.44,3206
2016-05-19,'300148,天舟文化,17.33,17.85,17.0,17.0,17.0,0.33,1.9412,1.6446,5571240,97719839.01,7319351650.97,5870855106.91,5476
2016-05-18,'300148,天舟文化,17.0,17.74,16.82,17.74,17.84,-0.84,-4.7085,1.4294,4842371,83223732.1,7179975653.0,5759061559.0,4472
2016-05-17,'300148,天舟文化,17.84,18.0,17.54,17.88,17.78,0.06,0.3375,1.5486,5246277,93628341.88,7534750920.56,6043626953.68,4086
2016-05-16,'300148,天舟文化,17.78,18.0,17.43,17.54,17.62,0.16,0.9081,1.264,4282186,76188116.35,7509409830.02,6023300854.06,4410
2016-05-13,'300148,天舟文化,17.62,17.7,17.16,17.35,17.46,0.16,0.9164,1.7822,6037577,105329444.62,7441833588.58,5969097921.74,4690
2016-05-12,'300148,天舟文化,17.46,17.66,16.97,17.55,18.03,-0.57,-3.1614,2.192,7425929,127901811.54,7374257347.14,5914894989.42,5641
2016-05-11,'300148,天舟文化,18.03,18.18,17.36,17.92,17.86,0.17,0.9518,2.2415,7593597,135630001.88,7614997707.27,6107992935.81,5007
2016-05-10,'300148,天舟文化,17.86,18.05,17.73,17.73,17.82,0.04,0.2245,1.0523,3564886,63961794.0,7543197950.74,6050402320.22,2980
2016-05-09,'300148,天舟文化,17.82,18.56,17.73,18.56,18.86,-1.04,-5.5143,1.8249,6182238,111520745.6,7526303890.38,6036851587.14,6439
2016-05-06,'300148,天舟文化,18.86,20.17,18.68,19.72,19.72,-0.86,-4.3611,3.1375,10628838,208452413.02,7965549459.74,6389170647.22,9554
2016-05-05,'300148,天舟文化,19.72,19.82,19.16,19.35,19.35,0.37,1.9121,1.8869,6392356,124774343.9,8328771757.48,6680511408.44,6301
2016-05-04,'300148,天舟文化,19.35,19.66,19.15,19.34,19.41,-0.06,-0.3091,1.8783,6362956,123461415.43,8172501699.15,6555167127.45,6097
2016-05-03,'300148,天舟文化,19.41,19.43,18.56,18.73,18.9,0.51,2.6984,2.0764,7034105,134843298.12,8197842789.69,6575493227.07,7415
2016-04-29,'300148,天舟文化,18.9,19.08,18.72,18.96,19.02,-0.12,-0.6309,0.9764,3307572,62599505.88,7982443520.1,6402721380.3,3970
2016-04-28,'300148,天舟文化,19.02,19.11,18.41,18.9,18.87,0.15,0.7949,1.5932,5397326,101313080.51,8033125701.18,6443373579.54,5978
2016-04-27,'300148,天舟文化,18.87,19.41,18.8,19.25,19.24,-0.37,-1.9231,1.5663,5306135,101437820.27,7969772974.83,6392558330.49,5190
2016-04-26,'300148,天舟文化,19.24,19.28,18.84,19.03,18.95,0.29,1.5303,1.8374,6224549,118610669.63,8126043033.16,6517902611.48,5437
2016-04-25,'300148,天舟文化,18.95,19.5,18.6,19.5,19.6,-0.65,-3.3163,2.3813,8067189,152785097.43,8003561095.55,6419659796.65,7313
2016-04-22,'300148,天舟文化,19.6,19.7,19.02,19.02,19.34,0.26,1.3444,1.648,5583028,108302358.41,8278089576.4,6639859209.2,5491
2016-04-21,'300148,天舟文化,19.34,20.32,19.32,20.15,20.29,-0.95,-4.6821,2.5829,8750183,173435179.84,8168278184.06,6551779444.18,9190
2016-04-20,'300148,天舟文化,20.29,21.34,19.31,21.18,21.46,-1.17,-5.452,6.8443,23186457,473244692.76,8569512117.61,6873609354.83,19222
2016-04-19,'300148,天舟文化,21.46,22.33,20.51,20.51,20.3,1.16,5.7143,7.3898,25034135,544974038.11,9063663383.14,7269968297.42,18630
2016-04-18,'300148,天舟文化,20.3,20.87,20.1,20.87,20.86,-0.56,-2.6846,1.9517,6611771,134678921.36,8573735632.7,6876997038.1,6894
2016-04-15,'300148,天舟文化,20.86,20.99,20.61,20.95,21.11,-0.25,-1.1843,2.3725,8037341,166972887.41,8810252477.74,7066707301.22,7905
2016-04-14,'300148,天舟文化,21.11,21.39,20.78,20.8,20.45,0.66,3.2274,3.4049,11534746,243268077.68,8915840354.99,7151399382.97,12003
2016-04-13,'300148,天舟文化,20.45,20.96,20.15,20.15,20.04,0.41,2.0459,3.2693,11075487,228246367.87,8637088359.05,6927812287.15,10490
2016-04-12,'300148,天舟文化,20.04,20.35,19.75,20.35,20.34,-0.3,-1.4749,1.8861,6389358,127314120.24,8463924240.36,6788917273.08,6878
2016-04-11,'300148,天舟文化,20.34,20.75,20.03,20.16,19.92,0.42,2.1084,2.7212,9218517,188313511.55,8590629693.06,6890547771.18,8634
2016-04-08,'300148,天舟文化,19.92,20.4,19.38,20.3,20.68,-0.76,-3.675,3.9976,13542720,268160995.53,8413242059.28,6748265073.84,12767
2016-04-07,'300148,天舟文化,20.68,21.99,20.63,21.7,21.6,-0.92,-4.2593,4.3522,14743770,313645322.71,8734229206.12,7005729002.36,12218
2016-04-06,'300148,天舟文化,21.6,21.98,21.36,21.6,21.78,-0.18,-0.8264,3.4475,11678888,252221099.25,9122792594.4,7317395863.2,9525
2016-04-05,'300148,天舟文化,21.78,21.96,20.71,21.1,21.2,0.58,2.7358,3.49,11823080,252985748.98,9198815866.02,7378374162.06,10564
2016-04-01,'300148,天舟文化,21.2,21.4,20.5,21.4,21.42,-0.22,-1.0271,2.5764,8727939,182129830.11,8953851990.8,7181888532.4,8486
2016-03-31,'300148,天舟文化,21.42,22.08,21.15,21.42,21.13,0.29,1.3725,3.6855,12485474,270075377.74,9046769322.78,7256417564.34,11267
2016-03-30,'300148,天舟文化,21.13,21.28,20.1,20.1,19.89,1.24,6.2343,3.8532,13053398,269969355.6,8924287385.17,7158174749.51,10992
2016-03-29,'300148,天舟文化,19.89,21.55,19.58,21.39,21.42,-1.53,-7.1429,4.4766,15165292,308093092.9,8400571514.01,6738102024.03,13068
2016-03-28,'300148,天舟文化,21.42,22.42,21.11,21.68,21.58,-0.16,-0.7414,3.6302,12297901,268130455.48,9046769322.78,7256417564.34,10669
2016-03-25,'300148,天舟文化,21.58,22.48,21.26,21.8,22.06,-0.48,-2.1759,3.7813,12809756,280322219.19,9114345564.22,7310620496.66,11981
2016-03-24,'300148,天舟文化,22.06,23.55,21.25,21.5,21.43,0.63,2.9398,7.4904,25375227,568134840.49,9317074288.54,7473229293.62,21929
2016-03-23,'300148,天舟文化,21.43,21.62,20.79,21.16,21.59,-0.16,-0.7411,4.1304,13992339,296808338.34,9050992837.87,7259805247.61,12609
2016-03-22,'300148,天舟文化,21.59,22.45,21.01,21.2,21.51,0.08,0.3719,4.6941,15902031,347323605.1,9118569079.31,7314008179.93,14864
2016-03-21,'300148,天舟文化,21.51,21.88,20.81,21.3,21.11,0.4,1.8948,5.0952,17260775,366537430.22,9084780958.59,7286906713.77,15704
2016-03-18,'300148,天舟文化,21.11,21.65,20.0,20.19,20.25,0.86,4.2469,5.0773,17200283,361682435.39,8915840354.99,7151399382.97,16046
2016-03-17,'300148,天舟文化,20.25,20.37,18.9,18.98,18.74,1.51,8.0576,4.4957,15230011,300354585.21,8552618057.25,6860058621.75,15462
2016-03-16,'300148,天舟文化,18.74,19.59,18.5,19.55,19.1,-0.36,-1.8848,2.57,8706328,165199388.11,7914867278.66,6348518447.98,8373
2016-03-15,'300148,天舟文化,19.1,19.7,18.81,18.93,18.93,0.17,0.898,3.6747,12448646,240315510.13,8066913821.9,6470475045.7,11704
2016-03-14,'300148,天舟文化,18.93,19.36,18.2,18.2,17.84,1.09,6.1099,3.236,10962689,207926952.83,7995114065.37,6412884430.11,10695
2016-03-11,'300148,天舟文化,17.84,18.19,17.44,17.8,18.04,-0.2,-1.1086,2.6059,8827845,157020546.85,7534750920.56,6043626953.68,7556
2016-03-10,'300148,天舟文化,18.04,19.06,17.9,18.76,18.76,-0.72,-3.838,2.5727,8715627,161244312.98,7619221222.36,6111380619.08,8538
2016-03-09,'300148,天舟文化,18.76,19.62,18.27,18.81,19.26,-0.5,-2.5961,3.0633,10377652,197247805.19,7923314308.84,6355293814.52,10602
2016-03-08,'300148,天舟文化,19.26,19.27,17.35,18.98,19.22,0.04,0.2081,4.5189,15308593,280889609.19,8134490063.34,6524677978.02,14297
2016-03-07,'300148,天舟文化,19.22,19.93,18.75,18.83,18.99,0.23,1.2112,4.2902,14533773,281110716.34,8117596002.98,6511127244.94,12718
2016-03-04,'300148,天舟文化,18.99,21.65,18.75,21.0,20.83,-1.84,-8.8334,5.3773,18216468,364603003.9,8020455155.91,6433210529.73,17415
2016-03-03,'300148,天舟文化,20.83,21.9,20.36,20.37,20.6,0.23,1.1165,4.6275,15676389,333340192.45,8797581932.47,7056544251.41,14861
2016-03-02,'300148,天舟文化,20.6,20.84,19.25,19.35,19.51,1.09,5.5869,4.6315,15690076,315934223.64,8700441085.4,6978627536.2,14120
2016-03-01,'300148,天舟文化,19.51,19.86,18.12,18.69,18.55,0.96,5.1752,4.5576,15439856,294042415.87,8240077940.59,6609370059.77,13633
2016-02-29,'300148,天舟文化,18.55,20.8,18.55,20.61,20.61,-2.06,-9.9951,4.0565,13741997,260855598.44,7834620491.95,6284152465.85,11618
2016-02-26,'300148,天舟文化,20.61,22.29,20.2,21.9,22.14,-1.53,-6.9106,5.341,18093630,381299506.16,8704664600.49,6982015219.47,17437
2016-02-25,'300148,天舟文化,22.14,24.2,22.14,24.0,24.6,-2.46,-10.0,6.8406,23173808,528533617.65,9350862409.26,7500330759.78,22179
2016-02-24,'300148,天舟文化,24.6,25.68,23.3,23.3,23.55,1.05,4.4586,8.0241,27183018,664028053.41,10389847121.4,8333700844.2,27487
2016-02-23,'300148,天舟文化,23.55,24.27,22.98,24.02,24.46,-0.91,-3.7204,4.9288,16697304,395364624.96,9946378036.95,7977994100.85,18862
2016-02-22,'300148,天舟文化,24.46,24.88,23.29,24.29,23.82,0.64,2.6868,7.9544,26946837,643572478.93,10330717910.1,8286273278.42,26544
2016-02-19,'300148,天舟文化,23.82,24.87,22.31,22.32,22.61,1.21,5.3516,8.8378,29939715,717711128.14,10060412944.4,8069461549.14,26141
2016-02-18,'300148,天舟文化,22.61,23.69,22.5,23.69,23.55,-0.94,-3.9915,5.6442,19120690,437329246.14,9549367618.49,7659551873.47,17328
2016-02-17,'300148,天舟文化,23.55,23.6,22.47,23.25,23.26,0.29,1.2468,5.0381,17067534,392694732.41,9946378036.95,7977994100.85,17188
2016-02-16,'300148,天舟文化,23.26,23.75,22.78,22.92,22.82,0.44,1.9281,5.4987,18627903,432540708.64,9823896099.34,7879751286.02,18264
2016-02-15,'300148,天舟文化,22.82,23.0,20.42,20.5,21.48,1.34,6.2384,4.4673,15133847,330841411.77,9638061435.38,7730693222.14,14445
2016-02-05,'300148,天舟文化,21.48,22.73,21.38,22.43,21.66,-0.18,-0.831,5.5006,18634246,413042221.45,9072110413.32,7276743663.96,16533
2016-02-04,'300148,天舟文化,21.66,21.66,19.68,19.69,19.69,1.97,10.0051,4.3751,14821536,312259938.27,9148133684.94,7337721962.82,9588
2016-02-03,'300148,天舟文化,19.69,19.75,18.85,19.38,19.91,-0.22,-1.105,3.596,12181990,235267575.53,8316101212.21,6670348358.63,10953
2016-02-02,'300148,天舟文化,19.91,20.3,19.0,19.0,18.95,0.96,5.066,4.4031,14916146,295936077.59,8409018544.19,6744877390.57,12993
2016-02-01,'300148,天舟文化,18.95,19.49,18.3,18.92,18.9,0.05,0.2646,4.5696,15480197,294055771.78,8003561095.55,6419659796.65,11996
2016-01-29,'300148,天舟文化,18.9,19.68,17.5,18.0,18.66,0.24,1.2862,4.9786,16865814,315811185.3,7982443520.1,6402721380.3,14986
2016-01-28,'300148,天舟文化,18.66,20.47,18.66,20.32,20.73,-2.07,-9.9855,4.4575,15100538,292936372.26,7881079157.94,6321416981.82,13347
2016-01-27,'300148,天舟文化,20.73,21.79,20.27,21.59,22.52,-1.79,-7.9485,6.5985,22353505,464776013.66,8755346781.57,7022667418.71,19724
2016-01-26,'300148,天舟文化,22.52,24.7,22.52,24.7,25.02,-2.5,-9.992,6.5712,22261045,518323930.01,9511355982.68,7629062724.04,21725
2016-01-25,'300148,天舟文化,25.02,26.39,24.3,24.85,24.95,0.07,0.2806,7.9931,27077941,683440569.69,10567234755.2,8475983541.54,27452
2016-01-22,'300148,天舟文化,24.95,25.75,23.38,24.01,23.63,1.32,5.5861,8.8194,29877293,733561900.18,10537670149.5,8452269758.65,27406
2016-01-21,'300148,天舟文化,23.63,25.95,23.51,25.0,25.76,-2.13,-8.2686,9.8478,33361293,833272700.64,9980166157.67,8005095567.01,29392
2016-01-20,'300148,天舟文化,25.76,26.74,24.9,25.25,24.31,1.45,5.9646,13.6748,46325729,1202001852.18,10879774871.8,8726672103.52,35531
2016-01-19,'300148,天舟文化,24.31,24.31,21.6,22.25,22.1,2.21,10.0,7.2314,24497686,566611441.44,10267365183.8,8235458029.37,18310
2016-01-18,'300148,天舟文化,22.1,23.33,21.34,21.7,23.44,-1.34,-5.7167,7.358,24926536,555599052.0,9333968348.9,7486780026.7,24747
2016-01-15,'300148,天舟文化,23.44,24.88,22.8,23.0,23.79,-0.35,-1.4712,9.6931,32837035,780385499.01,9899919370.96,7940729584.88,29093
2016-01-14,'300148,天舟文化,23.79,23.89,20.12,21.06,21.79,2.0,9.1785,9.9537,33719865,733489417.82,10047742399.1,8059298499.33,22618
2016-01-13,'300148,天舟文化,21.79,21.79,19.69,20.0,19.81,1.98,9.995,10.513,35614701,761328647.6,9203039381.11,7381761845.33,18023
2016-01-12,'300148,天舟文化,19.81,22.7,19.51,21.01,21.27,-1.46,-6.8641,8.3061,28138321,601986213.46,8366783393.29,6711000557.87,20783
2016-01-11,'300148,天舟文化,21.27,24.8,21.27,23.0,23.63,-2.36,-9.9873,10.1974,34545669,797352512.38,8983416596.43,7205602315.29,24801
2016-01-08,'300148,天舟文化,23.63,23.63,22.0,22.44,21.48,2.15,10.0093,7.2297,24491780,561625810.98,9980166157.67,8005095567.01,12307
2016-01-07,'300148,天舟文化,21.48,23.89,21.23,23.4,23.43,-1.95,-8.3227,5.0419,17080418,395413560.68,9072110413.32,7276743663.96,9976
2016-01-06,'300148,天舟文化,23.43,23.43,22.51,23.43,21.3,2.13,10.0,9.5617,32392038,755650685.4,9895695855.87,7937341901.61,16479
2016-01-05,'300148,天舟文化,21.3,21.3,21.3,21.3,19.36,1.94,10.0207,0.2793,946309,20156381.7,8996087141.7,7215765365.1,481
2016-01-04,'300148,天舟文化,19.36,19.36,19.36,19.36,17.6,1.76,10.0,0.0452,152973,2961557.28,8176725214.24,6558554810.72,91
