日期,股票代码,名称,收盘价,最高价,最低价,开盘价,前收盘,涨跌额,涨跌幅,换手率,成交量,成交金额,总市值,流通市值,成交笔数
2016-10-12,'300311,任子行,0.0,0.0,0.0,0.0,21.21,None,None,0.0,0,0.0,9509107530.51,7271335154.37,0
2016-10-11,'300311,任子行,0.0,0.0,0.0,0.0,21.21,None,None,0.0,0,0.0,9509107530.51,7271335154.37,0
2016-10-10,'300311,任子行,0.0,0.0,0.0,0.0,21.21,None,None,0.0,0,0.0,9509107530.51,7271335154.37,0
2016-09-30,'300311,任子行,0.0,0.0,0.0,0.0,21.21,None,None,0.0,0,0.0,9509107530.51,7271335154.37,0
2016-09-29,'300311,任子行,0.0,0.0,0.0,0.0,21.21,None,None,0.0,0,0.0,9509107530.51,7271335154.37,0
2016-09-28,'300311,任子行,0.0,0.0,0.0,0.0,21.21,None,None,0.0,0,0.0,9509107530.51,7271335154.37,0
2016-09-27,'300311,任子行,0.0,0.0,0.0,0.0,21.21,None,None,0.0,0,0.0,9509107530.51,7271335154.37,0
2016-09-26,'300311,任子行,0.0,0.0,0.0,0.0,21.21,None,None,0.0,0,0.0,9509107530.51,7271335154.37,0
2016-09-23,'300311,任子行,0.0,0.0,0.0,0.0,21.21,None,None,0.0,0,0.0,9509107530.51,7271335154.37,0
2016-09-22,'300311,任子行,0.0,0.0,0.0,0.0,21.21,None,None,0.0,0,0.0,9509107530.51,7271335154.37,0
2016-09-21,'300311,任子行,0.0,0.0,0.0,0.0,21.21,None,None,0.0,0,0.0,9509107530.51,7271335154.37,0
2016-09-20,'300311,任子行,0.0,0.0,0.0,0.0,21.21,None,None,0.0,0,0.0,9509107530.51,7271335154.37,0
2016-09-19,'300311,任子行,0.0,0.0,0.0,0.0,21.21,None,None,0.0,0,0.0,9509107530.51,7271335154.37,0
2016-09-14,'300311,任子行,0.0,0.0,0.0,0.0,21.21,None,None,0.0,0,0.0,9509107530.51,7271335154.37,0
2016-09-13,'300311,任子行,0.0,0.0,0.0,0.0,21.21,None,None,0.0,0,0.0,9509107530.51,7271335154.37,0
2016-09-12,'300311,任子行,0.0,0.0,0.0,0.0,21.21,None,None,0.0,0,0.0,9509107530.51,7271335154.37,0
2016-09-09,'300311,任子行,0.0,0.0,0.0,0.0,21.21,None,None,0.0,0,0.0,9509107530.51,7271335154.37,0
2016-09-08,'300311,任子行,0.0,0.0,0.0,0.0,21.21,None,None,0.0,0,0.0,9509107530.51,7271335154.37,0
2016-09-07,'300311,任子行,0.0,0.0,0.0,0.0,21.21,None,None,0.0,0,0.0,9509107530.51,7271335154.37,0
2016-09-06,'300311,任子行,0.0,0.0,0.0,0.0,21.21,None,None,0.0,0,0.0,9509107530.51,7271335154.37,0
2016-09-05,'300311,任子行,0.0,0.0,0.0,0.0,21.21,None,None,0.0,0,0.0,9509107530.51,7271335154.37,0
2016-09-02,'300311,任子行,0.0,0.0,0.0,0.0,21.21,None,None,0.0,0,0.0,9509107530.51,7271335154.37,0
2016-09-01,'300311,任子行,0.0,0.0,0.0,0.0,21.21,None,None,0.0,0,0.0,9509107530.51,7271335154.37,0
2016-08-31,'300311,任子行,0.0,0.0,0.0,0.0,21.21,None,None,0.0,0,0.0,9509107530.51,7271335154.37,0
2016-08-30,'300311,任子行,0.0,0.0,0.0,0.0,21.21,None,None,0.0,0,0.0,9509107530.51,7271335154.37,0
2016-08-29,'300311,任子行,0.0,0.0,0.0,0.0,21.21,None,None,0.0,0,0.0,9509107530.51,7271335154.37,0
2016-08-26,'300311,任子行,21.21,21.65,20.98,21.23,21.17,0.04,0.1889,2.546,8728334,186252232.8,9509107530.51,7271335154.37,8707
2016-08-25,'300311,任子行,21.17,21.57,20.65,21.55,21.72,-0.55,-2.5322,3.175,10884715,229163958.29,9491174277.27,7257622122.49,10620
2016-08-24,'300311,任子行,21.72,22.29,20.62,20.77,20.67,1.05,5.0798,4.6806,16046157,346250077.14,9737756509.32,7446176310.84,14404
2016-08-23,'300311,任子行,20.67,20.86,20.4,20.69,20.7,-0.03,-0.1449,1.0043,3443141,71113754.88,9267008611.77,7086209223.99,3758
2016-08-22,'300311,任子行,20.7,21.3,20.58,21.29,21.29,-0.59,-2.7713,1.4376,4928630,103167372.65,9280458551.7,7096493997.9,5636
2016-08-19,'300311,任子行,21.29,21.41,21.16,21.38,21.25,0.04,0.1882,1.2894,4420431,94131685.33,9544974036.99,7298761218.13,4362
2016-08-18,'300311,任子行,21.25,21.5,21.08,21.25,21.42,-0.17,-0.7937,1.5584,5342717,113449091.15,9527040783.75,7285048186.25,5925
2016-08-17,'300311,任子行,21.42,21.8,21.2,21.4,21.48,-0.06,-0.2793,1.5312,5249317,112317185.93,9603257110.02,7343328571.74,5455
2016-08-16,'300311,任子行,21.48,21.59,21.12,21.5,21.46,0.02,0.0932,2.0594,7059996,150715532.09,9630156989.88,7363898119.56,7427
2016-08-15,'300311,任子行,21.46,21.57,20.62,20.92,20.85,0.61,2.9257,3.2256,11058069,234974951.23,9621190363.26,7357041603.62,10828
2016-08-12,'300311,任子行,20.85,20.86,20.29,20.5,20.58,0.27,1.312,1.5793,5414312,111591983.11,9347708251.35,7147917867.45,5819
2016-08-11,'300311,任子行,20.58,20.97,20.46,20.85,20.77,-0.19,-0.9148,1.5113,5181063,107428118.16,9226658791.98,7055354902.26,5568
2016-08-10,'300311,任子行,20.77,21.0,20.58,20.86,20.86,-0.09,-0.4314,1.425,4885193,101481609.5,9311841744.87,7120491803.69,4850
2016-08-09,'300311,任子行,20.86,21.07,20.51,20.68,20.45,0.41,2.0049,2.1801,7473963,155342763.59,9352191564.66,7151346125.42,7414
2016-08-08,'300311,任子行,20.45,20.57,19.9,20.18,20.21,0.24,1.1875,1.1549,3959428,80397022.89,9168375718.95,7010787548.65,4225
2016-08-05,'300311,任子行,20.21,20.65,20.11,20.38,20.36,-0.15,-0.7367,1.3509,4631110,94226220.94,9060776199.51,6928509357.37,4901
2016-08-04,'300311,任子行,20.36,20.56,20.02,20.31,20.19,0.17,0.842,1.3417,4599835,93497406.74,9128025899.16,6979933226.92,5196
2016-08-03,'300311,任子行,20.19,20.35,19.9,20.35,20.32,-0.13,-0.6398,1.2427,4260154,85693212.23,9051809572.89,6921652841.43,4327
2016-08-02,'300311,任子行,20.32,20.37,20.05,20.07,20.15,0.17,0.8437,1.0609,3636938,73653600.45,9110092645.92,6966220195.04,4097
2016-08-01,'300311,任子行,20.15,20.5,19.52,20.37,20.4,-0.25,-1.2255,1.6535,5668596,113186593.93,9033876319.65,6907939809.55,6622
2016-07-29,'300311,任子行,20.4,20.89,20.3,20.7,20.76,-0.36,-1.7341,1.4475,4962556,101823468.93,9145959152.4,6993646258.8,5575
2016-07-28,'300311,任子行,20.76,21.47,20.31,21.2,21.06,-0.3,-1.4245,2.2515,7718705,160737567.25,9307358431.56,7117063545.72,8604
2016-07-27,'300311,任子行,21.06,23.15,20.95,23.08,23.05,-1.99,-8.6334,4.4856,15377673,336538282.22,9441857830.86,7219911284.82,17292
2016-07-26,'300311,任子行,23.05,23.1,22.7,22.79,22.79,0.26,1.1409,1.7729,6078007,139569459.52,10334037179.5,7902134620.85,6625
2016-07-25,'300311,任子行,22.79,22.88,22.42,22.74,22.62,0.17,0.7515,1.4769,5063046,114964140.34,10217471033.5,7812999913.63,5375
2016-07-22,'300311,任子行,22.62,22.94,22.51,22.59,22.53,0.09,0.3995,1.5748,5398941,122275353.14,10141254707.2,7754719528.14,6039
2016-07-21,'300311,任子行,22.53,22.95,22.45,22.54,22.51,0.02,0.0888,1.9268,6596591,149731212.27,10100904887.4,7713441814.56,7582
2016-07-20,'300311,任子行,22.51,23.14,22.5,23.06,23.05,-0.54,-2.3427,2.1012,7193568,163806039.43,10091938260.8,7706594551.52,8371
2016-07-19,'300311,任子行,23.05,23.08,22.63,22.8,22.85,0.2,0.8753,1.8392,6296860,143831109.65,10334037179.5,7891470676.65,7227
2016-07-18,'300311,任子行,22.85,23.23,22.6,23.2,23.32,-0.47,-2.0154,2.2676,7763554,177247494.14,10244370913.4,7822998046.05,9072
2016-07-15,'300311,任子行,23.32,23.66,23.03,23.53,23.23,0.09,0.3874,2.8223,9662367,225536375.08,10455086638.9,7983908727.96,10009
2016-07-14,'300311,任子行,23.23,23.45,22.94,23.4,23.45,-0.22,-0.9382,2.8978,9920986,230147552.69,10414736819.1,7953096044.19,11703
2016-07-13,'300311,任子行,23.45,23.85,22.81,23.13,23.42,0.03,0.1281,6.1188,20948541,489263831.44,10513369712.0,8028415937.85,22261
2016-07-12,'300311,任子行,23.42,23.54,22.06,22.51,22.05,1.37,6.2132,8.1253,27818087,639545547.63,10499919772.0,8018145043.26,28987
2016-07-11,'300311,任子行,22.05,22.86,21.9,22.3,22.07,-0.02,-0.0906,4.4304,15167947,339022915.52,9885705848.55,7549107523.65,15592
2016-07-08,'300311,任子行,22.07,22.46,21.5,21.77,21.72,0.35,1.6114,3.963,13567925,299920550.58,9894672475.17,7555954786.71,14822
2016-07-07,'300311,任子行,21.72,21.95,21.26,21.78,21.71,0.01,0.0461,2.1763,7450765,161308240.86,9737756509.32,7436127683.16,8719
2016-07-06,'300311,任子行,21.71,22.2,21.55,21.99,21.91,-0.2,-0.9128,2.019,6912389,151076212.81,9733273196.01,7432704051.63,7895
2016-07-05,'300311,任子行,21.91,22.37,21.68,22.35,22.0,-0.09,-0.4091,2.293,7850468,172581740.77,9822939462.21,7501176682.23,8840
2016-07-04,'300311,任子行,22.0,22.17,21.45,21.5,21.81,0.19,0.8712,2.7203,9313149,204293341.62,9863289282.0,7531989366.0,9273
2016-07-01,'300311,任子行,21.81,22.06,21.61,21.85,21.82,-0.01,-0.0458,2.3321,7984175,174524330.88,9778106329.11,7466940366.93,8268
2016-06-30,'300311,任子行,21.82,21.99,21.52,21.84,22.07,-0.25,-1.1328,2.447,8377535,182169184.87,9782589642.42,7470363998.46,10042
2016-06-29,'300311,任子行,22.07,22.44,21.84,22.44,22.34,-0.27,-1.2086,4.4877,15364265,338383864.27,9894672475.17,7555954786.71,16451
2016-06-28,'300311,任子行,22.34,23.2,21.23,21.23,21.58,0.76,3.5218,5.9836,20485777,460235525.98,10015721934.5,7648392838.02,23729
2016-06-27,'300311,任子行,21.58,21.84,20.8,20.8,20.9,0.68,3.2536,3.4629,11855814,254793841.3,9674990122.98,7388196841.74,12587
2016-06-24,'300311,任子行,20.9,21.49,20.3,21.23,21.77,-0.87,-3.9963,3.9188,13416559,281972730.55,9370124817.9,7155389897.7,15141
2016-06-23,'300311,任子行,21.77,22.46,20.31,20.71,20.62,1.15,5.5771,4.5044,15421343,325316284.56,9760173075.87,7453245840.81,15508
2016-06-22,'300311,任子行,30.97,30.99,29.89,29.89,29.87,1.1,3.6826,2.3176,5289082,161179730.18,9255445541.87,7067816351.13,7118
2016-06-21,'300311,任子行,29.87,31.0,29.63,30.91,30.61,-0.74,-2.4175,2.0777,4741546,144386514.53,8926708373.77,6816779929.23,7104
2016-06-20,'300311,任子行,30.61,30.85,29.84,30.85,30.33,0.28,0.9232,2.1063,4806900,146098211.74,9147858832.31,6985658976.69,6457
2016-06-17,'300311,任子行,30.33,30.7,29.9,30.44,29.78,0.55,1.8469,2.2755,5193059,157816896.33,9064180280.43,6921758796.57,7121
2016-06-16,'300311,任子行,29.78,30.5,29.65,30.1,30.02,-0.24,-0.7995,1.9598,4472466,134056956.34,8899811696.38,6796240585.62,6691
2016-06-15,'300311,任子行,30.02,30.5,28.68,28.99,29.01,1.01,3.4816,2.311,5274089,157314531.18,8971536169.42,6851012168.58,7165
2016-06-14,'300311,任子行,29.01,29.11,28.52,28.75,28.6,0.41,1.4336,1.4707,3356340,96850520.01,8672793946.71,6620515090.29,5140
2016-06-13,'300311,任子行,28.6,31.0,28.6,30.9,31.64,-3.04,-9.6081,3.2114,7328863,219667279.47,8550220850.6,6526946969.4,11098
2016-06-08,'300311,任子行,31.64,32.43,30.96,31.0,31.0,0.64,2.0645,3.711,8469087,268566709.74,9459055514.44,7220720353.56,12071
2016-06-07,'300311,任子行,31.0,31.15,30.52,31.03,30.93,0.07,0.2263,1.6889,3854261,118765726.47,9267721901.0,7074662799.0,5351
2016-06-06,'300311,任子行,30.93,31.65,30.68,31.47,31.42,-0.49,-1.5595,2.1087,4812433,149796223.07,9246794787.03,7058687753.97,6834
2016-06-03,'300311,任子行,31.42,31.88,30.82,31.53,31.46,-0.04,-0.1271,3.2285,7367835,231027703.51,9393284584.82,7170513069.18,9651
2016-06-02,'300311,任子行,31.46,31.49,30.7,30.82,31.0,0.46,1.4839,2.9813,6803758,211005491.25,9405242935.66,7179641666.34,8523
2016-06-01,'300311,任子行,31.0,31.49,30.8,31.2,31.4,-0.4,-1.2739,3.8142,8704563,270752164.63,9267721901.0,7074662799.0,11920
2016-05-31,'300311,任子行,31.4,31.69,29.0,29.0,28.81,2.59,8.9899,5.1095,11660634,354187800.75,9387305409.4,7165948770.6,15495
2016-05-30,'300311,任子行,28.81,28.95,28.0,28.18,28.68,0.13,0.4533,1.1845,2703109,77340870.5,8613002192.51,6574872104.49,4401
2016-05-27,'300311,任子行,28.68,29.1,28.47,29.1,29.16,-0.48,-1.6461,1.5381,3510110,101093363.97,8574137552.28,6545204163.72,5401
2016-05-26,'300311,任子行,29.16,29.3,27.9,28.5,28.94,0.22,0.7602,2.1123,4820611,137355357.96,8717637762.36,6654747329.64,7984
2016-05-25,'300311,任子行,28.94,29.89,28.81,29.3,28.88,0.06,0.2078,2.5377,5791403,170159086.98,8651866832.74,6604540045.26,8272
2016-05-24,'300311,任子行,28.88,29.7,28.61,29.61,29.45,-0.57,-1.9355,1.688,3852205,111916939.92,8633929306.48,6590847149.52,5995
2016-05-23,'300311,任子行,29.45,29.59,28.93,29.15,29.03,0.42,1.4468,2.2678,5175506,151699016.21,8804335805.95,6720929659.05,7382
2016-05-20,'300311,任子行,29.03,29.15,27.8,28.01,28.5,0.53,1.8596,1.8199,4153210,118782660.92,8678773122.13,6625079388.87,6547
2016-05-19,'300311,任子行,28.5,29.76,28.18,28.18,28.13,0.37,1.3153,2.4945,5692933,164650345.67,8520324973.5,6504125476.5,8172
2016-05-18,'300311,任子行,28.13,29.3,27.75,29.15,29.72,-1.59,-5.3499,2.1726,4958177,140498308.61,8409710228.23,6419685952.77,7598
2016-05-17,'300311,任子行,29.72,29.99,28.5,29.2,29.2,0.52,1.7808,3.0233,6899695,202369528.2,8885054674.12,6782547689.88,10149
2016-05-16,'300311,任子行,29.2,29.29,28.0,28.5,28.37,0.83,2.9256,2.0966,4784658,137470884.67,8729596113.2,6663875926.8,6067
2016-05-13,'300311,任子行,28.37,28.87,27.8,28.2,28.48,-0.11,-0.3862,1.6088,3671446,104252198.66,8481460333.27,6474457535.73,5561
2016-05-12,'300311,任子行,28.48,28.73,27.02,27.8,28.3,0.18,0.636,1.7975,4102161,114887877.91,8514345798.08,6499561177.92,6703
2016-05-11,'300311,任子行,28.3,29.55,28.29,29.44,29.07,-0.77,-2.6488,1.8214,4156714,119588555.16,8460533219.3,6458482490.7,6249
2016-05-10,'300311,任子行,29.07,29.59,28.81,29.52,28.91,0.16,0.5534,1.9534,4458001,130248492.7,8690731472.97,6634207986.03,6212
2016-05-09,'300311,任子行,28.91,30.4,28.18,30.4,31.07,-2.16,-6.952,3.2801,7485621,217899533.4,8642898069.61,6597693597.39,10436
2016-05-06,'300311,任子行,31.07,33.47,31.07,32.85,32.5,-1.43,-4.4,5.0189,11453902,371247377.4,9288649014.97,7090637844.03,17575
2016-05-05,'300311,任子行,32.5,32.5,31.81,32.1,32.02,0.48,1.4991,2.7238,6216097,200182368.1,9716160057.5,7416985192.5,8693
2016-05-04,'300311,任子行,32.02,32.78,31.9,31.99,31.95,0.07,0.2191,4.2104,9608774,309724423.74,9572659847.42,7307442026.58,12587
2016-05-03,'300311,任子行,31.95,32.04,30.65,31.16,30.89,1.06,3.4315,3.8775,8849037,280367159.86,9551732733.45,7291466981.55,10933
2016-04-29,'300311,任子行,30.89,31.71,30.89,31.11,31.57,-0.68,-2.1539,2.6258,5992511,187080511.4,9234836436.19,7049559156.81,8234
2016-04-28,'300311,任子行,31.57,32.39,30.75,32.02,32.4,-0.83,-2.5617,4.6536,10620167,332568796.41,9438128400.47,7204745308.53,12850
2016-04-27,'300311,任子行,32.4,34.06,32.25,33.38,33.45,-1.05,-3.139,2.8155,6425501,212602345.59,9686264180.4,7394163699.6,10618
2016-04-26,'300311,任子行,33.45,33.5,32.3,32.65,32.8,0.65,1.9817,2.8049,6401291,211384511.7,10000170890.0,7633789375.05,10068
2016-04-25,'300311,任子行,32.8,34.3,32.11,33.9,35.66,-2.86,-8.0202,4.951,11298831,372962074.48,9805847688.8,7485449671.2,17255
2016-04-22,'300311,任子行,35.66,35.97,33.1,33.6,33.98,1.68,4.9441,5.3663,12246607,429728625.04,10660869773.9,8138144368.14,17408
2016-04-21,'300311,任子行,33.98,35.6,33.1,33.15,33.43,0.55,1.6452,4.8787,11134007,384856672.75,10158619038.6,7754743287.42,17301
2016-04-20,'300311,任子行,33.43,37.02,31.9,36.29,35.44,-2.01,-5.6716,6.091,13900671,481711897.57,9994191714.53,7629225076.47,21408
2016-04-19,'300311,任子行,35.44,36.7,35.15,35.95,35.13,0.31,0.8824,3.2582,7435644,266793558.43,10595098844.2,8087937083.76,12817
2016-04-18,'300311,任子行,35.13,35.58,34.71,35.22,35.64,-0.51,-1.431,2.6044,5943670,208622365.54,10502421625.2,8017190455.77,10297
2016-04-15,'300311,任子行,35.64,36.0,35.11,35.96,36.32,-0.68,-1.8722,4.0375,9214099,327394470.6,10654890598.4,8133580069.56,15061
2016-04-14,'300311,任子行,36.32,36.8,34.67,34.99,34.67,1.65,4.7592,7.952,18147634,652478540.72,10858182562.7,8288766221.28,25154
2016-04-13,'300311,任子行,34.67,34.67,31.66,31.85,31.52,3.15,9.9937,9.3973,21446111,722822120.43,10364900590.6,7912211588.43,25251
2016-04-12,'300311,任子行,31.52,32.15,31.0,31.64,31.95,-0.43,-1.3459,1.8804,4291338,134702973.89,9423180461.92,7193334562.08,6505
2016-04-11,'300311,任子行,31.95,32.29,31.36,31.88,30.89,1.06,3.4315,2.9084,6637409,211739996.22,9551732733.45,7291466981.55,9169
2016-04-08,'300311,任子行,30.89,31.32,30.4,30.9,31.14,-0.25,-0.8028,2.1731,4959230,152953675.2,9234836436.19,7049559156.81,7260
2016-04-07,'300311,任子行,31.14,32.77,31.12,32.51,32.4,-1.26,-3.8889,3.4006,7760677,245567568.68,9309576128.94,7106612889.06,10456
2016-04-06,'300311,任子行,32.4,33.18,31.64,31.8,32.0,0.4,1.25,4.3449,9915814,322317328.51,9686264180.4,7394163699.6,13074
2016-04-05,'300311,任子行,32.0,32.4,30.86,30.94,30.94,1.06,3.426,3.1576,7206065,229295434.87,9566680672.0,7302877728.0,9178
2016-04-01,'300311,任子行,30.94,31.66,30.5,31.49,31.93,-0.99,-3.1005,2.8615,6530299,201932179.84,9249784374.74,7060969903.26,8803
2016-03-31,'300311,任子行,31.93,32.8,31.88,32.8,32.18,-0.25,-0.7769,3.7433,8542673,275509643.96,9545753558.03,7286902682.97,10270
2016-03-30,'300311,任子行,32.18,32.22,30.83,31.03,30.62,1.56,5.0947,3.7042,8453581,267329890.11,9620493250.78,7343956415.22,10880
2016-03-29,'300311,任子行,30.62,31.8,30.05,31.33,31.3,-0.68,-2.1725,2.6422,6029781,184958369.77,9154117568.02,6987941125.98,9016
2016-03-28,'300311,任子行,31.3,32.81,31.11,32.48,32.1,-0.8,-2.4922,3.7037,8452315,271615782.65,9357409532.3,7143127277.7,10790
2016-03-25,'300311,任子行,32.1,32.77,31.1,31.2,31.24,0.86,2.7529,4.1314,9428530,302129871.97,9596576549.1,7325699220.9,13057
2016-03-24,'300311,任子行,31.24,32.28,30.91,32.05,32.39,-1.15,-3.5505,4.0553,9254842,293616842.25,9339472006.04,7129434381.96,12983
2016-03-23,'300311,任子行,32.39,33.25,31.79,32.0,31.76,0.63,1.9836,5.0796,11592386,377159255.27,9683274592.69,7391881550.31,15392
2016-03-22,'300311,任子行,31.76,32.45,31.65,31.95,32.72,-0.96,-2.934,4.2219,9635053,307723024.73,9494930566.96,7248106145.04,12815
2016-03-21,'300311,任子行,32.72,33.1,31.48,31.78,31.88,0.84,2.6349,7.2056,16444357,526669424.74,9781930987.12,7467192476.88,20177
2016-03-18,'300311,任子行,31.88,32.2,30.13,30.13,30.28,1.6,5.284,6.5516,14951734,468642836.56,9530805619.48,7275491936.52,20140
2016-03-17,'300311,任子行,30.28,30.88,28.76,29.0,28.8,1.48,5.1389,5.6377,12866095,384502492.52,9052471585.88,6910348050.12,19058
2016-03-16,'300311,任子行,28.8,29.8,28.0,29.55,28.9,-0.1,-0.346,4.1356,9438118,274272843.63,8610012604.8,6572589955.2,13609
2016-03-15,'300311,任子行,28.9,30.39,28.78,29.97,29.4,-0.5,-1.7007,5.4791,12504086,368790107.81,8639908481.9,6595411448.1,16812
2016-03-14,'300311,任子行,29.4,29.4,27.62,27.8,26.73,2.67,9.9888,3.125,7131786,207246047.13,8789387867.4,6709518912.6,6558
2016-03-11,'300311,任子行,26.73,27.3,26.08,26.2,26.89,-0.16,-0.595,1.8793,4288851,114318693.43,7991167948.83,6100185052.17,7409
2016-03-10,'300311,任子行,26.89,28.49,26.85,28.1,27.77,-0.88,-3.1689,2.2631,5164689,142149313.07,8039001352.19,6136699440.81,8337
2016-03-09,'300311,任子行,27.77,28.98,26.81,27.96,28.95,-1.18,-4.076,3.2954,7520560,210721282.0,8302085070.67,6337528578.33,10966
2016-03-08,'300311,任子行,28.95,29.5,26.2,28.66,28.66,0.29,1.0119,5.6309,12850663,359355224.93,8654856420.45,6606822194.55,15181
2016-03-07,'300311,任子行,28.66,28.66,26.61,26.8,26.05,2.61,10.0192,3.8483,8782344,249209435.1,8568158376.86,6540639865.14,5903
2016-03-04,'300311,任子行,26.05,27.88,25.8,27.35,27.98,-1.93,-6.8978,2.3548,5374104,144064853.96,7787875984.55,5944998900.45,8584
2016-03-03,'300311,任子行,27.98,29.94,27.6,27.87,27.96,0.02,0.0715,3.4045,7769497,222749474.85,8364866412.58,6385453713.42,11329
2016-03-02,'300311,任子行,27.96,28.37,26.11,26.9,26.79,1.17,4.3673,2.7465,6267826,170832400.51,8358887237.16,6380889414.84,9298
2016-03-01,'300311,任子行,26.79,27.7,24.7,25.37,25.37,1.42,5.5972,2.7528,6282321,162962260.82,8009105475.09,6113877947.91,9015
2016-02-29,'300311,任子行,25.37,27.9,25.37,27.9,28.19,-2.82,-10.0035,2.1921,5002599,128986918.13,7584584020.27,5789812748.73,6849
2016-02-26,'300311,任子行,28.19,29.29,27.21,28.96,28.74,-0.55,-1.9137,2.0925,4775452,135102617.27,8427647754.49,6433378848.51,6890
2016-02-25,'300311,任子行,28.74,31.78,28.74,31.78,31.93,-3.19,-9.9906,2.8303,6459236,192903001.46,8592075078.54,6558897059.46,9881
2016-02-24,'300311,任子行,31.93,32.22,30.39,31.58,31.8,0.13,0.4088,2.6582,6066328,190912399.13,9545753558.03,7286902682.97,9035
2016-02-23,'300311,任子行,31.8,32.5,31.08,32.3,32.55,-0.75,-2.3041,2.6088,5953672,189002807.64,9506888917.8,7257234742.2,9609
2016-02-22,'300311,任子行,32.55,33.2,31.82,33.01,32.4,0.15,0.463,3.3724,7696293,248449985.56,9731107996.05,7428395938.95,11448
2016-02-19,'300311,任子行,32.4,33.36,30.91,31.1,31.32,1.08,3.4483,4.5431,10367927,332913892.96,9686264180.4,7394163699.6,15265
2016-02-18,'300311,任子行,31.32,31.95,30.8,31.68,31.68,-0.36,-1.1364,2.7777,6339084,198458398.81,9363388707.72,7147691576.28,9063
2016-02-17,'300311,任子行,31.68,31.95,30.21,30.7,31.08,0.6,1.9305,3.4246,7815395,242485449.07,9471013865.28,7229848950.72,10787
2016-02-16,'300311,任子行,31.08,31.6,29.63,29.99,29.6,1.48,5.0,3.0733,7013707,216486659.05,9291638602.68,7092919993.32,10263
2016-02-15,'300311,任子行,29.6,29.95,27.52,27.6,28.9,0.7,2.4221,1.8002,4108359,119366040.23,8849179621.6,6755161898.4,6518
2016-02-05,'300311,任子行,28.9,29.99,28.87,29.88,29.84,-0.94,-3.1501,1.6264,3711754,108854395.67,8639908481.9,6595411448.1,6268
2016-02-04,'300311,任子行,29.84,30.35,29.4,29.45,29.62,0.22,0.7427,2.82,6435580,192245480.5,8920929726.64,6809933481.36,10303
2016-02-03,'300311,任子行,29.62,29.94,28.5,29.0,29.78,-0.16,-0.5373,2.5684,5861363,170633360.88,8855158797.02,6759726196.98,9845
2016-02-02,'300311,任子行,29.78,30.51,28.05,28.2,28.49,1.29,4.5279,3.2251,7360122,218508167.92,8902992200.38,6796240585.62,11461
2016-02-01,'300311,任子行,28.49,28.6,27.51,27.85,27.48,1.01,3.6754,4.1564,9485556,266241700.53,8517335385.79,6501843327.21,10569
2016-01-29,'300311,任子行,27.48,27.48,25.01,25.6,24.98,2.5,10.008,3.4702,7919423,214482428.96,8215387027.08,6271346248.92,6914
2016-01-28,'300311,任子行,24.98,27.19,24.8,26.57,27.18,-2.2,-8.0942,1.6333,3727382,97775130.56,7467990099.58,5700808926.42,5086
2016-01-27,'300311,任子行,27.18,27.53,24.41,26.58,26.58,0.6,2.2573,2.2024,5026164,131789676.35,8125699395.78,6202881770.22,7072
2016-01-26,'300311,任子行,26.58,29.0,26.58,28.5,29.53,-2.95,-9.9898,1.8735,4275621,119123166.77,7946324133.18,6065952812.82,6984
2016-01-25,'300311,任子行,29.53,30.26,29.27,29.96,29.85,-0.32,-1.072,1.9599,4472781,133045170.55,8828252507.63,6739186853.37,6595
2016-01-22,'300311,任子行,29.85,29.92,28.0,29.15,29.1,0.75,2.5773,2.2381,5107786,149127012.27,8923919314.35,6812215630.65,8088
2016-01-21,'300311,任子行,29.1,31.0,29.05,29.25,29.64,-0.54,-1.8219,3.1602,7212013,217404996.0,8699700236.1,6641054433.9,11519
2016-01-20,'300311,任子行,29.64,30.68,29.2,30.0,30.43,-0.79,-2.5961,2.3431,5347358,159979687.8,8861137972.44,6764290495.56,9231
2016-01-19,'300311,任子行,30.43,30.65,28.62,29.59,29.64,0.79,2.6653,3.4204,7805788,230879909.55,9097315401.53,6944580289.47,12487
2016-01-18,'300311,任子行,29.64,30.8,27.11,27.11,28.19,1.45,5.1437,3.9706,9061461,266063021.33,8861137972.44,6764290495.56,13049
2016-01-15,'300311,任子行,28.19,29.05,27.13,28.0,27.85,0.34,1.2208,4.5803,10452887,294785337.23,8427647754.49,6433378848.51,13244
2016-01-14,'300311,任子行,27.85,27.85,24.1,24.4,25.32,2.53,9.9921,2.9715,6781500,182392679.91,8326001772.35,6355785772.65,7447
2016-01-13,'300311,任子行,25.32,28.3,25.2,27.83,27.6,-2.28,-8.2609,1.7924,4090450,111333679.74,7569636081.72,5778402002.28,5525
2016-01-12,'300311,任子行,27.6,28.0,26.24,26.5,26.87,0.73,2.7168,1.9634,4480839,122482542.36,8251262079.6,6298732040.4,6624
2016-01-11,'300311,任子行,26.87,29.68,26.87,28.85,29.85,-2.98,-9.9832,1.5422,3519592,99508703.35,8033022176.77,6132135142.23,5495
2016-01-08,'300311,任子行,29.85,31.0,28.0,30.87,29.87,-0.02,-0.067,1.9144,4368957,129844473.24,8923919314.35,6812215630.65,6927
2016-01-07,'300311,任子行,29.87,32.4,29.84,32.4,33.15,-3.28,-9.8944,0.6789,1549300,47459604.42,8929898489.77,6816779929.23,1937
2016-01-06,'300311,任子行,33.15,33.45,31.8,32.78,32.45,0.7,2.1572,2.0467,4670814,153460508.32,9910483258.65,7565324896.35,7513
2016-01-05,'300311,任子行,32.45,34.8,31.5,31.63,34.86,-2.41,-6.9134,2.6441,6034291,198088918.02,9701212118.95,7405574446.05,9123
2016-01-04,'300311,任子行,34.86,38.9,34.86,38.9,38.73,-3.87,-9.9923,2.0551,4690135,170729034.83,10421702757.1,7955572424.94,7109
