日期,股票代码,名称,收盘价,最高价,最低价,开盘价,前收盘,涨跌额,涨跌幅,换手率,成交量,成交金额,总市值,流通市值,成交笔数
2016-10-12,'300261,雅本化学,12.04,12.1,11.93,12.04,12.06,-0.02,-0.1658,0.3443,1756208,21127884.67,6465173196.72,6141914920.96,1587
2016-10-11,'300261,雅本化学,12.06,12.29,11.91,12.0,12.05,0.01,0.083,0.8574,4373764,53140056.71,6475912687.08,6152117437.44,4156
2016-10-10,'300261,雅本化学,12.05,12.2,11.55,11.55,11.54,0.51,4.4194,0.9731,4964158,59308934.35,6470542941.9,6147016179.2,2911
2016-09-30,'300261,雅本化学,11.54,11.6,11.47,11.53,11.47,0.07,0.6103,0.1691,862472,9961082.02,6196685937.72,5886852008.96,552
2016-09-29,'300261,雅本化学,11.47,11.65,11.47,11.6,11.58,-0.11,-0.9499,0.342,1744588,20176316.49,6159097721.46,5851143201.28,1143
2016-09-28,'300261,雅本化学,11.58,11.73,11.34,11.44,11.37,0.21,1.847,0.5276,2691619,31042071.27,6218164918.44,5907257041.92,2014
2016-09-27,'300261,雅本化学,11.37,11.46,11.15,11.25,11.25,0.12,1.0667,0.3185,1624831,18320653.5,6105400269.66,5800130618.88,1315
2016-09-26,'300261,雅本化学,11.25,11.49,11.24,11.48,11.42,-0.17,-1.4886,0.372,1897738,21602920.45,6040963327.5,5738915520.0,1364
2016-09-23,'300261,雅本化学,11.42,11.54,11.41,11.45,11.47,-0.05,-0.4359,0.2233,1139092,13038691.14,6132248995.56,5825636910.08,1050
2016-09-22,'300261,雅本化学,11.47,11.61,11.34,11.44,11.36,0.11,0.9683,0.3969,2024480,23272212.0,6159097721.46,5851143201.28,1480
2016-09-21,'300261,雅本化学,11.36,11.44,11.33,11.44,11.32,0.04,0.3534,0.161,821432,9350076.98,6100030524.48,5795029360.64,730
2016-09-20,'300261,雅本化学,11.32,11.44,11.3,11.43,11.42,-0.1,-0.8757,0.1953,996354,11284709.02,6078551543.76,5774624327.68,804
2016-09-19,'300261,雅本化学,11.42,11.52,11.2,11.25,11.25,0.17,1.5111,0.3857,1967639,22428973.49,6132248995.56,5825636910.08,922
2016-09-14,'300261,雅本化学,11.25,11.36,11.17,11.32,11.36,-0.11,-0.9683,0.2254,1149900,12959686.42,6040963327.5,5738915520.0,736
2016-09-13,'300261,雅本化学,11.36,11.5,11.2,11.41,11.19,0.17,1.5192,0.2652,1353087,15321471.93,6100030524.48,5795029360.64,906
2016-09-12,'300261,雅本化学,11.19,11.51,11.11,11.51,11.62,-0.43,-3.7005,0.5271,2688655,30205232.51,6008744856.42,5708307970.56,2269
2016-09-09,'300261,雅本化学,11.62,11.92,11.4,11.45,11.45,0.17,1.4847,0.9571,4882362,57421177.54,6239643899.16,5927662074.88,3239
2016-09-08,'300261,雅本化学,11.45,11.56,11.38,11.51,11.5,-0.05,-0.4348,0.4034,2057977,23549576.69,6148358231.1,5840940684.8,1090
2016-09-07,'300261,雅本化学,11.5,11.5,11.26,11.33,11.33,0.17,1.5004,0.5968,3044441,34771359.39,6175206957.0,5866446976.0,1824
2016-09-06,'300261,雅本化学,11.33,11.36,11.05,11.27,11.22,0.11,0.9804,0.4889,2493942,27926061.18,6083921288.94,5779725585.92,1696
2016-09-05,'300261,雅本化学,11.22,11.36,11.19,11.34,11.25,-0.03,-0.2667,0.2391,1219872,13736183.48,6024854091.96,5723611745.28,1144
2016-09-02,'300261,雅本化学,11.25,11.3,11.16,11.23,11.22,0.03,0.2674,0.2532,1291680,14510965.48,6040963327.5,5738915520.0,1192
2016-09-01,'300261,雅本化学,11.22,11.36,11.2,11.3,11.35,-0.13,-1.1454,0.3627,1850030,20850924.86,6024854091.96,5723611745.28,1407
2016-08-31,'300261,雅本化学,11.35,11.42,11.29,11.35,11.36,-0.01,-0.088,0.3049,1555344,17629961.56,6094660779.3,5789928102.4,1410
2016-08-30,'300261,雅本化学,11.36,11.58,11.3,11.47,11.52,-0.16,-1.3889,0.3747,1911419,21742691.32,6100030524.48,5795029360.64,1544
2016-08-29,'300261,雅本化学,11.52,11.72,11.5,11.6,11.54,-0.02,-0.1733,0.439,2239500,25965662.12,6185946447.36,5876649492.48,1512
2016-08-26,'300261,雅本化学,11.54,11.65,11.45,11.52,11.56,-0.02,-0.173,0.3641,1857298,21488340.16,6196685937.72,5886852008.96,1578
2016-08-25,'300261,雅本化学,11.56,11.57,11.3,11.36,11.44,0.12,1.049,0.53,2703468,30879163.78,6207425428.08,5897054525.44,1768
2016-08-24,'300261,雅本化学,11.44,11.47,11.31,11.38,11.38,0.06,0.5272,0.4043,2062442,23552007.37,6142988485.92,5835839426.56,1649
2016-08-23,'300261,雅本化学,11.38,11.5,11.18,11.34,11.34,0.04,0.3527,0.5884,3001605,34096279.93,6110770014.84,5805231877.12,1913
2016-08-22,'300261,雅本化学,11.34,11.44,11.26,11.33,11.35,-0.01,-0.0881,0.5738,2926849,33194989.04,6089291034.12,5784826844.16,2213
2016-08-19,'300261,雅本化学,11.35,11.67,11.18,11.56,11.62,-0.27,-2.3236,1.0026,5114362,58057035.77,6094660779.3,5789928102.4,3497
2016-08-18,'300261,雅本化学,11.62,11.98,11.54,11.98,11.98,-0.36,-3.005,1.0658,5436847,63478520.01,6239643899.16,5927662074.88,3205
2016-08-17,'300261,雅本化学,11.98,12.12,11.82,12.12,12.12,-0.14,-1.1551,0.4995,2547950,30444843.35,6432954725.64,6111307371.52,1875
2016-08-16,'300261,雅本化学,12.12,12.2,11.89,12.19,12.2,-0.08,-0.6557,1.0865,5542667,66674676.54,6508131158.16,6182724986.88,3052
2016-08-15,'300261,雅本化学,12.2,12.35,11.77,11.8,11.94,0.26,2.1776,0.8563,4367972,53043085.38,6551089119.6,6223535052.8,3081
2016-08-12,'300261,雅本化学,11.94,12.04,11.81,11.82,11.97,-0.03,-0.2506,0.3596,1834260,21837728.93,6411475744.92,6090902338.56,1280
2016-08-11,'300261,雅本化学,11.97,12.18,11.62,11.63,11.67,0.3,2.5707,0.734,3744143,44733214.51,6427584980.46,6106206113.28,2451
2016-08-10,'300261,雅本化学,11.67,11.85,11.63,11.71,11.66,0.01,0.0858,0.4361,2224869,26147271.84,6266492625.06,5953168366.08,1447
2016-08-09,'300261,雅本化学,11.66,11.85,11.57,11.65,11.79,-0.13,-1.1026,0.4379,2233589,26134331.29,6261122879.88,5948067107.84,1711
2016-08-08,'300261,雅本化学,11.79,11.87,11.35,11.52,11.49,0.3,2.611,0.4033,2057104,24130834.4,6330929567.22,6014383464.96,1485
2016-08-05,'300261,雅本化学,11.49,11.67,11.45,11.55,11.55,-0.06,-0.5195,0.3969,2024505,23429418.41,6169837211.82,5861345717.76,1202
2016-08-04,'300261,雅本化学,11.55,11.64,11.33,11.35,11.34,0.21,1.8519,0.4682,2388582,27387505.84,6202055682.9,5891953267.2,1301
2016-08-03,'300261,雅本化学,11.34,11.64,11.33,11.54,11.55,-0.21,-1.8182,0.6304,3215967,36993689.93,6089291034.12,5784826844.16,1887
2016-08-02,'300261,雅本化学,11.55,11.57,10.71,10.8,10.8,0.75,6.9444,0.8497,4334358,48875964.7,6202055682.9,5891953267.2,3462
2016-08-01,'300261,雅本化学,10.8,11.38,10.8,11.38,11.38,-0.58,-5.0967,0.8114,4139019,45415570.21,5799324794.4,5509358899.2,2357
2016-07-29,'300261,雅本化学,11.38,11.69,11.37,11.63,11.69,-0.31,-2.6518,0.338,1724042,19777097.75,6110770014.84,5805231877.12,1499
2016-07-28,'300261,雅本化学,11.69,11.72,11.48,11.6,11.58,0.11,0.9499,0.39,1989555,23098979.99,6277232115.42,5963370882.56,1794
2016-07-27,'300261,雅本化学,11.58,12.18,11.48,12.1,12.12,-0.54,-4.4554,0.8525,4348702,51448344.63,6218164918.44,5907257041.92,3972
2016-07-26,'300261,雅本化学,12.12,12.13,11.75,11.85,11.91,0.21,1.7632,0.4262,2174324,26116844.87,6508131158.16,6182724986.88,1595
2016-07-25,'300261,雅本化学,11.91,12.08,11.87,12.0,12.03,-0.12,-0.9975,0.6086,3104604,37059753.49,6395366509.38,6075598563.84,2282
2016-07-22,'300261,雅本化学,12.03,12.26,12.0,12.13,12.16,-0.13,-1.0691,0.2946,1502618,18174795.11,6459803451.54,6136813662.72,1267
2016-07-21,'300261,雅本化学,12.16,12.31,12.12,12.25,12.2,-0.04,-0.3279,0.3748,1911844,23373593.11,6529610138.88,6203130019.84,1714
2016-07-20,'300261,雅本化学,12.2,12.3,12.1,12.2,12.21,-0.01,-0.0819,0.4859,2478489,30232489.24,6551089119.6,6223535052.8,1756
2016-07-19,'300261,雅本化学,12.21,12.25,12.0,12.18,12.13,0.08,0.6595,0.4099,2091081,25359439.54,6556458864.78,6228636311.04,1389
2016-07-18,'300261,雅本化学,12.13,12.32,11.88,12.32,12.23,-0.1,-0.8177,0.6211,3168513,38294517.89,6513500903.34,6187826245.12,2321
2016-07-15,'300261,雅本化学,12.23,12.72,12.12,12.72,12.79,-0.56,-4.3784,1.6092,8209071,100974607.62,6567198355.14,6238838827.52,4515
2016-07-14,'300261,雅本化学,12.79,13.0,12.61,12.78,12.69,0.1,0.788,0.4655,2374454,30354706.49,6867904085.22,6524509288.96,1507
2016-07-13,'300261,雅本化学,12.69,12.97,12.57,12.79,12.79,-0.1,-0.7819,0.6152,3138209,39784256.12,6814206633.42,6473496706.56,1886
2016-07-12,'300261,雅本化学,12.79,12.88,12.39,12.65,12.62,0.17,1.3471,0.5343,2725713,34421178.51,6867904085.22,6524509288.96,1813
2016-07-11,'300261,雅本化学,12.62,12.99,12.62,12.79,12.84,-0.22,-1.7134,0.4886,2492345,31834482.65,6776618417.16,6437787898.88,1956
2016-07-08,'300261,雅本化学,12.84,13.1,12.75,13.05,13.07,-0.23,-1.7598,0.5739,2927520,37737206.08,6894752811.12,6550015580.16,1999
2016-07-07,'300261,雅本化学,13.07,13.42,12.91,13.25,13.26,-0.19,-1.4329,0.6639,3386844,44393289.06,7018256950.26,6667344519.68,2716
2016-07-06,'300261,雅本化学,13.26,13.35,12.84,12.92,12.96,0.3,2.3148,0.9301,4744447,62170828.31,7120282108.68,6764268426.24,2927
2016-07-05,'300261,雅本化学,12.96,13.37,12.8,12.8,12.95,0.01,0.0772,1.3484,6878784,90528376.64,6959189753.28,6611230679.04,5008
2016-07-04,'300261,雅本化学,12.95,13.14,12.11,12.35,12.48,0.47,3.766,1.9061,9723256,124483006.3,6953820008.1,6606129420.8,6837
2016-07-01,'300261,雅本化学,12.48,13.39,12.37,12.69,12.17,0.31,2.5472,1.445,7371072,94251955.27,6701441984.64,6366370283.52,6360
2016-06-30,'300261,雅本化学,12.17,12.26,12.03,12.19,12.19,-0.02,-0.1641,0.44,2244492,27193769.58,6534979884.06,6208231278.08,1565
2016-06-29,'300261,雅本化学,12.19,12.44,12.07,12.17,12.22,-0.03,-0.2455,0.5092,2597416,31739201.79,6545719374.42,6218433794.56,1903
2016-06-28,'300261,雅本化学,12.22,12.4,12.1,12.4,12.3,-0.08,-0.6504,0.568,2897678,35350545.93,6561828609.96,6233737569.28,2248
2016-06-27,'300261,雅本化学,12.3,12.52,11.54,11.54,11.8,0.5,4.2373,1.0855,5537163,67291454.99,6604786571.4,6274547635.2,3540
2016-06-24,'300261,雅本化学,11.8,12.22,11.21,12.1,12.1,-0.3,-2.4793,1.1815,6026957,70894686.26,6336299312.4,6019484723.2,4134
2016-06-23,'300261,雅本化学,12.1,12.49,12.0,12.26,12.49,-0.39,-3.1225,0.9871,5035373,61253850.13,6497391667.8,6172522470.4,4043
2016-06-22,'300261,雅本化学,12.49,12.71,11.68,12.21,12.0,0.49,4.0833,1.5501,7907484,98496856.42,6706811729.82,6371471541.76,5694
2016-06-21,'300261,雅本化学,12.0,12.64,11.83,12.2,11.94,0.06,0.5025,1.9513,9953920,121274784.81,6443694216.0,6121509888.0,7410
2016-06-20,'300261,雅本化学,11.94,11.94,10.68,10.96,10.85,1.09,10.0461,1.2084,6164574,70523591.19,6411475744.92,6090902338.56,3888
2016-06-17,'300261,雅本化学,10.85,11.19,10.78,10.87,10.69,0.16,1.4967,0.6919,3529326,38562774.55,5826173520.3,5534865190.4,2080
2016-06-16,'300261,雅本化学,10.69,11.12,10.66,10.9,10.95,-0.26,-2.3744,0.7904,4032098,43942216.52,5740257597.42,5453245058.56,1859
2016-06-15,'300261,雅本化学,10.95,11.1,10.37,10.57,10.59,0.36,3.3994,0.7333,3740903,40415508.67,5879870972.1,5585877772.8,2213
2016-06-14,'300261,雅本化学,10.59,10.7,10.48,10.62,10.6,-0.01,-0.0943,0.3238,1651653,17453952.19,5686560145.62,5402232476.16,1233
2016-06-13,'300261,雅本化学,10.6,11.15,10.55,11.01,11.26,-0.66,-5.8615,0.5263,2685030,29303593.79,5691929890.8,5407333734.4,2266
2016-06-08,'300261,雅本化学,11.26,11.32,11.17,11.21,11.26,0.0,0.0,0.3388,1728158,19446262.39,6046333072.68,5744016778.24,1518
2016-06-07,'300261,雅本化学,11.26,11.42,11.21,11.28,11.39,-0.13,-1.1414,0.3754,1915185,21587428.05,6046333072.68,5744016778.24,1414
2016-06-06,'300261,雅本化学,11.39,11.51,11.11,11.31,11.29,0.1,0.8857,0.7573,3863416,43719705.47,6116139760.02,5810333135.36,2357
2016-06-03,'300261,雅本化学,11.29,11.44,11.19,11.38,11.36,-0.07,-0.6162,0.569,2902425,32770425.42,6062442308.22,5759320552.96,2095
2016-06-02,'300261,雅本化学,11.36,11.44,11.2,11.35,11.35,0.01,0.0881,0.5983,3051843,34480462.84,6100030524.48,5795029360.64,2147
2016-06-01,'300261,雅本化学,11.35,11.64,11.31,11.32,11.29,0.06,0.5314,0.8303,4235369,48353677.74,6094660779.3,5789928102.4,3101
2016-05-31,'300261,雅本化学,14.7,14.83,14.2,14.25,14.2,0.5,3.5211,0.8956,3514358,51326959.52,6071942633.4,5768345856.0,2713
2016-05-30,'300261,雅本化学,14.2,14.26,13.63,13.75,13.74,0.46,3.3479,0.8788,3448264,48428973.02,5865413972.4,5572143616.0,2611
2016-05-27,'300261,雅本化学,13.74,13.8,13.55,13.66,13.81,-0.07,-0.5069,0.6064,2379420,32503839.07,5675407604.28,5391637555.2,1730
2016-05-26,'300261,雅本化学,13.81,13.85,13.0,13.81,13.76,0.05,0.3634,1.0077,3954226,52781294.17,5704321616.82,5419105868.8,2830
2016-05-25,'300261,雅本化学,13.76,14.03,13.72,13.82,13.78,-0.02,-0.1451,0.4901,1923173,26709387.0,5683668750.72,5399485644.8,1414
2016-05-24,'300261,雅本化学,13.78,14.04,13.69,14.04,14.05,-0.27,-1.9217,0.4579,1830929,25274807.27,5691929897.16,5509652659.68,1456
2016-05-23,'300261,雅本化学,14.05,14.1,13.91,13.91,13.93,0.12,0.8615,0.447,1787341,25021929.29,5803455374.1,5617606666.8,1522
2016-05-20,'300261,雅本化学,13.93,14.1,13.5,13.56,14.05,-0.12,-0.8541,0.8512,3403412,46863613.93,5753888495.46,5569627108.08,2542
2016-05-19,'300261,雅本化学,14.05,15.1,13.96,14.16,14.19,-0.14,-0.9866,0.9967,3985077,57384656.53,5803455374.1,5617606666.8,2585
2016-05-18,'300261,雅本化学,14.19,15.2,13.83,14.72,14.74,-0.55,-3.7313,0.9783,3911560,55801396.12,5861283399.18,5673582818.64,2581
2016-05-17,'300261,雅本化学,14.74,14.97,14.4,14.75,14.83,-0.09,-0.6069,0.8355,3340418,48774593.06,6088464926.28,5893489129.44,2236
2016-05-16,'300261,雅本化学,14.83,14.98,14.19,14.52,14.6,0.23,1.5753,0.4571,1827435,26621985.19,6125640085.26,5929473798.48,1688
2016-05-13,'300261,雅本化学,14.6,14.86,14.41,14.55,14.47,0.13,0.8984,0.392,1567211,22947336.08,6030636901.2,5837512977.6,1366
2016-05-12,'300261,雅本化学,14.47,14.58,14.0,14.37,14.6,-0.13,-0.8904,0.4244,1696982,24250691.79,5976939449.34,5785535122.32,1577
2016-05-11,'300261,雅本化学,14.6,14.95,14.43,14.79,14.65,-0.05,-0.3413,0.4975,1989194,29170630.2,6030636901.2,5837512977.6,1497
2016-05-10,'300261,雅本化学,14.65,14.89,14.2,14.4,14.62,0.03,0.2052,0.6533,2612024,38416071.58,6051289767.3,5857504460.4,1856
2016-05-09,'300261,雅本化学,14.62,16.0,14.62,15.82,16.24,-1.62,-9.9754,2.2065,8822335,133682406.5,6038898047.64,5845509570.72,4657
2016-05-06,'300261,雅本化学,16.24,17.67,16.24,17.67,17.43,-1.19,-6.8273,1.6836,6731495,113439169.1,6708050909.28,6493233613.44,5158
2016-05-05,'300261,雅本化学,17.43,17.56,16.78,16.95,17.03,0.4,2.3488,1.1277,4508741,77454237.29,7199589122.46,6969030904.08,3723
2016-05-04,'300261,雅本化学,17.03,17.25,16.88,17.11,17.11,-0.08,-0.4676,0.8365,3282308,56031985.42,7034366193.66,6682648294.4,2883
2016-05-03,'300261,雅本化学,17.11,17.18,16.45,16.61,16.44,0.67,4.0754,0.9883,3878252,65837785.03,7067410779.42,6714040652.8,3151
2016-04-29,'300261,雅本化学,16.44,16.71,15.71,16.62,16.75,-0.31,-1.8507,0.6301,2472540,40732727.03,6790662373.68,6451129651.2,2684
2016-04-28,'300261,雅本化学,16.75,17.15,16.35,16.97,17.04,-0.29,-1.7019,0.9766,3832292,64054789.01,6918710143.5,6572775040.0,3321
2016-04-27,'300261,雅本化学,17.04,17.41,16.81,16.87,16.9,0.14,0.8284,1.028,4033759,69063881.45,7038496766.88,6686572339.2,3817
2016-04-26,'300261,雅本化学,16.9,16.99,16.49,16.68,16.76,0.14,0.8353,0.5054,1983214,33298388.97,6980668741.8,6631635712.0,1973
2016-04-25,'300261,雅本化学,16.76,17.0,16.18,16.86,17.0,-0.24,-1.4118,0.7359,2887512,47817621.7,6922840716.72,6576699084.8,2593
2016-04-22,'300261,雅本化学,17.0,17.1,16.35,16.35,16.68,0.32,1.9185,0.9737,3820720,64419146.26,7021974474.0,6670876160.0,3166
2016-04-21,'300261,雅本化学,16.68,16.78,16.16,16.56,16.55,0.13,0.7855,1.2135,4761850,78891893.28,6889796130.96,6545306726.4,3758
2016-04-20,'300261,雅本化学,16.55,17.85,15.94,17.85,17.7,-1.15,-6.4972,2.8284,11098747,185669878.17,6836098679.1,6494294144.0,7419
2016-04-19,'300261,雅本化学,17.7,18.0,17.24,17.8,17.84,-0.14,-0.7848,1.6626,6524000,114338358.93,7311114599.4,6945559296.0,5362
2016-04-18,'300261,雅本化学,17.84,17.93,17.3,17.54,17.6,0.24,1.3636,1.3465,5283912,93405186.29,7368942624.48,7000495923.2,4742
2016-04-15,'300261,雅本化学,17.6,18.05,17.3,18.01,17.98,-0.38,-2.1135,1.608,6310035,110996045.25,7269808867.2,6906318848.0,5419
2016-04-14,'300261,雅本化学,17.98,18.17,17.7,18.11,18.11,-0.13,-0.7178,1.3858,5437976,97390859.99,7426770649.56,7055432550.4,4928
2016-04-13,'300261,雅本化学,18.11,18.9,17.78,17.87,18.04,0.07,0.388,2.561,10049286,183453477.76,7480468101.42,7106445132.8,8363
2016-04-12,'300261,雅本化学,18.04,18.72,17.74,18.57,18.93,-0.89,-4.7015,2.4084,9450623,171256377.99,7451554088.88,7078976819.2,8316
2016-04-11,'300261,雅本化学,18.93,19.16,17.89,18.09,18.61,0.32,1.7195,4.2311,16602847,305299968.36,7819175105.46,7428216806.4,13271
2016-04-08,'300261,雅本化学,18.61,18.62,17.0,17.0,16.93,1.68,9.9232,5.0615,19861377,360362779.87,7686996762.42,7302647372.8,13371
2016-04-07,'300261,雅本化学,16.93,17.23,16.4,16.85,16.58,0.35,2.111,2.5391,9963392,168375102.88,6993060461.46,6643407846.4,6863
2016-04-06,'300261,雅本化学,16.58,17.29,16.46,16.62,16.62,-0.04,-0.2407,1.1764,4616134,77551838.08,6848490398.76,6506066278.4,3964
2016-04-05,'300261,雅本化学,16.62,16.81,16.01,16.17,16.01,0.61,3.8101,0.9498,3727252,61529392.69,6865012691.64,6521762457.6,4110
2016-04-01,'300261,雅本化学,16.01,16.42,15.58,16.2,16.5,-0.49,-2.9697,0.948,3720008,59230728.86,6613047725.22,6282395724.8,3351
2016-03-31,'300261,雅本化学,16.5,16.88,16.19,16.38,16.46,0.04,0.243,1.2892,5058819,83390847.24,6815445813.0,6474673920.0,3713
2016-03-30,'300261,雅本化学,16.46,16.5,15.52,16.01,15.81,0.65,4.1113,1.333,5230855,84111427.84,6798923520.12,6458977740.8,4959
2016-03-29,'300261,雅本化学,15.81,16.9,15.8,16.8,16.8,-0.99,-5.8929,0.9814,3851019,62479912.98,6530436260.82,6203914828.8,5454
2016-03-28,'300261,雅本化学,16.8,17.76,16.79,17.15,17.2,-0.4,-2.3256,0.9528,3739007,64754597.83,6939363009.6,6592395264.0,4095
2016-03-25,'300261,雅本化学,17.2,17.3,16.52,16.57,16.78,0.42,2.503,0.8889,3487956,59473379.77,7104585938.4,6749357056.0,3026
2016-03-24,'300261,雅本化学,16.78,17.2,16.42,16.89,17.0,-0.22,-1.2941,0.8603,3375752,56746282.7,6642892073.4,6584547174.4,2710
2016-03-23,'300261,雅本化学,17.0,17.15,16.5,17.15,17.22,-0.22,-1.2776,1.215,4767789,80213319.24,6729986010.0,6670876160.0,4123
2016-03-22,'300261,雅本化学,17.22,17.45,16.9,17.2,17.45,-0.23,-1.3181,1.228,4818810,82698921.92,6817079946.6,6757205145.6,3764
2016-03-21,'300261,雅本化学,17.45,17.68,16.59,16.9,16.85,0.6,3.5608,1.7664,6931613,118998304.91,6908132698.5,6847458176.0,5436
2016-03-18,'300261,雅本化学,16.85,17.28,16.33,16.43,16.43,0.42,2.5563,1.8994,7453449,125636320.39,6670603780.5,6612015488.0,5921
2016-03-17,'300261,雅本化学,16.43,16.43,15.25,15.27,15.27,1.16,7.5966,1.5279,5995444,96227105.55,6504333537.9,6447205606.4,5507
2016-03-16,'300261,雅本化学,15.27,15.98,15.11,15.84,15.63,-0.36,-2.3033,0.8344,3274101,50691351.62,6045110963.1,5992016409.6,3089
2016-03-15,'300261,雅本化学,15.63,16.36,15.42,15.42,15.6,0.03,0.1923,1.5327,6014446,95494158.28,6187628313.9,6133282022.4,5165
2016-03-14,'300261,雅本化学,15.6,15.93,14.7,14.9,14.56,1.04,7.1429,1.6246,6375051,98946196.26,6175751868.0,6121509888.0,4584
2016-03-11,'300261,雅本化学,14.56,14.68,14.0,14.0,14.57,-0.01,-0.0686,0.7806,3062947,43750374.1,5764035076.8,5713409228.8,2876
2016-03-10,'300261,雅本化学,14.57,15.21,14.5,14.83,14.9,-0.33,-2.2148,1.0126,3973496,58941713.52,5767993892.1,5717333273.6,5281
2016-03-09,'300261,雅本化学,14.9,15.43,14.48,14.95,14.98,-0.08,-0.534,1.4868,5834077,87794194.84,5898634797.0,5846826752.0,5160
2016-03-08,'300261,雅本化学,14.98,15.15,13.52,14.5,14.48,0.5,3.453,1.6568,6501337,93903310.32,5930305319.4,5878219110.4,5028
2016-03-07,'300261,雅本化学,14.48,15.06,14.15,14.15,14.09,0.39,2.7679,1.7941,7040264,103581839.52,5732364554.4,5682016870.4,4876
2016-03-04,'300261,雅本化学,14.09,15.2,13.68,15.07,15.09,-1.0,-6.6269,1.9536,7665947,110504904.0,5577970757.7,5528979123.2,5698
2016-03-03,'300261,雅本化学,15.09,16.17,14.86,15.01,15.15,-0.06,-0.396,2.3974,9407631,146096927.19,5973852287.7,5921383603.2,6637
2016-03-02,'300261,雅本化学,15.15,15.3,14.3,14.5,14.53,0.62,4.267,2.5679,10076625,149482865.39,5997605179.5,5944927872.0,8397
2016-03-01,'300261,雅本化学,14.53,14.75,13.0,13.5,13.9,0.63,4.5324,2.3542,9237932,129282617.81,5752158630.9,5701637094.4,5313
2016-02-29,'300261,雅本化学,13.9,15.47,13.9,15.3,15.44,-1.54,-9.9741,1.9183,7527361,106259744.48,5502753267.0,5454422272.0,4600
2016-02-26,'300261,雅本化学,15.44,16.24,14.9,15.88,16.16,-0.72,-4.4554,2.5923,10172473,157447615.72,6112410823.2,6058725171.2,6350
2016-02-25,'300261,雅本化学,16.16,17.89,16.16,17.7,17.95,-1.79,-9.9721,2.5311,9932143,165360115.54,6397445524.8,6341256396.8,6709
2016-02-24,'300261,雅本化学,17.95,18.0,16.9,17.2,17.25,0.7,4.058,2.6955,10577257,184875104.82,7106073463.5,7043660416.0,8276
2016-02-23,'300261,雅本化学,17.25,18.15,16.85,18.05,18.16,-0.91,-5.011,3.0499,11968125,209019239.9,6828956392.5,6768977280.0,8157
2016-02-22,'300261,雅本化学,18.16,18.5,17.7,17.97,17.83,0.33,1.8508,2.379,9335463,168779589.01,7189208584.8,7126065356.8,6775
2016-02-19,'300261,雅本化学,17.83,18.69,17.71,18.04,18.21,-0.38,-2.0868,2.2408,8793188,158983874.68,7058567679.9,6996571878.4,7137
2016-02-18,'300261,雅本化学,18.21,18.95,18.1,18.82,18.83,-0.62,-3.2926,2.1338,8373176,154411035.16,7209002661.3,7145685580.8,7302
2016-02-17,'300261,雅本化学,18.83,19.34,17.34,17.6,17.61,1.22,6.9279,4.3928,17237533,320649585.32,7454449209.9,7388976358.4,11142
2016-02-16,'300261,雅本化学,17.61,17.61,15.81,16.0,16.01,1.6,9.9938,2.571,10088836,168601435.85,6971473743.3,6910242892.8,6860
2016-02-15,'300261,雅本化学,16.01,16.4,14.62,14.9,15.5,0.51,3.2903,1.9533,7665028,120716745.07,6338063295.3,6282395724.8,5707
2016-02-05,'300261,雅本化学,15.5,16.24,15.1,15.4,15.5,0.0,0.0,1.4864,5832759,91250691.3,6136163715.0,6082269440.0,4723
2016-02-04,'300261,雅本化学,15.5,15.9,15.07,15.3,15.44,0.06,0.3886,2.4909,9774581,151553652.75,6136163715.0,6082269440.0,6802
2016-02-03,'300261,雅本化学,15.44,15.44,13.67,13.79,14.04,1.4,9.9715,2.4313,9540671,140909545.43,6112410823.2,6058725171.2,6922
2016-02-02,'300261,雅本化学,14.04,14.5,13.12,13.34,13.22,0.82,6.2027,1.6039,6293781,87899696.21,5558176681.2,5509358899.2,4802
2016-02-01,'300261,雅本化学,13.22,13.89,12.9,13.74,13.85,-0.63,-4.5487,1.1377,4464285,59910937.0,5233553826.6,5187587225.6,4295
2016-01-29,'300261,雅本化学,13.85,14.3,13.52,13.56,13.5,0.35,2.5926,1.5954,6260389,87083213.5,5482959190.5,5434802048.0,5454
2016-01-28,'300261,雅本化学,13.5,14.59,12.25,12.5,13.38,0.12,0.8969,2.8437,11158832,149429422.1,5344400655.0,5297460480.0,8898
2016-01-27,'300261,雅本化学,13.38,14.42,13.38,14.06,14.87,-1.49,-10.0202,1.7983,7056610,95258952.3,5296894871.4,5250371942.4,4265
2016-01-26,'300261,雅本化学,14.87,15.62,13.7,14.3,14.2,0.67,4.7183,4.3144,16929849,256879596.51,5886758351.1,5835054617.6,11308
2016-01-25,'300261,雅本化学,0.0,0.0,0.0,0.0,14.2,None,None,0.0,0,0.0,5572143616.0,5572143616.0,0
2016-01-22,'300261,雅本化学,0.0,0.0,0.0,0.0,14.2,None,None,0.0,0,0.0,5572143616.0,5572143616.0,0
2016-01-21,'300261,雅本化学,0.0,0.0,0.0,0.0,14.2,None,None,0.0,0,0.0,5572143616.0,5572143616.0,0
2016-01-20,'300261,雅本化学,0.0,0.0,0.0,0.0,14.2,None,None,0.0,0,0.0,5572143616.0,5572143616.0,0
2016-01-19,'300261,雅本化学,0.0,0.0,0.0,0.0,14.2,None,None,0.0,0,0.0,5572143616.0,5572143616.0,0
2016-01-18,'300261,雅本化学,0.0,0.0,0.0,0.0,14.2,None,None,0.0,0,0.0,5572143616.0,5572143616.0,0
2016-01-15,'300261,雅本化学,14.2,15.84,13.9,14.97,15.39,-1.19,-7.7323,2.4274,9525406,142825004.11,5572143616.0,5572143616.0,8077
2016-01-14,'300261,雅本化学,15.39,15.8,13.76,13.81,15.29,0.1,0.654,3.4132,13393418,194712576.52,6039104947.2,6039104947.2,9635
2016-01-13,'300261,雅本化学,15.29,16.88,15.29,16.88,16.99,-1.7,-10.0059,3.7711,14797782,239652973.12,5999864499.2,5999864499.2,12526
2016-01-12,'300261,雅本化学,16.99,17.05,15.39,15.9,15.6,1.39,8.9103,5.2927,20768620,341347333.91,6666952115.2,6666952115.2,16223
2016-01-11,'300261,雅本化学,15.6,17.15,14.4,15.0,15.91,-0.31,-1.9485,5.6214,22058503,355118011.8,6121509888.0,6121509888.0,15599
2016-01-08,'300261,雅本化学,15.91,16.48,14.01,16.0,14.99,0.92,6.1374,6.3857,25057664,394572425.86,6243155276.8,6243155276.8,13694
2016-01-07,'300261,雅本化学,14.99,15.6,13.72,13.83,14.18,0.81,5.7123,2.7596,10828795,163074023.78,5882143155.2,5882143155.2,3594
2016-01-06,'300261,雅本化学,14.18,14.44,13.02,13.29,13.17,1.01,7.6689,2.7593,10827545,148174664.57,5564295526.4,5564295526.4,5700
2016-01-05,'300261,雅本化学,13.17,13.58,12.5,13.02,13.59,-0.42,-3.0905,2.2445,8807569,114665746.85,5167967001.6,5167967001.6,4766
2016-01-04,'300261,雅本化学,13.59,14.98,13.59,14.96,15.1,-1.51,-10.0,1.5868,6226615,88207434.72,5332776883.2,5332776883.2,3842
