日期,股票代码,名称,收盘价,最高价,最低价,开盘价,前收盘,涨跌额,涨跌幅,换手率,成交量,成交金额,总市值,流通市值,成交笔数
2016-10-12,'300190,维尔利,0.0,0.0,0.0,0.0,17.27,None,None,0.0,0,0.0,7048247735.76,5733001735.34,0
2016-10-11,'300190,维尔利,0.0,0.0,0.0,0.0,17.27,None,None,0.0,0,0.0,7048247735.76,5733001735.34,0
2016-10-10,'300190,维尔利,0.0,0.0,0.0,0.0,17.27,None,None,0.0,0,0.0,7048247735.76,5733001735.34,0
2016-09-30,'300190,维尔利,0.0,0.0,0.0,0.0,17.27,None,None,0.0,0,0.0,7048247735.76,5733001735.34,0
2016-09-29,'300190,维尔利,0.0,0.0,0.0,0.0,17.27,None,None,0.0,0,0.0,7048247735.76,5733001735.34,0
2016-09-28,'300190,维尔利,0.0,0.0,0.0,0.0,17.27,None,None,0.0,0,0.0,7048247735.76,5733001735.34,0
2016-09-27,'300190,维尔利,0.0,0.0,0.0,0.0,17.27,None,None,0.0,0,0.0,7048247735.76,5733001735.34,0
2016-09-26,'300190,维尔利,0.0,0.0,0.0,0.0,17.27,None,None,0.0,0,0.0,7048247735.76,5733001735.34,0
2016-09-23,'300190,维尔利,0.0,0.0,0.0,0.0,17.27,None,None,0.0,0,0.0,7048247735.76,5733001735.34,0
2016-09-22,'300190,维尔利,0.0,0.0,0.0,0.0,17.27,None,None,0.0,0,0.0,7048247735.76,5733001735.34,0
2016-09-21,'300190,维尔利,0.0,0.0,0.0,0.0,17.27,None,None,0.0,0,0.0,7048247735.76,5733001735.34,0
2016-09-20,'300190,维尔利,0.0,0.0,0.0,0.0,17.27,None,None,0.0,0,0.0,7048247735.76,5733001735.34,0
2016-09-19,'300190,维尔利,0.0,0.0,0.0,0.0,17.27,None,None,0.0,0,0.0,7048247735.76,5733001735.34,0
2016-09-14,'300190,维尔利,0.0,0.0,0.0,0.0,17.27,None,None,0.0,0,0.0,7048247735.76,5733001735.34,0
2016-09-13,'300190,维尔利,0.0,0.0,0.0,0.0,17.27,None,None,0.0,0,0.0,7048247735.76,5733001735.34,0
2016-09-12,'300190,维尔利,0.0,0.0,0.0,0.0,17.27,None,None,0.0,0,0.0,7048247735.76,5733001735.34,0
2016-09-09,'300190,维尔利,0.0,0.0,0.0,0.0,17.27,None,None,0.0,0,0.0,7048247735.76,5733001735.34,0
2016-09-08,'300190,维尔利,0.0,0.0,0.0,0.0,17.27,None,None,0.0,0,0.0,7048247735.76,5733001735.34,0
2016-09-07,'300190,维尔利,0.0,0.0,0.0,0.0,17.27,None,None,0.0,0,0.0,7048247735.76,5733001735.34,0
2016-09-06,'300190,维尔利,0.0,0.0,0.0,0.0,17.27,None,None,0.0,0,0.0,7048247735.76,5733001735.34,0
2016-09-05,'300190,维尔利,0.0,0.0,0.0,0.0,17.27,None,None,0.0,0,0.0,7048247735.76,5733001735.34,0
2016-09-02,'300190,维尔利,0.0,0.0,0.0,0.0,17.27,None,None,0.0,0,0.0,7048247735.76,5733001735.34,0
2016-09-01,'300190,维尔利,0.0,0.0,0.0,0.0,17.27,None,None,0.0,0,0.0,7048247735.76,5733001735.34,0
2016-08-31,'300190,维尔利,0.0,0.0,0.0,0.0,17.27,None,None,0.0,0,0.0,7048247735.76,5733001735.34,0
2016-08-30,'300190,维尔利,0.0,0.0,0.0,0.0,17.27,None,None,0.0,0,0.0,7048247735.76,5733001735.34,0
2016-08-29,'300190,维尔利,0.0,0.0,0.0,0.0,17.27,None,None,0.0,0,0.0,7048247735.76,5733001735.34,0
2016-08-26,'300190,维尔利,0.0,0.0,0.0,0.0,17.27,None,None,0.0,0,0.0,7048247735.76,5733001735.34,0
2016-08-25,'300190,维尔利,0.0,0.0,0.0,0.0,17.27,None,None,0.0,0,0.0,7048247735.76,5733001735.34,0
2016-08-24,'300190,维尔利,0.0,0.0,0.0,0.0,17.27,None,None,0.0,0,0.0,7048247735.76,5733001735.34,0
2016-08-23,'300190,维尔利,0.0,0.0,0.0,0.0,17.27,None,None,0.0,0,0.0,7048247735.76,5733001735.34,0
2016-08-22,'300190,维尔利,0.0,0.0,0.0,0.0,17.27,None,None,0.0,0,0.0,7048247735.76,5733001735.34,0
2016-08-19,'300190,维尔利,0.0,0.0,0.0,0.0,17.27,None,None,0.0,0,0.0,7048247735.76,5733001735.34,0
2016-08-18,'300190,维尔利,0.0,0.0,0.0,0.0,17.27,None,None,0.0,0,0.0,7048247735.76,5733001735.34,0
2016-08-17,'300190,维尔利,0.0,0.0,0.0,0.0,17.27,None,None,0.0,0,0.0,7048247735.76,5733001735.34,0
2016-08-16,'300190,维尔利,0.0,0.0,0.0,0.0,17.27,None,None,0.0,0,0.0,7048247735.76,5733001735.34,0
2016-08-15,'300190,维尔利,0.0,0.0,0.0,0.0,17.27,None,None,0.0,0,0.0,7048247735.76,5733001735.34,0
2016-08-12,'300190,维尔利,0.0,0.0,0.0,0.0,17.27,None,None,0.0,0,0.0,7048247735.76,5733001735.34,0
2016-08-11,'300190,维尔利,0.0,0.0,0.0,0.0,17.27,None,None,0.0,0,0.0,7048247735.76,5733001735.34,0
2016-08-10,'300190,维尔利,0.0,0.0,0.0,0.0,17.27,None,None,0.0,0,0.0,7048247735.76,5733001735.34,0
2016-08-09,'300190,维尔利,0.0,0.0,0.0,0.0,17.27,None,None,0.0,0,0.0,7048247735.76,5733001735.34,0
2016-08-08,'300190,维尔利,0.0,0.0,0.0,0.0,17.27,None,None,0.0,0,0.0,7048247735.76,5733001735.34,0
2016-08-05,'300190,维尔利,0.0,0.0,0.0,0.0,17.27,None,None,0.0,0,0.0,7048247735.76,5733001735.34,0
2016-08-04,'300190,维尔利,0.0,0.0,0.0,0.0,17.27,None,None,0.0,0,0.0,7048247735.76,5733001735.34,0
2016-08-03,'300190,维尔利,0.0,0.0,0.0,0.0,17.27,None,None,0.0,0,0.0,7048247735.76,5733001735.34,0
2016-08-02,'300190,维尔利,0.0,0.0,0.0,0.0,17.27,None,None,0.0,0,0.0,7048247735.76,5733001735.34,0
2016-08-01,'300190,维尔利,0.0,0.0,0.0,0.0,17.27,None,None,0.0,0,0.0,7048247735.76,5733001735.34,0
2016-07-29,'300190,维尔利,17.27,17.28,16.82,17.08,17.18,0.09,0.5239,1.3172,4372519,74512585.22,7048247735.76,5733001735.34,3224
2016-07-28,'300190,维尔利,17.18,17.27,16.67,16.8,16.88,0.3,1.7773,1.6688,5539919,94160445.08,7011516855.84,5703125061.56,3584
2016-07-27,'300190,维尔利,16.88,17.93,16.73,17.58,17.54,-0.66,-3.7628,3.4818,11558354,202567385.38,6889080589.44,5603536148.96,7719
2016-07-26,'300190,维尔利,17.54,17.57,17.31,17.39,17.38,0.16,0.9206,1.3555,4499749,78514851.53,7158440375.52,5822631756.68,3255
2016-07-25,'300190,维尔利,17.38,17.47,17.2,17.36,17.31,0.07,0.4044,0.8297,2754275,47743239.55,7093141033.44,5769517669.96,1977
2016-07-22,'300190,维尔利,17.31,17.44,17.26,17.4,17.44,-0.13,-0.7454,0.6861,2277703,39481774.32,7064572571.28,5746280257.02,2240
2016-07-21,'300190,维尔利,17.44,17.59,17.24,17.4,17.35,0.09,0.5187,1.505,4996068,87205645.45,7117628286.72,5789435452.48,3851
2016-07-20,'300190,维尔利,17.35,17.53,17.3,17.48,17.49,-0.14,-0.8005,1.2099,4016391,69868943.3,7080897406.8,5759558778.7,2872
2016-07-19,'300190,维尔利,17.49,17.52,17.17,17.31,17.3,0.19,1.0983,1.3783,4575497,79473148.81,7138034331.12,5806033604.58,3394
2016-07-18,'300190,维尔利,17.3,17.75,17.18,17.69,17.75,-0.45,-2.5352,2.3061,7655316,133071698.39,7060491362.4,5742960626.6,5689
2016-07-15,'300190,维尔利,17.75,18.5,17.65,18.5,18.46,-0.71,-3.8462,3.3979,11279811,201623695.98,7244145762.0,5892343995.5,7158
2016-07-14,'300190,维尔利,18.46,18.55,18.26,18.41,18.37,0.09,0.4899,0.9457,3139356,57812953.76,7533911592.48,6128037755.32,2348
2016-07-13,'300190,维尔利,18.37,18.66,18.01,18.01,18.0,0.37,2.0556,1.9836,6584968,121334672.8,7497180712.56,6098161081.54,4772
2016-07-12,'300190,维尔利,18.0,18.05,17.5,17.86,17.85,0.15,0.8403,1.424,4727132,84041603.59,7346175984.0,5975334756.0,3314
2016-07-11,'300190,维尔利,17.85,18.24,17.81,18.13,18.15,-0.3,-1.6529,1.2553,4167273,75176138.24,7284957850.8,5925540299.7,3250
2016-07-08,'300190,维尔利,18.15,18.33,18.02,18.3,18.29,-0.14,-0.7654,1.1689,3880480,70521854.13,7407394117.2,6025129212.3,2897
2016-07-07,'300190,维尔利,18.29,18.49,17.6,17.75,17.71,0.58,3.275,2.3604,7835700,140970275.43,7464531041.52,6071604038.18,5773
2016-07-06,'300190,维尔利,17.71,17.76,17.47,17.7,17.74,-0.03,-0.1691,0.9574,3178348,56064949.46,7227820926.48,5879065473.82,2218
2016-07-05,'300190,维尔利,17.74,17.87,17.51,17.72,17.71,0.03,0.1694,1.2411,4119926,72799847.1,7240064553.12,5889024365.08,2969
2016-07-04,'300190,维尔利,17.71,17.85,17.2,17.24,17.28,0.43,2.4884,1.6511,5481201,96684263.95,7227820926.48,5879065473.82,4147
2016-07-01,'300190,维尔利,17.28,17.58,17.15,17.45,17.37,-0.09,-0.5181,1.1625,3859197,66937075.11,7052328944.64,5736321365.76,2506
2016-06-30,'300190,维尔利,17.37,17.5,17.23,17.45,17.4,-0.03,-0.1724,1.1207,3720260,64548407.28,7089059824.56,5766198039.54,2709
2016-06-29,'300190,维尔利,17.4,17.55,17.26,17.45,17.35,0.05,0.2882,1.7633,5853634,102038163.04,7101303451.2,5776156930.8,4004
2016-06-28,'300190,维尔利,17.35,17.4,16.78,16.88,16.95,0.4,2.3599,1.7589,5838867,100020343.41,7080897406.8,5759558778.7,4454
2016-06-27,'300190,维尔利,16.95,17.08,16.48,16.54,16.66,0.29,1.7407,1.5883,5272462,88641087.74,6917649051.6,5626773561.9,3101
2016-06-24,'300190,维尔利,16.66,17.25,16.24,17.1,17.09,-0.43,-2.5161,1.5127,5021725,84238274.21,6799293994.08,5530504279.72,3824
2016-06-23,'300190,维尔利,17.09,17.29,16.8,17.08,17.02,0.07,0.4113,1.1465,3805796,64977403.37,6974785975.92,5673248387.78,3111
2016-06-22,'300190,维尔利,17.02,17.09,16.58,16.62,16.68,0.34,2.0384,0.9633,3197747,53971644.71,6946217513.76,5650010974.84,2499
2016-06-21,'300190,维尔利,16.68,17.4,16.58,17.08,16.87,-0.19,-1.1263,1.6489,5473709,93424516.68,6807456411.84,5537143540.56,4535
2016-06-20,'300190,维尔利,16.87,16.97,16.62,16.93,16.87,0.0,0.0,1.3859,4600755,77423159.09,6884999380.56,5600216518.54,3201
2016-06-17,'300190,维尔利,16.87,16.96,16.38,16.65,16.67,0.2,1.1998,3.6027,11959493,199351937.59,6884999380.56,5600216518.54,5858
2016-06-16,'300190,维尔利,16.67,16.97,16.61,16.97,16.97,-0.3,-1.7678,0.8406,2790452,46848511.15,6803375202.96,5533823910.14,2109
2016-06-15,'300190,维尔利,16.97,17.12,16.2,16.29,16.4,0.57,3.4756,0.9838,3265725,54708361.65,6925811469.36,5633412822.74,2991
2016-06-14,'300190,维尔利,16.4,16.58,16.22,16.3,16.5,-0.1,-0.6061,0.7388,2452695,40180428.28,6693182563.2,5444193888.8,1969
2016-06-13,'300190,维尔利,16.5,17.32,16.4,17.2,17.57,-1.07,-6.0899,1.5269,5068656,85702595.04,6733994652.0,5477390193.0,3583
2016-06-08,'300190,维尔利,17.57,17.88,17.4,17.84,17.82,-0.25,-1.4029,1.0604,3519989,61929333.57,7170684002.16,5832590647.94,2945
2016-06-07,'300190,维尔利,17.82,17.94,17.4,17.59,17.59,0.23,1.3076,1.0277,3411495,60269384.71,7272714224.16,5915581408.44,2761
2016-06-06,'300190,维尔利,17.59,17.75,17.32,17.62,17.62,-0.03,-0.1703,1.2758,4235240,74284367.52,7178846419.92,5839229908.78,3169
2016-06-03,'300190,维尔利,17.62,17.82,17.4,17.7,17.69,-0.07,-0.3957,1.3679,4540767,79895650.64,7191090046.56,5849188800.04,3281
2016-06-02,'300190,维尔利,17.69,17.75,17.42,17.75,17.64,0.05,0.2834,1.093,3628323,63778713.67,7219658508.72,5872426212.98,3035
2016-06-01,'300190,维尔利,17.64,18.09,17.62,17.92,17.61,0.03,0.1704,1.9433,6451137,115007663.45,7199252464.32,5855828060.88,5179
2016-05-31,'300190,维尔利,17.61,17.64,16.8,16.8,16.72,0.89,5.323,1.6941,5623819,97186742.16,7187008837.68,5845869169.62,4284
2016-05-30,'300190,维尔利,16.72,17.04,16.26,16.51,16.56,0.16,0.9662,1.0034,3330780,55673902.96,6823781247.36,5550422062.24,2904
2016-05-27,'300190,维尔利,16.56,16.84,16.05,16.79,16.87,-0.31,-1.8376,0.8571,2845369,47297517.66,6758481905.28,5497307975.52,2259
2016-05-26,'300190,维尔利,16.87,16.95,16.08,16.8,16.68,0.19,1.1391,1.3907,4616641,75751321.15,6884999380.56,5600216518.54,3550
2016-05-25,'300190,维尔利,16.68,17.07,16.61,16.86,16.7,-0.02,-0.1198,0.9822,3260537,54843306.83,6807456411.84,5537143540.56,2273
2016-05-24,'300190,维尔利,16.7,17.02,16.52,16.81,16.93,-0.23,-1.3585,1.1602,3781255,63489518.72,5813618829.6,5442894561.0,3341
2016-05-23,'300190,维尔利,16.93,17.07,16.6,16.63,16.6,0.33,1.988,1.1484,3743023,63158199.32,5893686633.84,5517856581.9,3407
2016-05-20,'300190,维尔利,16.6,16.73,16.26,16.48,16.44,0.16,0.9732,1.6418,5350911,88319185.08,5778806740.8,5410302378.0,5017
2016-05-19,'300190,维尔利,16.44,16.77,16.2,16.27,16.45,-0.01,-0.0608,1.0429,3398880,55970865.33,5723107398.72,5358154885.2,3030
2016-05-18,'300190,维尔利,16.45,17.17,16.02,17.17,17.22,-0.77,-4.4715,1.9782,6447399,105862685.59,5726588607.6,5361414103.5,4455
2016-05-17,'300190,维尔利,17.22,17.47,16.97,16.97,16.96,0.26,1.533,1.6017,5220148,89840660.4,5994641691.36,5612373912.6,3578
2016-05-16,'300190,维尔利,16.96,16.98,16.56,16.95,16.9,0.06,0.355,1.2035,3922490,65762349.3,5904130260.48,5527634236.8,3191
2016-05-13,'300190,维尔利,16.9,17.46,16.88,17.11,17.13,-0.23,-1.3427,0.9866,3215552,55307290.85,5883243007.2,5508078927.0,2491
2016-05-12,'300190,维尔利,17.13,17.4,16.82,17.0,16.9,0.23,1.3609,1.2065,3932128,67359478.56,5963310811.44,5583040947.9,7420
2016-05-11,'300190,维尔利,16.9,17.83,16.9,17.83,17.52,-0.62,-3.5388,1.5244,4968338,85308601.94,5883243007.2,5508078927.0,4621
2016-05-10,'300190,维尔利,17.52,18.34,16.86,17.9,18.41,-0.89,-4.8343,3.0569,9963089,173211230.72,6099077957.76,5710150461.6,9003
2016-05-09,'300190,维尔利,18.41,19.6,18.41,19.0,20.45,-2.04,-9.9756,1.8374,5988427,111161683.53,6408905548.08,6000220890.3,3970
2016-05-06,'300190,维尔利,0.0,0.0,0.0,0.0,20.45,None,None,0.0,0,0.0,7119072159.6,6665101423.5,0
2016-05-05,'300190,维尔利,0.0,0.0,0.0,0.0,20.45,None,None,0.0,0,0.0,7119072159.6,6665101423.5,0
2016-05-04,'300190,维尔利,0.0,0.0,0.0,0.0,20.45,None,None,0.0,0,0.0,7119072159.6,6665101423.5,0
2016-05-03,'300190,维尔利,0.0,0.0,0.0,0.0,20.45,None,None,0.0,0,0.0,7119072159.6,6665101423.5,0
2016-04-29,'300190,维尔利,0.0,0.0,0.0,0.0,20.45,None,None,0.0,0,0.0,7119072159.6,6665101423.5,0
2016-04-28,'300190,维尔利,0.0,0.0,0.0,0.0,20.45,None,None,0.0,0,0.0,7119072159.6,6665101423.5,0
2016-04-27,'300190,维尔利,20.45,20.93,19.62,20.02,20.0,0.45,2.25,1.8514,6034062,123878199.71,7119072159.6,6665101423.5,4842
2016-04-26,'300190,维尔利,20.0,20.0,19.5,19.86,19.65,0.35,1.7812,0.896,2920333,57812006.75,6962417760.0,6518436600.0,2602
2016-04-25,'300190,维尔利,19.7,19.89,19.4,19.85,19.85,-0.15,-0.7557,0.6122,1995158,39204556.46,6857981493.6,6420660051.0,2017
2016-04-22,'300190,维尔利,19.85,19.88,19.18,19.3,19.48,0.37,1.8994,0.799,2604096,50837713.44,6910199626.8,6469548325.5,2536
2016-04-21,'300190,维尔利,19.48,20.0,19.25,19.49,19.62,-0.14,-0.7136,0.9531,3106263,61171773.14,6781394898.24,6348957248.4,2736
2016-04-20,'300190,维尔利,19.62,20.92,19.16,20.74,20.72,-1.1,-5.3089,2.5865,8429968,167489127.6,6830131822.56,6394586304.6,6356
2016-04-19,'300190,维尔利,20.72,21.1,20.5,20.86,20.77,-0.05,-0.2407,1.4306,4662724,96644756.46,7213064799.36,6753100317.6,4237
2016-04-18,'300190,维尔利,20.77,21.06,19.91,20.99,20.55,0.22,1.0706,2.3245,7575894,155501297.43,7230470843.76,6769396409.1,6696
2016-04-15,'300190,维尔利,20.55,20.86,20.12,20.5,20.58,-0.03,-0.1458,2.6109,8509607,174568434.57,7153884248.4,6697693606.5,6868
2016-04-14,'300190,维尔利,20.58,20.78,19.33,19.5,19.24,1.34,6.9647,3.2748,10673154,215113824.48,7164327875.04,6707471261.4,11639
2016-04-13,'300190,维尔利,19.24,19.5,18.81,18.85,18.72,0.52,2.7778,2.1588,7036091,135473776.19,6697845885.12,6270736009.2,4702
2016-04-12,'300190,维尔利,18.72,18.96,18.44,18.86,18.8,-0.08,-0.4255,0.8056,2625495,48996638.55,6516823023.36,6101256657.6,5758
2016-04-11,'300190,维尔利,18.8,19.07,18.33,18.33,18.31,0.49,2.6761,1.8552,6046509,113563839.78,6544672694.4,6127330404.0,4099
2016-04-08,'300190,维尔利,18.31,18.67,17.8,18.38,18.55,-0.24,-1.2938,1.2307,4011113,73231745.6,6374093459.28,5967628707.3,3699
2016-04-07,'300190,维尔利,18.55,19.19,18.55,19.1,19.06,-0.51,-2.6758,1.5378,5012045,93888376.35,6457642472.4,6045849946.5,4206
2016-04-06,'300190,维尔利,19.06,19.28,18.73,19.23,19.33,-0.27,-1.3968,1.7672,5759629,109533188.75,6635184125.28,6212070079.8,6102
2016-04-05,'300190,维尔利,19.33,19.5,18.85,19.2,19.12,0.21,1.0983,2.0845,6793884,130509501.1,6729176765.04,6300068973.9,6924
2016-04-01,'300190,维尔利,19.12,19.34,18.44,19.0,19.01,0.11,0.5786,2.517,8203401,155824100.24,6656071378.56,6231625389.6,5839
2016-03-31,'300190,维尔利,19.01,19.38,18.87,19.02,18.98,0.03,0.1581,1.6186,5275354,101004211.7,6617778080.88,6195773988.3,5157
2016-03-30,'300190,维尔利,18.98,18.98,18.32,18.34,18.24,0.74,4.057,1.1639,3793475,70794971.78,6607334454.24,6185996333.4,3524
2016-03-29,'300190,维尔利,18.24,18.67,17.85,18.28,18.28,-0.04,-0.2188,1.1261,3670340,66492669.44,6349724997.12,5944814179.2,3583
2016-03-28,'300190,维尔利,18.28,19.28,18.2,18.81,18.66,-0.38,-2.0364,1.678,5468973,102654194.3,6363649832.64,5957851052.4,4458
2016-03-25,'300190,维尔利,18.66,19.0,18.3,18.91,18.91,-0.25,-1.3221,1.0784,3514682,65583407.65,6495935770.08,6081701347.8,3337
2016-03-24,'300190,维尔利,18.91,19.16,18.63,18.95,19.13,-0.22,-1.15,1.1226,3658652,69302178.94,6582965992.08,6163181805.3,3355
2016-03-23,'300190,维尔利,19.13,19.25,18.7,18.91,18.99,0.14,0.7372,0.9487,3092014,58620413.57,6659552587.44,6234884607.9,3398
2016-03-22,'300190,维尔利,18.99,19.5,18.83,19.48,19.56,-0.57,-2.9141,1.6421,5351815,102680484.93,6610815663.12,6189255551.7,4673
2016-03-21,'300190,维尔利,19.56,19.8,18.9,19.19,18.95,0.61,3.219,2.5573,8334835,160749741.87,6809244569.28,6375030994.8,6319
2016-03-18,'300190,维尔利,18.95,19.0,17.93,17.99,18.0,0.95,5.2778,2.0444,6663018,123662868.23,6596890827.6,6176218678.5,4996
2016-03-17,'300190,维尔利,18.0,18.4,17.31,17.56,17.4,0.6,3.4483,1.6248,5295670,95835547.19,6266175984.0,5866592940.0,4080
2016-03-16,'300190,维尔利,17.4,18.34,17.28,18.23,17.72,-0.32,-1.8059,0.8028,2616577,46068932.58,6057303451.2,5671039842.0,2343
2016-03-15,'300190,维尔利,17.72,18.36,17.58,18.0,18.13,-0.41,-2.2614,0.8839,2880793,51564487.5,6168702135.36,5775334827.6,2798
2016-03-14,'300190,维尔利,18.13,18.5,17.64,17.88,17.46,0.67,3.8373,1.0875,3544239,64406739.11,6311431699.44,5908962777.9,3350
2016-03-11,'300190,维尔利,17.46,17.66,16.7,17.14,17.17,0.29,1.689,0.785,2558504,44093226.43,6078190704.48,5690595151.8,2762
2016-03-10,'300190,维尔利,17.17,17.99,17.05,17.86,17.67,-0.5,-2.8297,0.8976,2925494,51161630.89,5977235646.96,5596077821.1,3013
2016-03-09,'300190,维尔利,17.67,18.45,17.52,17.61,18.02,-0.35,-1.9423,1.5858,5168515,93308071.07,6151296090.96,5759038736.1,5379
2016-03-08,'300190,维尔利,18.02,18.02,15.6,16.21,16.38,1.64,10.0122,1.6774,5466870,93323707.71,6273138401.76,5873111376.6,5095
2016-03-07,'300190,维尔利,16.38,16.98,16.0,16.0,15.6,0.78,5.0,1.0382,3383661,56026109.48,5702220145.44,5338599575.4,3620
2016-03-04,'300190,维尔利,15.6,16.97,15.6,16.72,16.88,-1.28,-7.5829,0.8596,2801610,45382904.38,5430685852.8,5084380548.0,2801
2016-03-03,'300190,维尔利,16.88,17.5,16.45,16.84,16.8,0.08,0.4762,0.8479,2763462,47074300.65,5876280589.44,5501560490.4,2660
2016-03-02,'300190,维尔利,16.8,16.92,15.7,15.7,15.72,1.08,6.8702,0.9586,3124232,51229983.95,5848430918.4,5475486744.0,2687
2016-03-01,'300190,维尔利,15.72,15.87,14.73,15.47,15.38,0.34,2.2107,0.8725,2843545,43777001.32,5472460359.36,5123491167.6,3393
2016-02-29,'300190,维尔利,15.38,16.85,15.25,16.68,16.93,-1.55,-9.1553,0.9177,2991108,46952020.45,5354099257.44,5012677745.4,2774
2016-02-26,'300190,维尔利,16.93,17.24,16.53,17.03,16.92,0.01,0.0591,1.0323,3364645,56807035.47,5893686633.84,5517856581.9,2573
2016-02-25,'300190,维尔利,16.92,18.91,16.92,18.68,18.8,-1.88,-10.0,1.263,4116446,73212172.81,5890205424.96,5514597363.6,4097
2016-02-24,'300190,维尔利,18.8,18.86,18.02,18.59,18.61,0.19,1.021,0.668,2177026,40221406.58,6544672694.4,6127330404.0,2306
2016-02-23,'300190,维尔利,18.61,19.27,18.12,19.17,19.17,-0.56,-2.9212,0.9328,3040129,56616498.65,6478529725.68,6065405256.3,3017
2016-02-22,'300190,维尔利,19.17,19.39,18.91,19.2,19.09,0.08,0.4191,0.8434,2748921,52620505.92,6673477422.96,6247921481.1,2551
2016-02-19,'300190,维尔利,19.09,19.2,18.69,18.71,18.72,0.37,1.9765,1.2943,4218377,79947854.26,6645627751.92,6221847734.7,3265
2016-02-18,'300190,维尔利,18.72,19.4,18.69,19.2,19.14,-0.42,-2.1944,0.8525,2778459,52714628.51,6516823023.36,6101256657.6,2548
2016-02-17,'300190,维尔利,19.14,19.17,18.5,18.85,19.06,0.08,0.4197,1.0378,3382427,63651073.86,6663033796.32,6238143826.2,3628
2016-02-16,'300190,维尔利,19.06,19.38,17.8,17.9,17.9,1.16,6.4804,1.8756,6113081,115181318.48,6635184125.28,6212070079.8,7607
2016-02-15,'300190,维尔利,17.9,18.35,16.01,16.1,16.77,1.13,6.7382,1.615,5263528,91036719.99,6231363895.2,5834000757.0,6355
2016-02-05,'300190,维尔利,16.77,17.0,16.5,17.0,16.42,0.35,2.1315,0.852,2776924,46630558.04,5837987291.76,5465709089.1,2768
2016-02-04,'300190,维尔利,16.42,16.6,15.8,15.96,15.78,0.64,4.0558,1.6019,5221048,84524439.18,5716144980.96,5351636448.6,4287
2016-02-03,'300190,维尔利,15.78,15.95,15.41,15.58,15.85,-0.07,-0.4416,0.6619,2157240,33661370.98,5493347612.64,5143046477.4,1810
2016-02-02,'300190,维尔利,15.85,15.9,14.84,15.28,15.13,0.72,4.7588,0.9899,3226438,50516895.96,5517716074.8,5165861005.5,2585
2016-02-01,'300190,维尔利,15.13,15.39,14.6,15.16,15.23,-0.1,-0.6566,0.7916,2579892,38823594.85,5267069035.44,4931197287.9,2440
2016-01-29,'300190,维尔利,15.23,15.45,14.46,14.46,14.59,0.64,4.3866,0.9132,2976202,44866230.2,5301881124.24,4963789470.9,2936
2016-01-28,'300190,维尔利,14.59,15.34,14.1,14.8,15.0,-0.41,-2.7333,1.2963,4225023,62290642.91,5079083755.92,4755199499.7,3309
2016-01-27,'300190,维尔利,15.0,15.8,14.03,15.8,15.45,-0.45,-2.9126,1.5109,4924233,73754214.16,5221813320.0,4888827450.0,3901
2016-01-26,'300190,维尔利,15.45,17.16,15.45,17.08,17.17,-1.72,-10.0175,1.4325,4668897,76214494.61,5378467719.6,5035492273.5,3581
2016-01-25,'300190,维尔利,17.17,17.59,17.02,17.31,17.07,0.1,0.5858,0.826,2692174,46553897.23,5977235646.96,5596077821.1,2357
2016-01-22,'300190,维尔利,17.07,17.19,16.03,16.9,16.58,0.49,2.9554,0.9368,3053362,51125423.14,5942423558.16,5563485638.1,3245
2016-01-21,'300190,维尔利,16.58,17.8,16.58,16.99,17.4,-0.82,-4.7126,1.2073,3934996,68189459.53,5771844323.04,5403783941.4,4146
2016-01-20,'300190,维尔利,17.4,17.87,17.01,17.02,17.21,0.19,1.104,1.7199,5605667,97838091.53,6057303451.2,5671039842.0,4994
2016-01-19,'300190,维尔利,17.21,17.3,16.25,16.56,16.56,0.65,3.9251,1.5077,4914021,82733274.74,5991160482.48,5609114694.3,4469
2016-01-18,'300190,维尔利,16.56,16.95,15.6,15.75,16.25,0.31,1.9077,1.1345,3697588,60813764.87,5764881905.28,5397265504.8,3409
2016-01-15,'300190,维尔利,16.25,16.9,16.22,16.5,16.98,-0.73,-4.2992,1.9617,6393544,105449467.73,5656964430.0,5296229737.5,5128
2016-01-14,'300190,维尔利,16.98,17.12,15.18,15.45,16.0,0.98,6.125,1.6856,5493755,89032844.68,5911092678.24,5534152673.4,5037
2016-01-13,'300190,维尔利,16.0,17.57,16.0,17.35,17.17,-1.17,-6.8142,1.6437,5357061,91521772.7,5569934208.0,5214749280.0,4094
2016-01-12,'300190,维尔利,17.17,17.36,16.48,17.15,16.92,0.25,1.4775,1.5365,5007718,85178137.14,5977235646.96,5596077821.1,3876
2016-01-11,'300190,维尔利,16.92,18.5,16.92,18.2,18.8,-1.88,-10.0,2.7802,9061384,161402956.69,5890205424.96,5514597363.6,7764
2016-01-08,'300190,维尔利,18.8,20.2,18.06,20.01,19.4,-0.6,-3.0928,2.5266,8234849,157799494.2,6544672694.4,6127330404.0,7405
2016-01-07,'300190,维尔利,19.4,21.0,19.4,21.0,21.56,-2.16,-10.0186,0.3968,1293257,25906579.94,6753545227.2,6322883502.0,1371
2016-01-06,'300190,维尔利,21.56,21.81,20.62,21.67,21.4,0.16,0.7477,1.5766,5138434,109354149.32,7505486345.28,7026874654.8,5258
2016-01-05,'300190,维尔利,21.4,22.28,20.4,20.4,21.85,-0.45,-2.0595,1.797,5856919,125154635.17,7449787003.2,6974727162.0,6821
2016-01-04,'300190,维尔利,21.85,24.23,21.85,24.23,24.28,-2.43,-10.0082,1.7925,5842213,133786848.66,7606441402.8,7121391985.5,5757
