日期,股票代码,名称,收盘价,最高价,最低价,开盘价,前收盘,涨跌额,涨跌幅,换手率,成交量,成交金额,总市值,流通市值,成交笔数
2016-10-12,'300006,莱美药业,9.0,9.03,8.81,8.86,8.88,0.12,1.3514,1.8645,12577563,112698748.99,7310170845.0,6071176800.0,4994
2016-10-11,'300006,莱美药业,8.88,8.95,8.83,8.89,8.9,-0.02,-0.2247,1.1517,7768994,68923085.36,7212701900.4,5990227776.0,3664
2016-10-10,'300006,莱美药业,8.9,8.97,8.69,8.75,8.68,0.22,2.5346,1.7622,11887508,105218102.12,7228946724.5,6003719280.0,4677
2016-09-30,'300006,莱美药业,8.68,8.69,8.61,8.65,8.64,0.04,0.463,0.5586,3767997,32594713.16,7050253659.4,5855312736.0,1649
2016-09-29,'300006,莱美药业,8.64,8.7,8.59,8.62,8.62,0.02,0.232,0.695,4687986,40567238.28,7017764011.2,5828329728.0,1956
2016-09-28,'300006,莱美药业,8.62,8.69,8.61,8.69,8.71,-0.09,-1.0333,0.5794,3908681,33750280.18,7001519187.1,5814838224.0,1898
2016-09-27,'300006,莱美药业,8.71,8.72,8.56,8.56,8.61,0.1,1.1614,0.9712,6551183,56510665.66,7074620895.55,5875549992.0,3083
2016-09-26,'300006,莱美药业,8.61,8.84,8.57,8.84,8.78,-0.17,-1.9362,1.5613,10531824,91600905.94,6993396775.05,5808092472.0,4864
2016-09-23,'300006,莱美药业,8.78,8.93,8.77,8.91,8.9,-0.12,-1.3483,1.17,7892646,69843370.41,7131477779.9,5922770256.0,4223
2016-09-22,'300006,莱美药业,8.9,9.04,8.88,9.02,8.98,-0.08,-0.8909,1.3072,8818305,78921647.84,7228946724.5,6003719280.0,4203
2016-09-21,'300006,莱美药业,8.98,9.03,8.81,8.88,8.89,0.09,1.0124,1.7458,11776818,105100688.97,7293926020.9,6057685296.0,4759
2016-09-20,'300006,莱美药业,8.89,8.94,8.74,8.86,8.82,0.07,0.7937,1.4058,9483351,83971134.81,7220824312.45,5996973528.0,4601
2016-09-19,'300006,莱美药业,8.82,8.86,8.64,8.66,8.65,0.17,1.9653,1.1354,7658794,67207512.08,7163967428.1,5949753264.0,4041
2016-09-14,'300006,莱美药业,8.65,8.82,8.62,8.72,8.74,-0.09,-1.0297,1.1018,7432753,64665255.42,7025886423.25,5835075480.0,3600
2016-09-13,'300006,莱美药业,8.74,8.82,8.59,8.7,8.67,0.07,0.8074,1.2036,8119383,70552715.03,7098988131.7,5895787248.0,3388
2016-09-12,'300006,莱美药业,8.67,8.88,8.59,8.85,9.01,-0.34,-3.7736,2.0884,14087658,123417895.37,7042131247.35,5848566984.0,5794
2016-09-09,'300006,莱美药业,9.01,9.18,8.99,9.08,9.08,-0.07,-0.7709,2.1932,14794943,134290021.49,7318293257.05,6077922552.0,6703
2016-09-08,'300006,莱美药业,9.08,9.14,8.81,8.84,8.84,0.24,2.7149,4.2758,28843380,260709693.1,7375150141.4,6125142816.0,12177
2016-09-07,'300006,莱美药业,8.84,8.87,8.76,8.79,8.79,0.05,0.5688,1.7267,11647867,102691370.39,7180212252.2,5963244768.0,5224
2016-09-06,'300006,莱美药业,8.79,8.8,8.54,8.6,8.63,0.16,1.854,1.5203,10255700,89225890.46,7139600191.95,5929516008.0,4774
2016-09-05,'300006,莱美药业,8.63,8.7,8.61,8.66,8.63,0.0,0.0,0.7465,5035918,43562082.24,7009641599.15,5821583976.0,2521
2016-09-02,'300006,莱美药业,8.63,8.73,8.56,8.66,8.68,-0.05,-0.576,1.0968,7399077,63924893.27,7009641599.15,5821583976.0,4021
2016-09-01,'300006,莱美药业,8.68,8.85,8.68,8.83,8.82,-0.14,-1.5873,1.1419,7702939,67455741.52,7050253659.4,5855312736.0,4793
2016-08-31,'300006,莱美药业,8.82,8.89,8.77,8.8,8.88,-0.06,-0.6757,1.4385,9703999,85645722.15,7163967428.1,5949753264.0,4983
2016-08-30,'300006,莱美药业,8.88,8.99,8.87,8.99,8.93,-0.05,-0.5599,1.0321,6962570,62033393.27,7212701900.4,5990227776.0,3726
2016-08-29,'300006,莱美药业,8.93,9.11,8.83,8.88,8.91,0.02,0.2245,2.3794,16050660,143889276.4,7253313960.65,6023956536.0,7624
2016-08-26,'300006,莱美药业,8.91,9.18,8.56,8.64,8.63,0.28,3.2445,3.9243,26472585,236091543.74,7237069136.55,6010465032.0,12339
2016-08-25,'300006,莱美药业,8.63,8.74,8.52,8.74,8.77,-0.14,-1.5964,1.8084,12199346,104650737.38,7009641599.15,5821583976.0,5559
2016-08-24,'300006,莱美药业,8.77,8.8,8.7,8.7,8.75,0.02,0.2286,1.1576,7808555,68395798.83,7123355367.85,5916024504.0,4061
2016-08-23,'300006,莱美药业,8.75,8.78,8.5,8.62,8.63,0.12,1.3905,1.3856,9346970,81041827.83,7107110543.75,5902533000.0,4803
2016-08-22,'300006,莱美药业,8.63,8.82,8.63,8.73,8.75,-0.12,-1.3714,1.3178,8889724,77623867.54,7009641599.15,5821583976.0,4648
2016-08-19,'300006,莱美药业,8.75,8.82,8.7,8.81,8.8,-0.05,-0.5682,1.2219,8242912,72244047.93,7107110543.75,5902533000.0,3655
2016-08-18,'300006,莱美药业,8.8,8.84,8.65,8.68,8.7,0.1,1.1494,2.3435,15808420,138317493.18,7147722604.0,5936261760.0,6538
2016-08-17,'300006,莱美药业,8.7,8.76,8.65,8.76,8.75,-0.05,-0.5714,1.1844,7989540,69438826.42,7066498483.5,5868804240.0,4296
2016-08-16,'300006,莱美药业,8.75,8.78,8.69,8.78,8.74,0.01,0.1144,1.6349,11028403,96375343.04,7107110543.75,5902533000.0,5139
2016-08-15,'300006,莱美药业,8.74,8.79,8.55,8.58,8.6,0.14,1.6279,1.7225,11619508,101291512.1,7098988131.7,5895787248.0,5457
2016-08-12,'300006,莱美药业,8.6,8.62,8.5,8.54,8.57,0.03,0.3501,0.8361,5640187,48343889.76,6985274363.0,5801346720.0,2974
2016-08-11,'300006,莱美药业,8.57,8.65,8.5,8.6,8.63,-0.06,-0.6952,1.1216,7566147,64897807.29,6960907126.85,5781109464.0,4034
2016-08-10,'300006,莱美药业,8.63,8.76,8.62,8.7,8.68,-0.05,-0.576,1.5618,10535424,91468330.8,7009641599.15,5821583976.0,4954
2016-08-09,'300006,莱美药业,8.68,8.69,8.37,8.42,8.42,0.26,3.0879,2.1287,14359718,123497799.94,7050253659.4,5855312736.0,7558
2016-08-08,'300006,莱美药业,8.42,8.42,8.22,8.25,8.28,0.14,1.6908,1.3424,9055244,75664427.66,6839070946.1,5679923184.0,4488
2016-08-05,'300006,莱美药业,8.28,8.34,8.28,8.31,8.35,-0.07,-0.8383,0.8107,5468817,45403890.66,6725357177.4,5585482656.0,3756
2016-08-04,'300006,莱美药业,8.35,8.35,8.22,8.33,8.32,0.03,0.3606,1.15,7757898,64349646.41,6782214061.75,5632702920.0,3832
2016-08-03,'300006,莱美药业,8.32,8.36,8.29,8.35,8.34,-0.02,-0.2398,0.8491,5727746,47642197.6,6757846825.6,5612465664.0,3831
2016-08-02,'300006,莱美药业,8.34,8.38,8.25,8.3,8.3,0.04,0.4819,0.9037,6096219,50612338.11,6774091649.7,5625957168.0,3465
2016-08-01,'300006,莱美药业,8.3,8.56,8.21,8.51,8.58,-0.28,-3.2634,1.7348,11702748,97154483.99,6741602001.5,5598974160.0,6505
2016-07-29,'300006,莱美药业,8.58,8.67,8.5,8.67,8.6,-0.02,-0.2326,1.349,9099708,78245658.51,6969029538.9,5787855216.0,4456
2016-07-28,'300006,莱美药业,8.6,8.68,8.43,8.54,8.62,-0.02,-0.232,2.0457,13799727,117921242.73,6985274363.0,5801346720.0,7231
2016-07-27,'300006,莱美药业,8.62,9.19,8.45,9.17,9.13,-0.51,-5.586,3.6523,24637179,217465357.0,7001519187.1,5814838224.0,12582
2016-07-26,'300006,莱美药业,9.13,9.13,9.01,9.04,9.02,0.11,1.2195,1.7239,11628804,105699706.99,7415762201.65,6158871576.0,5820
2016-07-25,'300006,莱美药业,9.02,9.07,8.96,8.98,9.0,0.02,0.2222,1.324,8931239,80550990.61,7326415669.1,6084668304.0,4619
2016-07-22,'300006,莱美药业,9.0,9.12,8.98,9.11,9.1,-0.1,-1.0989,1.9154,12920946,116817551.34,7310170845.0,6071176800.0,6606
2016-07-21,'300006,莱美药业,9.1,9.23,9.03,9.04,9.05,0.05,0.5525,2.6026,17556296,160221486.46,7391394965.5,6138634320.0,9072
2016-07-20,'300006,莱美药业,9.05,9.1,9.0,9.04,9.06,-0.01,-0.1104,1.7172,11583664,104827700.79,7350782905.25,6104905560.0,6017
2016-07-19,'300006,莱美药业,9.06,9.07,8.92,8.98,8.95,0.11,1.2291,1.4595,9845176,88614950.2,7358905317.3,6111651312.0,5244
2016-07-18,'300006,莱美药业,8.95,9.11,8.91,9.08,9.11,-0.16,-1.7563,1.878,12668221,113959061.01,7269558784.75,6037448040.0,6635
2016-07-15,'300006,莱美药业,9.11,9.28,9.03,9.25,9.18,-0.07,-0.7625,2.4302,16393624,149677017.0,7399517377.55,6145380072.0,8115
2016-07-14,'300006,莱美药业,9.18,9.25,9.06,9.11,9.1,0.08,0.8791,3.3535,22621928,207150617.92,7456374261.9,6192600336.0,10489
2016-07-13,'300006,莱美药业,9.1,9.19,9.04,9.06,9.05,0.05,0.5525,2.92,19697275,179624483.75,7391394965.5,6138634320.0,9205
2016-07-12,'300006,莱美药业,9.05,9.06,8.76,9.02,8.97,0.08,0.8919,2.7001,18214403,162743399.05,7350782905.25,6104905560.0,9018
2016-07-11,'300006,莱美药业,8.97,9.19,8.95,9.1,9.06,-0.09,-0.9934,2.7259,18388112,166787645.65,7285803608.85,6050939544.0,9230
2016-07-08,'300006,莱美药业,9.06,9.2,9.03,9.2,9.19,-0.13,-1.4146,2.7059,18253270,165896972.82,7358905317.3,6111651312.0,9909
2016-07-07,'300006,莱美药业,9.19,9.21,8.9,8.98,8.96,0.23,2.567,5.3506,36093921,328946055.42,7464496673.95,6199346088.0,16951
2016-07-06,'300006,莱美药业,8.96,8.96,8.75,8.8,8.79,0.17,1.934,3.9537,26671015,236335502.11,7277681196.8,6044193792.0,10622
2016-07-05,'300006,莱美药业,8.79,8.81,8.66,8.76,8.75,0.04,0.4571,2.4527,16545222,144703950.51,7139600191.95,5929516008.0,7577
2016-07-04,'300006,莱美药业,8.75,8.82,8.5,8.56,8.57,0.18,2.1004,2.375,16021391,139618654.31,7107110543.75,5902533000.0,9415
2016-07-01,'300006,莱美药业,8.57,8.69,8.5,8.66,8.66,-0.09,-1.0393,2.1288,14360256,123187322.03,6960907126.85,5781109464.0,7336
2016-06-30,'300006,莱美药业,8.66,8.77,8.58,8.73,8.73,-0.07,-0.8018,2.7286,18406662,159387051.21,7034008835.3,5841821232.0,7633
2016-06-29,'300006,莱美药业,8.73,8.93,8.7,8.89,8.79,-0.06,-0.6826,2.355,15886074,139359889.35,7090865719.65,5889041496.0,7425
2016-06-28,'300006,莱美药业,8.79,8.79,8.51,8.52,8.56,0.23,2.6869,2.7705,18688865,162547718.55,7139600191.95,5929516008.0,9674
2016-06-27,'300006,莱美药业,8.56,8.59,8.29,8.29,8.45,0.11,1.3018,1.8174,12259674,104471249.53,6952784714.8,5774363712.0,5731
2016-06-24,'300006,莱美药业,8.45,8.75,8.13,8.65,8.72,-0.27,-3.0963,2.7431,18504385,157981579.67,6863438182.25,5700160440.0,9481
2016-06-23,'300006,莱美药业,8.72,8.88,8.59,8.69,8.69,0.03,0.3452,2.2626,15262896,132793781.44,7082743307.6,5882295744.0,7283
2016-06-22,'300006,莱美药业,8.69,8.69,8.55,8.61,8.6,0.09,1.0465,1.7004,11470401,98916395.48,7058376071.45,5862058488.0,5563
2016-06-21,'300006,莱美药业,8.6,8.85,8.57,8.8,8.74,-0.14,-1.6018,2.2435,15133906,131935742.34,6985274363.0,5801346720.0,7470
2016-06-20,'300006,莱美药业,8.74,8.9,8.62,8.84,8.92,-0.18,-2.0179,2.2456,15148593,132210232.17,7098988131.7,5895787248.0,7384
2016-06-17,'300006,莱美药业,8.92,9.07,8.78,8.81,8.8,0.12,1.3636,2.7779,18739319,167978638.49,7245191548.6,6017210784.0,9034
2016-06-16,'300006,莱美药业,8.8,8.9,8.71,8.9,8.89,-0.09,-1.0124,2.2732,15334149,134575550.72,7147722604.0,5936261760.0,8004
2016-06-15,'300006,莱美药业,8.89,8.93,8.51,8.51,8.63,0.26,3.0127,2.4306,16396266,144516093.31,7220824312.45,5996973528.0,9021
2016-06-14,'300006,莱美药业,8.63,8.78,8.58,8.78,8.75,-0.12,-1.3714,2.4055,16226945,140639395.48,7009641599.15,5821583976.0,8530
2016-06-13,'300006,莱美药业,8.75,9.08,8.72,8.76,8.95,-0.2,-2.2346,3.6472,24602809,220069404.93,7107110543.75,5902533000.0,11565
2016-06-08,'300006,莱美药业,8.95,9.21,8.88,9.2,9.2,-0.25,-2.7174,3.0287,20430703,183840454.93,7269558784.75,6037448040.0,11394
2016-06-07,'300006,莱美药业,9.2,9.47,9.14,9.39,9.45,-0.25,-2.6455,3.2348,21820998,202010012.51,7472619086.0,6206091840.0,11375
2016-06-06,'300006,莱美药业,9.45,9.54,9.24,9.29,9.25,0.2,2.1622,3.3557,22636438,211970790.66,7675679387.25,6374735640.0,10837
2016-06-03,'300006,莱美药业,9.25,9.39,9.22,9.37,9.31,-0.06,-0.6445,3.4146,23034100,214387537.08,7513231146.25,6239820600.0,11174
2016-06-02,'300006,莱美药业,9.31,9.48,9.17,9.31,9.31,0.0,0.0,3.9971,26963479,250695769.38,7561965618.55,6280295112.0,13505
2016-06-01,'300006,莱美药业,9.31,9.49,9.05,9.09,9.07,0.24,2.6461,4.8613,32792836,304762790.4,7561965618.55,6280295112.0,16610
2016-05-31,'300006,莱美药业,9.07,9.13,8.7,8.7,8.7,0.37,4.2529,4.3294,29205254,261905895.26,7367027729.35,6118397064.0,14249
2016-05-30,'300006,莱美药业,8.7,8.9,8.68,8.78,8.89,-0.19,-2.1372,1.9578,13206913,115907118.0,7066498483.5,5868804240.0,7730
2016-05-27,'300006,莱美药业,8.89,9.14,8.82,8.9,8.88,0.01,0.1126,2.7012,18221498,163373701.22,7220824312.45,5996973528.0,11683
2016-05-26,'300006,莱美药业,8.88,8.99,8.51,8.86,8.96,-0.08,-0.8929,3.5608,24020244,210021801.09,7212701900.4,5990227776.0,14191
2016-05-25,'300006,莱美药业,8.96,9.38,8.88,9.26,9.24,-0.28,-3.0303,4.8833,32941428,298816253.47,7277681196.8,6044193792.0,19287
2016-05-24,'300006,莱美药业,9.24,10.0,9.21,9.99,9.97,-0.73,-7.322,5.901,39806509,374444437.01,7505108734.2,6233074848.0,22702
2016-05-23,'300006,莱美药业,35.98,37.1,35.71,36.25,35.56,0.42,1.1811,7.405,13875605,504212281.77,8117899600.86,6742004360.0,20936
2016-05-20,'300006,莱美药业,35.56,35.6,33.5,33.83,34.5,1.06,3.0725,4.2003,7870595,273497046.92,8023138126.92,6663303920.0,12061
2016-05-19,'300006,莱美药业,34.5,35.17,33.6,33.7,33.7,0.8,2.3739,4.2512,7965903,274953714.23,7783978216.5,6464679000.0,11611
2016-05-18,'300006,莱美药业,33.7,36.66,32.99,36.23,36.66,-2.96,-8.0742,7.1086,13320185,463496725.32,7603480170.9,6314773400.0,18202
2016-05-17,'300006,莱美药业,36.66,37.15,34.9,35.0,34.97,1.69,4.8327,5.9232,11098982,399669070.41,8271322939.62,6869424120.0,15368
2016-05-16,'300006,莱美药业,34.97,34.98,33.5,33.99,34.19,0.78,2.2814,4.0907,7665178,262989832.36,7890020818.29,6552748540.0,10473
2016-05-13,'300006,莱美药业,34.19,35.57,33.86,34.91,34.89,-0.7,-2.0063,3.6918,6917731,240628110.01,7714035223.83,6406590580.0,9814
2016-05-12,'300006,莱美药业,34.89,35.19,33.5,34.8,35.65,-0.76,-2.1318,4.5496,8525191,292328747.92,7871971013.73,6537757980.0,11734
2016-05-11,'300006,莱美药业,35.65,36.3,35.08,36.06,35.62,0.03,0.0842,4.2033,7876198,282070526.02,8043444157.05,6680168300.0,10683
2016-05-10,'300006,莱美药业,35.62,36.44,35.31,36.38,36.0,-0.38,-1.0556,3.8526,7219160,258542382.67,8036675480.34,6674546840.0,10056
2016-05-09,'300006,莱美药业,36.0,37.69,35.61,37.42,38.0,-2.0,-5.2632,5.378,10077384,368856590.85,8122412052.0,6745752000.0,14632
2016-05-06,'300006,莱美药业,38.0,40.2,37.9,39.95,39.66,-1.66,-4.1856,8.7155,16331368,636480656.91,8573657166.0,7120516000.0,23247
2016-05-05,'300006,莱美药业,39.66,39.86,37.6,37.68,37.85,1.81,4.782,6.3929,11979235,466500295.23,8948190610.62,7431570120.0,16656
2016-05-04,'300006,莱美药业,37.85,38.56,36.74,36.85,37.18,0.67,1.802,5.9964,11236142,427066717.09,8539813782.45,7092408700.0,15304
2016-05-03,'300006,莱美药业,37.18,37.47,35.26,35.75,35.75,1.43,4.0,5.0637,9488542,347637179.42,8388646669.26,6966862760.0,12099
2016-04-29,'300006,莱美药业,35.75,36.4,35.63,35.86,36.27,-0.52,-1.4337,2.7168,5090747,183277205.56,8066006412.75,6698906500.0,7388
2016-04-28,'300006,莱美药业,36.27,36.39,34.95,36.1,35.81,0.46,1.2846,3.747,7021246,250232008.23,8183330142.39,6796345140.0,9844
2016-04-27,'300006,莱美药业,35.81,36.95,35.75,36.4,36.44,-0.63,-1.7289,4.0296,7550740,274489219.14,8079543766.17,6710149420.0,11098
2016-04-26,'300006,莱美药业,36.44,36.45,35.12,35.95,35.97,0.47,1.3066,3.7066,6945489,248948937.69,8221685977.08,6828200080.0,11210
2016-04-25,'300006,莱美药业,35.97,36.92,35.9,36.26,36.26,-0.29,-0.7998,5.5431,10386707,377859503.87,8115643375.29,6740130540.0,14609
2016-04-22,'300006,莱美药业,36.26,36.38,33.83,34.0,34.38,1.88,5.4683,5.8198,10905323,385662790.76,8181073916.82,6794471320.0,13602
2016-04-21,'300006,莱美药业,34.38,35.45,34.1,34.76,34.76,-0.38,-1.0932,4.6207,8658396,302047827.64,7756903509.66,6442193160.0,10489
2016-04-20,'300006,莱美药业,34.76,38.67,34.45,38.48,38.28,-3.52,-9.1954,8.8716,16623808,596409893.18,7842640081.32,6513398320.0,19712
2016-04-19,'300006,莱美药业,38.28,39.27,37.58,39.01,38.65,-0.37,-0.9573,4.2902,8038996,308841593.73,8636831481.96,7172982960.0,10868
2016-04-18,'300006,莱美药业,38.65,38.79,37.48,37.9,38.23,0.42,1.0986,4.5611,8546736,327442056.1,8720311828.05,7242314300.0,10677
2016-04-15,'300006,莱美药业,38.23,39.11,37.88,38.35,38.42,-0.19,-0.4945,4.6066,8631897,331997973.81,8625550354.11,7163613860.0,11703
2016-04-14,'300006,莱美药业,38.42,38.87,37.05,38.15,37.86,0.56,1.4791,5.8645,10989014,416491600.46,8668418639.94,7199216440.0,15515
2016-04-13,'300006,莱美药业,37.86,39.07,37.5,38.0,38.3,-0.44,-1.1488,8.6148,16142590,617061084.48,8542070008.02,7094282520.0,19753
2016-04-12,'300006,莱美药业,38.3,42.28,38.3,42.1,42.55,-4.25,-9.9882,10.7037,20056763,789633163.48,8641343933.1,7176730600.0,24621
2016-04-11,'300006,莱美药业,42.55,43.49,41.52,42.89,42.27,0.28,0.6624,9.5566,17907369,760246202.51,9600239800.35,7973104100.0,22766
2016-04-08,'300006,莱美药业,42.27,42.39,40.5,41.0,41.7,0.57,1.3669,8.7477,16391524,682928324.21,9537065484.39,7920637140.0,20194
2016-04-07,'300006,莱美药业,41.7,43.55,39.08,39.8,40.0,1.7,4.25,11.4993,21547555,884089061.0,9408460626.9,7813829400.0,23030
2016-04-06,'300006,莱美药业,40.0,41.03,37.4,37.5,37.88,2.12,5.5966,8.6649,16236373,635254098.15,9024902280.0,7495280000.0,17244
2016-04-05,'300006,莱美药业,37.88,38.6,37.11,37.36,37.01,0.87,2.3507,6.7817,12707692,483669716.67,8546582459.16,7098030160.0,14091
2016-04-01,'300006,莱美药业,37.01,37.92,35.9,36.49,36.89,0.12,0.3253,6.6742,12506158,459725102.0,8350290834.57,6935007820.0,13201
2016-03-31,'300006,莱美药业,36.89,38.5,36.53,37.8,37.39,-0.5,-1.3373,8.465,15861971,592248090.0,8323216127.73,6912521980.0,16027
2016-03-30,'300006,莱美药业,37.39,37.39,34.51,34.87,34.39,3.0,8.7235,7.5998,14240706,512830401.43,8436027406.23,7006212980.0,15047
2016-03-29,'300006,莱美药业,34.39,34.47,33.03,33.85,33.85,0.54,1.5953,5.4707,10251137,347575337.77,7759159735.23,6444066980.0,11794
2016-03-28,'300006,莱美药业,33.85,36.27,33.42,35.48,35.3,-1.45,-4.1076,5.768,10808260,377164465.44,7637323554.45,6342880700.0,12928
2016-03-25,'300006,莱美药业,35.3,36.68,34.09,36.0,36.0,-0.7,-1.9444,6.8386,12814323,454606437.63,7964476262.1,6614584600.0,13726
2016-03-24,'300006,莱美药业,36.0,38.1,34.1,34.86,35.04,0.96,2.7397,9.4866,17776152,643600118.79,8122412052.0,6745752000.0,19275
2016-03-23,'300006,莱美药业,35.04,35.09,33.28,33.8,33.96,1.08,3.1802,5.595,10484008,358698391.65,7905814397.28,6565865280.0,11988
2016-03-22,'300006,莱美药业,33.96,34.53,32.68,32.84,33.28,0.68,2.0433,4.8088,9010904,303473815.43,7662142035.72,6363492720.0,11111
2016-03-21,'300006,莱美药业,33.28,33.5,32.6,33.0,32.7,0.58,1.7737,5.4979,10301984,340721913.37,7508718696.96,6236072960.0,11753
2016-03-18,'300006,莱美药业,32.7,33.28,30.6,30.7,30.25,2.45,8.0992,8.3368,15621750,500795743.35,7377857613.9,6127391400.0,15840
2016-03-17,'300006,莱美药业,30.25,30.65,28.89,29.0,28.78,1.47,5.1077,4.635,8685108,258957294.93,6825082349.25,5668305500.0,10669
2016-03-16,'300006,莱美药业,28.78,30.18,28.65,30.0,29.56,-0.78,-2.6387,3.125,5855742,171252631.32,6493417190.46,5392853960.0,7804
2016-03-15,'300006,莱美药业,29.56,30.8,29.3,30.15,30.15,-0.59,-1.9569,4.448,8334794,249344335.0,6669402784.92,5539011920.0,9912
2016-03-14,'300006,莱美药业,30.15,30.98,29.2,29.37,28.75,1.4,4.8696,5.8918,11040242,334318314.45,6802520093.55,5649567300.0,11869
2016-03-11,'300006,莱美药业,28.75,29.65,28.51,29.25,29.35,-0.6,-2.0443,3.5169,6590030,190879305.3,6486648513.75,5387232500.0,7643
2016-03-10,'300006,莱美药业,29.35,30.68,28.51,28.51,28.5,0.85,2.9825,5.3469,10019088,297363995.94,6622022047.95,5499661700.0,13304
2016-03-09,'300006,莱美药业,28.5,29.38,27.84,28.03,29.15,-0.65,-2.2298,2.7771,5203879,148644274.06,6430242874.5,5340387000.0,6701
2016-03-08,'300006,莱美药业,29.15,29.24,27.0,28.89,29.16,-0.01,-0.0343,4.5517,8529013,239698347.55,6576897536.55,5462185300.0,9942
2016-03-07,'300006,莱美药业,29.16,30.28,28.53,29.1,28.83,0.33,1.1446,3.919,7343585,215851216.52,6579153762.12,5464059120.0,8768
2016-03-04,'300006,莱美药业,28.83,31.16,28.1,30.9,31.2,-2.37,-7.5962,5.3812,10083353,297074633.07,6504698318.31,5402223060.0,11480
2016-03-03,'300006,莱美药业,31.2,32.56,31.01,31.43,31.79,-0.59,-1.8559,4.542,8510898,270652097.75,7039423778.4,5846318400.0,10741
2016-03-02,'300006,莱美药业,31.79,32.09,29.32,30.0,30.35,1.44,4.7446,5.2961,9923917,306264333.99,7172541087.03,5956873780.0,11356
2016-03-01,'300006,莱美药业,30.35,30.77,27.83,29.79,30.02,0.33,1.0993,6.2315,11676786,345215906.39,6847644604.95,5687043700.0,11626
2016-02-29,'300006,莱美药业,30.02,33.17,30.02,32.85,33.36,-3.34,-10.012,5.1034,9562920,295655114.53,6773189161.14,5625207640.0,8818
2016-02-26,'300006,莱美药业,33.36,34.26,31.7,33.89,33.3,0.06,0.1802,6.9655,13052043,431402862.98,7526768501.52,6251063520.0,13680
2016-02-25,'300006,莱美药业,33.3,36.78,32.81,36.0,36.46,-3.16,-8.667,10.6193,19898648,690803341.14,7513231148.1,6239820600.0,20915
2016-02-24,'300006,莱美药业,36.46,41.6,36.46,40.69,40.51,-4.05,-9.9975,17.4569,32711066,1244496628.89,8226198428.22,6831947720.0,30955
2016-02-23,'300006,莱美药业,40.51,41.23,38.61,39.4,39.25,1.26,3.2102,4.2271,7920828,314125003.75,9139969784.07,7590844820.0,7608
2016-02-22,'300006,莱美药业,39.25,40.0,37.95,38.86,37.74,1.51,4.0011,5.3609,10045418,390512379.92,8855685362.25,7354743500.0,7667
2016-02-19,'300006,莱美药业,37.74,37.74,33.71,33.95,34.31,3.43,9.9971,7.3153,13707647,506896308.99,8514995301.18,7071796680.0,9281
2016-02-18,'300006,莱美药业,34.31,34.48,33.3,33.57,33.55,0.76,2.2653,2.1444,4018205,136582704.01,7741109930.67,6429076420.0,4424
2016-02-17,'300006,莱美药业,33.55,33.91,32.94,33.15,33.15,0.4,1.2066,1.8069,3385815,113074907.56,7569636787.35,6286666100.0,3607
2016-02-16,'300006,莱美药业,33.15,33.83,32.05,32.22,32.22,0.93,2.8864,2.1745,4074557,135391255.44,7479387764.55,6211713300.0,4156
2016-02-15,'300006,莱美药业,32.22,32.49,30.5,30.9,31.98,0.24,0.7505,1.6953,3176600,100453537.71,7269558786.54,6037448040.0,3436
2016-02-05,'300006,莱美药业,31.98,32.0,30.41,30.41,30.64,1.34,4.3734,3.0624,5738428,180119704.08,7215409372.86,5992476360.0,4295
2016-02-04,'300006,莱美药业,30.64,30.95,29.71,29.71,29.74,0.9,3.0262,1.9957,3739506,114008957.88,6913075146.48,5741384480.0,3294
2016-02-03,'300006,莱美药业,29.74,30.1,28.61,29.15,29.49,0.25,0.8477,1.3223,2477825,72249982.49,6710014845.18,5572740680.0,2689
2016-02-02,'300006,莱美药业,29.49,29.92,28.5,28.75,28.52,0.97,3.4011,1.8269,3423359,100736446.48,6653609205.93,5525895180.0,3560
2016-02-01,'300006,莱美药业,28.52,29.78,27.92,29.25,29.48,-0.96,-3.2564,1.4399,2698061,77810414.5,6434755325.64,5344134640.0,3441
2016-01-29,'300006,莱美药业,29.48,29.98,27.45,27.59,27.76,1.72,6.196,2.0442,3830498,110101766.95,6651352980.36,5524021360.0,4005
2016-01-28,'300006,莱美药业,27.76,29.08,27.2,27.25,27.76,0.0,0.0,3.7488,7024553,198719812.04,6263282182.32,5201724320.0,5658
2016-01-27,'300006,莱美药业,27.76,29.9,26.87,29.52,29.85,-2.09,-7.0017,4.3896,8225291,229204520.63,6263282182.32,5201724320.0,5905
2016-01-26,'300006,莱美药业,29.85,33.0,29.85,32.68,33.17,-3.32,-10.009,2.6248,4918443,155112772.9,6734833326.45,5593352700.0,4104
2016-01-25,'300006,莱美药业,33.17,34.24,32.6,33.3,32.8,0.37,1.128,2.2798,4271987,142876087.82,7483900215.69,6215460940.0,4259
2016-01-22,'300006,莱美药业,32.8,33.15,30.88,32.34,32.34,0.46,1.4224,2.6644,4992550,160215414.74,7400419869.6,6146129600.0,4840
2016-01-21,'300006,莱美药业,32.34,34.59,31.3,31.6,32.36,-0.02,-0.0618,3.3914,6354780,209216461.51,7296633493.38,6059933880.0,6471
2016-01-20,'300006,莱美药业,32.36,33.5,31.75,31.89,32.32,0.04,0.1238,3.0014,5624128,183472106.14,7301145944.52,6063681520.0,5941
2016-01-19,'300006,莱美药业,32.32,32.5,30.5,30.8,30.94,1.38,4.4602,2.8809,5398215,171143539.98,7292121042.24,6056186240.0,4980
2016-01-18,'300006,莱美药业,30.94,31.7,28.6,29.0,29.8,1.14,3.8255,2.9199,5471355,168710707.7,6980761913.58,5797599080.0,5425
2016-01-15,'300006,莱美药业,29.8,31.39,28.9,30.5,30.81,-1.01,-3.2782,4.4626,8362045,253666992.34,6723552198.6,5583983600.0,6775
2016-01-14,'300006,莱美药业,30.81,30.81,27.12,27.15,28.01,2.8,9.9964,3.7194,6969522,205023445.78,6951430981.17,5773239420.0,6358
2016-01-13,'300006,莱美药业,28.01,29.73,27.4,28.79,27.94,0.07,0.2505,4.1993,7868747,227289772.68,6319687821.57,5248569820.0,6320
2016-01-12,'300006,莱美药业,27.94,29.59,27.4,28.8,28.8,-0.86,-2.9861,3.7249,6979759,198913632.34,6303894242.58,5235453080.0,6169
2016-01-11,'300006,莱美药业,28.8,32.9,28.8,31.01,32.0,-3.2,-10.0,4.9355,9248246,288263820.1,6497929641.6,5396601600.0,7903
2016-01-08,'300006,莱美药业,32.0,32.99,28.5,31.92,31.41,0.59,1.8784,6.1723,11565762,360722768.96,6457400224.0,5996224000.0,8867
2016-01-07,'300006,莱美药业,31.41,33.78,31.41,33.75,34.9,-3.49,-10.0,1.05,1967500,63397563.25,6338341907.37,5885668620.0,1660
2016-01-06,'300006,莱美药业,34.9,35.38,33.88,34.15,33.93,0.97,2.8588,4.2824,8024355,277939220.71,7042602119.3,6539631800.0,6594
2016-01-05,'300006,莱美药业,33.93,35.5,32.4,33.55,36.0,-2.07,-5.75,5.9758,11197614,377412013.96,6846862175.01,6357871260.0,8924
2016-01-04,'300006,莱美药业,36.0,40.25,36.0,40.0,40.0,-4.0,-10.0,3.5486,6649416,247097171.73,7264575252.0,6745752000.0,6706
