日期,股票代码,名称,收盘价,最高价,最低价,开盘价,前收盘,涨跌额,涨跌幅,换手率,成交量,成交金额,总市值,流通市值,成交笔数
2016-10-12,'300304,云意电气,29.89,30.3,29.89,30.18,30.43,-0.54,-1.7746,1.0378,2075573,62368350.71,6779926820.52,5978000000.0,2701
2016-10-11,'300304,云意电气,30.43,30.49,29.82,30.08,30.2,0.23,0.7616,1.2783,2556541,77149113.17,6902414625.24,6086000000.0,3351
2016-10-10,'300304,云意电气,30.2,30.58,28.32,28.32,28.31,1.89,6.6761,2.2914,4582775,136638431.85,6850243893.6,6040000000.0,4713
2016-09-30,'300304,云意电气,28.31,28.46,27.9,28.09,28.08,0.23,0.8191,0.5212,1042467,29439708.65,6421536577.08,5662000000.0,1234
2016-09-29,'300304,云意电气,28.08,28.1,27.52,27.63,27.53,0.55,1.9978,0.7378,1475502,41269449.98,6369365845.44,5616000000.0,1794
2016-09-28,'300304,云意电气,27.53,27.8,27.39,27.79,27.52,0.01,0.0363,0.4258,851537,23463888.6,6244609748.04,5506000000.0,1130
2016-09-27,'300304,云意电气,27.52,27.65,27.02,27.35,27.42,0.1,0.3647,0.4603,920626,25195632.96,6242341455.36,5504000000.0,848
2016-09-26,'300304,云意电气,27.42,28.19,27.29,28.11,28.08,-0.66,-2.3504,0.8083,1616514,44657909.74,6219658528.56,5484000000.0,2006
2016-09-23,'300304,云意电气,28.08,28.36,27.8,27.99,27.99,0.09,0.3215,0.6482,1296435,36464009.01,6369365845.44,5616000000.0,1411
2016-09-22,'300304,云意电气,27.99,28.3,27.88,28.0,27.99,0.0,0.0,0.6192,1238403,34810177.01,6348951211.32,5598000000.0,1348
2016-09-21,'300304,云意电气,27.99,28.15,27.2,27.61,27.61,0.38,1.3763,0.7071,1414120,39497276.8,6348951211.32,5598000000.0,1845
2016-09-20,'300304,云意电气,27.61,28.03,27.47,28.02,28.02,-0.41,-1.4632,0.51,1019961,28219794.7,6262756089.48,5522000000.0,1550
2016-09-19,'300304,云意电气,28.02,28.2,27.45,27.76,27.67,0.35,1.2649,0.4145,829002,23210157.96,6355756089.36,5604000000.0,1307
2016-09-14,'300304,云意电气,27.67,27.8,27.14,27.4,27.74,-0.07,-0.2523,0.6297,1259394,34634971.22,6276365845.56,5534000000.0,1649
2016-09-13,'300304,云意电气,27.74,27.83,26.66,26.66,26.5,1.24,4.6792,1.517,3034097,82612524.51,6292243894.32,5548000000.0,3205
2016-09-12,'300304,云意电气,26.5,27.1,26.5,27.0,27.53,-1.03,-3.7414,0.793,1585925,42422456.2,6010975602.0,5300000000.0,2169
2016-09-09,'300304,云意电气,27.53,28.32,27.49,28.32,28.05,-0.52,-1.8538,0.7815,1563034,43522114.62,6244609748.04,5506000000.0,2788
2016-09-08,'300304,云意电气,28.05,28.45,27.8,28.36,28.34,-0.29,-1.0233,0.5551,1110185,31160517.55,6362560967.4,5610000000.0,1565
2016-09-07,'300304,云意电气,28.34,28.68,28.15,28.35,28.39,-0.05,-0.1761,0.8314,1662800,47196140.33,6428341455.12,5668000000.0,2610
2016-09-06,'300304,云意电气,28.39,28.39,27.56,28.08,27.82,0.57,2.0489,0.9375,1874988,52537118.24,6439682918.52,5678000000.0,2591
2016-09-05,'300304,云意电气,27.82,28.58,27.81,28.01,28.17,-0.35,-1.2425,0.8063,1612599,45483781.97,6310390235.76,5564000000.0,1400
2016-09-02,'300304,云意电气,28.17,28.67,28.07,28.29,28.5,-0.33,-1.1579,0.579,1157933,32739153.38,6389780479.56,5634000000.0,1358
2016-09-01,'300304,云意电气,28.5,28.82,28.4,28.69,28.66,-0.16,-0.5583,0.6279,1255723,35798231.46,6464634138.0,5700000000.0,1418
2016-08-31,'300304,云意电气,28.66,28.8,27.83,28.1,28.08,0.58,2.0655,1.2682,2536334,72292042.06,6500926820.88,5732000000.0,2391
2016-08-30,'300304,云意电气,28.08,28.94,28.03,28.66,28.67,-0.59,-2.0579,0.998,1996062,56901464.34,6369365845.44,5616000000.0,2564
2016-08-29,'300304,云意电气,28.67,29.11,28.64,28.89,28.91,-0.24,-0.8302,0.4923,984563,28361887.42,6503195113.56,5734000000.0,1949
2016-08-26,'300304,云意电气,28.91,29.49,28.59,28.78,28.9,0.01,0.0346,0.7086,1417293,41323357.21,6557634137.88,5782000000.0,2295
2016-08-25,'300304,云意电气,28.9,28.95,27.96,28.8,28.8,0.1,0.3472,1.2152,2430397,69196048.72,6555365845.2,5780000000.0,2658
2016-08-24,'300304,云意电气,28.8,29.35,28.78,29.11,29.1,-0.3,-1.0309,0.6925,1385042,40089315.92,6532682918.4,5760000000.0,1800
2016-08-23,'300304,云意电气,29.1,29.79,28.67,28.97,29.12,-0.02,-0.0687,0.8118,1623685,47175756.48,6600731698.8,5820000000.0,2564
2016-08-22,'300304,云意电气,29.12,31.03,29.11,31.0,29.68,-0.56,-1.8868,1.2153,2430685,71762467.31,6605268284.16,5824000000.0,3271
2016-08-19,'300304,云意电气,29.68,30.3,28.81,29.06,29.06,0.62,2.1335,2.9273,5854542,173790902.18,6732292674.24,5936000000.0,5038
2016-08-18,'300304,云意电气,29.06,29.25,28.31,28.4,28.6,0.46,1.6084,2.4008,4801605,137607482.51,6591658528.08,5812000000.0,4000
2016-08-17,'300304,云意电气,28.6,28.72,27.98,28.28,28.36,0.24,0.8463,1.5633,3126672,88516893.71,6487317064.8,5720000000.0,3253
2016-08-16,'300304,云意电气,28.36,28.48,27.7,28.12,28.11,0.25,0.8894,2.1092,4218459,117901750.56,6432878040.48,5672000000.0,3910
2016-08-15,'300304,云意电气,28.11,28.2,26.5,26.6,26.99,1.12,4.1497,4.2311,8462143,232339453.39,6376170723.48,5622000000.0,6206
2016-08-12,'300304,云意电气,26.99,27.44,26.7,27.43,27.5,-0.51,-1.8545,1.8821,3764285,101860809.54,6122121943.32,5398000000.0,4065
2016-08-11,'300304,云意电气,27.5,28.4,27.24,28.16,28.39,-0.89,-3.1349,1.9622,3924399,108187137.84,6237804870.0,5500000000.0,4408
2016-08-10,'300304,云意电气,28.39,29.02,28.15,28.7,28.88,-0.49,-1.6967,2.1695,4338952,123962477.86,6439682918.52,5678000000.0,5034
2016-08-09,'300304,云意电气,28.88,28.99,27.62,27.7,28.01,0.87,3.106,2.3958,4791699,137348346.17,6550829259.84,5776000000.0,4806
2016-08-08,'300304,云意电气,28.01,28.1,26.1,27.0,27.46,0.55,2.0029,2.492,4984087,136863385.83,6353487796.68,5602000000.0,3844
2016-08-05,'300304,云意电气,27.46,29.1,27.3,28.6,27.55,-0.09,-0.3267,2.9543,5908692,165054848.59,6228731699.28,5492000000.0,5287
2016-08-04,'300304,云意电气,27.55,27.87,26.27,26.37,26.25,1.3,4.9524,2.1219,4243715,114845920.6,6249146333.4,5510000000.0,5511
2016-08-03,'300304,云意电气,26.25,26.74,26.09,26.49,26.49,-0.24,-0.906,0.9033,1806608,47714917.4,5954268285.0,5250000000.0,2358
2016-08-02,'300304,云意电气,26.49,26.65,26.2,26.45,26.35,0.14,0.5313,0.8654,1730837,45773490.84,6008707309.32,5298000000.0,2184
2016-08-01,'300304,云意电气,26.35,26.76,25.81,26.2,26.33,0.02,0.076,1.3426,2685297,70455186.81,5976951211.8,5270000000.0,3420
2016-07-29,'300304,云意电气,26.33,26.8,25.8,26.55,26.55,-0.22,-0.8286,2.571,5141918,134884980.73,5972414626.44,5266000000.0,4188
2016-07-28,'300304,云意电气,26.55,26.6,25.7,25.78,26.25,0.3,1.1429,2.3541,4708147,123099604.04,6022317065.4,5310000000.0,4183
2016-07-27,'300304,云意电气,26.25,29.37,26.25,29.3,29.17,-2.92,-10.0103,4.1273,8254601,224774024.94,5954268285.0,5250000000.0,8711
2016-07-26,'300304,云意电气,29.17,29.6,28.8,28.97,28.97,0.2,0.6904,1.8253,3650671,106261521.45,6616609747.56,5834000000.0,3170
2016-07-25,'300304,云意电气,28.97,30.1,28.9,29.75,29.75,-0.78,-2.6218,1.5711,3142153,92420681.36,6571243893.96,5794000000.0,3807
2016-07-22,'300304,云意电气,29.75,30.31,29.66,29.7,29.95,-0.2,-0.6678,1.3025,2605040,78185156.11,6748170723.0,5950000000.0,3138
2016-07-21,'300304,云意电气,29.95,30.35,29.5,30.0,29.86,0.09,0.3014,1.6094,3218879,96511308.9,6793536576.6,5990000000.0,4214
2016-07-20,'300304,云意电气,29.86,30.2,29.8,29.9,29.85,0.01,0.0335,1.1211,2242125,67269072.72,6773121942.48,5972000000.0,2896
2016-07-19,'300304,云意电气,29.85,30.27,29.22,30.15,30.19,-0.34,-1.1262,1.737,3474029,103091540.4,6770853649.8,5970000000.0,4587
2016-07-18,'300304,云意电气,30.19,30.32,29.7,29.88,30.0,0.19,0.6333,1.6856,3371286,101439251.05,6847975600.92,6038000000.0,3808
2016-07-15,'300304,云意电气,30.0,30.2,29.51,30.03,30.13,-0.13,-0.4315,1.5496,3099276,92671205.26,6804878040.0,6000000000.0,4613
2016-07-14,'300304,云意电气,30.13,30.41,29.4,30.38,30.53,-0.4,-1.3102,2.1905,4380934,131038387.26,6834365844.84,6026000000.0,5718
2016-07-13,'300304,云意电气,30.53,30.97,30.25,30.85,30.72,-0.19,-0.6185,1.4924,2984881,91069182.66,6925097552.04,6106000000.0,4876
2016-07-12,'300304,云意电气,30.72,31.7,29.76,31.15,31.42,-0.7,-2.2279,2.2025,4405095,133689631.57,6968195112.96,6144000000.0,5448
2016-07-11,'300304,云意电气,31.42,32.85,30.87,32.34,32.67,-1.25,-3.8261,2.1818,4363589,137759745.2,7126975600.56,6284000000.0,5493
2016-07-08,'300304,云意电气,32.67,33.75,32.05,32.35,32.8,-0.13,-0.3963,2.1124,4224895,138928716.02,7410512185.56,6534000000.0,5579
2016-07-07,'300304,云意电气,32.8,33.18,31.91,31.91,31.36,1.44,4.5918,3.1007,6201498,200642900.68,7439999990.4,6560000000.0,7223
2016-07-06,'300304,云意电气,31.36,31.84,30.37,31.6,31.55,-0.19,-0.6022,2.3155,4630975,144178327.06,7113365844.48,6272000000.0,5268
2016-07-05,'300304,云意电气,31.55,32.27,31.28,32.2,32.13,-0.58,-1.8052,1.7804,3560822,112491369.47,7156463405.4,6310000000.0,4736
2016-07-04,'300304,云意电气,32.13,32.29,31.3,31.66,32.06,0.07,0.2183,1.4314,2862876,91618574.93,7288024380.84,6426000000.0,3647
2016-07-01,'300304,云意电气,32.06,33.46,31.84,31.95,32.08,-0.02,-0.0623,2.7392,5478368,178814204.88,7272146332.08,6412000000.0,5226
2016-06-30,'300304,云意电气,32.08,32.45,31.66,32.11,32.41,-0.33,-1.0182,2.2878,4575511,146053878.36,7276682917.44,6416000000.0,4557
2016-06-29,'300304,云意电气,32.41,34.0,32.1,33.24,33.24,-0.83,-2.497,3.3053,6610697,216949359.59,7351536575.88,6482000000.0,6681
2016-06-28,'300304,云意电气,33.24,33.66,31.21,31.85,31.93,1.31,4.1027,5.0037,10007442,325431016.1,7539804868.32,6648000000.0,9428
2016-06-27,'300304,云意电气,31.93,31.93,28.56,28.56,29.03,2.9,9.9897,3.7566,7513202,229193596.9,7242658527.24,6386000000.0,8083
2016-06-24,'300304,云意电气,29.03,30.96,27.38,30.53,30.1,-1.07,-3.5548,3.1683,6336578,188391150.68,6584853650.04,5806000000.0,7225
2016-06-23,'300304,云意电气,30.1,30.67,29.14,29.84,29.8,0.3,1.0067,3.1424,6284787,188737200.72,6827560966.8,6020000000.0,7051
2016-06-22,'300304,云意电气,29.8,29.8,28.41,28.75,28.66,1.14,3.9777,2.5136,5027177,146038308.55,6759512186.4,5960000000.0,5838
2016-06-21,'300304,云意电气,28.66,29.98,28.3,29.73,29.73,-1.07,-3.5991,2.6155,5231021,152791670.05,6500926820.88,5732000000.0,7251
2016-06-20,'300304,云意电气,29.73,30.5,28.37,28.37,28.25,1.48,5.2389,4.071,8142011,240561961.95,6743634137.64,5946000000.0,8592
2016-06-17,'300304,云意电气,28.25,28.66,27.61,27.61,27.85,0.4,1.4363,2.1549,4309759,121271636.8,6407926821.0,5650000000.0,4992
2016-06-16,'300304,云意电气,27.85,28.56,27.17,27.48,27.45,0.4,1.4572,2.7458,5491648,154470245.17,6317195113.8,5570000000.0,7002
2016-06-15,'300304,云意电气,27.45,27.81,25.85,25.98,26.3,1.15,4.3726,2.6105,5220951,142159445.78,6226463406.6,5490000000.0,5804
2016-06-14,'300304,云意电气,26.3,28.28,25.9,28.02,27.92,-1.62,-5.8023,3.4223,6844520,183061643.26,5965609748.4,5260000000.0,8049
2016-06-13,'300304,云意电气,27.92,30.68,27.92,28.46,28.94,-1.02,-3.5245,4.8586,9717260,282739830.75,6333073162.56,5584000000.0,10120
2016-06-08,'300304,云意电气,28.94,29.52,28.0,28.0,28.22,0.72,2.5514,3.3211,6642147,192023858.98,6564439015.92,5788000000.0,7765
2016-06-07,'300304,云意电气,28.22,28.57,27.9,28.31,28.65,-0.43,-1.5009,2.1352,4270385,120358027.49,6401121942.96,5644000000.0,4748
2016-06-06,'300304,云意电气,28.65,28.96,27.42,27.65,27.63,1.02,3.6916,3.2506,6501193,183605878.31,6498658528.2,5730000000.0,7498
2016-06-03,'300304,云意电气,27.63,28.79,27.61,28.2,28.47,-0.84,-2.9505,3.0555,6110945,172066993.94,6267292674.84,5526000000.0,6862
2016-06-02,'300304,云意电气,28.47,28.58,27.18,27.97,28.05,0.42,1.4973,4.4613,8922618,248226390.28,6457829259.96,5694000000.0,10531
2016-06-01,'300304,云意电气,28.05,28.78,27.88,28.08,28.3,-0.25,-0.8834,4.4091,8818167,250043911.74,6362560967.4,5610000000.0,9551
2016-05-31,'300304,云意电气,28.3,28.43,26.89,27.0,27.37,0.93,3.3979,4.991,9981994,276593913.96,6419268284.4,5660000000.0,11075
2016-05-30,'300304,云意电气,27.37,27.98,26.0,26.2,26.66,0.71,2.6632,3.9219,7843888,213157630.31,6208317065.16,5474000000.0,9461
2016-05-27,'300304,云意电气,26.66,27.05,25.45,26.01,26.43,0.23,0.8702,4.0373,8074504,212115301.79,6047268284.88,5332000000.0,10387
2016-05-26,'300304,云意电气,26.43,27.43,25.64,25.7,24.94,1.49,5.9743,4.7949,9589786,254912286.03,5995097553.24,5286000000.0,10557
2016-05-25,'300304,云意电气,24.94,25.73,24.8,25.5,25.21,-0.27,-1.071,1.3012,2602349,65804683.05,5657121943.92,4988000000.0,3045
2016-05-24,'300304,云意电气,25.41,26.0,24.9,26.0,26.08,-0.67,-2.569,1.4783,2956669,75012177.25,5763731699.88,5082000000.0,3483
2016-05-23,'300304,云意电气,26.08,26.25,25.5,25.74,25.56,0.52,2.0344,1.8083,3616563,93852516.32,5915707309.44,5216000000.0,3920
2016-05-20,'300304,云意电气,25.56,25.56,23.92,24.07,24.55,1.01,4.1141,1.6627,3325410,83379141.56,5797756090.08,5112000000.0,3854
2016-05-19,'300304,云意电气,24.55,25.41,24.26,24.26,24.48,0.07,0.2859,1.3133,2626575,65395181.81,5568658529.4,4910000000.0,3243
2016-05-18,'300304,云意电气,24.48,25.64,24.01,25.55,25.9,-1.42,-5.4826,1.5546,3109265,76985279.14,5552780480.64,4896000000.0,3601
2016-05-17,'300304,云意电气,25.9,26.45,25.45,26.28,26.11,-0.21,-0.8043,1.4775,2955011,76626052.32,5874878041.2,5180000000.0,3867
2016-05-16,'300304,云意电气,26.11,26.22,24.76,24.9,25.21,0.9,3.57,1.5229,3045707,77843317.66,5922512187.48,5222000000.0,3631
2016-05-13,'300304,云意电气,25.21,25.56,24.7,25.17,25.18,0.03,0.1191,1.2032,2406392,60562827.35,5718365846.28,5042000000.0,2859
2016-05-12,'300304,云意电气,25.18,25.49,22.89,23.95,24.25,0.93,3.8351,2.0186,4037219,99240736.32,5711560968.24,5036000000.0,5024
2016-05-11,'300304,云意电气,24.25,25.68,24.0,25.18,25.1,-0.85,-3.3865,1.1213,2242506,55924975.92,5500609749.0,4850000000.0,2804
2016-05-10,'300304,云意电气,25.1,25.42,24.9,24.9,24.84,0.26,1.0467,1.1618,2323535,58510373.68,5693414626.8,5020000000.0,2671
2016-05-09,'300304,云意电气,24.84,26.38,24.45,26.02,26.46,-1.62,-6.1224,1.9171,3834203,96511557.44,5634439017.12,4968000000.0,4361
2016-05-06,'300304,云意电气,26.46,28.49,26.0,28.37,28.3,-1.84,-6.5018,2.9164,5832863,158030924.46,6001902431.28,5292000000.0,7040
2016-05-05,'300304,云意电气,28.3,28.6,27.6,28.45,28.7,-0.4,-1.3937,1.7773,3554684,100048271.73,6419268284.4,5660000000.0,4646
2016-05-04,'300304,云意电气,28.7,29.3,28.2,28.5,28.99,-0.29,-1.0003,2.7508,5501674,157637234.68,6509999991.6,5740000000.0,5890
2016-05-03,'300304,云意电气,28.99,29.31,26.7,27.45,27.45,1.54,5.6102,3.004,6008050,168521064.19,6575780479.32,5798000000.0,6444
2016-04-29,'300304,云意电气,27.45,28.55,26.66,26.8,27.1,0.35,1.2915,2.3534,4706892,130357339.36,6226463406.6,5490000000.0,5603
2016-04-28,'300304,云意电气,27.1,27.2,25.78,26.99,26.61,0.49,1.8414,2.0986,4197264,111138013.27,6147073162.8,5420000000.0,5184
2016-04-27,'300304,云意电气,26.61,27.5,26.55,26.8,26.79,-0.18,-0.6719,2.1383,4276529,115680298.04,6035926821.48,5322000000.0,4874
2016-04-26,'300304,云意电气,26.79,26.97,25.41,25.63,25.69,1.1,4.2818,2.5413,5082698,133745016.4,6076756089.72,5358000000.0,5950
2016-04-25,'300304,云意电气,25.69,25.69,24.61,25.28,25.52,0.17,0.6661,1.4158,2831665,71301655.83,5827243894.92,5138000000.0,3245
2016-04-22,'300304,云意电气,25.52,25.62,24.13,24.5,25.4,0.12,0.4724,1.9766,3953124,99215909.0,5788682919.36,5104000000.0,3910
2016-04-21,'300304,云意电气,25.4,26.48,24.5,24.5,24.9,0.5,2.008,2.171,4341936,111294880.25,5761463407.2,5080000000.0,4894
2016-04-20,'300304,云意电气,24.9,27.77,24.57,27.09,27.3,-2.4,-8.7912,2.7241,5448269,140106127.57,5648048773.2,4980000000.0,5687
2016-04-19,'300304,云意电气,27.3,28.31,26.58,27.31,27.44,-0.14,-0.5102,2.0319,4063884,111434216.09,5460000000.0,5460000000.0,4543
2016-04-18,'300304,云意电气,27.44,27.53,26.01,26.6,27.53,-0.09,-0.3269,2.3538,4707625,125479007.31,5488000000.0,5488000000.0,5861
2016-04-15,'300304,云意电气,27.53,28.65,26.9,26.9,26.75,0.78,2.9159,2.743,5486079,152534301.31,5506000000.0,5506000000.0,6739
2016-04-14,'300304,云意电气,26.75,27.11,25.86,26.3,25.6,1.15,4.4922,2.7232,5446448,144845164.02,5350000000.0,5350000000.0,5708
2016-04-13,'300304,云意电气,25.6,26.5,25.1,25.18,25.18,0.42,1.668,2.7563,5512570,143535872.93,5120000000.0,5120000000.0,6016
2016-04-12,'300304,云意电气,25.18,26.6,24.81,26.5,26.75,-1.57,-5.8692,3.0453,6090664,154896879.44,5036000000.0,5036000000.0,6996
2016-04-11,'300304,云意电气,26.75,26.75,24.37,24.63,24.32,2.43,9.9918,3.612,7224005,187161744.4,5350000000.0,5350000000.0,6954
2016-04-08,'300304,云意电气,24.32,25.2,23.58,24.88,25.21,-0.89,-3.5303,3.0069,6013790,145342361.56,4864000000.0,4864000000.0,5886
2016-04-07,'300304,云意电气,25.21,26.76,25.05,26.65,26.95,-1.74,-6.4564,4.0259,8051770,209264917.59,5042000000.0,5042000000.0,7471
2016-04-06,'300304,云意电气,26.95,26.95,24.52,24.85,24.5,2.45,10.0,5.4033,10806511,284741530.38,5390000000.0,5390000000.0,7274
2016-04-05,'300304,云意电气,0.0,0.0,0.0,0.0,24.5,None,None,0.0,0,0.0,4900000000.0,4900000000.0,0
2016-04-01,'300304,云意电气,0.0,0.0,0.0,0.0,24.5,None,None,0.0,0,0.0,4900000000.0,4900000000.0,0
2016-03-31,'300304,云意电气,0.0,0.0,0.0,0.0,24.5,None,None,0.0,0,0.0,4900000000.0,4900000000.0,0
2016-03-30,'300304,云意电气,0.0,0.0,0.0,0.0,24.5,None,None,0.0,0,0.0,4900000000.0,4900000000.0,0
2016-03-29,'300304,云意电气,0.0,0.0,0.0,0.0,24.5,None,None,0.0,0,0.0,4900000000.0,4900000000.0,0
2016-03-28,'300304,云意电气,0.0,0.0,0.0,0.0,24.5,None,None,0.0,0,0.0,4900000000.0,4900000000.0,0
2016-03-25,'300304,云意电气,0.0,0.0,0.0,0.0,24.5,None,None,0.0,0,0.0,4900000000.0,4900000000.0,0
2016-03-24,'300304,云意电气,24.5,25.6,22.5,23.47,23.4,1.1,4.7009,3.4704,6940752,168040156.3,4900000000.0,4900000000.0,6739
2016-03-23,'300304,云意电气,23.4,23.83,23.0,23.16,23.4,0.0,0.0,1.5506,3101183,72560474.16,4680000000.0,4680000000.0,3194
2016-03-22,'300304,云意电气,23.4,24.13,22.74,23.2,23.5,-0.1,-0.4255,2.6734,5346809,125351815.32,4680000000.0,4680000000.0,4705
2016-03-21,'300304,云意电气,23.5,23.79,22.04,22.5,22.0,1.5,6.8182,3.4308,6861550,155093153.69,4700000000.0,4700000000.0,5322
2016-03-18,'300304,云意电气,22.0,22.53,21.29,21.35,21.21,0.79,3.7247,2.958,5916004,129748881.41,4400000000.0,4400000000.0,5859
2016-03-17,'300304,云意电气,21.21,21.21,19.65,19.86,19.72,1.49,7.5558,3.0494,6098778,125365108.35,4242000000.0,4242000000.0,5145
2016-03-16,'300304,云意电气,19.72,20.95,19.6,20.56,20.01,-0.29,-1.4493,1.8033,3606610,72611655.97,3944000000.0,3944000000.0,3627
2016-03-15,'300304,云意电气,20.01,20.6,19.31,19.43,19.56,0.45,2.3006,2.6887,5377452,108155493.13,4002000000.0,4002000000.0,5120
2016-03-14,'300304,云意电气,19.56,20.1,18.62,18.62,18.27,1.29,7.0608,2.0267,4053383,78901695.94,3912000000.0,3912000000.0,4645
2016-03-11,'300304,云意电气,18.27,18.6,18.03,18.1,18.44,-0.17,-0.9219,0.8717,1743302,31905348.68,3654000000.0,3654000000.0,2156
2016-03-10,'300304,云意电气,18.44,19.44,18.2,18.88,18.88,-0.44,-2.3305,1.1749,2349705,44459751.05,3688000000.0,3688000000.0,2997
2016-03-09,'300304,云意电气,18.88,19.69,18.7,19.0,19.62,-0.74,-3.7717,1.2864,2572822,49240951.2,3776000000.0,3776000000.0,3403
2016-03-08,'300304,云意电气,19.62,19.67,17.65,18.9,18.93,0.69,3.645,2.123,4246044,80308222.73,3924000000.0,3924000000.0,5163
2016-03-07,'300304,云意电气,18.93,19.85,18.63,18.99,18.78,0.15,0.7987,1.7749,3549821,68264617.9,3786000000.0,3786000000.0,3813
2016-03-04,'300304,云意电气,18.78,20.99,18.7,20.05,20.68,-1.9,-9.1876,1.8971,3794156,74486810.27,3756000000.0,3756000000.0,4484
2016-03-03,'300304,云意电气,20.68,21.56,20.43,20.9,21.0,-0.32,-1.5238,2.0759,4151717,87093491.93,4136000000.0,4136000000.0,5015
2016-03-02,'300304,云意电气,21.0,21.19,18.85,18.95,19.4,1.6,8.2474,2.5036,5007261,100170251.35,4200000000.0,4200000000.0,6066
2016-03-01,'300304,云意电气,19.4,19.93,17.5,19.6,19.4,0.0,0.0,2.4998,4999537,94349329.8,3880000000.0,3880000000.0,5844
2016-02-29,'300304,云意电气,19.4,21.55,19.4,21.0,21.55,-2.15,-9.9768,2.0412,4082370,80261481.36,3880000000.0,3880000000.0,3655
2016-02-26,'300304,云意电气,21.55,22.64,21.0,21.98,21.8,-0.25,-1.1468,2.5394,5078747,111279359.62,4310000000.0,4310000000.0,5176
2016-02-25,'300304,云意电气,21.8,24.71,21.28,23.53,23.63,-1.83,-7.7444,3.7658,7531687,174615463.75,4360000000.0,4360000000.0,8175
2016-02-24,'300304,云意电气,23.63,24.1,22.18,23.48,23.6,0.03,0.1271,2.2058,4411594,101828894.22,4726000000.0,4726000000.0,5252
2016-02-23,'300304,云意电气,23.6,24.48,23.18,24.48,24.52,-0.92,-3.752,1.5669,3133718,74241812.37,4720000000.0,4720000000.0,4027
2016-02-22,'300304,云意电气,24.52,24.64,23.61,24.52,24.09,0.43,1.785,1.7242,3448430,82993107.35,4904000000.0,4904000000.0,4418
2016-02-19,'300304,云意电气,24.09,24.98,23.6,23.6,23.79,0.3,1.261,1.8502,3700323,90181590.11,4818000000.0,4818000000.0,4837
2016-02-18,'300304,云意电气,23.79,24.55,23.02,23.22,23.45,0.34,1.4499,2.5531,5106287,121191247.24,4758000000.0,4758000000.0,5345
2016-02-17,'300304,云意电气,23.45,24.48,22.7,23.0,22.29,1.16,5.2041,3.2048,6409616,151800711.99,4690000000.0,4690000000.0,6990
2016-02-16,'300304,云意电气,22.29,22.62,20.97,20.97,20.95,1.34,6.3962,2.3478,4695623,103327838.62,4458000000.0,4458000000.0,4425
2016-02-15,'300304,云意电气,20.95,21.29,20.0,20.0,21.4,-0.45,-2.1028,1.4002,2800357,58172166.5,4190000000.0,4190000000.0,3178
2016-02-05,'300304,云意电气,21.4,22.1,20.1,20.28,20.3,1.1,5.4187,2.4909,4981803,106969707.5,4280000000.0,4280000000.0,4975
2016-02-04,'300304,云意电气,20.3,20.98,19.89,19.89,19.92,0.38,1.9076,1.6468,3293526,67388353.31,4060000000.0,4060000000.0,4068
2016-02-03,'300304,云意电气,19.92,20.29,19.0,19.8,19.98,-0.06,-0.3003,1.5576,3115171,60704990.11,3984000000.0,3984000000.0,3747
2016-02-02,'300304,云意电气,19.98,20.6,19.0,19.22,18.91,1.07,5.6584,1.9941,3988170,79407053.59,3996000000.0,3996000000.0,4164
2016-02-01,'300304,云意电气,18.91,19.38,18.47,19.36,19.01,-0.1,-0.526,1.868,3735921,70836493.15,3782000000.0,3782000000.0,3749
2016-01-29,'300304,云意电气,19.01,19.01,17.35,17.35,17.28,1.73,10.0116,1.8815,3763039,68815558.72,3802000000.0,3802000000.0,3858
2016-01-28,'300304,云意电气,17.28,18.99,17.28,18.8,19.2,-1.92,-10.0,1.9446,3889146,69974323.95,3456000000.0,3456000000.0,4708
2016-01-27,'300304,云意电气,19.2,20.0,18.05,19.15,20.05,-0.85,-4.2394,2.6035,5207032,97438503.48,3840000000.0,3840000000.0,5091
2016-01-26,'300304,云意电气,20.05,21.85,20.05,21.5,22.28,-2.23,-10.009,2.1602,4320306,90702541.53,4010000000.0,4010000000.0,5086
2016-01-25,'300304,云意电气,22.28,22.86,21.8,22.02,21.91,0.37,1.6887,2.5497,5099302,113928179.24,4456000000.0,4456000000.0,5366
2016-01-22,'300304,云意电气,21.91,22.27,20.6,20.8,20.89,1.02,4.8827,2.6084,5216757,111966947.45,4382000000.0,4382000000.0,6334
2016-01-21,'300304,云意电气,20.89,22.5,20.86,21.77,22.38,-1.49,-6.6577,3.3321,6664231,144358973.65,4178000000.0,4178000000.0,7834
2016-01-20,'300304,云意电气,22.38,22.97,21.5,21.94,20.96,1.42,6.7748,6.1087,12217417,269955557.94,4476000000.0,4476000000.0,11518
2016-01-19,'300304,云意电气,20.96,20.96,18.8,18.99,19.05,1.91,10.0262,3.6822,7364319,151608911.54,4192000000.0,4192000000.0,4190
2016-01-18,'300304,云意电气,19.05,19.54,17.7,18.09,18.32,0.73,3.9847,2.8192,5638368,105548332.23,3810000000.0,3810000000.0,5082
2016-01-15,'300304,云意电气,18.32,20.33,18.3,19.93,20.33,-2.01,-9.8869,2.666,5332015,103489499.76,3664000000.0,3664000000.0,5590
2016-01-14,'300304,云意电气,20.33,20.84,17.6,18.14,19.33,1.0,5.1733,3.0507,6101351,116967013.25,4066000000.0,4066000000.0,5887
2016-01-13,'300304,云意电气,19.33,22.1,19.33,21.65,21.48,-2.15,-10.0093,2.7842,5568341,113992397.11,3866000000.0,3866000000.0,5674
2016-01-12,'300304,云意电气,21.48,22.87,20.7,22.08,22.5,-1.02,-4.5333,2.8135,5627096,122083172.71,4296000000.0,4296000000.0,5353
2016-01-11,'300304,云意电气,22.5,24.24,22.5,24.13,25.0,-2.5,-10.0,2.3659,4731757,109712158.44,4500000000.0,4500000000.0,5279
2016-01-08,'300304,云意电气,25.0,26.42,23.67,26.4,25.39,-0.39,-1.536,3.3796,6759295,172159759.17,5000000000.0,5000000000.0,6430
2016-01-07,'300304,云意电气,25.39,27.57,25.39,27.53,28.21,-2.82,-9.9965,0.7052,1410300,37159679.6,5078000000.0,5078000000.0,1576
2016-01-06,'300304,云意电气,28.21,28.55,26.81,27.3,27.57,0.64,2.3214,4.0689,8137797,227257007.22,5642000000.0,5642000000.0,8557
2016-01-05,'300304,云意电气,27.57,27.8,24.1,24.3,26.64,0.93,3.491,4.9843,9968622,255920198.15,5514000000.0,5514000000.0,10066
2016-01-04,'300304,云意电气,26.64,29.54,26.64,29.32,29.6,-2.96,-10.0,2.652,5304005,147347106.44,5328000000.0,5328000000.0,6067
