日期,股票代码,名称,收盘价,最高价,最低价,开盘价,前收盘,涨跌额,涨跌幅,换手率,成交量,成交金额,总市值,流通市值,成交笔数
2016-10-12,'300056,三维丝,18.69,19.08,18.59,19.08,19.0,-0.31,-1.6316,1.1069,3315260,62286806.48,6993749200.41,5598028800.0,2699
2016-10-11,'300056,三维丝,19.0,19.17,18.7,18.9,18.9,0.1,0.5291,1.1358,3402035,64655351.01,7109750391.0,5690880000.0,4613
2016-10-10,'300056,三维丝,18.9,18.99,18.71,18.75,18.55,0.35,1.8868,0.9917,2970305,56011526.96,7072330652.1,5660928000.0,2795
2016-09-30,'300056,三维丝,18.55,18.58,18.17,18.33,18.3,0.25,1.3661,0.675,2021874,37121415.08,6941361565.95,5556096000.0,1980
2016-09-29,'300056,三维丝,18.3,18.39,18.11,18.39,18.29,0.01,0.0547,0.7379,2210233,40347650.65,6847812218.7,5481216000.0,1949
2016-09-28,'300056,三维丝,18.29,18.5,18.1,18.2,18.37,-0.08,-0.4355,0.9587,2871351,52542631.38,6844070244.81,5478220800.0,2465
2016-09-27,'300056,三维丝,18.37,18.4,17.88,18.17,18.17,0.2,1.1007,1.1725,3511851,63607534.59,6874006035.93,5502182400.0,3248
2016-09-26,'300056,三维丝,18.17,19.09,18.02,19.05,18.97,-0.8,-4.2172,1.5746,4716380,87958203.02,6799166558.13,5442278400.0,4228
2016-09-23,'300056,三维丝,18.97,19.3,18.91,19.0,19.05,-0.08,-0.4199,0.8208,2458418,46824574.24,7098524469.33,5681894400.0,2403
2016-09-22,'300056,三维丝,19.05,19.29,18.9,19.11,18.98,0.07,0.3688,0.9913,2969057,56631111.83,7128460260.45,5705856000.0,2314
2016-09-21,'300056,三维丝,18.98,19.15,18.95,19.04,19.04,-0.06,-0.3151,0.8309,2488763,47396934.96,7102266443.22,5684889600.0,2321
2016-09-20,'300056,三维丝,19.04,19.36,18.98,19.19,19.19,-0.15,-0.7817,1.1087,3320679,63597114.42,7124718286.56,5702860800.0,2729
2016-09-19,'300056,三维丝,19.19,19.33,18.68,18.68,18.69,0.5,2.6752,1.4884,4458041,85287648.83,7180847894.91,5747788800.0,3716
2016-09-14,'300056,三维丝,18.69,19.04,18.53,18.59,18.88,-0.19,-1.0064,1.2355,3700423,69540230.73,6993749200.41,5598028800.0,2926
2016-09-13,'300056,三维丝,18.88,19.19,18.75,19.01,18.96,-0.08,-0.4219,1.4767,4423023,83582229.23,7064846704.32,5654937600.0,3725
2016-09-12,'300056,三维丝,18.96,19.7,18.67,19.7,19.92,-0.96,-4.8193,3.2452,9720030,187303475.36,7094782495.44,5678899200.0,6828
2016-09-09,'300056,三维丝,19.92,20.28,19.89,19.91,20.08,-0.16,-0.7968,2.9355,8792310,176474575.34,7454011988.88,5966438400.0,5830
2016-09-08,'300056,三维丝,20.08,20.26,19.61,19.7,19.89,0.19,0.9553,2.7428,8215098,163426029.6,7513883571.12,6014361600.0,6408
2016-09-07,'300056,三维丝,19.89,20.78,19.8,20.2,20.36,-0.47,-2.3084,6.3764,19098510,386756772.23,7442786067.21,5957452800.0,14349
2016-09-06,'300056,三维丝,20.36,20.59,19.02,19.18,19.34,1.02,5.274,5.488,16437676,327386018.56,7618658840.04,6098227200.0,12390
2016-09-05,'300056,三维丝,19.34,19.96,19.19,19.89,19.65,-0.31,-1.5776,3.4798,10422695,202981444.01,7236977503.26,5792716800.0,8439
2016-09-02,'300056,三维丝,19.65,19.79,19.12,19.17,19.27,0.38,1.972,3.2447,9718591,189934961.77,7352978693.85,5885568000.0,7236
2016-09-01,'300056,三维丝,19.27,19.48,18.89,18.95,18.9,0.37,1.9577,2.5377,7600955,146409189.57,7210783686.03,5771750400.0,6076
2016-08-31,'300056,三维丝,18.9,19.15,18.7,18.83,18.86,0.04,0.2121,1.1328,3392949,64275433.19,7072330652.1,5660928000.0,2788
2016-08-30,'300056,三维丝,18.86,19.17,18.72,19.08,19.18,-0.32,-1.6684,1.9815,5935094,112344046.2,7057362756.54,5648947200.0,4684
2016-08-29,'300056,三维丝,19.18,19.59,18.59,18.62,18.59,0.59,3.1737,2.876,8614118,165437583.75,7177105921.02,5744793600.0,7609
2016-08-26,'300056,三维丝,18.59,19.05,18.5,18.5,18.51,0.08,0.4322,2.2988,6885432,129702274.0,6956329461.51,5568076800.0,4461
2016-08-25,'300056,三维丝,18.51,18.54,17.88,18.5,18.61,-0.1,-0.5373,1.446,4330952,78682435.38,6926393670.39,5544115200.0,3145
2016-08-24,'300056,三维丝,18.61,18.83,18.45,18.54,18.66,-0.05,-0.268,1.1435,3424870,63687946.96,6963813409.29,5574067200.0,2815
2016-08-23,'300056,三维丝,18.66,19.13,17.82,18.09,17.93,0.73,4.0714,2.1468,6429948,119945011.88,6982523278.74,5589043200.0,5239
2016-08-22,'300056,三维丝,17.93,18.68,17.93,18.42,18.54,-0.61,-3.2902,0.9299,2785329,50774563.61,6709359184.77,5370393600.0,2257
2016-08-19,'300056,三维丝,18.54,18.69,18.42,18.69,18.66,-0.12,-0.6431,0.7316,2191354,40640491.04,6937619592.06,5553100800.0,1660
2016-08-18,'300056,三维丝,18.66,18.84,18.43,18.84,18.65,0.01,0.0536,1.32,3953698,73395490.92,6982523278.74,5589043200.0,2416
2016-08-17,'300056,三维丝,18.65,18.67,18.14,18.15,18.13,0.52,2.8682,1.6909,5064445,93393178.54,6978781304.85,5586048000.0,3623
2016-08-16,'300056,三维丝,18.13,18.38,18.1,18.17,18.26,-0.13,-0.7119,1.0287,3081224,56153095.3,6784198662.57,5430297600.0,2268
2016-08-15,'300056,三维丝,18.26,18.45,17.52,17.9,17.74,0.52,2.9312,2.0266,6070101,109666171.57,6832844323.14,5469235200.0,3442
2016-08-12,'300056,三维丝,17.74,17.74,17.45,17.5,17.51,0.23,1.3135,0.8623,2582612,45473792.62,6638261680.86,5313484800.0,1610
2016-08-11,'300056,三维丝,17.51,17.98,17.45,17.9,17.98,-0.47,-2.614,1.4676,4395840,77338380.9,6552196281.39,5244595200.0,2585
2016-08-10,'300056,三维丝,17.98,18.38,17.9,18.34,18.32,-0.34,-1.8559,0.9459,2833068,51245044.88,6728069054.22,5385369600.0,2250
2016-08-09,'300056,三维丝,18.32,18.46,18.11,18.11,18.2,0.12,0.6593,1.0494,3143291,57603584.22,6855296166.48,5487206400.0,1906
2016-08-08,'300056,三维丝,18.2,18.28,18.04,18.18,18.16,0.04,0.2203,0.88,2635721,47886547.19,6810392479.8,5451264000.0,1877
2016-08-05,'300056,三维丝,18.16,18.25,17.73,17.73,17.91,0.25,1.3959,1.1914,3568567,64617835.18,6795424584.24,5439283200.0,2454
2016-08-04,'300056,三维丝,17.91,17.98,17.6,17.81,17.81,0.1,0.5615,0.85,2545946,45295375.48,6701875236.99,5364403200.0,1785
2016-08-03,'300056,三维丝,17.81,17.95,17.53,17.78,17.63,0.18,1.021,1.5696,4701201,83646709.23,6664455498.09,5334451200.0,2536
2016-08-02,'300056,三维丝,17.63,17.75,17.31,17.5,17.59,0.04,0.2274,1.2685,3799465,66627262.82,6597099968.07,5280537600.0,2755
2016-08-01,'300056,三维丝,17.59,18.62,17.2,18.56,18.57,-0.98,-5.2773,2.556,7655767,135046283.63,6582132072.51,5268556800.0,5837
2016-07-29,'300056,三维丝,18.57,18.82,18.4,18.7,18.73,-0.16,-0.8542,1.1027,3302722,61325086.81,6948845513.73,5562086400.0,2557
2016-07-28,'300056,三维丝,18.73,19.05,18.2,18.98,18.8,-0.07,-0.3723,1.9863,5949416,110905851.33,7008717095.97,5610009600.0,4726
2016-07-27,'300056,三维丝,18.8,20.15,18.4,19.85,19.71,-0.91,-4.6169,4.2055,12596258,241432036.93,7034910913.2,5630976000.0,9198
2016-07-26,'300056,三维丝,19.71,19.95,19.3,19.3,19.46,0.25,1.2847,1.9902,5960938,117504113.79,7375430537.19,5903539200.0,4477
2016-07-25,'300056,三维丝,19.46,19.55,18.95,19.2,18.99,0.47,2.475,2.4311,7281566,140267431.0,7281881189.94,5828659200.0,4598
2016-07-22,'300056,三维丝,18.99,19.26,18.83,19.23,19.32,-0.33,-1.7081,1.94,5810826,110430013.95,7106008417.11,5687884800.0,3882
2016-07-21,'300056,三维丝,19.32,19.65,18.62,18.62,18.62,0.7,3.7594,3.8776,11614093,222663684.54,7229493555.48,5786726400.0,7350
2016-07-20,'300056,三维丝,18.62,18.85,18.4,18.58,18.53,0.09,0.4857,1.6571,4963351,92445783.75,6967555383.18,5577062400.0,2983
2016-07-19,'300056,三维丝,18.53,18.7,18.1,18.31,18.25,0.28,1.5342,1.9544,5853805,108139618.66,6933877618.17,5550105600.0,4068
2016-07-18,'300056,三维丝,18.25,18.75,17.94,18.7,18.66,-0.41,-2.1972,2.2477,6732273,123092425.66,6829102349.25,5466240000.0,4968
2016-07-15,'300056,三维丝,18.66,19.27,18.5,19.2,19.17,-0.51,-2.6604,3.6581,10956625,205874478.94,6982523278.74,5589043200.0,5714
2016-07-14,'300056,三维丝,19.17,19.28,18.61,18.62,18.68,0.49,2.6231,4.2834,12829724,244120693.34,7173363947.13,5741798400.0,6729
2016-07-13,'300056,三维丝,18.68,18.94,18.03,18.13,18.13,0.55,3.0336,3.794,11363700,211655555.76,6990007226.52,5595033600.0,6269
2016-07-12,'300056,三维丝,18.13,18.26,17.63,17.95,17.91,0.22,1.2284,3.0495,9133722,163863261.68,6784198662.57,5430297600.0,4415
2016-07-11,'300056,三维丝,17.91,18.48,17.85,17.98,18.0,-0.09,-0.5,2.2861,6847324,124864083.57,6701875236.99,5364403200.0,4395
2016-07-08,'300056,三维丝,18.0,18.23,17.72,17.8,17.86,0.14,0.7839,2.2309,6681904,120616187.83,6735553002.0,5391360000.0,4608
2016-07-07,'300056,三维丝,17.86,18.3,17.74,18.25,18.23,-0.37,-2.0296,2.4231,7257670,129998525.18,6683165367.54,5349427200.0,4592
2016-07-06,'300056,三维丝,18.23,18.31,17.95,18.09,18.18,0.05,0.275,1.8204,5452432,98981588.73,6821618401.47,5460249600.0,3849
2016-07-05,'300056,三维丝,18.18,18.45,17.27,17.7,17.8,0.38,2.1348,3.9161,11729370,210590720.44,6802908532.02,5445273600.0,7370
2016-07-04,'300056,三维丝,17.8,18.09,17.32,17.61,17.52,0.28,1.5982,2.0503,6141184,109644420.1,6660713524.2,5331456000.0,4274
2016-07-01,'300056,三维丝,17.52,18.06,17.45,18.04,18.05,-0.53,-2.9363,2.8338,8487844,150697135.63,6555938255.28,5247590400.0,5992
2016-06-30,'300056,三维丝,18.05,18.14,17.19,17.26,17.26,0.79,4.5771,4.8157,14423943,256663221.39,6754262871.45,5406336000.0,9617
2016-06-29,'300056,三维丝,17.26,17.73,17.15,17.73,17.56,-0.3,-1.7084,2.7227,8154954,141283881.77,6458646934.14,5169715200.0,5136
2016-06-28,'300056,三维丝,17.56,17.56,16.8,17.22,17.29,0.27,1.5616,3.0224,9052612,155642650.25,6570906150.84,5259571200.0,6019
2016-06-27,'300056,三维丝,17.29,17.3,16.5,16.91,17.16,0.13,0.7576,3.5957,10769976,183039541.78,6469872855.81,5178700800.0,6621
2016-06-24,'300056,三维丝,17.16,17.36,15.44,17.06,17.15,0.01,0.0583,3.922,11747034,196723572.25,6421227195.24,5139763200.0,7109
2016-06-23,'300056,三维丝,17.15,17.43,16.79,17.15,17.3,-0.15,-0.8671,1.8776,5623922,96340671.19,6417485221.35,5136768000.0,4029
2016-06-22,'300056,三维丝,17.3,17.6,16.83,16.83,16.83,0.47,2.7926,2.4496,7337153,126307107.98,6473614829.7,5181696000.0,5261
2016-06-21,'300056,三维丝,16.83,17.76,16.7,17.22,17.07,-0.24,-1.406,2.8342,8488916,147281372.0,6297742056.87,5040921600.0,6601
2016-06-20,'300056,三维丝,17.07,17.96,16.98,17.53,17.59,-0.52,-2.9562,3.5741,10705042,186561882.64,6387549430.23,5112806400.0,7370
2016-06-17,'300056,三维丝,17.59,17.6,17.23,17.46,17.39,0.2,1.1501,2.9298,8775431,152489441.34,6582132072.51,5268556800.0,6447
2016-06-16,'300056,三维丝,17.39,17.86,17.37,17.77,17.94,-0.55,-3.0658,2.8969,8676893,152349954.64,6507292594.71,5208652800.0,7351
2016-06-15,'300056,三维丝,17.94,18.14,16.81,17.05,17.1,0.84,4.9123,4.8397,14496018,257411181.2,6713101158.66,5373388800.0,9607
2016-06-14,'300056,三维丝,17.1,17.24,15.6,15.87,15.67,1.43,9.1257,3.1108,9317366,153496408.24,6398775351.9,5121792000.0,6811
2016-06-13,'300056,三维丝,15.67,16.99,15.6,16.71,17.11,-1.44,-8.4161,3.0355,9091948,149591407.55,5863673085.63,4693478400.0,5197
2016-06-08,'300056,三维丝,17.11,17.5,16.87,17.08,17.01,0.1,0.5879,3.4642,10375977,178298733.35,6402517325.79,5124787200.0,7236
2016-06-07,'300056,三维丝,17.01,17.35,16.67,17.1,17.21,-0.2,-1.1621,2.4929,7466723,126547482.76,6365097586.89,5094835200.0,5051
2016-06-06,'300056,三维丝,17.21,17.26,16.46,16.79,16.82,0.39,2.3187,4.0552,12146227,204561226.45,6439937064.69,5154739200.0,6787
2016-06-03,'300056,三维丝,16.82,17.58,16.46,17.12,16.84,-0.02,-0.1188,4.847,14517664,247243151.1,6294000082.98,5037926400.0,9580
2016-06-02,'300056,三维丝,16.84,17.58,16.67,16.67,16.67,0.17,1.0198,4.036,12088488,206322061.41,6301484030.76,5043916800.0,8890
2016-06-01,'300056,三维丝,16.67,17.13,16.05,16.19,16.16,0.51,3.1559,4.9849,14930737,249917725.53,6237870474.63,4992998400.0,10949
2016-05-31,'300056,三维丝,16.16,16.34,15.24,15.24,15.2,0.96,6.3158,3.8904,11652391,186005968.84,6047029806.24,4840243200.0,6794
2016-05-30,'300056,三维丝,15.2,15.61,15.19,15.6,15.76,-0.56,-3.5533,1.982,5936357,91122107.46,5687800312.8,4552704000.0,4109
2016-05-27,'300056,三维丝,15.76,15.95,15.22,15.39,15.55,0.21,1.3505,2.7207,8149118,127087631.99,5897350850.64,4720435200.0,5261
2016-05-26,'300056,三维丝,15.55,15.57,15.02,15.05,15.19,0.36,2.37,3.2543,9747427,149686800.17,5818769398.95,4657536000.0,6960
2016-05-25,'300056,三维丝,15.19,15.26,14.86,15.15,15.16,0.03,0.1979,1.8373,5503015,82693024.41,5684058338.91,4549708800.0,4579
2016-05-24,'300056,三维丝,15.16,15.33,14.61,14.65,14.8,0.36,2.4324,2.8423,8513370,127372231.96,5672832417.24,4540723200.0,6131
2016-05-23,'300056,三维丝,14.8,15.08,14.26,14.3,14.23,0.57,4.0056,2.1125,6327472,93179912.33,5538121357.2,4432896000.0,4960
2016-05-20,'300056,三维丝,14.23,14.25,13.95,14.0,14.18,0.05,0.3526,0.9868,2955569,41715306.23,5324828845.47,4262169600.0,2404
2016-05-19,'300056,三维丝,14.18,14.66,14.11,14.22,14.37,-0.19,-1.3222,1.4128,4231539,60778285.43,5306118976.02,4247193600.0,3209
2016-05-18,'300056,三维丝,14.37,14.68,13.9,14.68,14.69,-0.32,-2.1784,1.4657,4390055,62421578.61,5377216479.93,4304102400.0,3720
2016-05-17,'300056,三维丝,14.69,15.02,14.51,14.56,14.49,0.2,1.3803,1.6829,5040744,74391584.57,5496959644.41,4399948800.0,3826
2016-05-16,'300056,三维丝,14.55,14.7,14.02,14.4,14.38,0.17,1.1822,1.2201,3654432,52679805.75,5444572009.95,4358016000.0,2750
2016-05-13,'300056,三维丝,14.38,14.58,14.17,14.42,14.23,0.15,1.0541,1.3844,4146409,59666975.49,5380958453.82,4307097600.0,3229
2016-05-12,'300056,三维丝,14.23,14.36,13.71,14.05,14.31,-0.08,-0.559,1.378,4127292,57942268.16,5324828845.47,4262169600.0,3539
2016-05-11,'300056,三维丝,14.31,14.95,14.02,14.73,14.75,-0.44,-2.9831,3.1015,9289549,133121162.5,5354764636.59,4286131200.0,6428
2016-05-10,'300056,三维丝,14.75,15.64,14.5,15.26,15.43,-0.68,-4.407,2.7637,8277978,124729727.26,5519411487.75,4417920000.0,5812
2016-05-09,'300056,三维丝,15.43,15.78,15.02,15.3,15.64,-0.21,-1.3427,3.3342,9986524,154965347.04,5773865712.27,4621593600.0,6391
2016-05-06,'300056,三维丝,15.64,16.55,15.64,15.98,15.88,-0.24,-1.5113,4.9967,14966190,241015454.53,5852447163.96,4684492800.0,10589
2016-05-05,'300056,三维丝,15.88,16.09,15.62,15.66,15.9,-0.02,-0.1258,2.0268,6070740,96467123.87,5942254537.32,4756377600.0,4859
2016-05-04,'300056,三维丝,15.9,16.38,15.41,15.5,15.53,0.37,2.3825,3.5739,10704475,171340323.6,5949738485.1,4762368000.0,9300
2016-05-03,'300056,三维丝,15.53,15.64,14.87,14.98,14.91,0.62,4.1583,1.8985,5686504,87532007.76,5811285451.17,4651545600.0,4689
2016-04-29,'300056,三维丝,14.91,15.22,14.75,14.75,14.95,-0.04,-0.2676,1.5095,4521294,68029827.81,5579283069.99,4465843200.0,4193
2016-04-28,'300056,三维丝,14.95,15.18,14.7,15.15,15.15,-0.2,-1.3201,1.9582,5865097,87354782.26,5594250965.55,4477824000.0,4282
2016-04-27,'300056,三维丝,15.15,15.43,14.82,14.96,14.99,0.16,1.0674,2.9604,8866943,134596436.33,5669090443.35,4537728000.0,6700
2016-04-26,'300056,三维丝,14.99,15.35,14.15,14.15,14.31,0.68,4.7519,3.3637,10074824,149512053.16,5609218861.11,4489804800.0,7779
2016-04-25,'300056,三维丝,14.31,14.66,13.93,14.66,14.67,-0.36,-2.454,2.064,6181969,88002011.96,5354764636.59,4286131200.0,4762
2016-04-22,'300056,三维丝,14.67,14.75,14.1,14.13,14.21,0.46,3.2372,2.6426,7915183,115037068.56,5489475696.63,4393958400.0,5553
2016-04-21,'300056,三维丝,14.21,15.0,14.18,14.87,14.91,-0.7,-4.6948,3.7301,11172261,163873175.99,5317344897.69,4256179200.0,8053
2016-04-20,'300056,三维丝,14.91,16.74,14.9,16.57,16.56,-1.65,-9.9638,6.5905,19739728,306377301.99,5579283069.99,4465843200.0,14320
2016-04-19,'300056,三维丝,16.56,17.02,16.34,16.68,16.82,-0.26,-1.5458,3.5526,10640785,176417314.66,6196708761.84,4960051200.0,9496
2016-04-18,'300056,三维丝,16.82,17.26,15.9,16.04,16.25,0.57,3.5077,7.7202,23123487,384262115.29,6294000082.98,5037926400.0,17175
2016-04-15,'300056,三维丝,16.25,16.36,16.0,16.19,16.16,0.09,0.5569,5.2416,15699666,253958309.62,6080707571.25,4867200000.0,10094
2016-04-14,'300056,三维丝,16.16,16.47,15.75,16.42,16.19,-0.03,-0.1853,7.6353,22869275,366045205.32,6047029806.24,4840243200.0,15688
2016-04-13,'300056,三维丝,16.19,16.19,14.75,14.8,14.72,1.47,9.9864,9.0912,27230077,428517525.1,6058255727.91,4849228800.0,13984
2016-04-12,'300056,三维丝,14.72,15.15,14.57,14.9,14.88,-0.16,-1.0753,2.5927,7765592,114596097.18,5508185566.08,4408934400.0,5142
2016-04-11,'300056,三维丝,14.88,15.1,14.57,14.6,14.56,0.32,2.1978,2.9783,8920639,133248371.45,5568057148.32,4456857600.0,5674
2016-04-08,'300056,三维丝,14.56,14.8,14.37,14.8,14.96,-0.4,-2.6738,2.4913,7461868,108865905.95,5448313983.84,4361011200.0,5928
2016-04-07,'300056,三维丝,14.96,15.3,14.95,15.0,14.93,0.03,0.2009,5.2265,15654556,236686841.63,5597992939.44,4480819200.0,10612
2016-04-06,'300056,三维丝,14.93,14.98,14.51,14.65,14.62,0.31,2.1204,3.9358,11788532,175176823.44,5586767017.77,4471833600.0,7868
2016-04-05,'300056,三维丝,14.62,14.66,14.07,14.22,14.17,0.45,3.1757,2.8624,8573552,124103761.19,5470765827.18,4378982400.0,5838
2016-04-01,'300056,三维丝,14.17,14.42,13.91,14.42,14.43,-0.26,-1.8018,1.981,5933500,83761076.67,5302377002.13,4244198400.0,5144
2016-03-31,'300056,三维丝,14.43,14.76,14.3,14.38,14.38,0.05,0.3477,2.8827,8634306,125073355.71,5399668323.27,4322073600.0,6618
2016-03-30,'300056,三维丝,14.38,14.41,13.93,14.08,13.94,0.44,3.1564,3.7735,11302497,160095788.74,5380958453.82,4307097600.0,7200
2016-03-29,'300056,三维丝,13.94,14.85,13.81,14.75,14.7,-0.76,-5.1701,3.079,9222106,131128523.4,4590761086.6,4175308800.0,7556
2016-03-28,'300056,三维丝,14.7,15.14,14.68,14.88,14.88,-0.18,-1.2097,4.0461,12119021,180775325.56,4841046483.0,4402944000.0,6646
2016-03-25,'300056,三维丝,14.88,15.01,14.71,14.88,14.94,-0.06,-0.4016,2.1673,6491413,96548180.4,4900324603.2,4456857600.0,4956
2016-03-24,'300056,三维丝,14.94,15.4,14.78,15.0,15.22,-0.28,-1.8397,3.5727,10700913,161362221.92,4920083976.6,4474828800.0,8691
2016-03-23,'300056,三维丝,15.22,15.38,14.98,15.05,15.41,-0.19,-1.233,3.8703,11592176,175422028.99,5012294385.8,4558694400.0,8677
2016-03-22,'300056,三维丝,15.41,15.65,14.78,14.99,15.22,0.19,1.2484,4.7019,14083134,214266260.59,5074865734.9,4615603200.0,10540
2016-03-21,'300056,三维丝,15.22,15.6,14.83,15.14,14.92,0.3,2.0107,5.9687,17877573,270374357.72,5012294385.8,4558694400.0,11135
2016-03-18,'300056,三维丝,14.92,15.18,14.35,14.43,14.35,0.57,3.9721,4.4225,13246155,196109167.51,4913497518.8,4468838400.0,8961
2016-03-17,'300056,三维丝,14.35,14.41,13.61,13.93,13.76,0.59,4.2878,2.9463,8824738,124790008.95,4725783471.5,4298112000.0,6641
2016-03-16,'300056,三维丝,13.76,14.55,13.7,14.54,14.07,-0.31,-2.2033,1.6282,4876745,68369950.38,4531482966.4,4121395200.0,4158
2016-03-15,'300056,三维丝,14.07,14.45,14.03,14.1,14.08,-0.01,-0.071,1.9467,5830635,82996672.28,4633573062.3,4214246400.0,4758
2016-03-14,'300056,三维丝,14.08,14.3,13.63,13.76,13.44,0.64,4.7619,2.0055,6006800,84563565.71,4636866291.2,4217241600.0,4949
2016-03-11,'300056,三维丝,13.44,13.7,13.3,13.65,13.65,-0.21,-1.5385,0.9998,2994589,40317750.78,4426099641.6,4025548800.0,2889
2016-03-10,'300056,三维丝,13.65,14.29,13.6,13.97,13.97,-0.32,-2.2906,1.3036,3904425,53949548.38,4495257448.5,4088448000.0,3568
2016-03-09,'300056,三维丝,13.97,14.42,13.8,13.8,14.38,-0.41,-2.8512,1.5753,4718360,66495914.49,4600640773.3,4184294400.0,3971
2016-03-08,'300056,三维丝,14.38,14.49,13.28,14.15,14.3,0.08,0.5594,2.1064,6309230,88686856.78,4735663158.2,4307097600.0,5130
2016-03-07,'300056,三维丝,14.3,14.69,13.96,13.96,13.8,0.5,3.6232,1.9019,5696613,81790648.42,4709317327.0,4283136000.0,4803
2016-03-04,'300056,三维丝,13.8,15.08,13.62,14.8,15.09,-1.29,-8.5487,3.1878,9548206,137542126.76,4544655882.0,4133376000.0,8387
2016-03-03,'300056,三维丝,15.09,15.64,14.09,14.41,14.22,0.87,6.1181,4.9847,14930226,224099647.32,4969482410.1,4519756800.0,12023
2016-03-02,'300056,三维丝,14.22,14.42,13.28,13.3,13.4,0.82,6.1194,3.2077,9607755,132960392.84,4682971495.8,4259174400.0,6908
2016-03-01,'300056,三维丝,13.4,13.59,12.0,13.25,13.23,0.17,1.285,3.5178,10536623,137086083.06,4412926726.0,4013568000.0,6740
2016-02-29,'300056,三维丝,13.23,14.72,13.23,14.68,14.7,-1.47,-10.0,2.6343,7890388,106106117.58,4356941834.7,3962649600.0,5877
2016-02-26,'300056,三维丝,14.7,14.95,14.02,14.6,14.48,0.22,1.5193,2.4306,7280237,105558170.03,4841046483.0,4402944000.0,5784
2016-02-25,'300056,三维丝,14.48,16.06,14.48,16.0,16.09,-1.61,-10.0062,3.3542,10046589,153663886.96,4768595447.2,4337049600.0,7423
2016-02-24,'300056,三维丝,16.09,16.21,15.58,15.75,15.74,0.35,2.2236,3.08,9225346,146103716.32,5298805300.1,4819276800.0,6610
2016-02-23,'300056,三维丝,15.74,16.05,15.52,15.88,15.95,-0.21,-1.3166,2.1944,6572811,103621122.84,5183542288.6,4714444800.0,5504
2016-02-22,'300056,三维丝,15.95,16.27,15.61,15.61,15.37,0.58,3.7736,3.3641,10076269,160600020.27,5252700095.5,4777344000.0,7735
2016-02-19,'300056,三维丝,15.37,15.65,15.18,15.4,15.36,0.01,0.0651,2.456,7356226,113286705.3,5061692819.3,4603622400.0,6333
2016-02-18,'300056,三维丝,15.36,15.99,15.31,15.31,15.4,-0.04,-0.2597,5.3172,15926004,249059861.51,5058399590.4,4600627200.0,11611
2016-02-17,'300056,三维丝,15.4,15.45,14.5,14.7,14.77,0.63,4.2654,4.0201,12041045,178005396.58,5071572506.0,4612608000.0,10148
2016-02-16,'300056,三维丝,14.77,14.97,14.05,14.2,14.18,0.59,4.1608,3.0088,9011813,132185197.7,4864099085.3,4423910400.0,6255
2016-02-15,'300056,三维丝,14.18,14.3,13.2,13.88,14.46,-0.28,-1.9364,1.8234,5461426,75582579.54,4669798580.2,4247193600.0,4157
2016-02-05,'300056,三维丝,14.46,14.53,14.29,14.29,14.25,0.21,1.4737,2.085,6244983,90039775.28,4762008989.4,4331059200.0,5279
2016-02-04,'300056,三维丝,14.25,14.4,13.83,13.89,13.82,0.43,3.1114,2.3434,7019007,99549912.38,4692851182.5,4268160000.0,6074
2016-02-03,'300056,三维丝,13.82,13.96,13.56,13.7,13.99,-0.17,-1.2152,2.1038,6301293,86605653.61,4551242339.8,4139366400.0,4496
2016-02-02,'300056,三维丝,13.99,14.18,13.5,13.54,13.54,0.45,3.3235,3.2876,9846938,136736865.64,4607227231.1,4190284800.0,7105
2016-02-01,'300056,三维丝,13.54,13.8,13.11,13.38,13.5,0.04,0.2963,2.5189,7544749,101733054.84,4459031930.6,4055500800.0,5956
2016-01-29,'300056,三维丝,13.5,13.74,12.36,13.34,13.34,0.16,1.1994,3.5126,10521020,138440096.57,4445859015.0,4043520000.0,8597
2016-01-28,'300056,三维丝,13.34,14.58,13.34,14.3,14.82,-1.48,-9.9865,3.3285,9969584,138118674.83,4393167352.6,3995596800.0,7650
2016-01-27,'300056,三维丝,14.82,15.69,14.1,15.3,15.66,-0.84,-5.364,3.4332,10282972,151714005.55,4880565229.8,4438886400.0,7531
2016-01-26,'300056,三维丝,15.66,17.95,15.66,17.92,17.4,-1.74,-10.0,2.8588,8562670,144258970.9,5157196457.4,4690483200.0,8086
2016-01-25,'300056,三维丝,17.4,17.88,17.17,17.2,17.18,0.22,1.2806,2.2465,6728595,117983497.09,5730218286.0,5211648000.0,5958
2016-01-22,'300056,三维丝,17.18,17.85,16.89,17.0,18.25,-1.07,-5.863,5.5442,16606079,287381835.08,5657767250.2,5145753600.0,11881
2016-01-21,'300056,三维丝,18.25,18.25,18.25,18.25,20.28,-2.03,-10.0099,0.6626,1984500,36217125.0,6010142742.5,5466240000.0,1248
2016-01-20,'300056,三维丝,0.0,0.0,0.0,0.0,20.28,None,None,0.0,0,0.0,6678668209.2,6074265600.0,0
2016-01-19,'300056,三维丝,0.0,0.0,0.0,0.0,20.28,None,None,0.0,0,0.0,6678668209.2,6074265600.0,0
2016-01-18,'300056,三维丝,0.0,0.0,0.0,0.0,20.28,None,None,0.0,0,0.0,6678668209.2,6074265600.0,0
2016-01-15,'300056,三维丝,0.0,0.0,0.0,0.0,20.28,None,None,0.0,0,0.0,6678668209.2,6074265600.0,0
2016-01-14,'300056,三维丝,0.0,0.0,0.0,0.0,20.28,None,None,0.0,0,0.0,6678668209.2,6074265600.0,0
2016-01-13,'300056,三维丝,0.0,0.0,0.0,0.0,20.28,None,None,0.0,0,0.0,6678668209.2,6074265600.0,0
2016-01-12,'300056,三维丝,0.0,0.0,0.0,0.0,20.28,None,None,0.0,0,0.0,6678668209.2,6074265600.0,0
2016-01-11,'300056,三维丝,0.0,0.0,0.0,0.0,20.28,None,None,0.0,0,0.0,6678668209.2,6074265600.0,0
2016-01-08,'300056,三维丝,0.0,0.0,0.0,0.0,20.28,None,None,0.0,0,0.0,6678668209.2,6074265600.0,0
2016-01-07,'300056,三维丝,0.0,0.0,0.0,0.0,20.28,None,None,0.0,0,0.0,6678668209.2,6074265600.0,0
2016-01-06,'300056,三维丝,20.28,20.3,19.39,20.0,20.0,0.28,1.4,3.044,9117451,182012068.07,6678668209.2,6074265600.0,8530
2016-01-05,'300056,三维丝,20.0,20.5,18.3,18.3,19.58,0.42,2.145,3.8654,11577719,227377985.85,6586457800.0,5990400000.0,11904
2016-01-04,'300056,三维丝,19.58,21.9,19.5,21.4,21.57,-1.99,-9.2258,3.5254,10559341,222991024.95,6448142186.2,5864601600.0,9955
