日期,股票代码,名称,收盘价,最高价,最低价,开盘价,前收盘,涨跌额,涨跌幅,换手率,成交量,成交金额,总市值,流通市值,成交笔数
2016-10-12,'300484,蓝海华腾,98.7,99.8,97.5,97.91,98.7,0.0,0.0,5.5529,1443757,142611864.79,10264800000.0,2566200000.0,4302
2016-10-11,'300484,蓝海华腾,98.7,99.38,97.06,98.5,98.66,0.04,0.0405,6.5289,1697525,166860345.49,10264800000.0,2566200000.0,5015
2016-10-10,'300484,蓝海华腾,98.66,100.12,94.02,94.02,91.37,7.29,7.9785,10.272,2670728,260667006.44,10260640000.0,2565160000.0,8257
2016-09-30,'300484,蓝海华腾,91.37,92.0,90.6,90.9,90.9,0.47,0.5171,2.9269,760999,69472624.45,9502480000.0,2375620000.0,2464
2016-09-29,'300484,蓝海华腾,90.9,93.25,90.52,92.0,91.88,-0.98,-1.0666,4.3565,1132685,103934712.79,9453600000.0,2363400000.0,3608
2016-09-28,'300484,蓝海华腾,91.88,93.4,91.5,93.4,93.4,-1.52,-1.6274,2.9859,776342,71553684.17,9555520000.0,2388880000.0,2754
2016-09-27,'300484,蓝海华腾,93.4,93.8,90.86,93.05,93.5,-0.1,-0.107,5.6973,1481293,136421783.38,9713600000.0,2428400000.0,5098
2016-09-26,'300484,蓝海华腾,93.5,97.55,93.02,97.2,97.5,-4.0,-4.1026,5.2542,1366100,130031273.19,9724000000.0,2431000000.0,4988
2016-09-23,'300484,蓝海华腾,97.5,98.24,97.21,98.2,98.19,-0.69,-0.7027,3.1098,808548,78888224.58,10140000000.0,2535000000.0,2778
2016-09-22,'300484,蓝海华腾,98.19,100.44,97.63,99.31,98.87,-0.68,-0.6878,5.247,1364229,134868274.17,10211760000.0,2552940000.0,4418
2016-09-21,'300484,蓝海华腾,98.87,99.9,97.1,97.21,97.9,0.97,0.9908,5.3711,1396481,137540260.42,10282480000.0,2570620000.0,4682
2016-09-20,'300484,蓝海华腾,97.9,101.78,97.01,97.3,97.47,0.43,0.4412,5.5312,1438110,142733213.1,10181600000.0,2545400000.0,5070
2016-09-19,'300484,蓝海华腾,97.47,97.9,96.37,97.24,96.38,1.09,1.1309,3.3018,858462,83307038.74,10136880000.0,2534220000.0,2567
2016-09-14,'300484,蓝海华腾,96.38,97.5,95.11,97.15,98.1,-1.72,-1.7533,3.7479,974449,93994330.24,10023520000.0,2505880000.0,3537
2016-09-13,'300484,蓝海华腾,98.1,98.68,96.9,98.12,96.91,1.19,1.2279,4.6661,1213173,118462009.01,10202400000.0,2550600000.0,3969
2016-09-12,'300484,蓝海华腾,96.91,100.63,96.51,99.51,102.0,-5.09,-4.9902,8.9836,2335726,229759583.6,10078640000.0,2519660000.0,7825
2016-09-09,'300484,蓝海华腾,102.0,104.49,97.5,97.7,96.89,5.11,5.274,17.3249,4504479,456377363.75,10608000000.0,2652000000.0,14198
2016-09-08,'300484,蓝海华腾,96.89,97.83,95.88,96.12,96.78,0.11,0.1137,3.5365,919488,88957320.13,10076560000.0,2519140000.0,3009
2016-09-07,'300484,蓝海华腾,96.78,99.14,96.0,98.04,98.0,-1.22,-1.2449,6.0537,1573970,153915388.67,10065120000.0,2516280000.0,5019
2016-09-06,'300484,蓝海华腾,98.0,98.59,94.18,96.1,95.97,2.03,2.1152,7.1975,1871344,180216157.96,10192000000.0,2548000000.0,5762
2016-09-05,'300484,蓝海华腾,95.97,98.9,95.75,96.12,96.41,-0.44,-0.4564,5.0796,1320692,128538030.2,9980880000.0,2495220000.0,4190
2016-09-02,'300484,蓝海华腾,96.41,99.48,95.6,97.98,98.45,-2.04,-2.0721,6.3648,1654860,160768140.61,10026640000.0,2506660000.0,5763
2016-09-01,'300484,蓝海华腾,98.45,101.9,98.24,98.31,99.2,-0.75,-0.756,8.5634,2226493,223168363.23,10238800000.0,2559700000.0,7396
2016-08-31,'300484,蓝海华腾,99.2,100.05,96.12,97.31,97.79,1.41,1.4419,8.2715,2150592,211276675.15,10316800000.0,2579200000.0,7117
2016-08-30,'300484,蓝海华腾,97.79,101.98,97.12,97.87,97.8,-0.01,-0.0102,9.8091,2550357,254174237.92,10170160000.0,2542540000.0,8836
2016-08-29,'300484,蓝海华腾,97.8,99.26,92.5,93.28,94.0,3.8,4.0426,8.3636,2174533,209308527.59,10171200000.0,2542800000.0,7554
2016-08-26,'300484,蓝海华腾,94.0,96.48,93.57,95.9,95.52,-1.52,-1.5913,5.2646,1368799,130537494.49,9776000000.0,2444000000.0,4434
2016-08-25,'300484,蓝海华腾,95.52,95.84,92.01,95.0,95.93,-0.41,-0.4274,6.2212,1617507,151981060.55,9934080000.0,2483520000.0,5169
2016-08-24,'300484,蓝海华腾,95.93,97.0,95.02,95.5,94.78,1.15,1.2133,5.2106,1354753,130296108.74,9976720000.0,2494180000.0,4822
2016-08-23,'300484,蓝海华腾,94.78,96.96,93.72,96.1,95.07,-0.29,-0.305,5.9387,1544054,146802730.55,9857120000.0,2464280000.0,5614
2016-08-22,'300484,蓝海华腾,95.07,99.48,95.02,98.9,99.02,-3.95,-3.9891,7.0028,1820735,175649330.57,9887280000.0,2471820000.0,6634
2016-08-19,'300484,蓝海华腾,99.02,101.0,98.4,98.7,99.2,-0.18,-0.1815,5.4868,1426559,142227543.24,10298080000.0,2574520000.0,5094
2016-08-18,'300484,蓝海华腾,99.2,102.0,98.66,100.47,101.12,-1.92,-1.8987,7.805,2029311,202975122.63,10316800000.0,2579200000.0,7337
2016-08-17,'300484,蓝海华腾,101.12,102.5,98.51,98.75,99.0,2.12,2.1414,8.1631,2122406,213594834.55,10516480000.0,2629120000.0,7592
2016-08-16,'300484,蓝海华腾,99.0,101.66,98.2,98.2,99.1,-0.1,-0.1009,7.4675,1941555,193688999.83,10296000000.0,2574000000.0,7148
2016-08-15,'300484,蓝海华腾,99.1,99.8,93.13,93.65,93.41,5.69,6.0914,11.038,2869888,279172369.23,10306400000.0,2576600000.0,9698
2016-08-12,'300484,蓝海华腾,93.41,94.48,92.0,92.0,92.2,1.21,1.3124,5.1402,1336458,124845545.44,9714640000.0,2428660000.0,4775
2016-08-11,'300484,蓝海华腾,92.2,95.56,92.18,94.8,95.57,-3.37,-3.5262,6.6855,1738239,162708835.1,9588800000.0,2397200000.0,5910
2016-08-10,'300484,蓝海华腾,95.57,97.2,95.03,96.12,96.08,-0.51,-0.5308,7.2973,1897288,182082210.52,9939280000.0,2484820000.0,6120
2016-08-09,'300484,蓝海华腾,96.08,97.0,92.88,93.01,93.17,2.91,3.1233,8.4388,2194095,208534795.69,9992320000.0,2498080000.0,7094
2016-08-08,'300484,蓝海华腾,93.17,93.36,89.99,92.6,94.2,-1.03,-1.0934,8.6993,2261822,207111459.93,9689680000.0,2422420000.0,6400
2016-08-05,'300484,蓝海华腾,94.2,97.99,93.95,96.71,96.88,-2.68,-2.7663,6.1909,1609623,154505119.9,9796800000.0,2449200000.0,5876
2016-08-04,'300484,蓝海华腾,96.88,97.65,95.51,96.48,96.97,-0.09,-0.0928,6.0058,1561505,151085711.83,10075520000.0,2518880000.0,5261
2016-08-03,'300484,蓝海华腾,96.97,97.98,94.3,94.9,95.09,1.88,1.9771,8.0578,2095026,201787996.63,10084880000.0,2521220000.0,7107
2016-08-02,'300484,蓝海华腾,95.09,95.97,93.79,94.94,94.74,0.35,0.3694,5.6404,1466509,139083321.51,9889360000.0,2472340000.0,4545
2016-08-01,'300484,蓝海华腾,94.74,97.0,92.2,96.69,99.05,-4.31,-4.3513,7.5215,1955580,183342768.97,9852960000.0,2463240000.0,6731
2016-07-29,'300484,蓝海华腾,99.05,100.49,95.27,97.09,98.33,0.72,0.7322,8.4002,2184059,214562234.7,10301200000.0,2575300000.0,7271
2016-07-28,'300484,蓝海华腾,98.33,101.19,94.05,100.26,100.2,-1.87,-1.8663,11.6247,3022429,294511308.42,10226320000.0,2556580000.0,10137
2016-07-27,'300484,蓝海华腾,100.2,111.7,100.01,110.7,111.11,-10.91,-9.8191,14.8773,3868101,403143151.33,10420800000.0,2605200000.0,13764
2016-07-26,'300484,蓝海华腾,111.11,112.85,110.3,110.5,110.35,0.76,0.6887,5.4167,1408354,156891012.69,11555440000.0,2888860000.0,5280
2016-07-25,'300484,蓝海华腾,110.35,111.93,108.83,110.79,112.19,-1.84,-1.6401,6.1875,1608749,177160985.9,11476400000.0,2869100000.0,6333
2016-07-22,'300484,蓝海华腾,112.19,116.85,111.6,116.8,116.75,-4.56,-3.9058,11.2431,2923214,332159727.52,11667760000.0,2916940000.0,11139
2016-07-21,'300484,蓝海华腾,116.75,122.5,116.65,120.7,121.1,-4.35,-3.5921,11.7722,3060759,363462284.1,12142000000.0,3035500000.0,11238
2016-07-20,'300484,蓝海华腾,121.1,123.99,119.99,120.6,119.1,2.0,1.6793,13.2656,3449068,419198536.78,12594400000.0,3148600000.0,11734
2016-07-19,'300484,蓝海华腾,119.1,121.47,115.7,115.7,117.0,2.1,1.7949,10.0349,2609067,310112125.94,12386400000.0,3096600000.0,9296
2016-07-18,'300484,蓝海华腾,117.0,120.13,115.88,120.13,120.1,-3.1,-2.5812,9.8743,2567312,301049262.94,12168000000.0,3042000000.0,8987
2016-07-15,'300484,蓝海华腾,120.1,125.6,116.33,117.0,116.15,3.95,3.4008,17.881,4649064,565270606.73,12490400000.0,3122600000.0,16058
2016-07-14,'300484,蓝海华腾,116.15,116.47,114.0,115.2,114.82,1.33,1.1583,7.4086,1926247,221674464.66,12079600000.0,3019900000.0,6779
2016-07-13,'300484,蓝海华腾,114.82,116.75,114.2,116.1,114.9,-0.08,-0.0696,9.563,2486371,286941264.87,11941280000.0,2985320000.0,8507
2016-07-12,'300484,蓝海华腾,114.9,115.96,108.4,115.4,115.07,-0.17,-0.1477,13.5434,3521288,396918743.76,11949600000.0,2987400000.0,13215
2016-07-11,'300484,蓝海华腾,115.07,123.29,114.5,121.61,122.25,-7.18,-5.8732,16.2563,4226649,497356365.15,11967280000.0,2991820000.0,15230
2016-07-08,'300484,蓝海华腾,122.25,126.57,122.0,123.6,123.92,-1.67,-1.3476,13.6285,3543421,438198644.98,12714000000.0,3178500000.0,12666
2016-07-07,'300484,蓝海华腾,123.92,129.48,123.7,125.45,127.9,-3.98,-3.1118,19.2986,5017629,629344280.25,12887680000.0,3221920000.0,18212
2016-07-06,'300484,蓝海华腾,127.9,130.86,113.8,117.99,118.96,8.94,7.5151,32.7155,8506033,1045689794.2,13301600000.0,3325400000.0,28898
2016-07-05,'300484,蓝海华腾,118.96,121.79,117.77,118.52,117.97,0.99,0.8392,15.7686,4099832,488968671.3,12371840000.0,3092960000.0,13727
2016-07-04,'300484,蓝海华腾,117.97,118.98,114.01,116.31,118.3,-0.33,-0.279,13.5006,3510160,408659858.91,12268880000.0,3067220000.0,11646
2016-07-01,'300484,蓝海华腾,118.3,122.22,117.1,118.3,116.7,1.6,1.371,13.2503,3445070,411447320.51,12303200000.0,3075800000.0,12327
2016-06-30,'300484,蓝海华腾,116.7,122.99,115.0,121.8,127.65,-10.95,-8.5781,25.3639,6594603,785471286.18,12136800000.0,3034200000.0,22380
2016-06-29,'300484,蓝海华腾,127.65,129.2,121.03,124.28,124.4,3.25,2.6125,24.6177,6400607,799858477.69,13275600000.0,3318900000.0,20726
2016-06-28,'300484,蓝海华腾,124.4,129.54,118.9,119.66,119.54,4.86,4.0656,35.3241,9184268,1133348933.74,12937600000.0,3234400000.0,24442
2016-06-27,'300484,蓝海华腾,119.54,119.54,106.66,107.5,108.67,10.87,10.0028,25.8501,6721035,781342777.21,12432160000.0,3108040000.0,17165
2016-06-24,'300484,蓝海华腾,108.67,112.58,101.88,111.2,111.35,-2.68,-2.4068,19.1563,4980638,542051052.8,11301680000.0,2825420000.0,15792
2016-06-23,'300484,蓝海华腾,111.35,115.0,108.0,108.0,108.9,2.45,2.2498,16.784,4363837,490861756.04,11580400000.0,2895100000.0,15179
2016-06-22,'300484,蓝海华腾,108.9,109.49,104.75,107.0,108.93,-0.03,-0.0275,15.4615,4020001,430618514.74,11325600000.0,2831400000.0,13447
2016-06-21,'300484,蓝海华腾,108.93,117.88,107.0,116.5,115.4,-6.47,-5.6066,22.581,5871047,665909280.91,11328720000.0,2832180000.0,18781
2016-06-20,'300484,蓝海华腾,115.4,117.17,108.05,112.81,112.19,3.21,2.8612,21.5612,5605908,637370798.22,12001600000.0,3000400000.0,19116
2016-06-17,'300484,蓝海华腾,112.19,115.0,109.2,113.0,112.1,0.09,0.0803,17.5752,4569549,512520189.02,11667760000.0,2916940000.0,14972
2016-06-16,'300484,蓝海华腾,112.1,115.0,110.0,111.05,110.15,1.95,1.7703,16.1734,4205081,472949003.33,11658400000.0,2914600000.0,14343
2016-06-15,'300484,蓝海华腾,110.15,112.57,102.43,102.99,104.38,5.77,5.5279,22.4056,5825459,640853370.62,11455600000.0,2863900000.0,17105
2016-06-14,'300484,蓝海华腾,104.38,106.0,102.04,104.77,105.87,-1.49,-1.4074,16.9462,4406001,457468543.97,10855520000.0,2713880000.0,13774
2016-06-13,'300484,蓝海华腾,105.87,116.72,105.87,113.0,117.63,-11.76,-9.9974,26.9806,7014949,774716382.92,11010480000.0,2752620000.0,23135
2016-06-08,'300484,蓝海华腾,117.63,122.0,115.9,122.0,123.2,-5.57,-4.5211,26.0794,6780640,802211934.19,12233520000.0,3058380000.0,21905
2016-06-07,'300484,蓝海华腾,123.2,123.2,112.97,112.98,112.0,11.2,10.0,35.3868,9200555,1102421607.86,12812800000.0,3203200000.0,26856
2016-06-06,'300484,蓝海华腾,112.0,116.0,108.96,112.98,114.7,-2.7,-2.354,19.2412,5002701,561883769.7,11648000000.0,2912000000.0,17647
2016-06-03,'300484,蓝海华腾,114.7,119.9,113.01,115.51,116.14,-1.44,-1.2399,24.9973,6499309,755315793.71,11928800000.0,2982200000.0,20961
2016-06-02,'300484,蓝海华腾,116.14,118.88,112.01,112.04,113.98,2.16,1.8951,24.0219,6245697,720353573.28,12078560000.0,3019640000.0,19032
2016-06-01,'300484,蓝海华腾,113.98,122.99,113.88,118.86,115.39,-1.41,-1.2219,35.2832,9173641,1083067282.03,11853920000.0,2963480000.0,25575
2016-05-31,'300484,蓝海华腾,115.39,115.39,103.81,104.26,104.9,10.49,10.0,21.8945,5692577,625556034.26,12000560000.0,3000140000.0,15164
2016-05-30,'300484,蓝海华腾,104.9,109.58,102.0,102.96,105.38,-0.48,-0.4555,17.1611,4461895,473934011.13,10909600000.0,2727400000.0,13718
2016-05-27,'300484,蓝海华腾,105.38,115.0,104.5,113.04,112.35,-6.97,-6.2038,27.3343,7106917,773979829.26,10959520000.0,2739880000.0,20760
2016-05-26,'300484,蓝海华腾,225.0,226.0,205.58,215.0,214.18,10.82,5.0518,24.7749,3220738,688233181.44,11700000000.0,2925000000.0,13040
2016-05-25,'300484,蓝海华腾,214.18,229.68,214.0,222.0,219.13,-4.95,-2.2589,23.3081,3030054,670461893.78,11137360000.0,2784340000.0,13617
2016-05-24,'300484,蓝海华腾,219.13,222.45,211.01,215.97,218.0,1.13,0.5183,22.3836,2909868,630250782.53,11394760000.0,2848690000.0,12976
2016-05-23,'300484,蓝海华腾,218.0,222.3,201.0,202.0,203.0,15.0,7.3892,30.0215,3902797,824486182.83,11336000000.0,2834000000.0,15205
2016-05-20,'300484,蓝海华腾,203.0,208.0,190.2,193.0,193.05,9.95,5.1541,34.0576,4427490,881469272.16,10556000000.0,2639000000.0,17066
2016-05-19,'300484,蓝海华腾,193.05,193.05,176.0,177.88,175.5,17.55,10.0,26.9161,3499087,657618191.85,10038600000.0,2509650000.0,10972
2016-05-18,'300484,蓝海华腾,175.5,179.89,170.75,173.0,176.5,-1.0,-0.5666,20.9436,2722669,475622868.86,9126000000.0,2281500000.0,9750
2016-05-17,'300484,蓝海华腾,176.5,183.1,174.0,176.6,177.8,-1.3,-0.7312,22.0218,2862833,509161544.68,9178000000.0,2294500000.0,10027
2016-05-16,'300484,蓝海华腾,177.8,180.0,164.08,167.02,169.09,8.71,5.1511,22.509,2926173,505699071.11,9245600000.0,2311400000.0,10118
2016-05-13,'300484,蓝海华腾,169.09,174.4,167.58,169.38,171.68,-2.59,-1.5086,16.2855,2117121,359974441.68,8792680000.0,2198170000.0,7271
2016-05-12,'300484,蓝海华腾,171.68,173.68,157.23,162.99,168.0,3.68,2.1905,22.1726,2882444,477079743.41,8927360000.0,2231840000.0,10290
2016-05-11,'300484,蓝海华腾,168.0,180.9,168.0,180.9,180.2,-12.2,-6.7703,22.659,2945674,511574041.68,8736000000.0,2184000000.0,10960
2016-05-10,'300484,蓝海华腾,180.2,183.56,172.24,179.2,179.2,1.0,0.558,23.2028,3016368,539589335.33,9370400000.0,2342600000.0,10991
2016-05-09,'300484,蓝海华腾,179.2,183.77,175.0,176.85,180.0,-0.8,-0.4444,23.7931,3093107,555950317.67,9318400000.0,2329600000.0,11265
2016-05-06,'300484,蓝海华腾,180.0,194.99,179.15,193.02,195.75,-15.75,-8.046,36.1257,4696345,878830949.94,9360000000.0,2340000000.0,17502
2016-05-05,'300484,蓝海华腾,195.75,197.88,180.5,181.3,183.5,12.25,6.6757,39.9423,5192501,984474532.11,10179000000.0,2544750000.0,17513
2016-05-04,'300484,蓝海华腾,183.5,196.98,177.08,178.0,180.32,3.18,1.7635,38.3097,4980263,926545008.78,9542000000.0,2385500000.0,16515
2016-05-03,'300484,蓝海华腾,180.32,182.0,171.05,172.55,172.05,8.27,4.8067,26.9896,3508648,620543992.03,9376640000.0,2344160000.0,11012
2016-04-29,'300484,蓝海华腾,172.05,179.28,171.71,178.01,181.3,-9.25,-5.102,25.7186,3343417,586550900.49,8946600000.0,2236650000.0,11983
2016-04-28,'300484,蓝海华腾,181.3,184.47,167.0,172.0,172.0,9.3,5.407,34.0549,4427139,774984307.12,9427600000.0,2356900000.0,15846
2016-04-27,'300484,蓝海华腾,172.0,183.8,172.0,178.0,176.6,-4.6,-2.6048,33.791,4392824,784615854.92,8944000000.0,2236000000.0,14887
2016-04-26,'300484,蓝海华腾,176.6,181.5,172.31,178.5,181.8,-5.2,-2.8603,29.7312,3865056,684816031.62,9183200000.0,2295800000.0,13372
2016-04-25,'300484,蓝海华腾,181.8,184.8,164.22,166.0,168.0,13.8,8.2143,46.8556,6091227,1065510659.17,9453600000.0,2363400000.0,19874
2016-04-22,'300484,蓝海华腾,168.0,174.99,161.11,165.5,170.97,-2.97,-1.7371,34.8958,4536459,759593311.95,8736000000.0,2184000000.0,14514
2016-04-21,'300484,蓝海华腾,170.97,187.57,170.02,174.2,170.7,0.27,0.1582,50.2744,6535672,1162079390.61,8890440000.0,2222610000.0,21652
2016-04-20,'300484,蓝海华腾,170.7,181.63,168.02,179.98,165.12,5.58,3.3794,64.4149,8373938,1475096755.52,8876400000.0,2219100000.0,29854
2016-04-19,'300484,蓝海华腾,165.12,165.12,160.11,160.11,150.11,15.01,9.9993,26.4769,3441992,558985557.25,8586240000.0,2146560000.0,10521
2016-04-18,'300484,蓝海华腾,150.11,150.11,150.11,150.11,136.46,13.65,10.0029,22.7979,2963729,444885360.19,7805720000.0,1951430000.0,7804
2016-04-15,'300484,蓝海华腾,136.46,136.46,136.46,136.46,124.05,12.41,10.004,1.5761,204890,27959289.4,7095920000.0,1773980000.0,790
2016-04-14,'300484,蓝海华腾,124.05,124.05,124.05,124.05,112.77,11.28,10.0027,1.8575,241478,29955345.9,6450600000.0,1612650000.0,863
2016-04-13,'300484,蓝海华腾,112.77,112.77,112.77,112.77,102.52,10.25,9.998,2.6362,342704,38646730.08,5864040000.0,1466010000.0,1225
2016-04-12,'300484,蓝海华腾,102.52,102.52,102.52,102.52,93.2,9.32,10.0,1.9526,253833,26022959.16,5331040000.0,1332760000.0,931
2016-04-11,'300484,蓝海华腾,93.2,93.2,93.2,93.2,84.73,8.47,9.9965,0.3615,47000,4380400.0,4846400000.0,1211600000.0,162
2016-04-08,'300484,蓝海华腾,84.73,84.73,84.73,84.73,77.03,7.7,9.9961,0.7149,92932,7874128.36,4405960000.0,1101490000.0,330
2016-04-07,'300484,蓝海华腾,77.03,77.03,77.03,77.03,70.03,7.0,9.9957,0.4646,60400,4652612.0,4005560000.0,1001390000.0,214
2016-04-06,'300484,蓝海华腾,70.03,70.03,70.03,70.03,63.66,6.37,10.0063,0.6298,81869,5733286.07,3641560000.0,910390000.0,263
2016-04-05,'300484,蓝海华腾,63.66,63.66,63.66,63.66,57.87,5.79,10.0052,0.4569,59400,3781404.0,3310320000.0,827580000.0,180
2016-04-01,'300484,蓝海华腾,57.87,57.87,57.87,57.87,52.61,5.26,9.9981,0.3298,42871,2480944.77,3009240000.0,752310000.0,131
2016-03-31,'300484,蓝海华腾,52.61,52.61,52.61,52.61,47.83,4.78,9.9937,0.0919,11950,628689.5,2735720000.0,683930000.0,37
2016-03-30,'300484,蓝海华腾,47.83,47.83,47.83,47.83,43.48,4.35,10.0046,0.03,3904,186728.32,2487160000.0,621790000.0,18
2016-03-29,'300484,蓝海华腾,43.48,43.48,43.48,43.48,39.53,3.95,9.9924,0.0446,5800,252184.0,2260960000.0,565240000.0,17
2016-03-28,'300484,蓝海华腾,39.53,39.53,39.53,39.53,35.94,3.59,9.9889,0.0438,5700,225321.0,2055560000.0,513890000.0,15
2016-03-25,'300484,蓝海华腾,35.94,35.94,35.94,35.94,32.67,3.27,10.0092,0.0046,600,21564.0,1868880000.0,467220000.0,2
2016-03-24,'300484,蓝海华腾,32.67,32.67,32.67,32.67,29.7,2.97,10.0,0.0147,1908,62334.36,1698840000.0,424710000.0,10
2016-03-23,'300484,蓝海华腾,29.7,29.7,29.7,29.7,27.0,2.7,10.0,0.0131,1700,50490.0,1544400000.0,386100000.0,5
2016-03-22,'300484,N蓝海,27.0,27.0,22.5,22.5,18.75,8.25,44.0,0.04,5205,139387.5,1404000000.0,351000000.0,12
2016-03-11,'300484,蓝海华腾,0.0,0.0,0.0,0.0,18.75,None,None,0.0,0,0.0,731250000.0,0.0,0
