日期,股票代码,名称,收盘价,最高价,最低价,开盘价,前收盘,涨跌额,涨跌幅,换手率,成交量,成交金额,总市值,流通市值,成交笔数
2016-10-12,'300024,机器人,24.2,24.49,23.84,23.96,23.99,0.21,0.8754,1.2934,18633252,451592582.56,37757798731.4,34864320480.0,18309
2016-10-11,'300024,机器人,23.99,24.1,23.84,24.09,23.98,0.01,0.0417,0.6209,8944917,214103182.35,37430148411.8,34561778856.0,8662
2016-10-10,'300024,机器人,23.98,24.08,23.63,23.63,23.54,0.44,1.8692,0.7236,10424265,249245856.51,37414546015.7,34547372112.0,10272
2016-09-30,'300024,机器人,23.54,23.7,23.49,23.56,23.59,-0.05,-0.212,0.354,5100140,120160954.01,36728040584.2,33913475376.0,5739
2016-09-29,'300024,机器人,23.59,23.74,23.4,23.56,23.54,0.05,0.2124,0.5158,7431476,175604731.62,36806052565.0,33985509096.0,7562
2016-09-28,'300024,机器人,23.54,23.64,23.41,23.64,23.53,0.01,0.0425,0.4242,6111909,143828448.0,36728040584.2,33913475376.0,5262
2016-09-27,'300024,机器人,23.53,23.57,23.22,23.3,23.38,0.15,0.6416,0.4407,6349576,148620413.52,36712438188.0,33899068632.0,7281
2016-09-26,'300024,机器人,23.38,23.74,23.37,23.69,23.63,-0.25,-1.058,0.6163,8878551,208553422.44,36478402245.5,33682967472.0,9972
2016-09-23,'300024,机器人,23.63,23.99,23.6,23.92,23.86,-0.23,-0.964,0.4437,6392411,151484228.05,36868462149.7,34043136072.0,8187
2016-09-22,'300024,机器人,23.86,24.2,23.82,24.0,23.92,-0.06,-0.2508,0.6318,9102777,218687905.31,37227317261.6,34374491184.0,9632
2016-09-21,'300024,机器人,23.92,24.24,23.92,24.0,24.1,-0.18,-0.7469,0.6256,9012889,216865554.04,37320931638.6,34460931648.0,9031
2016-09-20,'300024,机器人,24.1,24.33,23.5,23.73,23.63,0.47,1.989,1.188,17114791,410713790.43,37601774769.7,34720253040.0,16822
2016-09-19,'300024,机器人,23.63,23.85,23.48,23.49,23.49,0.14,0.596,0.4808,6927377,164090647.03,36868462149.7,34043136072.0,8005
2016-09-14,'300024,机器人,23.49,23.57,23.32,23.43,23.43,0.06,0.2561,0.4082,5880157,138145190.78,36650028603.3,33841441656.0,6860
2016-09-13,'300024,机器人,23.43,23.61,23.39,23.39,23.38,0.05,0.2139,0.4117,5930747,139162357.73,36556414226.3,33755001192.0,7427
2016-09-12,'300024,机器人,23.38,23.67,23.38,23.6,23.9,-0.52,-2.1757,0.9812,14135982,332259634.66,36478402245.5,33682967472.0,16311
2016-09-09,'300024,机器人,23.9,24.19,23.9,24.18,24.14,-0.24,-0.9942,0.5334,7683970,184286100.58,37289726846.3,34432118160.0,9496
2016-09-08,'300024,机器人,24.14,24.23,24.0,24.1,24.1,0.04,0.166,0.4798,6911684,166571255.61,37664184354.4,34777880016.0,7579
2016-09-07,'300024,机器人,24.1,24.32,24.09,24.32,24.24,-0.14,-0.5776,0.6464,9313212,225099070.85,37601774769.7,34720253040.0,9652
2016-09-06,'300024,机器人,24.24,24.28,23.74,23.86,23.86,0.38,1.5926,0.7643,11011120,264880309.7,37820208316.1,34921947456.0,11762
2016-09-05,'300024,机器人,23.86,24.07,23.85,24.02,23.89,-0.03,-0.1256,0.4631,6671339,159730247.95,37227317261.6,34374491184.0,7237
2016-09-02,'300024,机器人,23.89,24.15,23.8,24.05,24.02,-0.13,-0.5412,0.5704,8217496,197035767.4,37274124450.1,34417711416.0,9466
2016-09-01,'300024,机器人,24.02,24.4,23.99,24.4,24.34,-0.32,-1.3147,0.6672,9611974,232396558.35,37476955600.3,34604999088.0,9588
2016-08-31,'300024,机器人,24.34,24.44,24.01,24.28,24.38,-0.04,-0.1641,0.7958,11464519,278164027.27,37976232277.8,35066014896.0,10376
2016-08-30,'300024,机器人,24.38,24.58,24.1,24.18,24.19,0.19,0.7854,0.9441,13601264,330649409.22,38038641862.5,35123641872.0,12743
2016-08-29,'300024,机器人,24.19,24.35,23.94,23.95,23.95,0.24,1.0021,0.7188,10355906,250064993.72,37742196335.2,34849913736.0,10006
2016-08-26,'300024,机器人,23.95,24.18,23.9,24.18,24.03,-0.08,-0.3329,0.7897,11376781,273707292.2,37367738827.2,34504151880.0,10362
2016-08-25,'300024,机器人,24.03,24.3,23.79,24.29,24.47,-0.44,-1.7981,0.8655,12468939,299237985.22,37492557996.5,34619405832.0,13694
2016-08-24,'300024,机器人,24.47,24.65,24.39,24.4,24.35,0.12,0.4928,0.7906,11389849,279118363.48,38179063428.0,35253302568.0,10363
2016-08-23,'300024,机器人,24.35,24.55,24.16,24.22,24.22,0.13,0.5367,0.657,9464835,230439317.66,37991834673.9,35080421640.0,8978
2016-08-22,'300024,机器人,24.22,24.68,24.22,24.57,24.48,-0.26,-1.0621,0.6481,9337551,227844792.69,37789003523.7,34893133968.0,10143
2016-08-19,'300024,机器人,24.48,24.8,24.29,24.8,24.71,-0.23,-0.9308,0.8809,12690970,310413459.51,38194665824.2,35267709312.0,12761
2016-08-18,'300024,机器人,24.71,24.82,24.49,24.71,24.71,0.0,0.0,0.8921,12851866,316594559.17,38553520936.1,35599064424.0,12543
2016-08-17,'300024,机器人,24.71,24.92,24.63,24.82,24.8,-0.09,-0.3629,0.9633,13877956,343286109.32,38553520936.1,35599064424.0,12958
2016-08-16,'300024,机器人,24.8,24.97,24.33,24.38,24.4,0.4,1.6393,1.7505,25218841,623942738.33,38693942501.6,35728725120.0,22496
2016-08-15,'300024,机器人,24.4,24.67,23.75,23.9,23.86,0.54,2.2632,1.7737,25552862,620822238.59,38069846654.8,35152455360.0,23238
2016-08-12,'300024,机器人,23.86,23.95,23.64,23.64,23.68,0.18,0.7601,0.5949,8571133,204049761.17,37227317261.6,34374491184.0,8148
2016-08-11,'300024,机器人,23.68,24.1,23.61,24.02,24.05,-0.37,-1.5385,0.752,10833288,258525125.53,36946474130.6,34115169792.0,11554
2016-08-10,'300024,机器人,24.05,24.45,24.01,24.21,24.26,-0.21,-0.8656,0.7711,11108953,268460592.84,37523762788.8,34648219320.0,12300
2016-08-09,'300024,机器人,24.26,24.35,23.99,24.02,23.95,0.31,1.2944,0.8585,12367530,299496072.95,37851413108.4,34950760944.0,13555
2016-08-08,'300024,机器人,23.95,23.99,23.44,23.72,23.72,0.23,0.9696,0.6836,9848256,234071509.44,37367738827.2,34504151880.0,10509
2016-08-05,'300024,机器人,23.72,23.88,23.7,23.85,23.85,-0.13,-0.5451,0.4968,7156989,170032285.84,37008883715.2,34172796768.0,7905
2016-08-04,'300024,机器人,23.85,23.87,23.58,23.8,23.76,0.09,0.3788,0.5798,8353035,198509914.73,37211714865.4,34360084440.0,9686
2016-08-03,'300024,机器人,23.76,23.93,23.7,23.86,23.8,-0.04,-0.1681,0.525,7563717,180092523.61,37071293299.9,34230423744.0,9441
2016-08-02,'300024,机器人,23.8,23.96,23.64,23.64,23.61,0.19,0.8047,0.4961,7147674,169921517.35,37133702884.6,34288050720.0,9083
2016-08-01,'300024,机器人,23.61,24.18,23.43,24.12,24.1,-0.49,-2.0332,1.0682,15388575,363830036.78,36837257357.4,34014322584.0,18154
2016-07-29,'300024,机器人,24.1,24.48,24.01,24.45,24.38,-0.28,-1.1485,0.829,11943807,288720871.84,37601774769.7,34720253040.0,14135
2016-07-28,'300024,机器人,24.38,24.54,24.03,24.34,24.33,0.05,0.2055,1.12,16134983,391964886.5,38038641862.5,35123641872.0,18190
2016-07-27,'300024,机器人,24.33,25.86,23.89,25.8,25.78,-1.45,-5.6245,2.3396,33706273,836355064.59,37960629881.6,35051608152.0,36105
2016-07-26,'300024,机器人,25.78,25.85,25.41,25.51,25.36,0.42,1.6562,1.1213,16154160,415663437.85,40222977326.3,37140586032.0,16239
2016-07-25,'300024,机器人,25.36,25.73,25.21,25.49,25.51,-0.15,-0.588,0.9842,14178956,361224151.64,39567676687.1,36535502784.0,15215
2016-07-22,'300024,机器人,25.51,25.74,25.47,25.56,25.68,-0.17,-0.662,1.0237,14748465,376779522.67,39801712629.7,36751603944.0,16584
2016-07-21,'300024,机器人,25.68,25.91,25.61,25.61,25.67,0.01,0.039,1.0763,15506345,399608491.0,40066953364.6,36996518592.0,16640
2016-07-20,'300024,机器人,25.67,26.07,25.6,26.04,25.96,-0.29,-1.1171,1.1361,16367890,421973580.84,40051350968.4,36982111848.0,16755
2016-07-19,'300024,机器人,25.96,25.96,25.54,25.6,25.6,0.36,1.4063,1.1059,15932613,410269742.39,40503820457.3,37399907424.0,16655
2016-07-18,'300024,机器人,25.6,25.83,25.45,25.83,25.84,-0.24,-0.9288,1.044,15040060,385599917.56,39942134195.2,36881264640.0,16239
2016-07-15,'300024,机器人,25.84,26.18,25.75,26.07,26.06,-0.22,-0.8442,1.143,16467600,426795672.28,40316591703.3,37227026496.0,17880
2016-07-14,'300024,机器人,26.06,26.17,25.81,26.17,26.17,-0.11,-0.4203,1.5772,22721961,589934893.87,40659844419.0,37543974864.0,22504
2016-07-13,'300024,机器人,26.17,26.46,25.51,25.55,25.56,0.61,2.3865,3.4176,49236653,1282502397.99,40831470776.9,37702449048.0,47525
2016-07-12,'300024,机器人,25.56,25.58,24.9,25.5,25.36,0.2,0.7886,1.6831,24248065,612859187.16,39879724610.5,36823637664.0,24717
2016-07-11,'300024,机器人,25.36,25.73,25.3,25.73,25.6,-0.24,-0.9375,1.5373,22147927,565573459.13,39567676687.1,36535502784.0,21415
2016-07-08,'300024,机器人,25.6,25.89,25.5,25.6,25.58,0.02,0.0782,1.4936,21518243,552967186.19,39942134195.2,36881264640.0,20873
2016-07-07,'300024,机器人,25.58,25.83,25.33,25.8,25.69,-0.11,-0.4282,1.4923,21498661,549694670.42,39910929402.9,36852451152.0,22616
2016-07-06,'300024,机器人,25.69,25.92,25.52,25.92,25.94,-0.25,-0.9638,1.4736,21229375,544608011.84,40082555760.7,37010925336.0,22801
2016-07-05,'300024,机器人,25.94,26.29,25.8,26.12,26.08,-0.14,-0.5368,2.0083,28933570,751202227.51,40472615665.0,37371093936.0,28454
2016-07-04,'300024,机器人,26.08,26.38,25.02,25.15,25.3,0.78,3.083,2.8825,41527537,1069279538.57,40691049211.4,37572788352.0,38417
2016-07-01,'300024,机器人,25.3,25.65,25.21,25.47,25.39,-0.09,-0.3545,1.2663,18242629,463450675.9,39474062310.1,36449062320.0,18098
2016-06-30,'300024,机器人,25.39,25.68,25.33,25.5,25.49,-0.1,-0.3923,1.4658,21116864,537612975.39,39614483875.6,36578723016.0,20849
2016-06-29,'300024,机器人,25.49,25.65,25.28,25.52,25.44,0.05,0.1965,1.8398,26505825,674009321.49,39770507837.3,36722790456.0,25955
2016-06-28,'300024,机器人,25.44,25.59,24.9,24.98,25.14,0.3,1.1933,2.2898,32988779,835040024.52,39692495856.5,36650756736.0,32712
2016-06-27,'300024,机器人,25.14,25.29,24.3,24.44,24.47,0.67,2.738,1.7263,24869883,620386837.77,39224423971.4,36218554416.0,25982
2016-06-24,'300024,机器人,24.47,25.23,23.73,24.98,24.91,-0.44,-1.7664,1.897,27329798,671170283.47,38179063428.0,35253302568.0,30517
2016-06-23,'300024,机器人,24.91,25.23,24.79,25.18,25.24,-0.33,-1.3074,1.3126,18910705,472180940.69,38865568859.5,35887199304.0,19282
2016-06-22,'300024,机器人,25.24,25.3,24.7,24.84,24.9,0.34,1.3655,1.1991,17275839,432315578.83,39380447933.1,36362621856.0,17700
2016-06-21,'300024,机器人,24.9,25.68,24.79,25.27,25.01,-0.11,-0.4398,1.6465,23720370,599178511.81,38849966463.3,35872792560.0,25026
2016-06-20,'300024,机器人,25.01,25.25,24.69,25.11,25.11,-0.1,-0.3982,1.1956,17224407,429494374.22,39021592821.2,36031266744.0,17922
2016-06-17,'300024,机器人,25.11,25.7,25.0,25.24,25.1,0.01,0.0398,1.6071,23153122,587312511.73,39177616782.9,36175334184.0,23633
2016-06-16,'300024,机器人,25.1,25.68,24.9,25.5,25.49,-0.39,-1.53,1.9509,28106556,709207978.48,39162014386.7,36160927440.0,29655
2016-06-15,'300024,机器人,25.49,25.82,24.12,24.12,24.84,0.65,2.6167,2.1249,30613072,773077660.81,39770507837.3,36722790456.0,30316
2016-06-14,'300024,机器人,24.84,25.1,24.6,24.6,24.7,0.14,0.5668,1.3051,18802227,466619127.23,38756352086.3,35786352096.0,21533
2016-06-13,'300024,机器人,24.7,26.4,24.6,26.05,26.66,-1.96,-7.3518,2.418,34835746,896886890.6,38537918539.9,35584657680.0,38980
2016-06-08,'300024,机器人,26.66,26.88,26.03,26.33,26.54,0.12,0.4521,2.2903,32995765,874103053.83,41595988189.2,38408379504.0,36091
2016-06-07,'300024,机器人,26.54,27.07,26.38,26.75,26.6,-0.06,-0.2256,2.1679,31232795,833321607.31,41408759435.2,38235498576.0,33008
2016-06-06,'300024,机器人,26.6,26.98,26.24,26.28,26.15,0.45,1.7208,2.6772,38569565,1026205581.39,41502373812.2,38321939040.0,39524
2016-06-03,'300024,机器人,26.15,26.5,25.88,26.4,26.35,-0.2,-0.759,2.5556,36818213,964297255.05,40800265984.6,37673635560.0,39606
2016-06-02,'300024,机器人,26.35,26.43,25.34,25.45,25.4,0.95,3.7402,2.9997,43216112,1125096894.22,41112313907.9,37961770440.0,45167
2016-06-01,'300024,机器人,25.4,25.87,25.28,25.57,25.57,-0.17,-0.6648,2.5178,36273538,927881841.1,39630086271.8,36593129760.0,35695
2016-05-31,'300024,机器人,25.57,25.57,24.03,24.27,24.1,1.47,6.0996,3.0586,44064432,1101759446.23,39895327006.7,36838044408.0,44268
2016-05-30,'300024,机器人,24.1,24.49,23.85,24.28,24.33,-0.23,-0.9453,0.9051,13039284,315215517.26,37601774769.7,34720253040.0,13980
2016-05-27,'300024,机器人,24.33,24.6,24.15,24.35,24.46,-0.13,-0.5315,1.1081,15963939,389683164.55,37960629881.6,35051608152.0,17858
2016-05-26,'300024,机器人,24.46,24.77,23.75,24.6,24.71,-0.25,-1.0117,1.9333,27852998,673143528.24,38163461031.8,35238895824.0,30288
2016-05-25,'300024,机器人,24.71,25.13,24.27,24.58,24.31,0.4,1.6454,1.8865,27178152,671997650.13,38553520936.1,35599064424.0,27930
2016-05-24,'300024,机器人,24.31,24.95,24.22,24.87,24.83,-0.52,-2.0942,1.0061,14494399,355635219.37,37929425089.3,35022794664.0,16958
2016-05-23,'300024,机器人,24.83,25.12,24.61,24.68,24.54,0.29,1.1817,1.2506,18017173,447575780.42,38740749690.1,35771945352.0,18869
2016-05-20,'300024,机器人,24.54,24.65,23.8,24.0,24.3,0.24,0.9877,1.0411,14999155,365262361.75,38288280201.2,35354149776.0,16400
2016-05-19,'300024,机器人,24.3,24.85,24.15,24.3,24.08,0.22,0.9136,1.2478,17976998,440602465.32,37913822693.1,35008387920.0,19672
2016-05-18,'300024,机器人,24.08,24.8,23.82,24.8,24.91,-0.83,-3.332,1.3203,19021302,462364275.04,37570569977.4,34691439552.0,22352
2016-05-17,'300024,机器人,24.91,25.32,24.4,24.82,24.61,0.3,1.219,1.6107,23205181,577697268.03,38865568859.5,35887199304.0,25268
2016-05-16,'300024,机器人,24.61,24.65,24.01,24.2,24.22,0.39,1.6102,1.0433,15030498,366765314.0,38397496974.4,35454996984.0,16436
2016-05-13,'300024,机器人,24.22,24.93,24.02,24.44,24.43,-0.21,-0.8596,1.0435,15033490,368725741.8,37789003523.7,34893133968.0,18840
2016-05-12,'300024,机器人,24.43,24.6,23.63,24.56,24.89,-0.46,-1.8481,1.3688,19719326,475732214.73,38116653843.3,35195675592.0,23946
2016-05-11,'300024,机器人,24.89,25.46,24.8,25.38,25.15,-0.26,-1.0338,1.1746,16922536,424883592.87,38834364067.1,35858385816.0,18976
2016-05-10,'300024,机器人,25.15,25.35,25.0,25.03,25.05,0.1,0.3992,0.9888,14246005,358256769.6,39240026367.6,36232961160.0,16909
2016-05-09,'300024,机器人,25.05,26.0,25.0,26.0,26.08,-1.03,-3.9494,1.8711,26956219,680473550.35,39084002405.8,36088893720.0,31809
2016-05-06,'300024,机器人,26.08,27.4,26.02,27.4,27.25,-1.17,-4.2936,2.5381,36566210,972869107.22,40691049211.4,37572788352.0,43575
2016-05-05,'300024,机器人,27.25,27.35,27.01,27.06,27.17,0.08,0.2944,1.46,21033704,572107842.12,42516529563.2,39258377400.0,21818
2016-05-04,'300024,机器人,27.17,27.55,27.04,27.36,27.39,-0.22,-0.8032,1.9834,28574534,779502186.56,42391710393.9,39143123448.0,31614
2016-05-03,'300024,机器人,27.39,27.39,26.25,26.36,26.3,1.09,4.1445,2.3631,34045279,921655228.58,42734963109.6,39460071816.0,38155
2016-04-29,'300024,机器人,26.3,26.66,26.2,26.35,26.66,-0.36,-1.3503,1.1457,16506032,435741686.11,41034301927.1,37889736720.0,21521
2016-04-28,'300024,机器人,26.66,27.15,26.01,27.06,26.79,-0.13,-0.4853,1.6511,23786890,632792496.33,41595988189.2,38408379504.0,28311
2016-04-27,'300024,机器人,26.79,27.43,26.62,27.05,26.72,0.07,0.262,1.9339,27860666,754980628.21,41798819339.4,38595667176.0,33512
2016-04-26,'300024,机器人,26.72,26.95,26.12,26.14,26.27,0.45,1.713,1.5539,22385960,595992759.79,41689602566.2,38494819968.0,26611
2016-04-25,'300024,机器人,26.27,26.79,25.59,26.79,27.02,-0.75,-2.7757,1.9844,28589380,750110152.99,40987494738.6,37846516488.0,35363
2016-04-22,'300024,机器人,27.02,27.14,26.46,26.75,26.77,0.25,0.9339,1.6848,24272479,652200112.72,42157674451.3,38927022288.0,28567
2016-04-21,'300024,机器人,26.77,27.64,26.68,27.0,27.36,-0.59,-2.1564,2.2174,31946114,869003012.73,41767614547.1,38566853688.0,40400
2016-04-20,'300024,机器人,27.36,29.08,26.81,29.02,29.05,-1.69,-5.8176,4.4913,64705455,1800325587.58,42688155921.1,39416851584.0,78171
2016-04-19,'300024,机器人,29.05,29.15,28.11,28.51,28.4,0.65,2.2887,3.7601,54170421,1555052981.8,45324960873.8,41851591320.0,60195
2016-04-18,'300024,机器人,28.4,28.66,27.48,27.83,28.16,0.24,0.8523,2.782,40079651,1121760794.5,44310805122.8,40915152960.0,48597
2016-04-15,'300024,机器人,28.16,28.36,27.94,28.35,28.36,-0.2,-0.7052,1.9694,28372826,797646520.23,43936347614.7,40569391104.0,34290
2016-04-14,'300024,机器人,28.36,28.94,27.89,28.6,28.32,0.04,0.1412,3.1349,45163388,1277424170.14,44248395538.1,40857525984.0,54171
2016-04-13,'300024,机器人,28.32,29.55,27.68,27.79,27.56,0.76,2.7576,4.8359,69669607,1993985024.27,44185985953.4,40799899008.0,81512
2016-04-12,'300024,机器人,27.56,28.66,26.9,28.1,28.01,-0.45,-1.6066,4.3344,62444696,1736958696.55,43000203844.5,39704986464.0,70945
2016-04-11,'300024,机器人,61.73,63.35,61.0,62.4,61.73,0.0,0.0,4.855,31792765,1977376792.14,43778905259.0,40424013960.0,48402
2016-04-08,'300024,机器人,61.73,63.96,59.9,63.31,63.5,-1.77,-2.7874,5.8567,38352428,2367919651.59,43778905259.0,40424013960.0,57318
2016-04-07,'300024,机器人,63.5,65.87,62.56,65.87,63.8,-0.3,-0.4702,7.0149,45936923,2950837780.13,45034188951.0,41583102000.0,71687
2016-04-06,'300024,机器人,63.8,63.8,58.64,59.0,58.0,5.8,10.0,8.2264,53870642,3341056925.23,45246948898.8,41779557600.0,75553
2016-04-05,'300024,机器人,58.0,58.5,55.28,55.38,55.6,2.4,4.3165,3.4301,22462048,1283715030.34,41133589908.0,37981416000.0,33410
2016-04-01,'300024,机器人,55.6,55.97,54.5,55.9,56.55,-0.95,-1.6799,2.5605,16767291,925411007.58,39431510325.6,36409771200.0,26589
2016-03-31,'300024,机器人,56.55,58.18,56.17,57.0,56.56,-0.01,-0.0177,3.5078,22970703,1312753178.32,40105250160.3,37031880600.0,35092
2016-03-30,'300024,机器人,56.56,56.56,54.2,54.24,53.38,3.18,5.9573,3.477,22769017,1261242958.99,40112342158.6,37038429120.0,35074
2016-03-29,'300024,机器人,53.38,55.3,52.81,55.0,55.12,-1.74,-3.1567,2.5428,16651369,895938741.49,37857086711.9,34955999760.0,28115
2016-03-28,'300024,机器人,55.12,57.35,54.68,55.42,54.88,0.24,0.4373,3.1192,20426469,1144680362.96,39091094409.1,36095442240.0,33349
2016-03-25,'300024,机器人,54.88,56.28,53.7,54.7,55.18,-0.3,-0.5437,2.9675,19432503,1067735053.22,38920886450.9,35938277760.0,31482
2016-03-24,'300024,机器人,55.18,58.88,54.71,55.0,55.76,-0.58,-1.0402,4.6864,30688909,1739216062.97,39133646398.7,36134733360.0,49932
2016-03-23,'300024,机器人,55.76,55.85,54.25,54.26,54.46,1.3,2.3871,3.5429,23200679,1277173050.53,39544982297.8,36514547520.0,33588
2016-03-22,'300024,机器人,54.46,55.46,54.01,54.7,54.93,-0.47,-0.8556,3.0183,19765221,1081812921.96,38623022524.0,35663239920.0,31627
2016-03-21,'300024,机器人,54.93,55.6,53.9,54.88,53.73,1.2,2.2334,4.506,29507894,1615610360.22,38956346442.2,35971020360.0,45069
2016-03-18,'300024,机器人,53.73,54.48,51.0,51.77,51.46,2.27,4.4112,5.0096,32805300,1733515617.78,38105306651.0,35185197960.0,50480
2016-03-17,'300024,机器人,51.46,52.28,48.51,48.52,48.15,3.31,6.8744,4.5548,29827469,1508954239.35,36495423046.0,33698683920.0,50700
2016-03-16,'300024,机器人,48.15,50.18,47.9,49.98,49.15,-1.0,-2.0346,2.1841,14302738,699486240.18,34147971621.9,31531123800.0,25747
2016-03-15,'300024,机器人,49.15,50.35,49.0,49.95,50.3,-1.15,-2.2863,1.9264,12614810,625349359.44,34857171447.9,32185975800.0,23301
2016-03-14,'300024,机器人,50.3,51.3,48.65,48.75,47.93,2.37,4.9447,3.136,20536016,1030283407.84,35672751247.8,32939055600.0,35281
2016-03-11,'300024,机器人,47.93,48.84,47.11,48.35,49.45,-1.52,-3.0738,2.3619,15466776,741991587.99,33991947660.2,31387056360.0,30571
2016-03-10,'300024,机器人,49.45,52.5,49.45,51.0,49.64,-0.19,-0.3828,4.7384,31029202,1587655135.48,35069931395.7,32382431400.0,54845
2016-03-09,'300024,机器人,49.64,49.95,47.01,47.6,48.89,0.75,1.5341,3.2465,21260067,1036161371.47,35204679362.6,32506853280.0,32025
2016-03-08,'300024,机器人,48.89,49.2,44.5,47.54,47.19,1.7,3.6025,2.8613,18737551,887458536.46,34672779493.1,32015714280.0,30972
2016-03-07,'300024,机器人,47.19,48.35,46.34,46.34,45.84,1.35,2.945,1.6737,10960314,520384311.95,33467139788.9,30902465880.0,19265
2016-03-04,'300024,机器人,45.84,48.5,45.01,48.5,48.71,-2.87,-5.892,2.216,14511763,679400109.27,32509720023.8,30018415680.0,26054
2016-03-03,'300024,机器人,48.71,49.49,47.71,48.18,48.02,0.69,1.4369,2.5017,16382521,794230062.25,34545123524.5,31897840920.0,24849
2016-03-02,'300024,机器人,48.02,48.41,45.3,45.49,45.6,2.42,5.307,2.1318,13960441,653231090.73,34055775644.5,31445993040.0,25289
2016-03-01,'300024,机器人,45.6,45.98,43.68,44.3,44.01,1.59,3.6128,2.1205,13886237,623023442.01,32339512065.6,29861251200.0,22881
2016-02-29,'300024,机器人,44.01,48.65,43.79,48.65,48.66,-4.65,-9.5561,2.6845,17579190,794473066.39,31211884342.3,28820036520.0,29900
2016-02-26,'300024,机器人,48.66,49.62,47.4,48.9,48.52,0.14,0.2885,1.8762,12286339,598927943.23,34509663533.2,31865098320.0,21879
2016-02-25,'300024,机器人,48.52,53.84,48.52,53.69,53.91,-5.39,-9.9981,3.1366,20540387,1040405437.05,34410375557.5,31773419040.0,36185
2016-02-24,'300024,机器人,53.91,55.2,52.56,54.48,54.75,-0.84,-1.5342,2.145,14046852,755063021.24,38232962619.7,35303071320.0,25701
2016-02-23,'300024,机器人,54.75,56.68,54.39,55.87,55.39,-0.64,-1.1554,2.8897,18923067,1053867635.19,38828690473.5,35853147000.0,32511
2016-02-22,'300024,机器人,55.39,55.39,54.3,55.15,54.25,1.14,2.1014,2.5864,16936870,928119267.64,39282578362.1,36272252280.0,24624
2016-02-19,'300024,机器人,54.25,54.9,53.25,53.73,53.72,0.53,0.9866,2.2012,14414806,779840206.75,38474090560.5,35525721000.0,23177
2016-02-18,'300024,机器人,53.72,55.22,53.56,54.35,54.02,-0.3,-0.5553,2.3432,15344640,834563680.07,38098214652.7,35178649440.0,27583
2016-02-17,'300024,机器人,54.02,54.26,52.85,53.85,53.85,0.17,0.3157,2.0622,13504666,723675069.07,38310974600.5,35375105040.0,23205
2016-02-16,'300024,机器人,53.85,54.37,52.26,52.49,51.68,2.17,4.1989,2.1891,14335055,768191608.09,38190410630.1,35263780200.0,25267
2016-02-15,'300024,机器人,51.68,51.8,48.61,49.0,51.04,0.64,1.2539,1.449,9488542,480076861.65,36651447007.7,33842751360.0,16527
2016-02-05,'300024,机器人,51.04,52.2,51.01,52.1,51.7,-0.66,-1.2766,1.2387,8111728,418174984.74,36197559119.0,33423646080.0,14707
2016-02-04,'300024,机器人,51.7,52.4,50.9,50.9,50.65,1.05,2.0731,1.7419,11407101,590348008.47,36665631004.2,33855848400.0,21256
2016-02-03,'300024,机器人,50.65,51.16,49.02,49.63,50.39,0.26,0.516,1.7195,11260054,563364396.91,35920971186.9,33168253800.0,18105
2016-02-02,'300024,机器人,50.39,51.28,48.67,48.67,48.59,1.8,3.7045,1.8455,12085553,608321509.54,35736579232.1,32997992280.0,21774
2016-02-01,'300024,机器人,48.59,49.4,47.8,49.4,49.42,-0.83,-1.6795,1.4994,9819157,476965455.97,34460019545.3,31819258680.0,17210
2016-01-29,'300024,机器人,49.42,49.98,47.0,47.4,47.2,2.22,4.7034,2.0527,13442166,655932965.19,35048655400.9,32362785840.0,23227
2016-01-28,'300024,机器人,47.2,49.71,46.64,48.11,49.49,-2.29,-4.6272,1.6013,10486455,506148408.83,33474231787.2,30909014400.0,19270
2016-01-27,'300024,机器人,49.49,49.99,46.0,48.61,48.08,1.41,2.9326,2.5026,16388055,787407402.1,35098299388.7,32408625480.0,28695
2016-01-26,'300024,机器人,48.08,52.35,48.0,52.21,52.95,-4.87,-9.1974,2.2559,14772514,740972023.35,34098327634.1,31485284160.0,27947
2016-01-25,'300024,机器人,52.95,53.65,52.51,53.5,52.79,0.16,0.3031,1.4721,9639917,512350682.17,37552130786.7,34674413400.0,15857
2016-01-22,'300024,机器人,52.79,53.26,51.05,52.84,52.01,0.78,1.4997,1.7172,11245257,591156845.89,37438658814.5,34569637080.0,19899
2016-01-21,'300024,机器人,52.01,55.7,52.0,54.27,54.86,-2.85,-5.195,2.2827,14948212,808647582.47,36885482950.3,34058852520.0,28485
2016-01-20,'300024,机器人,54.86,56.4,54.33,56.0,56.27,-1.41,-2.5058,2.3814,15594600,863176892.13,38906702454.4,35925180720.0,29748
2016-01-19,'300024,机器人,56.27,56.3,53.55,54.57,55.07,1.2,2.179,3.793,24838414,1367407996.72,39906674209.0,36848522040.0,40850
2016-01-18,'300024,机器人,55.07,56.45,50.03,50.03,51.58,3.49,6.7662,3.9687,25989127,1408177353.26,39055634417.8,36062699640.0,45082
2016-01-15,'300024,机器人,51.58,53.99,51.16,53.8,54.13,-2.55,-4.7109,2.6141,17118243,901384778.02,36580527025.1,33777266160.0,30932
2016-01-14,'300024,机器人,54.13,54.49,48.06,48.31,50.01,4.12,8.2384,3.2123,21035996,1087480378.83,38388986581.4,35447138760.0,36623
2016-01-13,'300024,机器人,50.01,52.69,50.0,52.28,51.88,-1.87,-3.6045,2.0227,13245657,681658639.04,35467083298.3,32749148520.0,23772
2016-01-12,'300024,机器人,51.88,52.62,50.1,51.69,50.66,1.22,2.4082,2.6083,17080520,879764984.46,36793286972.9,33973721760.0,27503
2016-01-11,'300024,机器人,50.66,55.53,50.5,54.95,55.98,-5.32,-9.5034,2.6025,17042367,906412578.02,35928063185.2,33174802320.0,29685
2016-01-08,'300024,机器人,55.98,57.9,52.23,56.8,55.21,0.77,1.3947,2.5229,16521063,924641614.62,39701006259.5,36658614960.0,29233
2016-01-07,'300024,机器人,55.21,60.3,55.17,60.3,61.3,-6.09,-9.9347,0.5297,3468526,198760086.97,39154922393.5,36154378920.0,6783
2016-01-06,'300024,机器人,61.3,61.41,59.9,59.91,59.46,1.84,3.0945,1.9521,12783611,775075570.74,43473949333.8,40142427600.0,24429
2016-01-05,'300024,机器人,59.46,61.5,56.5,56.5,61.77,-2.31,-3.7397,2.8853,18894203,1120696826.0,42169021654.0,38937499920.0,32796
2016-01-04,'300024,机器人,61.77,68.92,61.65,68.52,68.5,-6.73,-9.8248,2.0335,13316376,860794989.89,43807273252.0,40450208040.0,27248
